0 0.90625 0.6922743055555556 0.051666259765625 0.051920572916666664
0 0.91064453125 0.4214409722222222 0.04803466796875 0.04676649305555555
0 0.234375 0.5078125 0.0394287109375 0.05311414930555555
0 0.7890625 0.4058159722222222 0.035003662109375 0.05311414930555555
0 0.03436279296875 0.53125 0.05389404296875 0.04052734375
0 0.70068359375 0.6167534722222222 0.04779052734375 0.04031032986111111
0 0.58984375 0.5750868055555556 0.04986572265625 0.04684787326388889
0 0.68505859375 0.4444444444444444 0.044921875 0.046332465277777776
0 0.1929931640625 0.44140625 0.0521240234375 0.046061197916666664
0 0.5537109375 0.3717447916666667 0.043121337890625 0.04408094618055555
0 0.74267578125 0.5230034722222222 0.0531005859375 0.043267144097222224
0 0.0322265625 0.3411458333333333 0.041534423828125 0.05555555555555555
0 0.1221923828125 0.3422309027777778 0.04595947265625 0.039008246527777776
0 0.81787109375 0.3177083333333333 0.046722412109375 0.04383680555555555
0 0.97265625 0.7322048611111112 0.050811767578125 0.05577256944444445
0 0.8212890625 0.6128472222222222 0.050994873046875 0.043999565972222224
0 0.95947265625 0.5776909722222222 0.05291748046875 0.0537109375
0 0.732421875 0.3606770833333333 0.047149658203125 0.0478515625
0 0.97265625 0.8637152777777778 0.05633544921875 0.05162217881944445
0 0.48779296875 0.8276909722222222 0.052703857421875 0.05685763888888889
0 0.07208251953125 0.4420572916666667 0.0504150390625 0.039849175347222224
0 0.281982421875 0.6440972222222222 0.052703857421875 0.050835503472222224
0 0.95947265625 0.8051215277777778 0.05780029296875 0.044921875
0 0.60888671875 0.8033854166666666 0.0537109375 0.053412543402777776