0 0.31846635367762127 0.7675925925925926 0.041731872717788214 0.03796296296296296
1 0.6418883672404799 0.4583333333333333 0.03025560772039645 0.08796296296296297
1 0.7670839853938446 0.42824074074074076 0.03025560772039645 0.05555555555555555
0 0.7900365153886281 0.5222222222222223 0.0505998956703182 0.041666666666666664
1 0.8620239958268128 0.28564814814814815 0.0396452790818988 0.06296296296296296
0 0.9071465832029212 0.5587962962962963 0.047991653625456446 0.04351851851851852
1 0.7827334376630152 0.6699074074074074 0.03234220135628586 0.06296296296296296
1 0.3302034428794992 0.6314814814814815 0.02556077203964528 0.06481481481481481
0 0.13771517996870108 0.4148148148148148 0.056338028169014086 0.07314814814814814
1 0.14553990610328638 0.8643518518518518 0.019300991131977047 0.06666666666666667
0 0.7728221178925404 0.3731481481481482 0.05372978612415232 0.04537037037037037
1 0.08215962441314555 0.55 0.03442879499217527 0.062037037037037036
0 0.640584246218049 0.5291666666666667 0.03025560772039645 0.05277777777777778
1 0.2597809076682316 0.8740740740740741 0.01773604590505999 0.06018518518518518
1 0.607981220657277 0.6328703703703704 0.02608242044861763 0.07037037037037037
1 0.012258737610850287 0.8217592592592593 0.024517475221700575 0.08425925925925926
1 0.4872196139801774 0.07592592592592592 0.03129890453834116 0.05555555555555555
1 0.14162754303599373 0.6995370370370371 0.03182055294731351 0.06018518518518518
1 0.24647887323943662 0.06898148148148148 0.026604068857589983 0.05648148148148148
1 0.29786124152321336 0.6069444444444444 0.0297339593114241 0.06388888888888888
1 0.7339593114241002 0.6578703703703703 0.02556077203964528 0.07222222222222222
1 0.8701095461658842 0.6453703703703704 0.028690662493479395 0.05462962962962963
1 0.24856546687532602 0.5967592592592592 0.03599374021909233 0.06759259259259259
1 0.4838288993218571 0.6675925925925926 0.023474178403755867 0.06851851851851852
1 0.2279603547209181 0.7777777777777778 0.029212310902451747 0.07222222222222222
1 0.8575899843505478 0.3375 0.03755868544600939 0.05925925925925926
1 0.2939488784559207 0.6532407407407408 0.023995826812728223 0.05092592592592592
1 0.8236828377673449 0.8092592592592592 0.02034428794992175 0.06296296296296296
1 0.2777777777777778 0.8296296296296296 0.020865936358894107 0.06388888888888888
1 0.9465310380803339 0.6842592592592592 0.03234220135628586 0.06574074074074074
1 0.17736045905059988 0.6458333333333334 0.02138758476786646 0.06481481481481481
1 0.6155451225873761 0.7310185185185185 0.028690662493479395 0.06759259259259259
1 0.5446009389671361 0.7555555555555555 0.026604068857589983 0.05740740740740741
1 0.5897235263432447 0.05 0.02556077203964528 0.05185185185185185
1 0.8148148148148148 0.8513888888888889 0.020865936358894107 0.05462962962962963
1 0.05529473135106938 0.2828703703703704 0.03234220135628586 0.06018518518518518
1 0.21283255086071987 0.8449074074074074 0.02556077203964528 0.06481481481481481
1 0.10459050599895671 0.10833333333333334 0.023474178403755867 0.05648148148148148
1 0.18857589984350548 0.7064814814814815 0.03234220135628586 0.06851851851851852
1 0.4647887323943662 0.7125 0.0198226395409494 0.06481481481481481
1 0.12597809076682315 0.587037037037037 0.03390714658320292 0.06388888888888888
1 0.3192488262910798 0.7328703703703704 0.02556077203964528 0.06851851851851852
1 0.35732916014606153 0.8333333333333334 0.01564945226917058 0.06759259259259259
1 0.7717788210745957 0.7393518518518518 0.028690662493479395 0.06111111111111111
1 0.5993740219092332 0.7592592592592593 0.02138758476786646 0.06388888888888888
1 0.41366718831507565 0.6523148148148148 0.019300991131977047 0.062037037037037036
0 0.5143453312467396 0.49722222222222223 0.04381846635367762 0.05555555555555555
1 0.43792383933229 0.6828703703703703 0.023474178403755867 0.06296296296296296
1 0.4217527386541471 0.7398148148148148 0.0198226395409494 0.053703703703703705
1 0.4603547209181012 0.11481481481481481 0.03025560772039645 0.05925925925925926
1 0.7655190401669275 0.18101851851851852 0.04381846635367762 0.058333333333333334
1 0.6278038601982264 0.8009259259259259 0.02556077203964528 0.058333333333333334
1 0.8213354199269692 0.6638888888888889 0.03182055294731351 0.06759259259259259
1 0.9014084507042254 0.7791666666666667 0.027125717266562335 0.05740740740740741
1 0.39462702138758476 0.7083333333333334 0.023995826812728223 0.06481481481481481
1 0.6841418883672404 0.7421296296296296 0.02556077203964528 0.06388888888888888
1 0.6606677099634846 0.6333333333333333 0.0198226395409494 0.06944444444444445
1 0.7462180490349505 0.8231481481481482 0.02034428794992175 0.06851851851851852
1 0.6763171622326551 0.6856481481481481 0.023474178403755867 0.058333333333333334
1 0.06442357850808555 0.8217592592592593 0.02034428794992175 0.06759259259259259
1 0.730829420970266 0.2851851851851852 0.02034428794992175 0.04537037037037037
1 0.3935837245696401 0.7527777777777778 0.018257694314032343 0.06296296296296296
1 0.041471048513302036 0.7773148148148148 0.024517475221700575 0.06851851851851852
1 0.1210224308815858 0.30185185185185187 0.03912363067292645 0.05740740740740741
1 0.6786645800730308 0.8162037037037037 0.015127803860198226 0.06851851851851852
1 0.9473135106937924 0.7652777777777777 0.023995826812728223 0.053703703703703705
1 0.4522691705790297 0.28703703703703703 0.022430881585811163 0.04537037037037037
0 0.03025560772039645 0.449537037037037 0.054773082942097026 0.05462962962962963
1 0.23839332290036516 0.19583333333333333 0.03129890453834116 0.06111111111111111
1 0.9394887845592071 0.7356481481481482 0.025039123630672927 0.049074074074074076
1 0.25299947835159103 0.7217592592592592 0.023995826812728223 0.06388888888888888
1 0.9360980699008868 0.8148148148148148 0.022952529994783515 0.058333333333333334
1 0.2895148669796557 0.037037037037037035 0.03338549817423057 0.040740740740740744
1 0.037037037037037035 0.9481481481481482 0.017214397496087636 0.06851851851851852
1 0.1210224308815858 0.7564814814814815 0.023474178403755867 0.05555555555555555
1 0.6463223787167449 0.725462962962963 0.02138758476786646 0.06666666666666667
1 0.04094940010432968 0.7018518518518518 0.03495044340114763 0.06111111111111111
1 0.7003129890453834 0.7657407407407407 0.018779342723004695 0.05092592592592592
1 0.7240479916536254 0.7180555555555556 0.02608242044861763 0.05740740740740741
1 0.45983307250912886 0.23703703703703705 0.02034428794992175 0.05277777777777778
1 0.8205529473135107 0.7208333333333333 0.02190923317683881 0.04722222222222222
1 0.2631716223265519 0.6449074074074074 0.027125717266562335 0.05185185185185185
1 0.08215962441314555 0.6550925925925926 0.029212310902451747 0.05185185185185185
1 0.06677099634846113 0.7212962962962963 0.022430881585811163 0.03518518518518519
1 0.440792905581638 0.023148148148148147 0.03547209181011998 0.03981481481481482
1 0.5159102764736567 0.587037037037037 0.016692749087115284 0.03981481481481482
1 0.11189358372456965 0.33796296296296297 0.026604068857589983 0.05
1 0.2861241523213354 0.31296296296296294 0.03495044340114763 0.07962962962962963
1 0.9864371413667188 0.7648148148148148 0.02608242044861763 0.05
0 0.020865936358894107 0.9143518518518519 0.03129890453834116 0.06851851851851852
1 0.454094940010433 0.1787037037037037 0.02190923317683881 0.049074074074074076
1 0.5972874282733438 0.7935185185185185 0.011997913406364111 0.037037037037037035
1 0.4535732916014606 0.8175925925925925 0.018779342723004695 0.06759259259259259