0 0.44482421875 0.589788818359375 0.05633544921875 0.04758720397949219
1 0.57470703125 0.2979278564453125 0.0300445556640625 0.04988937377929688
1 0.218994140625 0.317645263671875 0.0330810546875 0.04669342041015625
1 0.042724609375 0.3815643310546875 0.037322998046875 0.06440658569335937
1 0.77001953125 0.241375732421875 0.0305633544921875 0.04555587768554688
0 0.2135009765625 0.772662353515625 0.055206298828125 0.04384956359863281
1 0.568359375 0.360113525390625 0.0220794677734375 0.056768798828125
1 0.09185791015625 0.2935943603515625 0.033721923828125 0.0565521240234375
1 0.7880859375 0.3624969482421875 0.0316162109375 0.06169815063476562
1 0.8330078125000001 0.2772085361379795 0.0304412841796875 0.09422603990665816
1 0.2110595703125 0.2686767578125 0.030853271484375 0.045203781127929686
0 0.4990234375 0.457183837890625 0.042083740234375 0.04886016845703125
0 0.0809326171875 0.78436279296875 0.040008544921875 0.06332321166992187
1 0.59375 0.15156402587890624 0.0210113525390625 0.06381072998046874
1 0.6455078125 0.20334930419921876 0.0224151611328125 0.06359405517578125
1 0.74755859375 0.3863311767578125 0.024993896484375 0.06538162231445313
0 0.1893310546875 0.52001953125 0.053192138671875 0.05538749694824219
1 0.7119140625 0.316778564453125 0.0276947021484375 0.06673583984375
1 0.4306640625 0.3438629150390625 0.016845703125 0.06516494750976562
1 0.91064453125 0.23834228515625 0.0246124267578125 0.07599868774414062
0 0.56787109375 0.455450439453125 0.046905517578125 0.05029563903808594
1 0.1094970703125 0.3633636474609375 0.03314208984375 0.0647857666015625
0 0.30859375 0.61102294921875 0.055206298828125 0.041980743408203125
1 0.040618896484375 0.2606597900390625 0.03424072265625 0.07291107177734375
1 0.841796875 0.21483306884765624 0.021697998046875 0.0513519287109375
1 0.7705078125 0.323712158203125 0.0263519287109375 0.065869140625
0 0.80078125 0.556854248046875 0.0526123046875 0.048589324951171874
1 0.5185546875 0.3234954833984375 0.019683837890625 0.06343154907226563
1 0.83642578125 0.3616302490234375 0.0247955322265625 0.06223983764648437
0 0.470458984375 0.65782470703125 0.05560302734375 0.04547462463378906
1 0.278076171875 0.32674560546875 0.02655029296875 0.06223983764648437
1 0.5966796875 0.233575439453125 0.0194244384765625 0.0665191650390625
1 0.9169921875 0.3655303955078125 0.0202178955078125 0.051731109619140625
0 0.53466796875 0.731927490234375 0.053985595703125 0.0504852294921875
1 0.474609375 0.3910980224609375 0.020416259765625 0.0656524658203125
0 0.8115234375 0.4974853515625 0.033843994140625 0.05384368896484375
1 0.382080078125 0.3503631591796875 0.0247955322265625 0.06240234375
1 0.265625 0.4073486328125 0.0230712890625 0.06662750244140625
1 0.90869140625 0.41168212890625 0.0237274169921875 0.06662750244140625
1 0.62646484375 0.416448974609375 0.0205230712890625 0.06624832153320312
1 0.0115966796875 0.3425628662109375 0.0230255126953125 0.06402740478515626
1 0.4443359375 0.2853607177734375 0.02337646484375 0.05476455688476563
1 0.353515625 0.3200286865234375 0.0221099853515625 0.0656524658203125
0 0.128662109375 0.61795654296875 0.050506591796875 0.048047637939453124
1 0.1650390625 0.389581298828125 0.0242767333984375 0.06440658569335937
1 0.12139892578125 0.2342254638671875 0.0221099853515625 0.06538162231445313
1 0.9794921875 0.439849853515625 0.0322265625 0.08092803955078125
1 0.955078125 0.2788604736328125 0.0309600830078125 0.0682525634765625
1 0.96240234375 0.89876708984375 0.0272674560546875 0.05633544921875
1 0.255615234375 0.2818939208984375 0.0244293212890625 0.0572021484375
0 0.4985223661121826 0.5044416478071265 0.044968992011967704 0.0605064392089844
0 0.80712890625 0.685125732421875 0.058013916015625 0.068902587890625
1 0.08050537109375 0.2502593994140625 0.02215576171875 0.050674819946289064
0 0.60400390625 0.606256103515625 0.047515869140625 0.06451492309570313
1 0.7900390625 0.95076904296875 0.030792236328125 0.054872894287109376
1 0.3359375 0.18514862060546874 0.022796630859375 0.034857559204101565
1 0.90087890625 0.782196044921875 0.031494140625 0.055902099609375
1 0.89697265625 0.1094207763671875 0.0218658447265625 0.0686859130859375
1 0.474609375 0.3096282958984375 0.0154876708984375 0.06787338256835937
1 0.3828125 0.3122283935546875 0.0287628173828125 0.04040985107421875
1 0.58056640625 0.2558929443359375 0.0163421630859375 0.03623886108398437
1 0.491455078125 0.2394256591796875 0.0139007568359375 0.0572021484375
1 0.93505859375 0.9412353515625 0.037109375 0.0587188720703125
1 0.05551829495491467 0.3472222222222223 0.027572844474252928 0.07275132275132284
1 0.9389671361502349 0.8597883597883601 0.03427975258961178 0.06349206349206347