0 0.5645833333333333 0.5671296296296297 0.051041666666666666 0.04351851851851852
0 0.3145833333333333 0.4134259259259259 0.0453125 0.041666666666666664
0 0.6447916666666667 0.6157407407407407 0.050520833333333334 0.041666666666666664
0 0.45651041666666664 0.3592592592592593 0.0421875 0.041666666666666664
0 0.5640625 0.6703703703703704 0.052083333333333336 0.04351851851851852
0 0.30703125 0.6157407407407407 0.05 0.04351851851851852
0 0.5213541666666667 0.43333333333333335 0.04739583333333333 0.04259259259259259
0 0.5057291666666667 0.49537037037037035 0.043229166666666666 0.03611111111111111
0 0.09270833333333334 0.47638888888888886 0.04895833333333333 0.046296296296296294
0 0.6747395833333333 0.4305555555555556 0.040625 0.06388888888888888
0 0.10442708333333334 0.37453703703703706 0.046875 0.04351851851851852
0 0.6182291666666667 0.3648148148148148 0.04791666666666667 0.041666666666666664
0 0.43411458333333336 0.5745370370370371 0.049479166666666664 0.04259259259259259
0 0.6278645833333333 0.5222222222222223 0.0390625 0.06296296296296296
0 0.43463541666666666 0.5171296296296296 0.04739583333333333 0.03981481481481482
0 0.53515625 0.30925925925925923 0.04479166666666667 0.03888888888888889
0 0.28411458333333334 0.27824074074074073 0.043229166666666666 0.041666666666666664
0 0.19635416666666666 0.7194444444444444 0.05625 0.049074074074074076
0 0.665625 0.7560185185185185 0.05260416666666667 0.04537037037037037
0 0.696875 0.33240740740740743 0.04583333333333333 0.04259259259259259