0 0.83056640625 0.6723090277777778 0.050994873046875 0.04250759548611111
0 0.53955078125 0.4075520833333333 0.04559326171875 0.05015733506944445
0 0.68798828125 0.3556857638888889 0.045196533203125 0.03955078125
0 0.285888671875 0.4157986111111111 0.050048828125 0.042046440972222224
0 0.93212890625 0.3587239583333333 0.04949951171875 0.04432508680555555
0 0.307861328125 0.3077256944444444 0.0300445556640625 0.04139539930555555
0 0.90576171875 0.5095486111111112 0.04803466796875 0.041558159722222224
0 0.77734375 0.62109375 0.046295166015625 0.044840494791666664
0 0.402587890625 0.365234375 0.044921875 0.042182074652777776
0 0.983978271484375 0.4713541666666667 0.03204345703125 0.04527452256944445
0 0.1585693359375 0.5516493055555556 0.05450439453125 0.041558159722222224
0 0.1396484375 0.9001736111111112 0.054901123046875 0.0632052951388889
0 0.54443359375 0.1431206597222222 0.0171051025390625 0.046685112847222224
0 0.8720703125 0.4032118055555556 0.05059814453125 0.0556640625
0 0.5771484375 0.0837131076388889 0.03338623046875 0.049614800347222224