0 0.5424479166666667 0.462037037037037 0.049479166666666664 0.044444444444444446
0 0.38203125 0.44027777777777777 0.051041666666666666 0.040740740740740744
0 0.051041666666666666 0.587037037037037 0.052083333333333336 0.040740740740740744
0 0.5166666666666667 0.5425925925925926 0.04375 0.04537037037037037
0 0.14973958333333334 0.5680555555555555 0.053125 0.041666666666666664
0 0.7833333333333333 0.48518518518518516 0.04739583333333333 0.04722222222222222
1 0.8403645833333333 0.6949074074074074 0.0296875 0.0787037037037037
1 0.8700520833333333 0.6476851851851851 0.024479166666666666 0.05925925925925926
0 0.0890625 0.25833333333333336 0.058333333333333334 0.04722222222222222
0 0.2859375 0.16527777777777777 0.05520833333333333 0.05
1 0.6138020833333333 0.725462962962963 0.016145833333333335 0.06111111111111111
0 0.4205729166666667 0.33287037037037037 0.0578125 0.05185185185185185
1 0.16901041666666666 0.7092592592592593 0.035416666666666666 0.07962962962962963
1 0.09401041666666667 0.7347222222222223 0.016145833333333335 0.05555555555555555
1 0.8731770833333333 0.6050925925925926 0.0203125 0.08055555555555556