1 0.5322916666666667 0.7152777777777778 0.021354166666666667 0.06296296296296296
0 0.17734375 0.46435185185185185 0.052083333333333336 0.044444444444444446
0 0.02421875 0.5837962962962963 0.042708333333333334 0.06111111111111111
0 0.050520833333333334 0.4217592592592593 0.05572916666666667 0.04351851851851852
0 0.17578125 0.6356481481481482 0.04114583333333333 0.06296296296296296
0 0.14765625 0.37546296296296294 0.052083333333333336 0.06111111111111111
0 0.4552083333333333 0.675 0.044270833333333336 0.046296296296296294
0 0.5736979166666667 0.6347222222222222 0.0484375 0.046296296296296294
1 0.9307291666666667 0.7388888888888889 0.019270833333333334 0.06296296296296296
0 0.97109375 0.6277777777777778 0.04739583333333333 0.06759259259259259
0 0.06744791666666666 0.5337962962962963 0.05416666666666667 0.06481481481481481
1 0.54140625 0.7421296296296296 0.01875 0.06574074074074074