0 0.399658203125 0.49315185546875 0.053009033203125 0.04384956359863281
0 0.8662109375 0.527386474609375 0.05975341796875 0.053329086303710936
1 0.53125 0.42728271484375 0.0252227783203125 0.06613998413085938
1 0.93701171875 0.37181396484375 0.03155517578125 0.0673858642578125
0 0.56689453125 0.469317626953125 0.0296478271484375 0.07459030151367188
0 0.0204925537109375 0.44114990234375 0.037811279296875 0.068902587890625
1 0.11260986328125 0.291644287109375 0.0276947021484375 0.0734527587890625
1 0.9169921875 0.308544921875 0.03240966796875 0.06418991088867188
0 0.56982421875 0.577655029296875 0.0482177734375 0.06814422607421874
1 0.027069091796875 0.2346588134765625 0.032958984375 0.07182769775390625
1 0.68994140625 0.89703369140625 0.02691650390625 0.06180648803710938
1 0.4453125 0.3724639892578125 0.02752685546875 0.05124359130859375
0 0.44140625 0.607989501953125 0.0567626953125 0.041005706787109374
1 0.91748046875 0.2329254150390625 0.0311431884765625 0.06662750244140625
1 0.86669921875 0.3702972412109375 0.0205230712890625 0.06613998413085938
1 0.49609375 0.3399627685546875 0.026153564453125 0.0608856201171875
1 0.580078125 0.3681304931640625 0.022674560546875 0.05904388427734375
1 0.047515869140625 0.29901123046875 0.034698486328125 0.061102294921875
1 0.66259765625 0.17474822998046874 0.0165863037109375 0.07540283203125
1 0.60546875 0.22046661376953125 0.0225830078125 0.06500244140625
1 0.1541748046875 0.2866607666015625 0.024658203125 0.06603164672851562
1 0.7373046875 0.30594482421875 0.0261993408203125 0.06099395751953125
1 0.95263671875 0.235308837890625 0.02630615234375 0.06299819946289062
1 0.73388671875 0.22176666259765626 0.0165863037109375 0.062131500244140624
0 0.12213134765625 0.575921630859375 0.040985107421875 0.06251068115234375
1 0.24853515625 0.339312744140625 0.0289306640625 0.05143318176269531
1 0.8544921875 0.315045166015625 0.012969970703125 0.030605316162109375
1 0.33447265625 0.3559967041015625 0.01983642578125 0.050566482543945315
1 0.7763671875 0.1128875732421875 0.017913818359375 0.06548995971679687
1 0.671875 0.403448486328125 0.021484375 0.04504127502441406
1 0.87548828125 0.2537261962890625 0.0284881591796875 0.05362701416015625
1 0.36669921875 0.321978759765625 0.026763916015625 0.07459030151367188
1 0.82421875 0.2259918212890625 0.026702880859375 0.07426528930664063
0 0.96875 0.705926513671875 0.06396484375 0.06538162231445313
1 0.69091796875 0.34927978515625 0.0234222412109375 0.046774673461914065
1 0.54296875 0.282110595703125 0.018402099609375 0.059748077392578126
1 0.28466796875 0.823797607421875 0.04876708984375 0.07610702514648438
0 0.97705078125 0.4853515625 0.04302978515625 0.04766845703125
1 0.7998046875 0.17940673828125 0.027008056640625 0.07047348022460938
1 0.425048828125 0.3083282470703125 0.021331787109375 0.03851394653320313
1 0.5947265625 0.16564788818359374 0.017181396484375 0.05709381103515625
1 0.783203125 0.91263427734375 0.038330078125 0.062131500244140624
1 0.525390625 0.890966796875 0.020965576171875 0.07784042358398438
1 0.568359375 0.08157806396484375 0.01495361328125 0.05709381103515625
1 0.56103515625 0.21743316650390626 0.0256195068359375 0.054439544677734375
1 0.654296875 0.305078125 0.025909423828125 0.06359405517578125
1 0.47802734375 0.2467926025390625 0.01678466796875 0.057635498046875
1 0.9345703125 0.05709381103515625 0.015777587890625 0.06971511840820313
1 0.307861328125 0.21808319091796874 0.0310821533203125 0.07626953125
1 0.35791015625 0.229241943359375 0.01678466796875 0.04590797424316406
1 0.607421875 0.301177978515625 0.0161590576171875 0.04547462463378906
1 0.6796875 0.221441650390625 0.023284912109375 0.056768798828125
0 0.953125 0.08851165771484375 0.033721923828125 0.0695526123046875
1 0.361328125 0.2901275634765625 0.01214599609375 0.031797027587890624
1 0.95068359375 0.94296875 0.02685546875 0.058935546875
1 0.58544921875 0.263909912109375 0.0222015380859375 0.05557708740234375
1 0.83203125 0.1913238525390625 0.01384735107421875 0.03623886108398437