1 0.0495565988523735 0.6615740740740741 0.02764736567553469 0.058333333333333334
0 0.1807511737089202 0.48009259259259257 0.050078247261345854 0.04259259259259259
1 0.9827856025039123 0.5879629629629629 0.03338549817423057 0.06851851851851852
1 0.7895148669796557 0.2 0.028169014084507043 0.05462962962962963
1 0.9418362023995827 0.612037037037037 0.03234220135628586 0.06574074074074074
0 0.48200312989045385 0.48842592592592593 0.027125717266562335 0.06944444444444445
1 0.3064684402712572 0.6231481481481481 0.028169014084507043 0.06666666666666667
1 0.4514866979655712 0.5597222222222222 0.026604068857589983 0.06481481481481481
1 0.8828899321857069 0.6143518518518518 0.02764736567553469 0.06388888888888888
0 0.5654668753260302 0.45046296296296295 0.03129890453834116 0.06018518518518518
0 0.5732916014606155 0.3726851851851852 0.05268648930620762 0.046296296296296294
0 0.8335941575378195 0.47685185185185186 0.03286384976525822 0.05925925925925926
1 0.6484089723526343 0.8212962962962963 0.019300991131977047 0.075
1 0.1739697443922796 0.6819444444444445 0.03025560772039645 0.05
1 0.7827334376630152 0.5555555555555556 0.023995826812728223 0.08518518518518518
1 0.5302556077203965 0.649074074074074 0.02138758476786646 0.05925925925925926
1 0.4812206572769953 0.13703703703703704 0.03912363067292645 0.06296296296296296
1 0.05033907146583203 0.7810185185185186 0.03547209181011998 0.06111111111111111
1 0.9374021909233177 0.7953703703703704 0.03025560772039645 0.07314814814814814
1 0.6400625978090767 0.6865740740740741 0.029212310902451747 0.06574074074074074
1 0.7704747000521649 0.12824074074074074 0.03755868544600939 0.05740740740740741
1 0.33907146583202924 0.6240740740740741 0.027125717266562335 0.05740740740740741
1 0.7699530516431925 0.6351851851851852 0.029212310902451747 0.06574074074074074
1 0.2136150234741784 0.7055555555555556 0.02556077203964528 0.06388888888888888
1 0.29447052686489306 0.7129629629629629 0.027125717266562335 0.06296296296296296
1 0.5571205007824727 0.5532407407407407 0.028690662493479395 0.06481481481481481
1 0.6040688575899843 0.7597222222222222 0.024517475221700575 0.06574074074074074
1 0.6197183098591549 0.6449074074074074 0.018779342723004695 0.06388888888888888
1 0.7154407929055816 0.6134259259259259 0.03025560772039645 0.062037037037037036
1 0.8153364632237872 0.6111111111111112 0.028169014084507043 0.05740740740740741
1 0.6825769431403235 0.5319444444444444 0.0297339593114241 0.049074074074074076
1 0.44966092853416795 0.6611111111111111 0.02190923317683881 0.06481481481481481
1 0.8281168492436098 0.062037037037037036 0.038601982263954095 0.05740740740740741
1 0.4606155451225874 0.7240740740740741 0.026604068857589983 0.062037037037037036
1 0.33750652060511216 0.7388888888888889 0.03182055294731351 0.075
1 0.6815336463223787 0.8847222222222222 0.016692749087115284 0.058333333333333334
1 0.12076160667709963 0.7351851851851852 0.026604068857589983 0.05555555555555555
0 0.9254042775169535 0.3726851851851852 0.059989567031820554 0.06481481481481481
1 0.9110589462702139 0.6606481481481481 0.022952529994783515 0.049074074074074076
1 0.3601982263954095 0.22870370370370371 0.02608242044861763 0.049074074074074076
1 0.7201356285863328 0.75 0.019300991131977047 0.06388888888888888
1 0.8784559207094418 0.2490740740740741 0.03599374021909233 0.06018518518518518
1 0.9434011476264997 0.7023148148148148 0.028169014084507043 0.05277777777777778
1 0.9227960354720918 0.0837962962962963 0.038601982263954095 0.05092592592592592
1 0.9491392801251957 0.2796296296296296 0.03755868544600939 0.05092592592592592
1 0.2303077725612937 0.7875 0.024517475221700575 0.06018518518518518
1 0.2699530516431925 0.862037037037037 0.01617110067814293 0.05185185185185185
1 0.7256129368805425 0.8023148148148148 0.01773604590505999 0.04351851851851852
1 0.47835159102764735 0.2902777777777778 0.024517475221700575 0.05648148148148148
1 0.6802295252999478 0.7606481481481482 0.020865936358894107 0.03611111111111111
1 0.012519561815336464 0.7814814814814814 0.025039123630672927 0.06018518518518518
1 0.8925404277516954 0.8337962962962963 0.028690662493479395 0.06481481481481481
1 0.9254042775169535 0.20879629629629629 0.036515388628064686 0.06111111111111111
1 0.5526864893062076 0.7523148148148148 0.018779342723004695 0.058333333333333334
1 0.7882107459572248 0.7513888888888889 0.025039123630672927 0.058333333333333334
1 0.7284820031298904 0.8495370370370371 0.01773604590505999 0.04351851851851852
1 0.752999478351591 0.2523148148148148 0.03599374021909233 0.05277777777777778
1 0.1817944705268649 0.016203703703703703 0.02556077203964528 0.032407407407407406
1 0.09598330725091289 0.8037037037037037 0.02190923317683881 0.05925925925925926
1 0.4282733437663015 0.03009259259259259 0.02608242044861763 0.05648148148148148
1 0.12154407929055816 0.9722222222222222 0.022952529994783515 0.05555555555555555
1 0.9877412623891497 0.13148148148148148 0.022430881585811163 0.06481481481481481
0 0.9486176317162233 0.9018518518518519 0.03129890453834116 0.06851851851851852
1 0.5438184663536776 0.8277777777777777 0.010954616588419406 0.026851851851851852
0 0.18648930620761606 0.5314814814814814 0.04277516953573292 0.06296296296296296