0 0.30126953125 0.526519775390625 0.048675537109375 0.05029563903808594
0 0.6884765625 0.526519775390625 0.05572509765625 0.052733230590820315
1 0.39013671875 0.4157989501953125 0.023773193359375 0.05806884765625
0 0.8173828125 0.518719482421875 0.0526123046875 0.04393081665039063
0 0.76953125 0.58502197265625 0.05389404296875 0.05086441040039062
0 0.8505859375 0.684259033203125 0.058349609375 0.046422576904296874
1 0.2841796875 0.84849853515625 0.029876708984375 0.05953140258789062
1 0.37255859375 0.35794677734375 0.0284881591796875 0.0647857666015625
0 0.2021484375 0.45675048828125 0.0313720703125 0.05644378662109375
0 0.2069091796875 0.539520263671875 0.052032470703125 0.03889312744140625
1 0.8076171875 0.320245361328125 0.0311431884765625 0.070635986328125
1 0.70068359375 0.444183349609375 0.02386474609375 0.061914825439453126
1 0.50830078125 0.256976318359375 0.01666259765625 0.06500244140625
1 0.08538818359375 0.271710205078125 0.0294189453125 0.068902587890625
1 0.1807861328125 0.2888275146484375 0.03594970703125 0.06223983764648437
1 0.072509765625 0.367047119140625 0.03790283203125 0.060506439208984374
1 0.134033203125 0.3481964111328125 0.036773681640625 0.06467742919921875
1 0.95849609375 0.17561492919921876 0.03271484375 0.07740707397460937
1 0.62646484375 0.204107666015625 0.023773193359375 0.06516494750976562
1 0.67041015625 0.31287841796875 0.0232391357421875 0.0656524658203125
1 0.2130126953125 0.3694305419921875 0.0235137939453125 0.07811126708984376
1 0.9140625 0.2008575439453125 0.0352783203125 0.07567367553710938
1 0.70849609375 0.289910888671875 0.018646240234375 0.06381072998046874
1 0.31640625 0.833331298828125 0.0212860107421875 0.0556854248046875
1 0.77587890625 0.20616607666015624 0.0190582275390625 0.062023162841796875
1 0.7666015625 0.156005859375 0.027587890625 0.05861053466796875
1 0.320556640625 0.2779937744140625 0.0305633544921875 0.06576080322265625
1 0.10858154296875 0.639190673828125 0.03424072265625 0.05476455688476563
1 0.11376953125 0.2987945556640625 0.0283355712890625 0.06440658569335937
1 0.0305633544921875 0.296844482421875 0.0276336669921875 0.06576080322265625
1 0.2213134765625 0.31807861328125 0.0297088623046875 0.059964752197265624
1 0.62451171875 0.2987945556640625 0.0236053466796875 0.079302978515625
1 0.395263671875 0.442449951171875 0.03033447265625 0.0582855224609375
1 0.464111328125 0.293377685546875 0.0245208740234375 0.05105400085449219
1 0.673828125 0.20269927978515626 0.0252685546875 0.05731048583984375
1 0.29638671875 0.80863037109375 0.0252227783203125 0.05251655578613281
1 0.67333984375 0.758795166015625 0.034881591796875 0.06332321166992187
1 0.70458984375 0.2337921142578125 0.029205322265625 0.06418991088867188
1 0.8125 0.308978271484375 0.0162200927734375 0.027165603637695313
1 0.283935546875 0.93603515625 0.0299224853515625 0.05709381103515625
1 0.0142822265625 0.870166015625 0.02685546875 0.06099395751953125
1 0.96240234375 0.9412353515625 0.044586181640625 0.0561187744140625
1 0.53857421875 0.8927001953125 0.024749755859375 0.052435302734375
1 0.75048828125 0.308111572265625 0.02001953125 0.06527328491210938
1 0.67626953125 0.2805938720703125 0.0163421630859375 0.0582855224609375
1 0.8740234375 0.31461181640625 0.019866943359375 0.07637786865234375
1 0.939453125 0.2649932861328125 0.036285400390625 0.07193603515625
0 0.9248046875 0.11001663208007813 0.030914306640625 0.06689834594726562
1 0.526430186054599 0.38271604938271603 0.021735350373848068 0.05246913580246921
1 0.6737958615892886 0.4104938271604938 0.013910624239262658 0.049382716049382644