0 0.3375 0.5796296296296296 0.04895833333333333 0.05
0 0.8265625 0.549537037037037 0.05260416666666667 0.05648148148148148
0 0.2046875 0.587037037037037 0.050520833333333334 0.04351851851851852
0 0.5591145833333333 0.4125 0.04635416666666667 0.041666666666666664
0 0.45208333333333334 0.3337962962962963 0.043229166666666666 0.04259259259259259
0 0.8265625 0.3541666666666667 0.046875 0.041666666666666664
0 0.24322916666666666 0.3472222222222222 0.04479166666666667 0.044444444444444446
0 0.084375 0.5236111111111111 0.049479166666666664 0.04259259259259259
0 0.8208333333333333 0.4685185185185185 0.03333333333333333 0.05555555555555555
0 0.22109375 0.425462962962963 0.04635416666666667 0.04814814814814815
0 0.0234375 0.46111111111111114 0.042708333333333334 0.04351851851851852
0 0.9497395833333333 0.6078703703703704 0.053125 0.04351851851851852
0 0.9630208333333333 0.4791666666666667 0.05 0.040740740740740744