0 0.24813988095238107 0.2896825396825397 0.05431547619047616 0.05291005291005288
0 0.2156982421875 0.5203993055555556 0.048309326171875 0.05653211805555555
0 0.5576171875 0.3161892361111111 0.044097900390625 0.046061197916666664
0 0.58544921875 0.4583333333333333 0.047943115234375 0.042426215277777776
0 0.08929443359375 0.3420138888888889 0.048858642578125 0.039632161458333336
0 0.88671875 0.36328125 0.0460205078125 0.043158637152777776
0 0.818359375 0.4366319444444444 0.048492431640625 0.04115125868055555
0 0.131591796875 0.4448784722222222 0.024139404296875 0.06450737847222222
0 0.5615234375 0.5768229166666666 0.04107666015625 0.0556640625
0 0.66357421875 0.3895399305555556 0.04327392578125 0.04275173611111111
0 0.46240234375 0.9314236111111112 0.054412841796875 0.06439887152777778
0 0.9835586547851562 0.7682291666666666 0.0328826904296875 0.06700303819444445
0 0.5439453125 0.12684461805555555 0.01812744140625 0.0675998263888889