0 0.8724569640062598 0.3685185185185185 0.056859676577986434 0.04722222222222222
0 0.11945748565466875 0.5064814814814815 0.050078247261345854 0.04537037037037037
1 0.5375586854460094 0.3439814814814815 0.03234220135628586 0.05185185185185185
1 0.5639019300991132 0.21944444444444444 0.018779342723004695 0.05462962962962963
1 0.4749608763693271 0.3148148148148148 0.03025560772039645 0.05462962962962963
0 0.5542514345331246 0.48703703703703705 0.04434011476264997 0.06018518518518518
1 0.7117892540427752 0.5462962962962963 0.02556077203964528 0.06574074074074074
1 0.7060511215440793 0.09953703703703703 0.03599374021909233 0.062037037037037036
1 0.9726134585289515 0.7245370370370371 0.036515388628064686 0.06759259259259259
1 0.9332290036515388 0.7185185185185186 0.030777256129368807 0.06481481481481481
1 0.7944705268648931 0.16342592592592592 0.03755868544600939 0.05925925925925926
0 0.47417840375586856 0.45555555555555555 0.047991653625456446 0.046296296296296294
1 0.5057381324986959 0.3699074074074074 0.017214397496087636 0.06296296296296296
0 0.16249347939488784 0.586574074074074 0.048513302034428794 0.04814814814814815
0 0.39254042775169534 0.47824074074074074 0.047991653625456446 0.04537037037037037
1 0.3620239958268127 0.16527777777777777 0.03547209181011998 0.06388888888888888
1 0.9791340636411059 0.6620370370370371 0.0297339593114241 0.06388888888888888
0 0.7994261867501304 0.47314814814814815 0.05738132498695879 0.049074074074074076
0 0.2310902451747522 0.4615740740740741 0.056338028169014086 0.041666666666666664
0 0.8393322900365154 0.40925925925925927 0.04747000521648409 0.04722222222222222
1 0.12702138758476786 0.03009259259259259 0.03390714658320292 0.05462962962962963
0 0.6601460615545123 0.4550925925925926 0.0297339593114241 0.04722222222222222
1 0.9434011476264997 0.8189814814814815 0.023995826812728223 0.06388888888888888
1 0.5683359415753781 0.15694444444444444 0.022430881585811163 0.08148148148148149
0 0.9843505477308294 0.16435185185185186 0.0297339593114241 0.05555555555555555
1 0.4835680751173709 0.736574074074074 0.02138758476786646 0.05462962962962963
1 0.20031298904538342 0.7800925925925926 0.02138758476786646 0.06666666666666667
1 0.8891497130933751 0.6157407407407407 0.020865936358894107 0.06666666666666667
1 0.12649973917579552 0.7800925925925926 0.026604068857589983 0.062037037037037036
1 0.6473656755346896 0.7671296296296296 0.01773604590505999 0.05462962962962963
1 0.6517996870109546 0.3 0.02764736567553469 0.05740740740740741
1 0.8988002086593636 0.7333333333333333 0.03182055294731351 0.062037037037037036
1 0.4251434533124674 0.7282407407407407 0.028690662493479395 0.05648148148148148
1 0.436358894105373 0.029166666666666667 0.025039123630672927 0.05740740740740741
1 0.6382368283776735 0.6194444444444445 0.02764736567553469 0.07037037037037037
1 0.7138758476786646 0.21851851851851853 0.03182055294731351 0.06388888888888888
1 0.2467396974439228 0.4046296296296296 0.022430881585811163 0.04814814814814815
1 0.7154407929055816 0.6986111111111111 0.02764736567553469 0.08333333333333333
1 0.7162232655190401 0.27824074074074073 0.022952529994783515 0.06018518518518518
1 0.801773604590506 0.8694444444444445 0.022952529994783515 0.06481481481481481
1 0.797339593114241 0.05462962962962963 0.036515388628064686 0.05462962962962963
1 0.26890975482524776 0.6532407407407408 0.03390714658320292 0.07037037037037037
1 0.30438184663536777 0.7013888888888888 0.02034428794992175 0.06111111111111111
1 0.8135106937923839 0.6041666666666666 0.03234220135628586 0.04259259259259259
1 0.6830985915492958 0.7657407407407407 0.02034428794992175 0.05
1 0.06624934793948878 0.375 0.040166927490871154 0.05925925925925926
1 0.7871674491392802 0.5685185185185185 0.020865936358894107 0.05462962962962963
1 0.5863328116849243 0.712037037037037 0.022430881585811163 0.05648148148148148
0 0.5805946791862285 0.3962962962962963 0.04747000521648409 0.04814814814814815
1 0.5894627021387585 0.762962962962963 0.018257694314032343 0.06296296296296296
1 0.4874804381846635 0.6717592592592593 0.022430881585811163 0.06296296296296296
1 0.7994261867501304 0.7481481481481481 0.02138758476786646 0.06111111111111111
1 0.6165884194053208 0.7129629629629629 0.020865936358894107 0.06018518518518518
1 0.8941053729786124 0.8217592592592593 0.02138758476786646 0.06851851851851852
1 0.16536254564423578 0.7361111111111112 0.02608242044861763 0.06759259259259259
1 0.18362023995826812 0.6574074074074074 0.028169014084507043 0.05185185185185185
1 0.4439227960354721 0.37175925925925923 0.0198226395409494 0.06018518518518518
1 0.32629107981220656 0.7824074074074074 0.02190923317683881 0.06018518518518518
1 0.08633281168492436 0.6509259259259259 0.025039123630672927 0.053703703703703705
1 0.37219613980177363 0.7180555555555556 0.023474178403755867 0.062037037037037036
1 0.2167449139280125 0.8416666666666667 0.023474178403755867 0.046296296296296294
1 0.7806468440271257 0.6356481481481482 0.02034428794992175 0.04722222222222222
1 0.8914971309337506 0.3055555555555556 0.03182055294731351 0.07407407407407407
1 0.5054773082942097 0.23564814814814813 0.0198226395409494 0.062037037037037036
1 0.5790297339593115 0.6083333333333333 0.0297339593114241 0.07222222222222222
1 0.061815336463223784 0.7763888888888889 0.023474178403755867 0.06388888888888888
1 0.5380803338549818 0.6777777777777778 0.02764736567553469 0.0712962962962963
1 0.699791340636411 0.8523148148148149 0.019300991131977047 0.06481481481481481
1 0.5117370892018779 0.625 0.020865936358894107 0.04722222222222222
1 0.06572769953051644 0.6768518518518518 0.03025560772039645 0.04259259259259259
1 0.41236306729264477 0.6041666666666666 0.018779342723004695 0.05925925925925926
1 0.9374021909233177 0.1037037037037037 0.030777256129368807 0.05555555555555555
1 0.09259259259259259 0.7333333333333333 0.02764736567553469 0.05277777777777778
1 0.747000521648409 0.8805555555555555 0.020865936358894107 0.04537037037037037
1 0.5644235785080856 0.6449074074074074 0.023474178403755867 0.05648148148148148
1 0.7978612415232134 0.6888888888888889 0.02034428794992175 0.0712962962962963
1 0.6400625978090767 0.8004629629629629 0.027125717266562335 0.037037037037037035
1 0.03155972874282734 0.6791666666666667 0.02190923317683881 0.05648148148148148
1 0.7524778299426187 0.8407407407407408 0.018779342723004695 0.05648148148148148
1 0.22430881585811163 0.7194444444444444 0.024517475221700575 0.06944444444444445
1 0.26734480959833073 0.7717592592592593 0.026604068857589983 0.06481481481481481
1 0.8466353677621283 0.037037037037037035 0.037037037037037035 0.06481481481481481
1 0.945226917057903 0.05277777777777778 0.02608242044861763 0.05277777777777778
0 0.2433489827856025 0.7300925925925926 0.03234220135628586 0.03611111111111111
1 0.03390714658320292 0.774074074074074 0.02608242044861763 0.05555555555555555
1 0.4047991653625456 0.6412037037037037 0.030777256129368807 0.037037037037037035
1 0.12284820031298904 0.8449074074074074 0.0198226395409494 0.06018518518518518
1 0.5667709963484612 0.763425925925926 0.0198226395409494 0.06388888888888888
1 0.838810641627543 0.649074074074074 0.02034428794992175 0.06481481481481481
1 0.7044861763171623 0.5819444444444445 0.0297339593114241 0.032407407407407406
1 0.6830985915492958 0.7962962962962963 0.023995826812728223 0.030555555555555555
1 0.7407407407407407 0.7444444444444445 0.0198226395409494 0.06759259259259259