0 0.047607421875 0.4313995361328125 0.050048828125 0.04284744262695313
0 0.10650634765625 0.5078857421875 0.05023193359375 0.04444541931152344
1 0.10302734375 0.3763641357421875 0.02685546875 0.06727752685546876
0 0.72021484375 0.510919189453125 0.0333251953125 0.048589324951171874
1 0.075439453125 0.87276611328125 0.0330810546875 0.056768798828125
1 0.97216796875 0.2615264892578125 0.0256195068359375 0.056768798828125
1 0.98681640625 0.3796142578125 0.0240020751953125 0.07074432373046875
0 0.81640625 0.477984619140625 0.058563232421875 0.05143318176269531
1 0.2490234375 0.2849273681640625 0.0211181640625 0.06359405517578125
1 0.8408203125 0.13780517578125 0.028656005859375 0.06700668334960938
0 0.1767578125 0.58675537109375 0.053802490234375 0.04276618957519531
1 0.95849609375 0.3295623779296875 0.0237274169921875 0.06343154907226563
1 0.833984375 0.3009613037109375 0.02423095703125 0.05882720947265625
1 0.0177764892578125 0.2444091796875 0.0302734375 0.06841506958007812
1 0.1422119140625 0.2953277587890625 0.0257110595703125 0.06121063232421875
1 0.634765625 0.389581298828125 0.0191192626953125 0.0647857666015625
1 0.90869140625 0.231842041015625 0.0252685546875 0.070635986328125
1 0.81982421875 0.2233917236328125 0.0282745361328125 0.059748077392578126
0 0.1788330078125 0.64742431640625 0.034088134765625 0.05904388427734375
0 0.29736328125 0.4593505859375 0.0232391357421875 0.0578521728515625
1 0.662109375 0.43248291015625 0.029083251953125 0.06576080322265625
1 0.62255859375 0.280377197265625 0.0230712890625 0.06548995971679687
1 0.120849609375 0.246142578125 0.025909423828125 0.059964752197265624
1 0.348388671875 0.3486297607421875 0.028656005859375 0.0582855224609375
0 0.822265625 0.638323974609375 0.042022705078125 0.0398681640625
1 0.202392578125 0.204107666015625 0.02606201171875 0.05926055908203125
1 0.65625 0.113104248046875 0.0202484130859375 0.0816864013671875
1 0.69580078125 0.21894989013671876 0.0164031982421875 0.06402740478515626
1 0.6826171875 0.3611968994140625 0.02685546875 0.04211616516113281
1 0.58642578125 0.343212890625 0.0164031982421875 0.06359405517578125
1 0.1966552734375 0.33714599609375 0.02947998046875 0.06381072998046874
1 0.44189453125 0.387847900390625 0.0328369140625 0.0647857666015625
1 0.74609375 0.161639404296875 0.0255126953125 0.05687713623046875
1 0.56591796875 0.237908935546875 0.016021728515625 0.06343154907226563
0 0.050323486328125 0.581121826171875 0.02606201171875 0.05322074890136719
1 0.67333984375 0.279510498046875 0.0179901123046875 0.062131500244140624
1 0.5517578125 0.384814453125 0.020965576171875 0.051839447021484374
1 0.80908203125 0.9065673828125 0.035614013671875 0.06332321166992187
1 0.73583984375 0.2740936279296875 0.01898193359375 0.057635498046875
1 0.0171051025390625 0.33714599609375 0.02508544921875 0.054954147338867186
1 0.38623046875 0.81383056640625 0.037322998046875 0.08065719604492187
1 0.5283203125 0.3276123046875 0.0200958251953125 0.0673858642578125
1 0.053802490234375 0.27041015625 0.0247955322265625 0.07090682983398437
1 0.92138671875 0.92216796875 0.0391845703125 0.06467742919921875
1 0.66015625 0.20053253173828126 0.024566650390625 0.06440658569335937
1 0.457763671875 0.3152618408203125 0.0306243896484375 0.0504852294921875
1 0.76806640625 0.22100830078125 0.0225372314453125 0.061589813232421874
1 0.62451171875 0.172906494140625 0.0191650390625 0.05687713623046875
1 0.97119140625 0.22024993896484374 0.034759521484375 0.04149322509765625
1 0.78955078125 0.3377960205078125 0.0222015380859375 0.03962440490722656
0 0.5442531733611544 0.6103395061728395 0.05912015301686671 0.06944444444444445