1 0.4634846113719353 0.36666666666666664 0.03286384976525822 0.049074074074074076
1 0.8690662493479395 0.10833333333333334 0.023995826812728223 0.05740740740740741
0 0.27543035993740217 0.46805555555555556 0.05112154407929056 0.040740740740740744
0 0.7083985393844549 0.37037037037037035 0.056338028169014086 0.049074074074074076
1 0.6264997391757955 0.10648148148148148 0.03547209181011998 0.062037037037037036
1 0.7266562336984872 0.1824074074074074 0.03599374021909233 0.05925925925925926
1 0.9872196139801773 0.8078703703703703 0.022952529994783515 0.06666666666666667
0 0.34820031298904536 0.48055555555555557 0.046426708398539386 0.046296296296296294
1 0.3729786124152321 0.41898148148148145 0.02138758476786646 0.05648148148148148
0 0.40558163797600416 0.5356481481481481 0.03129890453834116 0.05277777777777778
0 0.20344287949921752 0.5046296296296297 0.050078247261345854 0.04722222222222222
0 0.4697443922796036 0.4708333333333333 0.04590505998956703 0.040740740740740744
1 0.3059467918622848 0.16342592592592592 0.03599374021909233 0.06296296296296296
1 0.5868544600938967 0.3060185185185185 0.03025560772039645 0.05462962962962963
1 0.42123109024517474 0.3236111111111111 0.028690662493479395 0.05277777777777778
1 0.4306207616066771 0.3736111111111111 0.018779342723004695 0.06111111111111111
1 0.9115805946791862 0.7490740740740741 0.02138758476786646 0.06111111111111111
0 0.8935837245696401 0.4388888888888889 0.057902973395931145 0.044444444444444446
1 0.1961398017736046 0.6597222222222222 0.03338549817423057 0.06851851851851852
1 0.8969744392279604 0.14953703703703702 0.036515388628064686 0.06481481481481481
1 0.9791340636411059 0.6796296296296296 0.02764736567553469 0.062037037037037036
1 0.45565988523735 0.24444444444444444 0.022952529994783515 0.06481481481481481
1 0.645018257694314 0.5666666666666667 0.02608242044861763 0.06574074074074074
0 0.698226395409494 0.4148148148148148 0.054773082942097026 0.04351851851851852
1 0.07224830464267085 0.7875 0.025039123630672927 0.05
0 0.7266562336984872 0.48148148148148145 0.056859676577986434 0.04722222222222222
1 0.9809598330725091 0.5300925925925926 0.03338549817423057 0.08518518518518518
1 0.8980177360459051 0.6675925925925926 0.028690662493479395 0.06018518518518518
1 0.8583724569640062 0.7041666666666667 0.028690662493479395 0.06388888888888888
1 0.834376630151278 0.8287037037037037 0.02034428794992175 0.058333333333333334
1 0.1651017214397496 0.7189814814814814 0.02556077203964528 0.06481481481481481
1 0.8247261345852895 0.3125 0.03182055294731351 0.075
1 0.368283776734481 0.031018518518518518 0.03442879499217527 0.05277777777777778
1 0.25039123630672927 0.725925925925926 0.02034428794992175 0.06574074074074074
1 0.6512780386019823 0.2601851851851852 0.022952529994783515 0.08796296296296297
1 0.7157016171100679 0.5643518518518519 0.024517475221700575 0.06018518518518518
1 0.9713093375065206 0.6060185185185185 0.03390714658320292 0.06111111111111111
1 0.41784037558685444 0.6773148148148148 0.02190923317683881 0.06666666666666667
1 0.7676056338028169 0.6643518518518519 0.029212310902451747 0.06296296296296296
1 0.1896191966614502 0.38333333333333336 0.03390714658320292 0.05925925925925926
1 0.8028169014084507 0.624537037037037 0.030777256129368807 0.062037037037037036
1 0.7232655190401669 0.06157407407407407 0.03912363067292645 0.05462962962962963
1 0.8834115805946792 0.825 0.02190923317683881 0.06666666666666667
1 0.7339593114241002 0.7578703703703704 0.01617110067814293 0.058333333333333334
0 0.024256651017214397 0.45694444444444443 0.046426708398539386 0.04259259259259259
1 0.4953051643192488 0.6583333333333333 0.02034428794992175 0.062037037037037036
1 0.31533646322378717 0.7310185185185185 0.02190923317683881 0.062037037037037036
1 0.8364632237871674 0.7453703703703703 0.028690662493479395 0.06388888888888888
1 0.7636932707355243 0.05092592592592592 0.03755868544600939 0.06018518518518518
1 0.012519561815336464 0.7787037037037037 0.024517475221700575 0.06111111111111111
1 0.10276473656755347 0.7439814814814815 0.028169014084507043 0.06296296296296296
1 0.3536776212832551 0.6208333333333333 0.02034428794992175 0.058333333333333334
1 0.3701095461658842 0.7324074074074074 0.025039123630672927 0.05185185185185185
1 0.5028690662493479 0.15046296296296297 0.024517475221700575 0.05925925925925926
1 0.42618675013041213 0.7481481481481481 0.025039123630672927 0.062037037037037036
1 0.8740219092331768 0.06851851851851852 0.02608242044861763 0.053703703703703705
1 0.5010432968179447 0.21898148148148147 0.03025560772039645 0.06018518518518518
1 0.054773082942097026 0.06898148148148148 0.03912363067292645 0.05092592592592592
1 0.7430881585811163 0.6162037037037037 0.03025560772039645 0.04722222222222222
1 0.7044861763171623 0.6541666666666667 0.027125717266562335 0.04722222222222222
1 0.6507563901930099 0.7097222222222223 0.023995826812728223 0.0712962962962963
1 0.23630672926447574 0.8240740740740741 0.019300991131977047 0.05648148148148148
1 0.6293688054251435 0.7722222222222223 0.020865936358894107 0.05
1 0.5672926447574335 0.712037037037037 0.022952529994783515 0.06574074074074074
0 0.8789775691184142 0.3611111111111111 0.054773082942097026 0.05648148148148148
1 0.5654668753260302 0.6388888888888888 0.02608242044861763 0.06388888888888888
1 0.37715179968701096 0.09166666666666666 0.02556077203964528 0.05648148148148148
1 0.5795513823682837 0.7731481481481481 0.024517475221700575 0.05092592592592592
1 0.31533646322378717 0.8018518518518518 0.018779342723004695 0.049074074074074076
1 0.2712571726656234 0.7902777777777777 0.02190923317683881 0.06296296296296296
1 0.5101721439749609 0.6138888888888889 0.0297339593114241 0.06481481481481481
1 0.010172143974960876 0.37175925925925923 0.0198226395409494 0.05555555555555555
1 0.5362545644235786 0.75 0.02190923317683881 0.05555555555555555
1 0.01773604590505999 0.6537037037037037 0.03234220135628586 0.05092592592592592
1 0.1411058946270214 0.7805555555555556 0.02190923317683881 0.06296296296296296
1 0.47183098591549294 0.6986111111111111 0.028690662493479395 0.06666666666666667
1 0.7462180490349505 0.8925925925925926 0.02138758476786646 0.06851851851851852
1 0.11658841940532082 0.8282407407407407 0.026604068857589983 0.05462962962962963
1 0.5386019822639541 0.9351851851851852 0.018257694314032343 0.07222222222222222
1 0.20631194574856546 0.7810185185185186 0.02608242044861763 0.06759259259259259
1 0.3901930099113198 0.7856481481481481 0.020865936358894107 0.03888888888888889
1 0.693792383933229 0.7699074074074074 0.01773604590505999 0.05462962962962963
1 0.04381846635367762 0.7444444444444445 0.028169014084507043 0.05185185185185185
1 0.49921752738654146 0.8861111111111111 0.01564945226917058 0.04537037037037037
1 0.10641627543035993 0.6902777777777778 0.02764736567553469 0.04351851851851852
1 0.34167970787689095 0.6555555555555556 0.028690662493479395 0.03981481481481482
1 0.6904016692749088 0.8462962962962963 0.01773604590505999 0.053703703703703705
1 0.11450182576943141 0.6597222222222222 0.027125717266562335 0.03888888888888889
1 0.5101721439749609 0.7736111111111111 0.020865936358894107 0.06388888888888888
1 0.6992696922274387 0.9074074074074074 0.018257694314032343 0.03148148148148148
1 0.8022952529994783 0.674074074074074 0.018779342723004695 0.04722222222222222
1 0.6426708398539385 0.5967592592592592 0.030777256129368807 0.037037037037037035
1 0.4415753781950965 0.6337962962962963 0.01564945226917058 0.04537037037037037
1 0.5284298382889933 0.7018518518518518 0.0198226395409494 0.06851851851851852
1 0.9864371413667188 0.925 0.017214397496087636 0.06944444444444445