1 0.6789254042775169 0.6995370370370371 0.025039123630672927 0.06388888888888888
1 0.7999478351591027 0.5143518518518518 0.022952529994783515 0.08518518518518518
0 0.2733437663015128 0.5074074074074074 0.05216484089723526 0.05092592592592592
0 0.6006781429316641 0.5902777777777778 0.04747000521648409 0.07222222222222222
0 0.2631716223265519 0.5708333333333333 0.05529473135106938 0.04537037037037037
0 0.13719353155972874 0.5898148148148148 0.05738132498695879 0.044444444444444446
1 0.36958789775691187 0.37777777777777777 0.025039123630672927 0.06574074074074074
0 0.41653625456442356 0.48009259259259257 0.04225352112676056 0.044444444444444446
1 0.4966092853416797 0.23564814814814813 0.023474178403755867 0.06666666666666667
1 0.99113197704747 0.1597222222222222 0.017214397496087636 0.0712962962962963
1 0.49269692227438705 0.3787037037037037 0.024517475221700575 0.06388888888888888
0 0.036515388628064686 0.5351851851851852 0.05529473135106938 0.04537037037037037
1 0.5490349504434011 0.3726851851851852 0.018257694314032343 0.06666666666666667
1 0.12702138758476786 0.42777777777777776 0.03129890453834116 0.0712962962962963
1 0.35498174230568597 0.29814814814814816 0.02034428794992175 0.062037037037037036
1 0.924621804903495 0.20046296296296295 0.028169014084507043 0.06388888888888888
1 0.4747000521648409 0.8875 0.02190923317683881 0.058333333333333334
1 0.3951486697965571 0.3189814814814815 0.026604068857589983 0.06296296296296296
1 0.37689097548252476 0.22870370370370371 0.01617110067814293 0.06111111111111111
1 0.924621804903495 0.33240740740740743 0.036515388628064686 0.06481481481481481
0 0.5268648930620762 0.5231481481481481 0.051643192488262914 0.04722222222222222
1 0.2368283776734481 0.9648148148148148 0.02764736567553469 0.05555555555555555
1 0.03312467396974439 0.4203703703703704 0.02764736567553469 0.07222222222222222
1 0.26708398539384454 0.7666666666666667 0.02190923317683881 0.05092592592592592
1 0.3236828377673448 0.6537037037037037 0.029212310902451747 0.058333333333333334
1 0.34220135628586335 0.4222222222222222 0.019300991131977047 0.07314814814814814
1 0.2357850808555034 0.26157407407407407 0.026604068857589983 0.06388888888888888
1 0.628586332811685 0.2953703703703704 0.02556077203964528 0.062037037037037036
1 0.1011997913406364 0.18796296296296297 0.03495044340114763 0.075
1 0.6056338028169014 0.33425925925925926 0.023474178403755867 0.058333333333333334
1 0.50886802295253 0.913425925925926 0.019300991131977047 0.05185185185185185
1 0.7240479916536254 0.8648148148148148 0.0406885758998435 0.05740740740740741
1 0.47548252477829944 0.8314814814814815 0.025039123630672927 0.06018518518518518
1 0.6682316118935837 0.8435185185185186 0.03182055294731351 0.06296296296296296
1 0.5772039645279082 0.29814814814814816 0.025039123630672927 0.05092592592592592
1 0.06103286384976526 0.15555555555555556 0.02764736567553469 0.06666666666666667
1 0.21622326551904017 0.13333333333333333 0.019300991131977047 0.07037037037037037
1 0.9410537297861241 0.2310185185185185 0.03286384976525822 0.06296296296296296
1 0.038601982263954095 0.3337962962962963 0.028169014084507043 0.07407407407407407
1 0.7230046948356808 0.20601851851851852 0.03025560772039645 0.07962962962962963
1 0.29890453834115804 0.09166666666666666 0.01773604590505999 0.06296296296296296
1 0.03912363067292645 0.18472222222222223 0.03025560772039645 0.06944444444444445
1 0.21387584767866458 0.2 0.02190923317683881 0.06388888888888888
1 0.44966092853416795 0.3296296296296296 0.01773604590505999 0.05740740740740741
1 0.44861763171622326 0.23796296296296296 0.014084507042253521 0.06759259259259259
1 0.32472613458528954 0.34120370370370373 0.027125717266562335 0.058333333333333334
1 0.651017214397496 0.2601851851851852 0.023995826812728223 0.05555555555555555
1 0.9465310380803339 0.5439814814814815 0.03286384976525822 0.06111111111111111
1 0.8135106937923839 0.9171296296296296 0.03599374021909233 0.06296296296296296
1 0.37402190923317685 0.28379629629629627 0.02034428794992175 0.05740740740740741
1 0.38810641627543035 0.14074074074074075 0.013562858633281168 0.06111111111111111
1 0.05086071987480438 0.31203703703703706 0.022952529994783515 0.06944444444444445
1 0.9074074074074074 0.275 0.03442879499217527 0.06111111111111111
1 0.3338549817423057 0.22870370370370371 0.028169014084507043 0.062037037037037036
1 0.19718309859154928 0.43425925925925923 0.03390714658320292 0.07592592592592592
1 0.3763693270735524 0.6236111111111111 0.01617110067814293 0.04814814814814815
1 0.44679186228482004 0.7833333333333333 0.02034428794992175 0.053703703703703705
1 0.5341679707876891 0.3398148148148148 0.018779342723004695 0.062037037037037036
1 0.6958789775691184 0.31574074074074077 0.0198226395409494 0.06666666666666667
1 0.31690140845070425 0.8638888888888889 0.0198226395409494 0.05185185185185185
1 0.40584246218049036 0.1986111111111111 0.015127803860198226 0.05277777777777778
1 0.2715179968701095 0.14629629629629629 0.0198226395409494 0.06481481481481481
1 0.8523735002608243 0.3560185185185185 0.03182055294731351 0.06574074074074074
1 0.6898800208659364 0.28055555555555556 0.026604068857589983 0.06759259259259259
1 0.6645800730307773 0.7791666666666667 0.023474178403755867 0.049074074074074076
1 0.06990088680229525 0.28425925925925927 0.018779342723004695 0.06018518518518518
1 0.08007303077725612 0.7828703703703703 0.022952529994783515 0.05
0 0.4825247782994262 0.21388888888888888 0.04225352112676056 0.04259259259259259
1 0.009650495565988524 0.45694444444444443 0.018779342723004695 0.05740740740740741
1 0.631716223265519 0.2074074074074074 0.020865936358894107 0.04259259259259259
1 0.8463745435576422 0.27824074074074073 0.03025560772039645 0.06759259259259259
1 0.08581116327595201 0.9222222222222223 0.024517475221700575 0.05
1 0.06338028169014084 0.41712962962962963 0.036515388628064686 0.06574074074074074
1 0.7003129890453834 0.9671296296296297 0.03338549817423057 0.044444444444444446
1 0.7960354720918101 0.35185185185185186 0.025039123630672927 0.05740740740740741
1 0.01069379238393323 0.23333333333333334 0.02034428794992175 0.05925925925925926
1 0.6588419405320813 0.8162037037037037 0.03755868544600939 0.05462962962962963
1 0.7076160667709963 0.3768518518518518 0.016692749087115284 0.044444444444444446
1 0.6643192488262911 0.6569444444444444 0.0297339593114241 0.05555555555555555
1 0.07329160146061554 0.12546296296296297 0.018257694314032343 0.058333333333333334
1 0.516171100678143 0.6875 0.02764736567553469 0.040740740740740744
1 0.1651017214397496 0.3189814814814815 0.02138758476786646 0.06296296296296296
1 0.29160146061554515 0.95 0.03129890453834116 0.05092592592592592
1 0.5665101721439749 0.2537037037037037 0.02138758476786646 0.05092592592592592
1 0.9418362023995827 0.6842592592592592 0.029212310902451747 0.03888888888888889
1 0.7785602503912363 0.22685185185185186 0.02190923317683881 0.06111111111111111
1 0.035211267605633804 0.04814814814814815 0.01773604590505999 0.07037037037037037
1 0.44001043296817943 0.7023148148148148 0.018779342723004695 0.044444444444444446
1 0.48200312989045385 0.29398148148148145 0.015127803860198226 0.03425925925925926
1 0.7994261867501304 0.18333333333333332 0.02034428794992175 0.04537037037037037
1 0.8059467918622848 0.25833333333333336 0.02190923317683881 0.05277777777777778
1 0.24256651017214398 0.2351851851851852 0.027125717266562335 0.046296296296296294
1 0.2686489306207616 0.30787037037037035 0.023474178403755867 0.05740740740740741
1 0.8813249869587898 0.2199074074074074 0.023474178403755867 0.046296296296296294
1 0.43557642149191445 0.7458333333333333 0.022952529994783515 0.05092592592592592
1 0.15388628064684404 0.25092592592592594 0.02764736567553469 0.058333333333333334
1 0.7730829420970265 0.1162037037037037 0.0198226395409494 0.06851851851851852
1 0.9042775169535733 0.11342592592592593 0.02034428794992175 0.062037037037037036
1 0.3002086593635889 0.2162037037037037 0.026604068857589983 0.07407407407407407
1 0.8740219092331768 0.2912037037037037 0.023474178403755867 0.05
1 0.8004694835680751 0.3074074074074074 0.018257694314032343 0.05185185185185185
1 0.3286384976525822 0.17175925925925925 0.02138758476786646 0.03981481481481482
0 0.02190923317683881 0.08287037037037037 0.028690662493479395 0.06111111111111111
1 0.8346374543557642 0.17731481481481481 0.0198226395409494 0.040740740740740744
1 0.08581116327595201 0.3476851851851852 0.03286384976525822 0.07222222222222222
1 0.8823682837767345 0.18425925925925926 0.022952529994783515 0.05092592592592592