1 0.05738132498695879 0.42592592592592593 0.0297339593114241 0.06018518518518518
1 0.4525299947835159 0.11157407407407408 0.03547209181011998 0.06111111111111111
1 0.2112676056338028 0.4287037037037037 0.023474178403755867 0.06018518518518518
0 0.5821596244131455 0.4462962962962963 0.0495565988523735 0.04814814814814815
0 0.04434011476264997 0.5259259259259259 0.0505998956703182 0.04351851851851852
1 0.5106937923839332 0.2902777777777778 0.026604068857589983 0.05740740740740741
0 0.3333333333333333 0.46296296296296297 0.03182055294731351 0.05925925925925926
1 0.29916536254564424 0.3837962962962963 0.03338549817423057 0.05
0 0.8755868544600939 0.3814814814814815 0.056338028169014086 0.07407407407407407
1 0.1784037558685446 0.18518518518518517 0.03495044340114763 0.06018518518518518
0 0.056859676577986434 0.5791666666666667 0.0495565988523735 0.041666666666666664
1 0.5706833594157538 0.18518518518518517 0.03547209181011998 0.06111111111111111
0 0.7519561815336463 0.4083333333333333 0.05372978612415232 0.05
1 0.8974960876369327 0.7222222222222222 0.029212310902451747 0.06481481481481481
0 0.38810641627543035 0.5268518518518519 0.04747000521648409 0.044444444444444446
0 0.7519561815336463 0.45601851851851855 0.05372978612415232 0.04722222222222222
1 0.26108502869066247 0.35694444444444445 0.02608242044861763 0.06481481481481481
1 0.30699008868022953 0.32546296296296295 0.03390714658320292 0.049074074074074076
1 0.3539384454877413 0.21898148148148147 0.03338549817423057 0.05740740740740741
1 0.03025560772039645 0.6689814814814815 0.03547209181011998 0.06851851851851852
1 0.8236828377673449 0.5569444444444445 0.024517475221700575 0.0824074074074074
1 0.983828899321857 0.6810185185185185 0.028169014084507043 0.058333333333333334
1 0.7456964006259781 0.7444444444444445 0.02034428794992175 0.06759259259259259
1 0.9903495044340115 0.7967592592592593 0.016692749087115284 0.06296296296296296
1 0.2047470005216484 0.05092592592592592 0.03286384976525822 0.053703703703703705
1 0.3351591027647366 0.2601851851851852 0.02034428794992175 0.062037037037037036
0 0.49400104329681793 0.44537037037037036 0.04121022430881586 0.058333333333333334
1 0.1387584767866458 0.7819444444444444 0.028690662493479395 0.06481481481481481
1 0.43792383933229 0.3138888888888889 0.02190923317683881 0.05648148148148148
1 0.7905581637976005 0.6300925925925925 0.030777256129368807 0.06666666666666667
1 0.7123109024517476 0.1287037037037037 0.02556077203964528 0.06296296296296296
1 0.3510693792383933 0.6328703703703704 0.029212310902451747 0.05462962962962963
1 0.4449660928534168 0.7134259259259259 0.018779342723004695 0.07314814814814814
1 0.9447052686489307 0.825462962962963 0.018257694314032343 0.05925925925925926
1 0.5665101721439749 0.0837962962962963 0.026604068857589983 0.05
1 0.22717788210745957 0.09861111111111111 0.03599374021909233 0.053703703703703705
1 0.9295774647887324 0.7763888888888889 0.028169014084507043 0.05462962962962963
1 0.7167449139280125 0.1986111111111111 0.03129890453834116 0.05648148148148148
0 0.9741784037558685 0.4546296296296296 0.050078247261345854 0.04537037037037037
1 0.8588941053729786 0.6328703703703704 0.024517475221700575 0.0712962962962963
0 0.5610328638497653 0.5037037037037037 0.0495565988523735 0.03888888888888889
1 0.41158059467918623 0.6574074074074074 0.026604068857589983 0.05925925925925926
1 0.5425143453312468 0.6759259259259259 0.022952529994783515 0.04537037037037037
1 0.6757955138236829 0.33611111111111114 0.02190923317683881 0.07037037037037037
1 0.2668231611893584 0.7013888888888888 0.018257694314032343 0.05555555555555555
1 0.5122587376108503 0.22685185185185186 0.02034428794992175 0.06018518518518518
1 0.6943140323422013 0.6972222222222222 0.01773604590505999 0.06944444444444445
1 0.3028169014084507 0.7717592592592593 0.020865936358894107 0.06666666666666667
1 0.18153364632237873 0.7152777777777778 0.02608242044861763 0.06481481481481481
1 0.8375065206051121 0.8319444444444445 0.02034428794992175 0.07592592592592592
1 0.9929577464788732 0.549537037037037 0.014084507042253521 0.05092592592592592
1 0.8252477829942618 0.7027777777777777 0.0198226395409494 0.08611111111111111
1 0.5878977569118414 0.7597222222222222 0.01617110067814293 0.05925925925925926
1 0.0693792383933229 0.8037037037037037 0.023474178403755867 0.05740740740740741
1 0.3414188836724048 0.6782407407407407 0.02190923317683881 0.058333333333333334
1 0.34663536776212833 0.14537037037037037 0.03442879499217527 0.05462962962962963
1 0.21987480438184664 0.6523148148148148 0.028690662493479395 0.06481481481481481
1 0.7425665101721439 0.8722222222222222 0.022430881585811163 0.06296296296296296
1 0.5093896713615024 0.5949074074074074 0.0198226395409494 0.05462962962962963
1 0.03781950965049557 0.7291666666666666 0.03390714658320292 0.06481481481481481
1 0.5706833594157538 0.034722222222222224 0.036515388628064686 0.062037037037037036
1 0.3161189358372457 0.7282407407407407 0.030777256129368807 0.06666666666666667
1 0.03234220135628586 0.8407407407407408 0.026604068857589983 0.05740740740740741
1 0.24856546687532602 0.7509259259259259 0.029212310902451747 0.05740740740740741
1 0.7305685967657799 0.6782407407407407 0.03129890453834116 0.05925925925925926
1 0.25821596244131456 0.8106481481481481 0.022952529994783515 0.04722222222222222
1 0.5706833594157538 0.5981481481481481 0.02190923317683881 0.07777777777777778
1 0.4042775169535733 0.7134259259259259 0.019300991131977047 0.05555555555555555
1 0.7060511215440793 0.8444444444444444 0.02034428794992175 0.07685185185185185
1 0.2968179447052686 0.6606481481481481 0.028169014084507043 0.05092592592592592
0 0.9893062076160668 0.375 0.020865936358894107 0.040740740740740744
1 0.34089723526343246 0.7925925925925926 0.018257694314032343 0.046296296296296294
1 0.11815336463223787 0.825462962962963 0.01773604590505999 0.05
1 0.5179968701095462 0.7328703703703704 0.02190923317683881 0.07685185185185185
1 0.868283776734481 0.7277777777777777 0.027125717266562335 0.041666666666666664
1 0.5537297861241524 0.7564814814814815 0.01617110067814293 0.062037037037037036
1 0.3868022952529995 0.7490740740740741 0.019300991131977047 0.05555555555555555
1 0.5049556598852374 0.6328703703703704 0.03025560772039645 0.03796296296296296
1 0.5884194053208138 0.6449074074074074 0.028169014084507043 0.04814814814814815
1 0.7206572769953051 0.23935185185185184 0.025039123630672927 0.046296296296296294
1 0.6888367240479917 0.7898148148148149 0.01617110067814293 0.05740740740740741
1 0.8651538862806468 0.6898148148148148 0.020865936358894107 0.04814814814814815
1 0.9483568075117371 0.6847222222222222 0.028690662493479395 0.037037037037037035
1 0.6371935315597287 0.6291666666666667 0.018257694314032343 0.06296296296296296
1 0.32785602503912364 0.8236111111111111 0.028169014084507043 0.037037037037037035
0 0.061293688054251436 0.7476851851851852 0.03547209181011998 0.03425925925925926
1 0.9843505477308294 0.9296296296296296 0.01773604590505999 0.0712962962962963
1 0.6171100678142931 0.6902777777777778 0.02034428794992175 0.05740740740740741
1 0.582942097026604 0.6851851851851852 0.03129890453834116 0.04722222222222222
1 0.2039645279081899 0.6828703703703703 0.02764736567553469 0.03888888888888889
1 0.007303077725612937 0.8449074074074074 0.014606155451225874 0.06111111111111111
1 0.986697965571205 0.0875 0.02608242044861763 0.08611111111111111
1 0.665623369848722 0.7013888888888888 0.013041210224308816 0.03333333333333333
1 0.5816379760041732 0.8064814814814815 0.015127803860198226 0.06018518518518518