0 0.0962291899181548 0.4411892361111113 0.048185076032366096 0.060872395833333336
0 0.86328125 0.3639322916666667 0.048675537109375 0.04342990451388889
0 0.55517578125 0.4561631944444444 0.047943115234375 0.041802300347222224
0 0.53271484375 0.3170572916666667 0.044097900390625 0.04443359375
0 0.0618896484375 0.3407118055555556 0.050506591796875 0.039849175347222224
0 0.168212890625 0.52734375 0.05419921875 0.04031032986111111
0 0.78955078125 0.4359809027777778 0.049774169921875 0.043511284722222224
0 0.229736328125 0.296875 0.045867919921875 0.039306640625
0 0.5205078125 0.5737847222222222 0.029815673828125 0.052815755208333336
0 0.63671875 0.3893229166666667 0.04327392578125 0.04334852430555555
0 0.4306640625 0.9314236111111112 0.051849365234375 0.06559244791666667
0 0.54345703125 0.1408420138888889 0.0174407958984375 0.04831271701388889