1 0.09024517475221701 0.11574074074074074 0.03912363067292645 0.05740740740740741
1 0.38523735002608245 0.1375 0.03755868544600939 0.06018518518518518
0 0.5328638497652582 0.4976851851851852 0.04381846635367762 0.06296296296296296
1 0.10980699008868022 0.6347222222222222 0.03390714658320292 0.06388888888888888
0 0.19718309859154928 0.4666666666666667 0.053208137715179966 0.053703703703703705
1 0.4076682316118936 0.5462962962962963 0.02556077203964528 0.06388888888888888
1 0.31690140845070425 0.5462962962962963 0.019300991131977047 0.06759259259259259
1 0.8275952008346374 0.6537037037037037 0.028690662493479395 0.05925925925925926
0 0.09024517475221701 0.42453703703703705 0.056338028169014086 0.04351851851851852
1 0.5847678664580073 0.6185185185185185 0.017214397496087636 0.06481481481481481
1 0.058163797600417316 0.6162037037037037 0.03286384976525822 0.05555555555555555
0 0.5414710485133021 0.43425925925925923 0.050078247261345854 0.040740740740740744
1 0.3046426708398539 0.7444444444444445 0.02608242044861763 0.0712962962962963
1 0.3002086593635889 0.6319444444444444 0.02190923317683881 0.06296296296296296
0 0.023995826812728223 0.29074074074074074 0.047991653625456446 0.06666666666666667
1 0.36437141366718834 0.6212962962962963 0.018779342723004695 0.06574074074074074
1 0.17240479916536255 0.6388888888888888 0.022952529994783515 0.05185185185185185
1 0.2655190401669275 0.8125 0.02556077203964528 0.0712962962962963
1 0.7081377151799687 0.6680555555555555 0.03182055294731351 0.04722222222222222
1 0.0912884715701617 0.8671296296296296 0.02608242044861763 0.05740740740740741
1 0.9366197183098591 0.6893518518518519 0.03547209181011998 0.06481481481481481
0 0.19431403234220135 0.3037037037037037 0.046426708398539386 0.05925925925925926
1 0.16797078768909754 0.700925925925926 0.022952529994783515 0.06111111111111111
1 0.08633281168492436 0.6935185185185185 0.026604068857589983 0.05277777777777778
1 0.33776734480959836 0.7875 0.018257694314032343 0.05740740740740741
1 0.4222743870631195 0.687962962962963 0.018779342723004695 0.06018518518518518
1 0.5834637454355764 0.6986111111111111 0.028169014084507043 0.06944444444444445
1 0.5563380281690141 0.5902777777777778 0.029212310902451747 0.06851851851851852
1 0.5127803860198227 0.6481481481481481 0.022952529994783515 0.05555555555555555
1 0.8463745435576422 0.7833333333333333 0.025039123630672927 0.05277777777777778
0 0.9439227960354721 0.4703703703703704 0.0406885758998435 0.062037037037037036
1 0.2535211267605634 0.6819444444444445 0.02764736567553469 0.0712962962962963
1 0.44183620239958266 0.6509259259259259 0.019300991131977047 0.06296296296296296
1 0.4447052686489306 0.7439814814814815 0.022430881585811163 0.05185185185185185
1 0.39801773604590507 0.7953703703703704 0.02138758476786646 0.06666666666666667
1 0.3667188315075639 0.8125 0.018257694314032343 0.062037037037037036
1 0.10067814293166406 0.5388888888888889 0.03495044340114763 0.06296296296296296
1 0.9376630151278038 0.7671296296296296 0.024517475221700575 0.05740740740740741
1 0.6609285341679708 0.6875 0.029212310902451747 0.05740740740740741
1 0.42775169535732915 0.15231481481481482 0.02764736567553469 0.058333333333333334
1 0.8095983307250912 0.8023148148148148 0.03234220135628586 0.062037037037037036
1 0.17970787689097548 0.8074074074074075 0.019300991131977047 0.05648148148148148
1 0.9413145539906104 0.16342592592592592 0.041731872717788214 0.06018518518518518
0 0.7290036515388628 0.44907407407407407 0.050078247261345854 0.04259259259259259
1 0.39123630672926446 0.21805555555555556 0.018257694314032343 0.06296296296296296
1 0.770735524256651 0.725462962962963 0.02034428794992175 0.05555555555555555
1 0.11632759520083463 0.7379629629629629 0.022952529994783515 0.05925925925925926
1 0.5422535211267606 0.725925925925926 0.03338549817423057 0.062037037037037036
1 0.9903495044340115 0.7569444444444444 0.018257694314032343 0.05740740740740741
1 0.6322378716744914 0.7574074074074074 0.026604068857589983 0.049074074074074076
1 0.5046948356807511 0.7787037037037037 0.023995826812728223 0.05462962962962963
1 0.6773604590505999 0.75 0.0198226395409494 0.04351851851851852