1 0.8740219092331768 0.7851851851851852 0.036515388628064686 0.05462962962962963
0 0.6087636932707355 0.22083333333333333 0.03495044340114763 0.03518518518518519
1 0.04303599374021909 0.6731481481481482 0.030777256129368807 0.06296296296296296
0 0.7553468961919666 0.587037037037037 0.056859676577986434 0.053703703703703705
1 0.06990088680229525 0.3277777777777778 0.03755868544600939 0.06666666666666667
0 0.7803860198226396 0.49953703703703706 0.05425143453312467 0.053703703703703705
1 0.788471570161711 0.8805555555555555 0.03286384976525822 0.053703703703703705
1 0.6348461137193532 0.3888888888888889 0.020865936358894107 0.07037037037037037
1 0.7597809076682316 0.649074074074074 0.028169014084507043 0.06018518518518518
1 0.7138758476786646 0.33935185185185185 0.03025560772039645 0.06574074074074074
1 0.8135106937923839 0.6962962962962963 0.03390714658320292 0.06296296296296296
1 0.36906624934793947 0.22916666666666666 0.020865936358894107 0.06574074074074074
0 0.6191966614501826 0.6199074074074075 0.04277516953573292 0.0787037037037037
1 0.4447052686489306 0.799537037037037 0.028169014084507043 0.062037037037037036
1 0.7574334898278561 0.40185185185185185 0.02764736567553469 0.06111111111111111
1 0.7749087115284299 0.11157407407407408 0.025039123630672927 0.06296296296296296
1 0.5967657798643714 0.2518518518518518 0.020865936358894107 0.06944444444444445
1 0.17736045905059988 0.33935185185185185 0.03025560772039645 0.07037037037037037
0 0.02034428794992175 0.48009259259259257 0.0406885758998435 0.046296296296296294
1 0.9360980699008868 0.34675925925925927 0.03129890453834116 0.062037037037037036
1 0.8375065206051121 0.1685185185185185 0.018257694314032343 0.06851851851851852
1 0.099113197704747 0.7958333333333333 0.04329681794470527 0.05740740740740741
1 0.8912363067292645 0.16435185185185186 0.024517475221700575 0.09074074074074075
1 0.7222222222222222 0.2814814814814815 0.02556077203964528 0.06296296296296296
1 0.4394887845592071 0.3472222222222222 0.03129890453834116 0.06759259259259259
1 0.39906103286384975 0.8953703703703704 0.03182055294731351 0.05648148148148148
1 0.7031820552947313 0.15138888888888888 0.018779342723004695 0.06388888888888888
1 0.788471570161711 0.4527777777777778 0.028169014084507043 0.06481481481481481
1 0.7608242044861763 0.28935185185185186 0.019300991131977047 0.075
1 0.4937402190923318 0.3425925925925926 0.0198226395409494 0.05740740740740741
1 0.2861241523213354 0.5277777777777778 0.026604068857589983 0.08333333333333333
1 0.9882629107981221 0.4310185185185185 0.02138758476786646 0.06018518518518518
1 0.652321335419927 0.25972222222222224 0.015127803860198226 0.06018518518518518
1 0.4697443922796036 0.3055555555555556 0.0198226395409494 0.06481481481481481
1 0.15049556598852373 0.5541666666666667 0.036515388628064686 0.05925925925925926
1 0.5323422013562858 0.2490740740740741 0.017214397496087636 0.06574074074074074
1 0.4415753781950965 0.8643518518518518 0.024517475221700575 0.05925925925925926
1 0.1484089723526343 0.24537037037037038 0.03129890453834116 0.06111111111111111
1 0.5704225352112676 0.3435185185185185 0.017214397496087636 0.06481481481481481
1 0.05033907146583203 0.6263888888888889 0.03390714658320292 0.06111111111111111
1 0.4162754303599374 0.30185185185185187 0.0198226395409494 0.06666666666666667
1 0.30386019822639543 0.937037037037037 0.03234220135628586 0.05462962962962963
1 0.18988002086593636 0.2800925925925926 0.0297339593114241 0.05555555555555555
1 0.9486176317162233 0.26435185185185184 0.03390714658320292 0.053703703703703705
1 0.8667188315075639 0.2726851851851852 0.024517475221700575 0.06481481481481481
1 0.8745435576421492 0.21157407407407408 0.023474178403755867 0.06666666666666667
1 0.25299947835159103 0.3509259259259259 0.0297339593114241 0.075
1 0.02034428794992175 0.3486111111111111 0.03338549817423057 0.06018518518518518
1 0.6517996870109546 0.3416666666666667 0.019300991131977047 0.05277777777777778
1 0.6859676577986437 0.2064814814814815 0.027125717266562335 0.06574074074074074
1 0.09207094418362025 0.2708333333333333 0.03182055294731351 0.062037037037037036
1 0.30438184663536777 0.35555555555555557 0.02138758476786646 0.07222222222222222
1 0.30412102243088157 0.13333333333333333 0.020865936358894107 0.07222222222222222
1 0.8262910798122066 0.32037037037037036 0.03129890453834116 0.05555555555555555
1 0.10459050599895671 0.325 0.024517475221700575 0.06388888888888888
1 0.2936880542514345 0.2740740740740741 0.02034428794992175 0.07222222222222222
1 0.2300469483568075 0.30925925925925923 0.023474178403755867 0.06481481481481481
1 0.5033907146583203 0.25324074074074077 0.0198226395409494 0.05092592592592592
1 0.9217527386541471 0.4634259259259259 0.03599374021909233 0.07222222222222222
1 0.4981742305685968 0.05740740740740741 0.01617110067814293 0.05555555555555555
1 0.09546165884194054 0.17962962962962964 0.026604068857589983 0.05925925925925926
1 0.4504434011476265 0.2763888888888889 0.030777256129368807 0.058333333333333334
1 0.6025039123630673 0.6777777777777778 0.03495044340114763 0.07314814814814814
1 0.16823161189358374 0.6925925925925925 0.03129890453834116 0.04537037037037037
1 0.2587376108502869 0.27314814814814814 0.028169014084507043 0.07314814814814814
1 0.9642670839853938 0.05185185185185185 0.01773604590505999 0.07037037037037037
1 0.6460615545122588 0.9041666666666667 0.022952529994783515 0.05
1 0.5156494522691706 0.28379629629629627 0.019300991131977047 0.07777777777777778
1 0.5821596244131455 0.38472222222222224 0.0297339593114241 0.06388888888888888
1 0.6392801251956182 0.11157407407407408 0.01617110067814293 0.05092592592592592
1 0.7665623369848722 0.23981481481481481 0.01564945226917058 0.05462962962962963
1 0.21439749608763695 0.23148148148148148 0.02608242044861763 0.05648148148148148
1 0.5513823682837767 0.1935185185185185 0.013041210224308816 0.049074074074074076
1 0.8354199269692227 0.9810185185185185 0.03390714658320292 0.037037037037037035
1 0.788471570161711 0.22546296296296298 0.028169014084507043 0.07222222222222222
1 0.43114241001564946 0.9740740740740741 0.03390714658320292 0.040740740740740744
1 0.43453312467396976 0.7393518518518518 0.028169014084507043 0.05
1 0.24726134585289514 0.1814814814814815 0.02034428794992175 0.06111111111111111
1 0.7782994261867501 0.3486111111111111 0.027125717266562335 0.062037037037037036
1 0.010172143974960876 0.21712962962962962 0.019300991131977047 0.058333333333333334
1 0.6064162754303599 0.9314814814814815 0.03182055294731351 0.04537037037037037
1 0.594679186228482 0.2125 0.017214397496087636 0.05
0 0.9770474700052165 0.5509259259259259 0.04329681794470527 0.05277777777777778
1 0.6617110067814294 0.09490740740740741 0.01617110067814293 0.05555555555555555
1 0.6176317162232655 0.31805555555555554 0.014084507042253521 0.04259259259259259
1 0.4713093375065206 0.2 0.019300991131977047 0.05277777777777778
1 0.8453312467396974 0.24351851851851852 0.024517475221700575 0.040740740740740744
1 0.2921231090245175 0.19675925925925927 0.018257694314032343 0.04722222222222222
1 0.1630151278038602 0.2152777777777778 0.024517475221700575 0.062037037037037036
1 0.952529994783516 0.4148148148148148 0.028169014084507043 0.053703703703703705
0 0.9809598330725091 0.08287037037037037 0.030777256129368807 0.06666666666666667
1 0.2303077725612937 0.24351851851851852 0.025039123630672927 0.06018518518518518
1 0.31637976004173185 0.23287037037037037 0.02190923317683881 0.062037037037037036
0 0.13119457485654668 0.44583333333333336 0.05216484089723526 0.049074074074074076
1 0.07407407407407407 0.29583333333333334 0.027125717266562335 0.04814814814814815
1 0.44105372978612417 0.6884259259259259 0.022952529994783515 0.05277777777777778
1 0.3951486697965571 0.39490740740740743 0.018257694314032343 0.04259259259259259
1 0.7509128847157016 0.6842592592592592 0.025039123630672927 0.05740740740740741
1 0.6664058424621805 0.7912037037037037 0.02556077203964528 0.04259259259259259