0 0.24178403755868544 0.5120370370370371 0.056859676577986434 0.05185185185185185
0 0.1364110589462702 0.5527777777777778 0.05372978612415232 0.046296296296296294
1 0.22170057381324987 0.38981481481481484 0.022952529994783515 0.06296296296296296
0 0.516171100678143 0.6125 0.0495565988523735 0.04537037037037037
1 0.2167449139280125 0.25925925925925924 0.025039123630672927 0.06296296296296296
0 0.5795513823682837 0.6652777777777777 0.03182055294731351 0.05555555555555555
0 0.2858633281168492 0.44074074074074077 0.028169014084507043 0.05740740740740741
0 0.3951486697965571 0.6268518518518519 0.05372978612415232 0.05277777777777778
1 0.4478351591027647 0.350462962962963 0.024517475221700575 0.0712962962962963
1 0.6724047991653626 0.3574074074074074 0.027125717266562335 0.07407407407407407
0 0.06025039123630673 0.5699074074074074 0.046948356807511735 0.037037037037037035
1 0.34298382889932183 0.28703703703703703 0.022430881585811163 0.06111111111111111
1 0.62415232133542 0.3425925925925926 0.02190923317683881 0.07685185185185185
0 0.48069900886802297 0.7273148148148149 0.03129890453834116 0.053703703703703705
1 0.06416275430359937 0.38564814814814813 0.03234220135628586 0.06388888888888888
1 0.24752217005738134 0.29305555555555557 0.028169014084507043 0.06296296296296296
1 0.029212310902451747 0.25925925925925924 0.025039123630672927 0.062037037037037036
1 0.2224830464267084 0.18888888888888888 0.02556077203964528 0.04259259259259259
1 0.7962962962962963 0.43333333333333335 0.029212310902451747 0.06296296296296296
1 0.09780907668231612 0.3425925925925926 0.028169014084507043 0.053703703703703705
1 0.1090245174752217 0.2569444444444444 0.03129890453834116 0.05740740740740741
1 0.20735524256651017 0.8782407407407408 0.03547209181011998 0.05925925925925926
1 0.1497130933750652 0.2740740740740741 0.030777256129368807 0.06666666666666667
1 0.9355764214919144 0.9185185185185185 0.03182055294731351 0.058333333333333334
1 0.6489306207616067 0.2449074074074074 0.024517475221700575 0.06666666666666667
0 0.3933229003651539 0.55 0.05216484089723526 0.04814814814814815
1 0.8941053729786124 0.32222222222222224 0.03025560772039645 0.04537037037037037
1 0.7446531038080334 0.4074074074074074 0.03234220135628586 0.062037037037037036
0 0.2279603547209181 0.6393518518518518 0.03808033385498174 0.05092592592592592
1 0.27803860198226393 0.2111111111111111 0.026604068857589983 0.058333333333333334
1 0.909754825247783 0.4148148148148148 0.027125717266562335 0.046296296296296294
1 0.7081377151799687 0.2814814814814815 0.023995826812728223 0.06296296296296296
1 0.7845592070944184 0.22407407407407406 0.022430881585811163 0.06388888888888888
1 0.5537297861241524 0.38287037037037036 0.02138758476786646 0.08425925925925926
1 0.4919144496609285 0.8046296296296296 0.040166927490871154 0.08055555555555556
0 0.5552947313510693 0.4842592592592593 0.04538341158059468 0.05185185185185185
1 0.5699008868022952 0.07824074074074074 0.015127803860198226 0.06944444444444445
1 0.9814814814814815 0.18611111111111112 0.03338549817423057 0.075
1 0.9092331768388107 0.23148148148148148 0.02190923317683881 0.062037037037037036
1 0.7543035993740219 0.29305555555555557 0.027125717266562335 0.062037037037037036
1 0.5247782994261867 0.3037037037037037 0.027125717266562335 0.062037037037037036
1 0.8325508607198748 0.17685185185185184 0.022952529994783515 0.07037037037037037
1 0.8588941053729786 0.2851851851851852 0.023995826812728223 0.06481481481481481
1 0.0099113197704747 0.24305555555555555 0.0198226395409494 0.05555555555555555
1 0.2715179968701095 0.3490740740740741 0.026604068857589983 0.06944444444444445
1 0.6152842983828899 0.2847222222222222 0.023995826812728223 0.062037037037037036
1 0.7402190923317684 0.20601851851851852 0.01773604590505999 0.06574074074074074
1 0.9121022430881586 0.12777777777777777 0.03338549817423057 0.06296296296296296
1 0.9295774647887324 0.30694444444444446 0.028169014084507043 0.06018518518518518
1 0.7446531038080334 0.8925925925925926 0.026604068857589983 0.0787037037037037
1 0.7822117892540428 0.37592592592592594 0.025039123630672927 0.05648148148148148
1 0.701095461658842 0.1259259259259259 0.022430881585811163 0.06574074074074074
1 0.5516431924882629 0.2199074074074074 0.02034428794992175 0.04722222222222222
1 0.739697443922796 0.12777777777777777 0.02034428794992175 0.06481481481481481
1 0.5639019300991132 0.28379629629629627 0.018779342723004695 0.049074074074074076