1 0.705078125 0.29207763671875 0.0219879150390625 0.059964752197265624
0 0.077392578125 0.72022705078125 0.0548095703125 0.050566482543945315
0 0.453369140625 0.477117919921875 0.05242919921875 0.05262489318847656
1 0.44970703125 0.4105987548828125 0.0278472900390625 0.06971511840820313
1 0.62451171875 0.3087615966796875 0.0294189453125 0.06624832153320312
0 0.984375 0.554254150390625 0.0303802490234375 0.0639190673828125
1 0.61865234375 0.3694305419921875 0.028167724609375 0.06624832153320312
1 0.1630859375 0.32327880859375 0.02655029296875 0.058502197265625
1 0.89013671875 0.4454833984375 0.035614013671875 0.061914825439453126
1 0.71875 0.39954833984375 0.025421142578125 0.06359405517578125
0 0.216064453125 0.4383331298828125 0.05059814453125 0.045799636840820314
0 0.8896484375 0.644390869140625 0.034698486328125 0.06489410400390624
0 0.439208984375 0.525653076171875 0.050323486328125 0.04650382995605469
1 0.1796875 0.301611328125 0.0268096923828125 0.06700668334960938
1 0.295654296875 0.336712646484375 0.02044677734375 0.062023162841796875
0 0.338134765625 0.642657470703125 0.05450439453125 0.06516494750976562
1 0.93310546875 0.9724365234375 0.043121337890625 0.05202903747558594
1 0.90185546875 0.33194580078125 0.0391845703125 0.0903533935546875
1 0.7568359375 0.3681304931640625 0.0299835205078125 0.06343154907226563
1 0.8037109375 0.4127655029296875 0.0299224853515625 0.06251068115234375
1 0.6923828125 0.34754638671875 0.0216522216796875 0.06603164672851562
1 0.7236328125 0.788262939453125 0.0264129638671875 0.05579376220703125
1 0.94921875 0.4801513671875 0.03448486328125 0.059423065185546874
0 0.52001953125 0.650457763671875 0.04351806640625 0.05839385986328125
1 0.7783203125 0.842431640625 0.0394287109375 0.054358291625976565
1 0.72216796875 0.2255584716796875 0.0240936279296875 0.06749420166015625
1 0.38134765625 0.32501220703125 0.028106689453125 0.05086441040039062
1 0.96728515625 0.51048583984375 0.033599853515625 0.06121063232421875
1 0.5869140625 0.38394775390625 0.0244293212890625 0.06635665893554688
1 0.9296875 0.3919647216796875 0.029815673828125 0.07524032592773437
0 0.7646484375 0.64482421875 0.0283355712890625 0.06538162231445313
1 0.2496337890625 0.354913330078125 0.020294189453125 0.062835693359375
1 0.80029296875 0.20269927978515626 0.018157958984375 0.06240234375
1 0.5537109375 0.3100616455078125 0.02276611328125 0.06765670776367187
1 0.1378173828125 0.3538299560546875 0.0252685546875 0.06765670776367187
1 0.7783203125 0.3022613525390625 0.03179931640625 0.06343154907226563
0 0.12127685546875 0.637457275390625 0.048126220703125 0.06516494750976562
1 0.259765625 0.27041015625 0.022247314453125 0.06538162231445313
1 0.2340087890625 0.315045166015625 0.019866943359375 0.058502197265625
0 0.97509765625 0.681658935546875 0.0360107421875 0.06516494750976562
1 0.422119140625 0.34234619140625 0.0254669189453125 0.06321487426757813
1 0.95751953125 0.2242584228515625 0.0197601318359375 0.05094566345214844
1 0.79931640625 0.8875 0.031982421875 0.05622711181640625
0 0.07720947265625 0.56942138671875 0.05718994140625 0.0504852294921875
1 0.0200653076171875 0.383514404296875 0.035003662109375 0.0693359375
1 0.11456298828125 0.2736602783203125 0.023956298828125 0.06576080322265625
1 0.310302734375 0.38221435546875 0.0311431884765625 0.06500244140625
1 0.81689453125 0.2649932861328125 0.0297088623046875 0.08006134033203124
0 0.135009765625 0.4593505859375 0.050994873046875 0.04626007080078125
0 0.12347412109375 0.490985107421875 0.035491943359375 0.06635665893554688
1 0.224609375 0.2602264404296875 0.0187225341796875 0.05527915954589844
1 0.650390625 0.348846435546875 0.0192718505859375 0.061589813232421874
1 0.3251953125 0.306378173828125 0.022247314453125 0.05752716064453125
1 0.286376953125 0.9655029296875 0.03314208984375 0.062131500244140624
1 0.109130859375 0.3863311767578125 0.0282135009765625 0.06906509399414062
1 0.6259765625 0.946435546875 0.0305023193359375 0.0513519287109375
1 0.0987548828125 0.354046630859375 0.02337646484375 0.055902099609375
1 0.9658203125 0.249176025390625 0.033782958984375 0.06700668334960938
1 0.65478515625 0.2697601318359375 0.017181396484375 0.055062484741210935
1 0.7646484375 0.230975341796875 0.029815673828125 0.07101516723632813
0 0.939453125 0.600189208984375 0.0548095703125 0.054872894287109376
1 0.81396484375 0.4385498046875 0.022247314453125 0.06662750244140625
1 0.77880859375 0.92476806640625 0.0246124267578125 0.0535186767578125