1 0.2328125 0.4986111111111111 0.026041666666666668 0.07962962962962963
0 0.7903645833333334 0.5962962962962963 0.040625 0.058333333333333334
0 0.85 0.3787037037037037 0.053125 0.04351851851851852
0 0.2640625 0.4125 0.04479166666666667 0.04351851851851852
0 0.5666666666666667 0.4236111111111111 0.0359375 0.06759259259259259
0 0.28463541666666664 0.37037037037037035 0.04375 0.040740740740740744
0 0.6799479166666667 0.3435185185185185 0.0484375 0.037037037037037035
0 0.04401041666666667 0.40925925925925927 0.05364583333333333 0.046296296296296294
0 0.7875 0.262037037037037 0.04895833333333333 0.037037037037037035
0 0.22890625 0.4638888888888889 0.05 0.040740740740740744
0 0.5846354166666666 0.26990740740740743 0.040625 0.037037037037037035
0 0.9239583333333333 0.47685185185185186 0.0328125 0.04537037037037037
0 0.8736979166666666 0.5462962962962963 0.027604166666666666 0.05092592592592592
0 0.18125 0.6773148148148148 0.028645833333333332 0.05648148148148148
1 0.21276041666666667 0.5 0.022395833333333334 0.06851851851851852