1 0.2171875 0.3925925925925926 0.028125 0.07314814814814814
0 0.38177083333333334 0.3523148148148148 0.05 0.04351851851851852
0 0.8020833333333334 0.6185185185185185 0.05416666666666667 0.05740740740740741
0 0.9286458333333333 0.26944444444444443 0.04635416666666667 0.032407407407407406
0 0.15390625 0.35185185185185186 0.0484375 0.04814814814814815
0 0.5903645833333333 0.36157407407407405 0.024479166666666666 0.058333333333333334
0 0.5825520833333333 0.46111111111111114 0.06197916666666667 0.05277777777777778
0 0.146875 0.24444444444444444 0.0453125 0.041666666666666664
0 0.06588541666666667 0.2828703703703704 0.044270833333333336 0.04351851851851852
0 0.05859375 0.3384259259259259 0.04635416666666667 0.046296296296296294
0 0.02109375 0.4097222222222222 0.040625 0.05740740740740741
0 0.37994791666666666 0.5425925925925926 0.049479166666666664 0.05555555555555555
0 0.06015625 0.7018518518518518 0.049479166666666664 0.05740740740740741
0 0.5815104166666667 0.41759259259259257 0.05520833333333333 0.03888888888888889
1 0.19348958333333333 0.4060185185185185 0.022395833333333334 0.06851851851851852