0 0.861328125 0.3940972222222222 0.049407958984375 0.04543728298611111
1 0.4345703125 0.2905815972222222 0.0268096923828125 0.049614800347222224
0 0.173583984375 0.3506944444444444 0.0489501953125 0.05848524305555555
0 0.72900390625 0.58984375 0.05419921875 0.046061197916666664
0 0.1470947265625 0.2662760416666667 0.04486083984375 0.04969618055555555
0 0.7802734375 0.47265625 0.0509033203125 0.05007595486111111
0 0.62060546875 0.4385850694444444 0.048126220703125 0.04774305555555555
1 0.81298828125 0.25390625 0.0187225341796875 0.06722005208333333
1 0.9228515625 0.2973090277777778 0.029144287109375 0.07524956597222222
0 0.657505580357143 0.381076388888889 0.03481183733258923 0.047119140625
0 0.6354166666666669 0.4047619047619048 0.052083333333333336 0.039682539682539715
0 0.3697916666666668 0.9424603174603176 0.05952380952380955 0.06746031746031748