0 0.41067708333333336 0.45925925925925926 0.04114583333333333 0.05648148148148148
0 0.9799479166666667 0.8837962962962963 0.034375 0.06111111111111111
0 0.23541666666666666 0.537962962962963 0.049479166666666664 0.04722222222222222
0 0.36223958333333334 0.6041666666666666 0.046875 0.044444444444444446
0 0.13046875 0.4949074074074074 0.05 0.046296296296296294
0 0.06588541666666667 0.39351851851851855 0.04739583333333333 0.04259259259259259
0 0.10833333333333334 0.34814814814814815 0.04375 0.044444444444444446
0 0.23723958333333334 0.3768518518518518 0.04479166666666667 0.05092592592592592
0 0.27578125 0.45555555555555555 0.0453125 0.041666666666666664
0 0.7895833333333333 0.5569444444444445 0.049479166666666664 0.053703703703703705
0 0.29348958333333336 0.7171296296296297 0.05 0.06018518518518518
0 0.44869791666666664 0.14351851851851852 0.018229166666666668 0.07037037037037037