1 0.8495044340114762 0.3662037037037037 0.02556077203964528 0.06759259259259259
1 0.9720918101199791 0.35555555555555557 0.03547209181011998 0.07037037037037037
1 0.6064162754303599 0.3472222222222222 0.026604068857589983 0.04814814814814815
0 0.11684924360980699 0.5560185185185185 0.03129890453834116 0.05555555555555555
0 0.13797600417318728 0.45925925925925926 0.05268648930620762 0.04259259259259259
1 0.07042253521126761 0.23194444444444445 0.03338549817423057 0.07222222222222222
0 0.3526343244653104 0.4652777777777778 0.05216484089723526 0.044444444444444446
0 0.2237871674491393 0.5472222222222223 0.046426708398539386 0.07037037037037037
0 0.9400104329681794 0.47129629629629627 0.03129890453834116 0.053703703703703705
0 0.8145539906103286 0.4740740740740741 0.05268648930620762 0.049074074074074076
1 0.6596244131455399 0.30277777777777776 0.023995826812728223 0.062037037037037036
1 0.6231090245174752 0.26157407407407407 0.02556077203964528 0.06018518518518518
1 0.8129890453834115 0.30833333333333335 0.02190923317683881 0.06481481481481481
1 0.6640584246218049 0.22685185185185186 0.022952529994783515 0.06388888888888888
1 0.8414188836724048 0.18518518518518517 0.026604068857589983 0.062037037037037036
1 0.7592592592592593 0.3148148148148148 0.03025560772039645 0.06018518518518518
1 0.5738132498695879 0.3851851851851852 0.02138758476786646 0.044444444444444446
1 0.17005738132498696 0.30925925925925923 0.028169014084507043 0.06666666666666667
1 0.5555555555555556 0.31527777777777777 0.02138758476786646 0.062037037037037036
1 0.7261345852895149 0.16712962962962963 0.020865936358894107 0.06666666666666667
1 0.42488262910798125 0.41898148148148145 0.030777256129368807 0.06944444444444445
1 0.24569640062597808 0.3578703703703704 0.028169014084507043 0.06944444444444445
1 0.9300991131977048 0.22824074074074074 0.029212310902451747 0.06574074074074074
1 0.8779342723004695 0.2273148148148148 0.025039123630672927 0.06388888888888888
0 0.6231090245174752 0.5 0.03286384976525822 0.05
0 0.8998435054773083 0.6939814814814815 0.054773082942097026 0.05277777777777778
0 0.29890453834115804 0.35462962962962963 0.046426708398539386 0.04537037037037037
1 0.9765258215962441 0.17314814814814813 0.03286384976525822 0.06759259259259259
1 0.4139280125195618 0.3388888888888889 0.02556077203964528 0.06018518518518518
1 0.6737089201877934 0.9231481481481482 0.03442879499217527 0.06481481481481481
1 0.7172665623369848 0.09212962962962963 0.016692749087115284 0.06759259259259259
1 0.4760041731872718 0.2662037037037037 0.024517475221700575 0.06111111111111111
1 0.43401147626499736 0.8759259259259259 0.037037037037037035 0.07407407407407407
1 0.7978612415232134 0.2490740740740741 0.026604068857589983 0.05740740740740741
1 0.3526343244653104 0.24768518518518517 0.02556077203964528 0.062037037037037036
1 0.5292123109024518 0.22083333333333333 0.02034428794992175 0.06111111111111111
1 0.28821074595722485 0.23657407407407408 0.025039123630672927 0.06388888888888888
1 0.747000521648409 0.2152777777777778 0.019300991131977047 0.07037037037037037
1 0.35654668753260305 0.375 0.029212310902451747 0.05092592592592592
1 0.23291601460615546 0.225 0.03129890453834116 0.07222222222222222
1 0.19092331768388107 0.825 0.0495565988523735 0.07592592592592592
1 0.5923317683881064 0.8851851851851852 0.02034428794992175 0.06296296296296296
1 0.520605112154408 0.30092592592592593 0.019300991131977047 0.05555555555555555
1 0.46087636932707354 0.12222222222222222 0.01617110067814293 0.037037037037037035
1 0.5018257694314032 0.32731481481481484 0.017214397496087636 0.044444444444444446
1 0.596244131455399 0.2708333333333333 0.016692749087115284 0.05
0 0.5980699008868023 0.6472222222222223 0.05894627021387585 0.05555555555555555
1 0.935054773082942 0.05787037037037037 0.01564945226917058 0.06944444444444445
1 0.5928534167970788 0.17037037037037037 0.015127803860198226 0.05555555555555555
0 0.952529994783516 0.08888888888888889 0.03286384976525822 0.07222222222222222
1 0.9154929577464789 0.17824074074074073 0.015127803860198226 0.022222222222222223
1 0.8422013562858633 0.9212962962962963 0.027125717266562335 0.053703703703703705
1 0.49608763693270735 0.21064814814814814 0.013041210224308816 0.062037037037037036
1 0.9898278560250391 0.2569444444444444 0.018779342723004695 0.05555555555555555
1 0.7978612415232134 0.2101851851851852 0.03129890453834116 0.03611111111111111
1 0.6244131455399061 0.2361111111111111 0.011476264997391758 0.024074074074074074
1 0.49504434011476267 0.06481481481481481 0.014084507042253521 0.062037037037037036
1 0.05242566510172144 0.23703703703703705 0.011997913406364111 0.028703703703703703