0 0.10485133020344288 0.35 0.05216484089723526 0.05
1 0.6546687532603026 0.5930555555555556 0.0297339593114241 0.06944444444444445
1 0.13771517996870108 0.6087962962962963 0.0297339593114241 0.08055555555555556
0 0.1254564423578508 0.4074074074074074 0.0505998956703182 0.046296296296296294
1 0.15232133541992696 0.5273148148148148 0.03234220135628586 0.062037037037037036
0 0.9413145539906104 0.3787037037037037 0.044861763171622326 0.06296296296296296
1 0.7003129890453834 0.6837962962962963 0.024517475221700575 0.06666666666666667
1 0.5352112676056338 0.6856481481481481 0.01773604590505999 0.06574074074074074
0 0.576943140323422 0.4083333333333333 0.037037037037037035 0.06666666666666667
1 0.20213875847678664 0.5657407407407408 0.03182055294731351 0.062037037037037036
0 0.42566510172143973 0.4199074074074074 0.030777256129368807 0.06666666666666667
0 0.7670839853938446 0.47685185185185186 0.051643192488262914 0.046296296296296294
1 0.8234220135628586 0.04675925925925926 0.037037037037037035 0.06388888888888888
1 0.3797600417318727 0.21342592592592594 0.03129890453834116 0.05648148148148148
1 0.3448095983307251 0.7925925925925926 0.018257694314032343 0.07777777777777778
0 0.7475221700573813 0.3384259259259259 0.0505998956703182 0.062037037037037036
1 0.7832550860719875 0.6106481481481482 0.037037037037037035 0.06296296296296296
1 0.46531038080333853 0.6935185185185185 0.02608242044861763 0.0712962962962963
1 0.3711528429838289 0.7050925925925926 0.02608242044861763 0.05555555555555555
1 0.6614501825769431 0.6615740740740741 0.020865936358894107 0.06574074074074074
1 0.3302034428794992 0.6398148148148148 0.024517475221700575 0.06481481481481481
1 0.09963484611371935 0.6800925925925926 0.03129890453834116 0.06481481481481481
1 0.9076682316118936 0.6703703703703704 0.029212310902451747 0.06018518518518518
1 0.29577464788732394 0.6944444444444444 0.023995826812728223 0.06388888888888888
1 0.8562858633281168 0.7509259259259259 0.017214397496087636 0.06296296296296296
1 0.27047470005216484 0.8087962962962963 0.02556077203964528 0.058333333333333334
1 0.3808033385498174 0.6143518518518518 0.015127803860198226 0.028703703703703703
1 0.433489827856025 0.6643518518518519 0.026604068857589983 0.06018518518518518
1 0.07433489827856025 0.7907407407407407 0.02556077203964528 0.062037037037037036
1 0.310641627543036 0.16342592592592592 0.03234220135628586 0.053703703703703705
0 0.2733437663015128 0.412962962962963 0.036515388628064686 0.04722222222222222
0 0.3510693792383933 0.3574074074074074 0.046948356807511735 0.04722222222222222
1 0.4154929577464789 0.7310185185185185 0.019300991131977047 0.05277777777777778
1 0.03912363067292645 0.600462962962963 0.03182055294731351 0.06388888888888888
1 0.7597809076682316 0.7208333333333333 0.023995826812728223 0.06851851851851852
1 0.30412102243088157 0.7754629629629629 0.018779342723004695 0.07037037037037037
1 0.4692227438706312 0.059722222222222225 0.03286384976525822 0.053703703703703705
0 0.2553468961919666 0.4773148148148148 0.03390714658320292 0.058333333333333334
1 0.4590505998956703 0.6282407407407408 0.02608242044861763 0.0712962962962963
1 0.5031298904538342 0.6296296296296297 0.025039123630672927 0.06851851851851852
1 0.8288993218570684 0.6509259259259259 0.03442879499217527 0.0712962962962963
1 0.3886280646844027 0.6606481481481481 0.0198226395409494 0.06388888888888888
1 0.8320292123109024 0.712037037037037 0.02608242044861763 0.06666666666666667
0 0.7519561815336463 0.513425925925926 0.04747000521648409 0.05555555555555555
1 0.8951486697965572 0.7013888888888888 0.025039123630672927 0.06851851851851852
1 0.2569118414188837 0.7393518518518518 0.026604068857589983 0.07592592592592592
1 0.9783515910276473 0.6194444444444445 0.028690662493479395 0.06759259259259259
1 0.1254564423578508 0.7939814814814815 0.0198226395409494 0.05185185185185185
1 0.29447052686489306 0.11898148148148148 0.03495044340114763 0.05740740740740741
1 0.8098591549295775 0.7356481481481482 0.02138758476786646 0.06574074074074074
1 0.9627021387584768 0.700925925925926 0.02556077203964528 0.05
1 0.9282733437663016 0.6944444444444444 0.03025560772039645 0.06018518518518518
0 0.037037037037037035 0.4134259259259259 0.050078247261345854 0.05555555555555555
1 0.11580594679186229 0.7694444444444445 0.022430881585811163 0.06759259259259259
1 0.3145539906103286 0.08055555555555556 0.030777256129368807 0.05462962962962963
1 0.9415753781950965 0.6449074074074074 0.02764736567553469 0.06111111111111111
1 0.7769953051643192 0.6546296296296297 0.03234220135628586 0.06666666666666667
1 0.7832550860719875 0.6597222222222222 0.015127803860198226 0.030555555555555555
1 0.17683881064162754 0.6472222222222223 0.022952529994783515 0.03518518518518519
1 0.18022952529994785 0.04027777777777778 0.038601982263954095 0.07037037037037037
1 0.2827334376630151 0.5652777777777778 0.014084507042253521 0.05925925925925926
1 0.2908189880020866 0.6018518518518519 0.018779342723004695 0.058333333333333334
1 0.12206572769953052 0.5032407407407408 0.015127803860198226 0.08055555555555556
1 0.10302556077203964 0.8907407407407407 0.02190923317683881 0.07222222222222222