0 0.326416015625 0.478851318359375 0.05242919921875 0.04766845703125
0 0.2391357421875 0.540386962890625 0.052337646484375 0.04590797424316406
0 0.1229248046875 0.4144989013671875 0.037261962890625 0.05666046142578125
1 0.1790771484375 0.2912109375 0.0243377685546875 0.04877891540527344
0 0.3642578125 0.5806884765625 0.0517578125 0.04384956359863281
1 0.042083740234375 0.16889801025390624 0.028167724609375 0.058502197265625
1 0.38916015625 0.3672637939453125 0.0264129638671875 0.06142730712890625
1 0.33642578125 0.4073486328125 0.02288818359375 0.06180648803710938
1 0.10089111328125 0.2944610595703125 0.027740478515625 0.062023162841796875
0 0.61328125 0.489251708984375 0.04803466796875 0.048508071899414064
1 0.047882080078125 0.627923583984375 0.03033447265625 0.05806884765625
0 0.01422882080078125 0.438983154296875 0.0295867919921875 0.050674819946289064
1 0.470703125 0.2775604248046875 0.021484375 0.0686859130859375
0 0.85205078125 0.56248779296875 0.06256103515625 0.047316360473632815
1 0.8486328125 0.16196441650390625 0.025421142578125 0.062835693359375
0 0.1435546875 0.52608642578125 0.050140380859375 0.07556533813476562
1 0.82177734375 0.41861572265625 0.035888671875 0.076702880859375
1 0.78125 0.3460296630859375 0.0279541015625 0.07361526489257812
1 0.289794921875 0.3048614501953125 0.0293121337890625 0.07220687866210937
1 0.646484375 0.365313720703125 0.022247314453125 0.065869140625
1 0.82666015625 0.3726806640625 0.0262603759765625 0.06402740478515626
1 0.8037109375 0.9343017578125 0.038238525390625 0.06180648803710938
1 0.3876953125 0.880133056640625 0.0276336669921875 0.06635665893554688
1 0.619140625 0.3798309326171875 0.031494140625 0.04598922729492187
1 0.09893798828125 0.2264251708984375 0.0313720703125 0.061102294921875
1 0.396240234375 0.80169677734375 0.03021240234375 0.05601043701171875
1 0.128662109375 0.8094970703125 0.034881591796875 0.0537353515625
1 0.062103271484375 0.28341064453125 0.029205322265625 0.0457183837890625
1 0.0129241943359375 0.3325958251953125 0.0262603759765625 0.05796051025390625
1 0.344482421875 0.3009613037109375 0.0263519287109375 0.068035888671875
1 0.282470703125 0.2186248779296875 0.0230712890625 0.05963973999023438
1 0.62646484375 0.19511566162109376 0.02386474609375 0.0686859130859375
0 0.69189453125 0.3234954833984375 0.044281005859375 0.03837852478027344
1 0.457763671875 0.82769775390625 0.0200653076171875 0.06007308959960937
1 0.458984375 0.389581298828125 0.0239105224609375 0.0565521240234375
1 0.9169921875 0.83116455078125 0.0278472900390625 0.06223983764648437
0 0.0273284912109375 0.537353515625 0.051361083984375 0.04869766235351562
1 0.436767578125 0.3588134765625 0.0255584716796875 0.05538749694824219
1 0.77392578125 0.4127655029296875 0.0202484130859375 0.061589813232421874
0 0.442138671875 0.5217529296875 0.04559326171875 0.0537353515625
1 0.73193359375 0.636590576171875 0.027374267578125 0.05963973999023438
1 0.58251953125 0.224041748046875 0.017578125 0.062835693359375
1 0.9130859375 0.291644287109375 0.0301055908203125 0.058935546875
1 0.771484375 0.2246917724609375 0.023101806640625 0.0606689453125
1 0.95751953125 0.13444671630859376 0.029144287109375 0.0686859130859375
1 0.82177734375 0.14029693603515625 0.020294189453125 0.0591522216796875
1 0.07342529296875 0.2008575439453125 0.0240478515625 0.0565521240234375
1 0.259765625 0.2693267822265625 0.02886962890625 0.05202903747558594
1 0.386474609375 0.24527587890625 0.026153564453125 0.0606689453125
1 0.67236328125 0.2675933837890625 0.02752685546875 0.07220687866210937
1 0.312255859375 0.20833282470703124 0.02386474609375 0.06099395751953125
1 0.873046875 0.3260955810546875 0.029541015625 0.05403327941894531
1 0.2149658203125 0.18969879150390626 0.0287628173828125 0.06359405517578125
1 0.74462890625 0.19706573486328124 0.0251312255859375 0.05557708740234375
1 0.982421875 0.9481689453125 0.036285400390625 0.06814422607421874
1 0.52490234375 0.3711639404296875 0.020843505859375 0.0504852294921875
1 0.623046875 0.4123321533203125 0.023193359375 0.052814483642578125
1 0.1177978515625 0.143438720703125 0.0194244384765625 0.06402740478515626
1 0.1190185546875 0.88316650390625 0.042816162109375 0.054358291625976565
1 0.6875 0.21634979248046876 0.0276947021484375 0.05752716064453125
1 0.501953125 0.278643798828125 0.0230712890625 0.06007308959960937
1 0.018829345703125 0.791729736328125 0.034698486328125 0.0565521240234375
1 0.0496826171875 0.703326416015625 0.036773681640625 0.060506439208984374
1 0.68603515625 0.17474822998046874 0.0301055908203125 0.03962440490722656
1 0.7158203125 0.3737640380859375 0.02532958984375 0.03672637939453125
1 0.26416015625 0.3759307861328125 0.0197601318359375 0.05143318176269531
1 0.71484375 0.40474853515625 0.0177154541015625 0.051622772216796876
1 0.9189453125 0.431182861328125 0.035491943359375 0.04712677001953125
1 0.57958984375 0.669525146484375 0.0255126953125 0.061589813232421874
1 0.2476806640625 0.3588134765625 0.03131103515625 0.040789031982421876
1 0.89501953125 0.760528564453125 0.03607177734375 0.051839447021484374
1 0.50927734375 0.8233642578125 0.0224151611328125 0.042603683471679685
1 0.66259765625 0.09744949340820312 0.012725830078125 0.054872894287109376
1 0.1683349609375 0.224908447265625 0.03302001953125 0.07903213500976562
1 0.91943359375 0.471484375 0.024658203125 0.04607048034667969
1 0.609375 0.08574905395507812 0.01450347900390625 0.054872894287109376
1 0.5458984375 0.2420257568359375 0.0229339599609375 0.06381072998046874
1 0.392578125 0.75576171875 0.0180511474609375 0.0513519287109375
1 0.92626953125 0.2272918701171875 0.029815673828125 0.03889312744140625