0 0.10511215440792905 0.7217592592592592 0.05581637976004173 0.049074074074074076
0 0.8007303077725613 0.6509259259259259 0.03442879499217527 0.062037037037037036
1 0.7347417840375586 0.7921296296296296 0.028169014084507043 0.05092592592592592
0 0.2365675534689619 0.43333333333333335 0.027125717266562335 0.06111111111111111
1 0.9087115284298383 0.3282407407407407 0.03755868544600939 0.08333333333333333
1 0.18335941575378195 0.2814814814814815 0.023474178403755867 0.08703703703703704
1 0.564945226917058 0.31203703703703706 0.0198226395409494 0.06851851851851852
1 0.4616588419405321 0.4111111111111111 0.018779342723004695 0.06481481481481481
1 0.7715179968701096 0.36944444444444446 0.020865936358894107 0.06111111111111111
1 0.3218570683359416 0.3837962962962963 0.028690662493479395 0.062037037037037036
1 0.7916014606155451 0.8444444444444444 0.0297339593114241 0.05555555555555555
1 0.7323943661971831 0.3958333333333333 0.025039123630672927 0.06018518518518518
1 0.7089201877934272 0.29259259259259257 0.029212310902451747 0.05925925925925926
0 0.9032342201356286 0.4444444444444444 0.025039123630672927 0.06851851851851852
1 0.6278038601982264 0.36944444444444446 0.0198226395409494 0.06759259259259259
1 0.8184663536776213 0.412962962962963 0.028169014084507043 0.062037037037037036
0 0.365414710485133 0.6453703703703704 0.051643192488262914 0.06574074074074074
0 0.9209702660406885 0.6574074074074074 0.03495044340114763 0.06851851851851852
0 0.4749608763693271 0.48055555555555557 0.0495565988523735 0.04537037037037037
1 0.02608242044861763 0.38657407407407407 0.030777256129368807 0.06388888888888888
1 0.9642670839853938 0.4847222222222222 0.029212310902451747 0.06296296296296296
1 0.4327073552425665 0.34444444444444444 0.019300991131977047 0.062037037037037036
1 0.7842983828899321 0.3037037037037037 0.030777256129368807 0.06388888888888888
1 0.6585811163275952 0.3509259259259259 0.026604068857589983 0.06296296296296296
1 0.1684924360980699 0.32175925925925924 0.023995826812728223 0.06018518518518518
1 0.33568075117370894 0.30833333333333335 0.027125717266562335 0.062037037037037036
1 0.6338028169014085 0.30833333333333335 0.020865936358894107 0.07037037037037037
1 0.9754825247782994 0.5120370370370371 0.03129890453834116 0.062037037037037036
0 0.09989567031820552 0.575462962962963 0.05738132498695879 0.04537037037037037
1 0.30438184663536777 0.33796296296296297 0.022952529994783515 0.06296296296296296
0 0.1497130933750652 0.5023148148148148 0.05372978612415232 0.04537037037037037
1 0.23917579551382367 0.31805555555555554 0.020865936358894107 0.05740740740740741
1 0.9634846113719353 0.22592592592592592 0.023474178403755867 0.05
0 0.45983307250912886 0.5263888888888889 0.05112154407929056 0.04351851851851852
1 0.1484089723526343 0.3560185185185185 0.03129890453834116 0.06574074074074074
1 0.699791340636411 0.3509259259259259 0.023995826812728223 0.06388888888888888
0 0.15519040166927492 0.6370370370370371 0.04903495044340115 0.06574074074074074
1 0.29786124152321336 0.9652777777777778 0.038601982263954095 0.06111111111111111
1 0.15049556598852373 0.275 0.018257694314032343 0.07314814814814814
0 0.15701617110067814 0.45925925925925926 0.0505998956703182 0.04259259259259259
1 0.2649973917579551 0.26944444444444443 0.02190923317683881 0.06574074074074074
1 0.9491392801251957 0.9717592592592592 0.03390714658320292 0.05277777777777778
1 0.8056859676577987 0.2013888888888889 0.025039123630672927 0.06388888888888888
1 0.6606677099634846 0.2708333333333333 0.025039123630672927 0.05462962962962963
1 0.5980699008868023 0.3861111111111111 0.01773604590505999 0.06296296296296296
1 0.23213354199269692 0.2601851851851852 0.02764736567553469 0.05277777777777778
0 0.548774126238915 0.6513888888888889 0.04747000521648409 0.06018518518518518
1 0.7295252999478351 0.22546296296296298 0.019300991131977047 0.06851851851851852
0 0.02477829942618675 0.5833333333333334 0.048513302034428794 0.05
1 0.7759520083463746 0.23287037037037037 0.020865936358894107 0.07037037037037037
1 0.8296817944705268 0.26435185185185184 0.022952529994783515 0.07962962962962963
1 0.9360980699008868 0.3976851851851852 0.03234220135628586 0.08055555555555556
1 0.11580594679186229 0.29953703703703705 0.02608242044861763 0.05648148148148148
1 0.7850808555033907 0.9263888888888889 0.03495044340114763 0.053703703703703705
1 0.3208137715179969 0.3726851851851852 0.01564945226917058 0.030555555555555555
1 0.6353677621283255 0.9481481481481482 0.0198226395409494 0.05648148148148148
1 0.12232655190401669 0.3902777777777778 0.029212310902451747 0.06388888888888888
1 0.2556077203964528 0.3074074074074074 0.02138758476786646 0.06388888888888888
1 0.9825247782994262 0.25 0.0297339593114241 0.06574074074074074
0 0.9624413145539906 0.6018518518518519 0.05894627021387585 0.05092592592592592
1 0.32290036515388626 0.2777777777777778 0.01617110067814293 0.05462962962962963
1 0.25925925925925924 0.350462962962963 0.02764736567553469 0.06111111111111111