1 0.94384765625 0.4073486328125 0.029876708984375 0.06635665893554688
0 0.09637451171875 0.5078857421875 0.051177978515625 0.04344329833984375
1 0.84716796875 0.3802642822265625 0.0305023193359375 0.06489410400390624
1 0.0171051025390625 0.3360626220703125 0.03271484375 0.05817718505859375
1 0.27197265625 0.36834716796875 0.016845703125 0.07009429931640625
0 0.386474609375 0.50701904296875 0.0509033203125 0.0457183837890625
1 0.49658203125 0.3416961669921875 0.0229339599609375 0.06381072998046874
0 0.982421875 0.592388916015625 0.0325927734375 0.04877891540527344
1 0.517578125 0.43768310546875 0.023468017578125 0.06700668334960938
1 0.96728515625 0.859332275390625 0.0322265625 0.06548995971679687
1 0.29541015625 0.3975982666015625 0.0191192626953125 0.068035888671875
1 0.591796875 0.3516632080078125 0.025421142578125 0.062131500244140624
0 0.10211181640625 0.449383544921875 0.0352783203125 0.05202903747558594
1 0.1373291015625 0.319378662109375 0.0241851806640625 0.04886016845703125
1 0.6220703125 0.17691497802734374 0.0234222412109375 0.07361526489257812
1 0.409423828125 0.43594970703125 0.02001953125 0.06310653686523438
1 0.7294921875 0.86669921875 0.036834716796875 0.05774383544921875
1 0.86083984375 0.16023101806640624 0.021331787109375 0.06727752685546876
1 0.7470703125 0.790863037109375 0.032958984375 0.058502197265625
1 0.740234375 0.365313720703125 0.0180206298828125 0.06418991088867188
1 0.7529296875 0.524786376953125 0.0313720703125 0.06440658569335937
1 0.876953125 0.822930908203125 0.036834716796875 0.04598922729492187
1 0.744140625 0.4524169921875 0.03131103515625 0.06852340698242188
1 0.5751953125 0.09929122924804687 0.0238189697265625 0.063702392578125
1 0.888671875 0.91263427734375 0.0240478515625 0.049997711181640626
1 0.441162109375 0.862799072265625 0.037811279296875 0.061102294921875
1 0.5791015625 0.233575439453125 0.021209716796875 0.06711502075195312
0 0.4609375 0.54862060546875 0.046905517578125 0.046964263916015624
1 0.419921875 0.33194580078125 0.025665283203125 0.062023162841796875
1 0.83740234375 0.74449462890625 0.0230712890625 0.060289764404296876
1 0.77978515625 0.3902313232421875 0.0250396728515625 0.0613189697265625
0 0.82861328125 0.60062255859375 0.05499267578125 0.06879425048828125
1 0.176513671875 0.290777587890625 0.035888671875 0.060506439208984374
1 0.2548828125 0.2840606689453125 0.0264129638671875 0.06538162231445313
1 0.3193359375 0.76876220703125 0.0271759033203125 0.05262489318847656
1 0.78466796875 0.93170166015625 0.0283355712890625 0.065869140625
1 0.68017578125 0.3698638916015625 0.0221099853515625 0.0834197998046875
1 0.98779296875 0.2424591064453125 0.0212860107421875 0.07610702514648438
1 0.08648681640625 0.2628265380859375 0.0208892822265625 0.05633544921875
1 0.90771484375 0.3837310791015625 0.0241851806640625 0.06429824829101563
1 0.06536865234375 0.19814910888671874 0.02215576171875 0.048589324951171874
1 0.2427978515625 0.2216583251953125 0.0236053466796875 0.059748077392578126
1 0.9052734375 0.7089599609375 0.035614013671875 0.05192070007324219
1 0.705078125 0.3243621826171875 0.022674560546875 0.06662750244140625
1 0.323974609375 0.3269622802734375 0.0217437744140625 0.05403327941894531
1 0.20166015625 0.21234130859375 0.0182647705078125 0.05953140258789062
1 0.6787109375 0.2428924560546875 0.02655029296875 0.06489410400390624
1 0.442626953125 0.7020263671875 0.021820068359375 0.056768798828125
1 0.298095703125 0.246142578125 0.0190582275390625 0.07469863891601562
1 0.6220703125 0.2758270263671875 0.01666259765625 0.0574188232421875
1 0.912109375 0.2966278076171875 0.030792236328125 0.04972686767578125
1 0.90966796875 0.19099884033203124 0.021942138671875 0.06673583984375
1 0.64599609375 0.2329254150390625 0.0226287841796875 0.044770431518554685
1 0.69482421875 0.18839874267578124 0.020416259765625 0.05086441040039062
0 0.42578125 0.60755615234375 0.0309600830078125 0.057635498046875
1 0.396728515625 0.96116943359375 0.0240936279296875 0.05557708740234375
1 0.52392578125 0.2450592041015625 0.028167724609375 0.0556854248046875
1 0.436279296875 0.275177001953125 0.0202178955078125 0.05579376220703125
1 0.020172119140625 0.219708251953125 0.0247955322265625 0.05817718505859375
1 0.1461181640625 0.981103515625 0.02880859375 0.037701416015625
1 0.708984375 0.97677001953125 0.0290374755859375 0.045203781127929686
1 0.76171875 0.24180908203125 0.0220794677734375 0.06099395751953125
1 0.77880859375 0.3065948486328125 0.02691650390625 0.0587188720703125
1 0.64794921875 0.4628173828125 0.015899658203125 0.04157447814941406
0 0.94970703125 0.09761199951171876 0.031982421875 0.06841506958007812
1 0.0994873046875 0.018688201904296875 0.0164031982421875 0.036563873291015625