0 0.62890625 0.3706597222222222 0.043853759765625 0.04503038194444445
0 0.45849609375 0.32421875 0.043609619140625 0.041015625
0 0.3212890625 0.3669704861111111 0.04876708984375 0.047932942708333336
0 0.78955078125 0.4574652777777778 0.049591064453125 0.04001193576388889
0 0.6962890625 0.4214409722222222 0.043609619140625 0.048665364583333336
0 0.0751953125 0.5928819444444444 0.054901123046875 0.039252387152777776
0 0.06512451171875 0.4861111111111111 0.0567626953125 0.040608723958333336
0 0.7763671875 0.3532986111111111 0.0472412109375 0.044840494791666664
0 0.80029296875 0.5329861111111112 0.04913330078125 0.04432508680555555
0 0.97216796875 0.4934895833333333 0.0489501953125 0.044921875
0 0.9345703125 0.4236111111111111 0.038330078125 0.04416232638888889
0 0.12176513671875 0.3598090277777778 0.0509033203125 0.042426215277777776
0 0.8828125 0.6475694444444444 0.050048828125 0.055365668402777776
0 0.63037109375 0.4704861111111111 0.04534912109375 0.041558159722222224
0 0.4873046875 0.4809027777777778 0.04351806640625 0.045708550347222224
0 0.06854248046875 0.4099392361111111 0.0278472900390625 0.05740017361111111
0 0.732421875 0.7200520833333334 0.060089111328125 0.05270724826388889
0 0.300537109375 0.953125 0.056121826171875 0.0740017361111111
0 0.55615234375 0.1564670138888889 0.0177154541015625 0.043158637152777776