1 0.77001953125 0.5308159722222222 0.0255126953125 0.0700954861111111
0 0.361328125 0.3678385416666667 0.050811767578125 0.04554578993055555
0 0.323486328125 0.4722222222222222 0.0517578125 0.045111762152777776
0 0.599609375 0.2569444444444444 0.044281005859375 0.048665364583333336
0 0.916015625 0.4075520833333333 0.048675537109375 0.044759114583333336
0 0.9747085571289062 0.4609375 0.0505828857421875 0.046956380208333336
0 0.1177978515625 0.5073784722222222 0.053192138671875 0.058159722222222224
0 0.55615234375 0.3311631944444444 0.0284423828125 0.054524739583333336
0 0.8935546875 0.359375 0.048492431640625 0.04226345486111111
0 0.7041015625 0.3606770833333333 0.038177490234375 0.06852213541666667
0 0.483642578125 0.5707465277777778 0.046539306640625 0.05848524305555555
0 0.497802734375 0.4817708333333333 0.039947509765625 0.05433485243055555
0 0.5673828125 0.08751085069444445 0.02044677734375 0.06700303819444445
1 0.7886904761904764 0.5436507936507938 0.016369047619047568 0.07142857142857151