1 0.17188315075639019 0.6365740740740741 0.03129890453834116 0.06851851851851852
1 0.5224308815858112 0.6449074074074074 0.030777256129368807 0.08888888888888889
0 0.6885758998435054 0.5370370370370371 0.05216484089723526 0.04351851851851852
0 0.09859154929577464 0.5291666666666667 0.03025560772039645 0.05277777777777778
0 0.9475743348982786 0.45185185185185184 0.03442879499217527 0.05925925925925926
0 0.9162754303599374 0.5472222222222223 0.054773082942097026 0.041666666666666664
1 0.04381846635367762 0.649074074074074 0.02764736567553469 0.06944444444444445
1 0.7749087115284299 0.6509259259259259 0.02608242044861763 0.06388888888888888
0 0.21726656233698488 0.5328703703703703 0.051643192488262914 0.05185185185185185
1 0.022430881585811163 0.7462962962962963 0.037037037037037035 0.06759259259259259
1 0.2081377151799687 0.687962962962963 0.02608242044861763 0.06296296296296296
1 0.596244131455399 0.5768518518518518 0.022430881585811163 0.062037037037037036
0 0.8468961919666145 0.4615740740740741 0.03547209181011998 0.07037037037037037
1 0.13823682837767345 0.7717592592592593 0.029212310902451747 0.06666666666666667
0 0.42670839853938447 0.49953703703703706 0.05268648930620762 0.05
1 0.9426186750130412 0.7046296296296296 0.02608242044861763 0.06018518518518518
1 0.2861241523213354 0.8337962962962963 0.019300991131977047 0.06759259259259259
1 0.08685446009389672 0.7731481481481481 0.028690662493479395 0.06388888888888888
1 0.25299947835159103 0.6407407407407407 0.020865936358894107 0.06111111111111111
1 0.21883150756390193 0.7458333333333333 0.023995826812728223 0.058333333333333334
1 0.661189358372457 0.6273148148148148 0.0297339593114241 0.05740740740740741
1 0.17814293166405842 0.7777777777777778 0.028169014084507043 0.06666666666666667
1 0.7827334376630152 0.7856481481481481 0.0297339593114241 0.04537037037037037
1 0.3526343244653104 0.7763888888888889 0.022952529994783515 0.062037037037037036
1 0.704225352112676 0.7958333333333333 0.0198226395409494 0.05555555555555555
1 0.25039123630672927 0.6949074074074074 0.013562858633281168 0.030555555555555555
1 0.03468961919666145 0.8263888888888888 0.023995826812728223 0.06388888888888888
1 0.6011997913406364 0.6652777777777777 0.02138758476786646 0.06574074074074074
1 0.46296296296296297 0.6782407407407407 0.026604068857589983 0.06481481481481481
1 0.3414188836724048 0.07592592592592592 0.025039123630672927 0.06018518518518518
1 0.7326551904016693 0.7092592592592593 0.0297339593114241 0.06481481481481481
0 0.18127282211789253 0.3189814814814815 0.05216484089723526 0.05092592592592592
1 0.3534167970787689 0.6967592592592593 0.017214397496087636 0.06111111111111111
1 0.26708398539384454 0.787962962962963 0.02138758476786646 0.06851851851851852
1 0.8513302034428795 0.6731481481481482 0.029212310902451747 0.05648148148148148
1 0.6150234741784038 0.7620370370370371 0.02138758476786646 0.058333333333333334
1 0.6713615023474179 0.6981481481481482 0.022952529994783515 0.05092592592592592
1 0.4287949921752739 0.11388888888888889 0.02556077203964528 0.06296296296296296
1 0.5386019822639541 0.7319444444444444 0.022952529994783515 0.058333333333333334
1 0.24804381846635368 0.8277777777777777 0.013041210224308816 0.026851851851851852
1 0.6598852373500261 0.7513888888888889 0.02764736567553469 0.053703703703703705
1 0.2918622848200313 0.9120370370370371 0.01617110067814293 0.06759259259259259
1 0.4081898800208659 0.6523148148148148 0.018257694314032343 0.04722222222222222
1 0.49504434011476267 0.9361111111111111 0.017214397496087636 0.05462962962962963
1 0.387584767866458 0.7606481481481482 0.02138758476786646 0.05925925925925926
1 0.4444444444444444 0.6152777777777778 0.018257694314032343 0.046296296296296294
1 0.8351591027647366 0.1787037037037037 0.03912363067292645 0.06296296296296296
1 0.42436098069900885 0.8074074074074075 0.026604068857589983 0.058333333333333334
0 0.04747000521648409 0.9101851851851852 0.03286384976525822 0.06944444444444445
1 0.5865936358894105 0.12222222222222222 0.03808033385498174 0.0787037037037037
1 0.4853938445487741 0.7777777777777778 0.020865936358894107 0.06759259259259259
1 0.17970787689097548 0.11157407407407408 0.024517475221700575 0.05462962962962963
1 0.9567031820552947 0.787962962962963 0.013041210224308816 0.03518518518518519
1 0.414188836724048 0.6930555555555555 0.030777256129368807 0.037037037037037035
1 0.09624413145539906 0.8236111111111111 0.011476264997391758 0.020370370370370372
1 0.06598852373500261 0.9425925925925925 0.01617110067814293 0.06851851851851852
1 0.21883150756390193 0.788425925925926 0.03182055294731351 0.03981481481481482
1 0.6828377673448096 0.7314814814814815 0.017214397496087636 0.03796296296296296
1 0.5005216484089724 0.8050925925925926 0.013562858633281168 0.04814814814814815
0 0.4760041731872718 0.37083333333333335 0.058424621804903494 0.07592592592592592
1 0.4966092853416797 0.6990740740740741 0.01564945226917058 0.05555555555555555
1 0.16458007303077726 0.8245370370370371 0.011476264997391758 0.025