0 0.63916015625 0.4194878472222222 0.04559326171875 0.045111762152777776
0 0.35107421875 0.3407118055555556 0.044281005859375 0.05251736111111111
0 0.9072265625 0.34765625 0.045196533203125 0.04039171006944445
0 0.30859375 0.5859375 0.0469970703125 0.05588107638888889
0 0.71337890625 0.310546875 0.045257568359375 0.037923177083333336
0 0.9814453125 0.40234375 0.037384033203125 0.06537543402777778
0 0.82470703125 0.5598958333333334 0.051361083984375 0.04893663194444445
0 0.06695556640625 0.4055989583333333 0.042236328125 0.05211046006944445
0 0.42138671875 0.5442708333333334 0.050811767578125 0.051323784722222224
0 0.38427734375 0.4661458333333333 0.034759521484375 0.051513671875
0 0.244873046875 0.2834201388888889 0.0391845703125 0.046142578125
0 0.0141143798828125 0.3441840277777778 0.02655029296875 0.06635199652777778
0 0.253662109375 0.4739583333333333 0.046905517578125 0.04172092013888889