0 0.81640625 0.3699074074074074 0.0484375 0.03888888888888889
0 0.18411458333333333 0.6731481481481482 0.04739583333333333 0.05648148148148148
0 0.9015625 0.5842592592592593 0.05520833333333333 0.041666666666666664
0 0.38515625 0.387037037037037 0.04375 0.04351851851851852
0 0.028385416666666666 0.6050925925925926 0.05677083333333333 0.041666666666666664
0 0.62890625 0.3597222222222222 0.04583333333333333 0.040740740740740744
0 0.4375 0.6407407407407407 0.0546875 0.04722222222222222
0 0.44635416666666666 0.462037037037037 0.04895833333333333 0.040740740740740744
0 0.8895833333333333 0.30833333333333335 0.04635416666666667 0.04351851851851852
0 0.5403645833333334 0.46435185185185185 0.0484375 0.04259259259259259
0 0.18307291666666667 0.36527777777777776 0.049479166666666664 0.044444444444444446
0 0.24895833333333334 0.4777777777777778 0.0453125 0.040740740740740744
0 0.621875 0.6689814814814815 0.053125 0.04259259259259259
0 0.63125 0.4027777777777778 0.04583333333333333 0.05
0 0.09609375 0.5254629629629629 0.052083333333333336 0.04814814814814815
0 0.5369791666666667 0.3541666666666667 0.0453125 0.04537037037037037
0 0.6088541666666667 0.4777777777777778 0.04583333333333333 0.03981481481481482
0 0.31796875 0.7912037037037037 0.0484375 0.04259259259259259
0 0.5684895833333333 0.5550925925925926 0.05 0.046296296296296294
0 0.9018229166666667 0.4444444444444444 0.051041666666666666 0.04259259259259259
0 0.5322916666666667 0.30694444444444446 0.0421875 0.03796296296296296
0 0.9729166666666667 0.46111111111111114 0.04739583333333333 0.046296296296296294