0 0.3564453125 0.5581597222222222 0.0526123046875 0.042670355902777776
0 0.45166015625 0.4244791666666667 0.050994873046875 0.04831271701388889
0 0.55517578125 0.3854166666666667 0.04486083984375 0.042182074652777776
0 0.2724609375 0.7664930555555556 0.052032470703125 0.051812065972222224
0 0.20849609375 0.3127170138888889 0.0439453125 0.040228949652777776
0 0.26416015625 0.4292534722222222 0.046722412109375 0.04408094618055555
0 0.1859130859375 0.5125868055555556 0.05145263671875 0.04578993055555555
0 0.51123046875 0.5451388888888888 0.0496826171875 0.043511284722222224
0 0.980377197265625 0.4739583333333333 0.03924560546875 0.046576605902777776
0 0.75341796875 0.6050347222222222 0.053497314453125 0.047309027777777776
0 0.1175537109375 0.4320746527777778 0.050811767578125 0.037841796875
0 0.92578125 0.5299479166666666 0.04949951171875 0.049967447916666664
0 0.11395263671875 0.5768229166666666 0.050323486328125 0.039632161458333336
0 0.3697916666666668 0.32539682539682546 0.044642857142857116 0.0608465608465608