1 0.52880859375 0.653924560546875 0.03253173828125 0.05262489318847656
1 0.35546875 0.83463134765625 0.03582763671875 0.0639190673828125
1 0.69580078125 0.89876708984375 0.036285400390625 0.0613189697265625
1 0.2418212890625 0.5980224609375 0.0252685546875 0.059964752197265624
1 0.92529296875 0.2823272705078125 0.0287017822265625 0.063702392578125
1 0.494384765625 0.63009033203125 0.0297088623046875 0.0639190673828125
0 0.2054443359375 0.537786865234375 0.056640625 0.043768310546875
1 0.7734375 0.44114990234375 0.032958984375 0.0734527587890625
1 0.55859375 0.7817626953125 0.0189361572265625 0.05731048583984375
0 0.36865234375 0.51568603515625 0.049407958984375 0.042522430419921875
1 0.96875 0.33541259765625 0.03302001953125 0.06787338256835937
1 0.43505859375 0.621856689453125 0.0293121337890625 0.0682525634765625
0 0.6259765625 0.551654052734375 0.045196533203125 0.043687057495117185
1 0.7060546875 0.72022705078125 0.026458740234375 0.0537353515625
0 0.45263671875 0.53822021484375 0.049041748046875 0.04669342041015625
1 0.93115234375 0.1800567626953125 0.0325927734375 0.06467742919921875
1 0.255859375 0.344512939453125 0.0263519287109375 0.07144851684570312
1 0.79150390625 0.544720458984375 0.028594970703125 0.057635498046875
1 0.49951171875 0.76182861328125 0.022247314453125 0.059748077392578126
1 0.12042236328125 0.2160247802734375 0.0219879150390625 0.05731048583984375
1 0.7861328125 0.834197998046875 0.037689208984375 0.06018142700195313
1 0.4677734375 0.68382568359375 0.0282135009765625 0.05262489318847656
0 0.8482914995761607 0.6318345811631945 0.05168563373149789 0.06670337253146702
1 0.79150390625 0.12729644775390625 0.0290374755859375 0.07247772216796874
0 0.09425455092388822 0.4757880316840279 0.04904174804687498 0.07212028503417979
1 0.873046875 0.3828643798828125 0.03216552734375 0.06440658569335937
1 0.9736328125 0.874066162109375 0.038177490234375 0.062131500244140624
0 0.83349609375 0.584588623046875 0.035614013671875 0.044607925415039065
1 0.96435546875 0.27734375 0.0311431884765625 0.06624832153320312
1 0.69091796875 0.1484222412109375 0.0225830078125 0.06527328491210938
1 0.35791015625 0.2964111328125 0.0236968994140625 0.07101516723632813
1 0.2359619140625 0.620989990234375 0.02337646484375 0.05465621948242187
1 0.053009033203125 0.6257568359375 0.03302001953125 0.06018142700195313
1 0.78466796875 0.507452392578125 0.0224609375 0.05192070007324219
1 0.056243896484375 0.2233917236328125 0.0207977294921875 0.06240234375
1 0.7060546875 0.29901123046875 0.020843505859375 0.07870712280273437
1 0.11676025390625 0.96463623046875 0.03125 0.05882720947265625
1 0.159912109375 0.262176513671875 0.0294189453125 0.06321487426757813
1 0.97607421875 0.2480926513671875 0.0248870849609375 0.06527328491210938
1 0.321533203125 0.21396636962890625 0.0248870849609375 0.062131500244140624
1 0.6279296875 0.37528076171875 0.017242431640625 0.06906509399414062
1 0.427734375 0.255242919921875 0.0253753662109375 0.0582855224609375
1 0.2130126953125 0.15958099365234374 0.0292510986328125 0.04276618957519531
1 0.7041015625 0.4489501953125 0.0225830078125 0.07166519165039062
1 0.1727294921875 0.3449462890625 0.020843505859375 0.04650382995605469
1 0.56005859375 0.85283203125 0.023468017578125 0.063702392578125
1 0.0278472900390625 0.3208953857421875 0.02886962890625 0.05424995422363281
0 0.13968250511459968 0.41183290834780106 0.04035037522771179 0.06283573574490028
1 0.79248046875 0.9447021484375 0.028594970703125 0.05687713623046875
1 0.88623046875 0.6916259765625 0.0272216796875 0.07556533813476562
1 0.74462890625 0.12187957763671875 0.021484375 0.05202903747558594
1 0.429443359375 0.96463623046875 0.036712646484375 0.05817718505859375
1 0.82861328125 0.347113037109375 0.0220794677734375 0.06429824829101563
1 0.47412109375 0.26434326171875 0.01433563232421875 0.04980812072753906
1 0.218017578125 0.2788604736328125 0.028106689453125 0.07182769775390625
1 0.64453125 0.698992919921875 0.018768310546875 0.0565521240234375
0 0.55322265625 0.584588623046875 0.045196533203125 0.05806884765625
1 0.9267578125 0.897900390625 0.03533935546875 0.05731048583984375
1 0.194091796875 0.22100830078125 0.0253753662109375 0.0712860107421875
1 0.63623046875 0.23834228515625 0.0216217041015625 0.053924942016601564
1 0.89306640625 0.25740966796875 0.0268096923828125 0.06429824829101563
1 0.88427734375 0.18384857177734376 0.0284423828125 0.07681121826171874
1 0.79296875 0.249176025390625 0.018402099609375 0.05666046142578125
1 0.70751953125 0.77049560546875 0.0283355712890625 0.079736328125
1 0.61328125 0.2818939208984375 0.0164642333984375 0.056768798828125
1 0.58251953125 0.2740936279296875 0.0165863037109375 0.049049758911132814
1 0.05792236328125 0.3221954345703125 0.032470703125 0.04300994873046875
1 0.6328125 0.19674072265625 0.0284881591796875 0.038297271728515624
1 0.478271484375 0.328045654296875 0.025177001953125 0.06332321166992187
1 0.83642578125 0.95943603515625 0.03839111328125 0.06527328491210938
1 0.0794677734375 0.3464630126953125 0.027801513671875 0.05029563903808594
1 0.681640625 0.2428924560546875 0.0245208740234375 0.050566482543945315
1 0.4384765625 0.91263427734375 0.0306243896484375 0.05806884765625
1 0.7666015625 0.364013671875 0.029144287109375 0.051839447021484374
1 0.294677734375 0.2966278076171875 0.0199127197265625 0.06332321166992187
1 0.261962890625 0.2272918701171875 0.02655029296875 0.06451492309570313
1 0.4091796875 0.38568115234375 0.0241851806640625 0.06121063232421875
1 0.48046875 0.7020263671875 0.0177764892578125 0.055062484741210935
1 0.80712890625 0.39088134765625 0.021575927734375 0.046422576904296874
1 0.08477783203125 0.2610931396484375 0.022979736328125 0.054954147338867186
1 0.57763671875 0.3165618896484375 0.0258636474609375 0.06142730712890625
1 0.27880859375 0.18709869384765626 0.0247955322265625 0.042522430419921875
1 0.5009765625 0.3737640380859375 0.020294189453125 0.04934768676757813
1 0.55712890625 0.2368255615234375 0.024566650390625 0.06749420166015625
1 0.73046875 0.20941619873046874 0.019500732421875 0.05644378662109375
1 0.97119140625 0.83636474609375 0.041839599609375 0.0591522216796875
1 0.57080078125 0.3889312744140625 0.0163421630859375 0.0699859619140625
0 0.53564453125 0.51048583984375 0.043853759765625 0.051839447021484374
1 0.203125 0.184173583984375 0.018646240234375 0.05465621948242187
1 0.53076171875 0.317645263671875 0.017913818359375 0.07399444580078125
1 0.744140625 0.165972900390625 0.019378662109375 0.05861053466796875
1 0.396484375 0.35794677734375 0.0306243896484375 0.03734931945800781
1 0.93212890625 0.94903564453125 0.038238525390625 0.053437423706054685
1 0.79052734375 0.31114501953125 0.0196075439453125 0.06310653686523438
1 0.98779296875 0.0734527587890625 0.01812744140625 0.070635986328125
1 0.1610107421875 0.3068115234375 0.03021240234375 0.033747100830078126
1 0.55908203125 0.35101318359375 0.01554107666015625 0.0556854248046875
1 0.027069091796875 0.230975341796875 0.0343017578125 0.059748077392578126
1 0.07275390625 0.22880859375 0.0279083251953125 0.03453254699707031
1 0.12066650390625 0.16456451416015624 0.02203369140625 0.050566482543945315
1 0.414794921875 0.2740936279296875 0.015899658203125 0.051622772216796876
1 0.6962890625 0.41514892578125 0.03033447265625 0.033232498168945315
1 0.67724609375 0.2012908935546875 0.0258636474609375 0.03453254699707031
1 0.7314453125 0.26260986328125 0.01751708984375 0.059964752197265624
1 0.599609375 0.2519927978515625 0.0200653076171875 0.044770431518554685