0 0.360057381324987 0.4680185185185185 0.04121022430881586 0.062129629629629625
0 0.6826186750130412 0.5178518518518518 0.04434011476264997 0.07166666666666667
0 0.6376943140323422 0.5559907407407407 0.047334376630151276 0.042851851851851856
1 0.3955086071987481 0.38785185185185184 0.021361502347417842 0.06489814814814815
1 0.2534167970787689 0.25177777777777777 0.022582159624413144 0.054768518518518515
0 0.6831038080333854 0.6097222222222223 0.05645800730307773 0.05413888888888889
0 0.15039123630672926 0.4805833333333333 0.03066770996348461 0.05436111111111111
1 0.3115232133541993 0.7020277777777778 0.021210224308815858 0.06602777777777778
1 0.7084976525821597 0.23162962962962963 0.029478351591027647 0.049805555555555554
1 0.8520500782472614 0.2699722222222222 0.02423056859676578 0.06159259259259259
1 0.8759780907668232 0.39412962962962966 0.03095983307250913 0.06998148148148148
1 0.5649400104329682 0.34061111111111114 0.0231038080333855 0.06066666666666666
1 0.1280542514345331 0.31157407407407406 0.034027125717266564 0.06467592592592591
1 0.9448252477829943 0.382 0.03359937402190923 0.06700925925925927
1 0.3762232655190402 0.27929629629629626 0.024934793948878455 0.06537962962962963
0 0.1492905581637976 0.6105925925925927 0.03247261345852895 0.061101851851851845
1 0.7607407407407407 0.39023148148148146 0.022154407929055816 0.0734537037037037
1 0.9824204486176317 0.21862037037037038 0.029817423056859676 0.06321296296296296
1 0.12670839853938445 0.41276851851851853 0.031434533124673966 0.06169444444444444
1 0.4248043818466354 0.2840648148148148 0.027480438184663537 0.06982407407407407
1 0.8393531559728743 0.15101851851851852 0.0231038080333855 0.06575925925925925
1 0.203489827856025 0.8562962962962962 0.03823682837767345 0.05067592592592592
0 0.8263693270735525 0.46975 0.057621283255086066 0.06343518518518519
0 0.8237297861241523 0.3625 0.05050599895670318 0.04547222222222222
1 0.5078142931664058 0.3711666666666667 0.022676056338028168 0.08293518518518518
1 0.9072248304642672 0.3577314814814815 0.028868022952529996 0.06332407407407407
1 0.8041992696922274 0.22230555555555556 0.021090245174752217 0.05996296296296297
1 0.07989567031820553 0.2617407407407408 0.02758998435054773 0.0700925925925926
0 0.6772456964006259 0.8901018518518518 0.05410537297861241 0.06738888888888889
1 0.6162128325508607 0.3135277777777778 0.03137193531559729 0.07827777777777778
1 0.7490245174752218 0.13683333333333333 0.018643714136671884 0.06321296296296296
1 0.3186019822639541 0.3373611111111111 0.03179968701095462 0.07144444444444444
1 0.5737297861241523 0.17659259259259258 0.02076682316118936 0.06007407407407407
1 0.8188471570161711 0.8406944444444445 0.03933750652060511 0.07101851851851852
1 0.7705059989567031 0.20443518518518516 0.017104851330203442 0.04634259259259259
1 0.7871100678142933 0.3113611111111111 0.02706833594157538 0.07372222222222223
1 0.01596244131455399 0.23313888888888887 0.027005738132498697 0.0642962962962963
1 0.02795513823682838 0.8302962962962963 0.030855503390714658 0.061101851851851845
1 0.956056338028169 0.3029074074074074 0.03290036515388628 0.06262037037037037
1 0.03759520083463745 0.7717962962962963 0.03359937402190923 0.051916666666666667
1 0.8286124152321336 0.3026944444444445 0.019713093375065206 0.05538888888888889
1 0.9174804381846635 0.2892592592592592 0.022978612415232132 0.060509259259259256
1 0.3503442879499218 0.19987962962962963 0.016984872196139804 0.06467592592592591
1 0.49731351069379237 0.27582407407407405 0.015717266562336983 0.032907407407407406
0 0.9399426186750129 0.09019444444444444 0.030912884715701618 0.06824999999999999
1 0.5977203964527907 0.9035462962962963 0.023474178403755867 0.06018518518518518