0 0.09368896484375 0.3272569444444444 0.050323486328125 0.049967447916666664
0 0.1744384765625 0.4038628472222222 0.0482177734375 0.04226345486111111
0 0.79833984375 0.6232638888888888 0.049957275390625 0.04432508680555555
0 0.85595703125 0.5121527777777778 0.05072021484375 0.05007595486111111
0 0.0274810791015625 0.3858506944444444 0.054290771484375 0.045111762152777776
0 0.0297088623046875 0.4618055555555556 0.024658203125 0.0615234375
0 0.55908203125 0.6072048611111112 0.048492431640625 0.04747178819444445
0 0.91259765625 0.4709201388888889 0.044769287109375 0.04226345486111111
0 0.0416259765625 0.5581597222222222 0.033905029296875 0.055989583333333336
0 0.1322021484375 0.6579861111111112 0.051849365234375 0.044596354166666664
0 0.95556640625 0.3910590277777778 0.044281005859375 0.05870225694444445
0 0.55126953125 0.15321180555555555 0.0173797607421875 0.048583984375