0 0.6750130412102243 0.5277777777777778 0.05112154407929056 0.04722222222222222
0 0.8607198748043818 0.49166666666666664 0.05216484089723526 0.049074074074074076
0 0.547470005216484 0.5175925925925926 0.05112154407929056 0.046296296296296294
1 0.198226395409494 0.8518518518518519 0.02764736567553469 0.05925925925925926
1 0.17970787689097548 0.23333333333333334 0.03390714658320292 0.06481481481481481
0 0.9118414188836724 0.30648148148148147 0.05425143453312467 0.07037037037037037
1 0.1640584246218049 0.17083333333333334 0.03442879499217527 0.06759259259259259
0 0.5618153364632238 0.35694444444444445 0.05268648930620762 0.041666666666666664
1 0.1507563901930099 0.6111111111111112 0.026604068857589983 0.06759259259259259
0 0.9353155972874283 0.4685185185185185 0.051643192488262914 0.04537037037037037
1 0.11867501304121023 0.6884259259259259 0.0297339593114241 0.06574074074074074
1 0.6669274908711529 0.6513888888888889 0.02764736567553469 0.06944444444444445
1 0.3369848721961398 0.7458333333333333 0.024517475221700575 0.062037037037037036
1 0.2081377151799687 0.7907407407407407 0.023474178403755867 0.05925925925925926
1 0.7897756911841419 0.3060185185185185 0.0297339593114241 0.06481481481481481
1 0.7003129890453834 0.4203703703703704 0.03182055294731351 0.05555555555555555
1 0.056598852373500264 0.6884259259259259 0.025039123630672927 0.05925925925925926
1 0.7944705268648931 0.2518518518518518 0.029212310902451747 0.06481481481481481
1 0.10067814293166406 0.6412037037037037 0.03129890453834116 0.06574074074074074
1 0.08841940532081377 0.8555555555555555 0.023474178403755867 0.05555555555555555
1 0.3335941575378195 0.6162037037037037 0.02764736567553469 0.06666666666666667
1 0.34872196139801775 0.6421296296296296 0.026604068857589983 0.05740740740740741
1 0.3985393844548774 0.6939814814814815 0.020865936358894107 0.05648148148148148
1 0.5573813249869588 0.7111111111111111 0.027125717266562335 0.0787037037037037
0 0.24700052164840897 0.4513888888888889 0.0495565988523735 0.06666666666666667
1 0.02686489306207616 0.5694444444444444 0.029212310902451747 0.05925925925925926
1 0.07720396452790819 0.7185185185185186 0.0297339593114241 0.05555555555555555
1 0.29160146061554515 0.8282407407407407 0.016692749087115284 0.06481481481481481
1 0.39254042775169534 0.8037037037037037 0.02608242044861763 0.07037037037037037
1 0.25039123630672927 0.6217592592592592 0.020865936358894107 0.06388888888888888
1 0.6038080333854982 0.6708333333333333 0.028169014084507043 0.07037037037037037
0 0.3745435576421492 0.4375 0.05372978612415232 0.05092592592592592
1 0.20605112154407929 0.5930555555555556 0.028690662493479395 0.06296296296296296
1 0.5409494001043297 0.6472222222222223 0.02556077203964528 0.075
1 0.8703703703703703 0.675 0.03338549817423057 0.06574074074074074
1 0.2509128847157016 0.725462962962963 0.018257694314032343 0.062037037037037036
1 0.36724047991653624 0.6768518518518518 0.02764736567553469 0.06759259259259259
1 0.7438706311945749 0.6439814814814815 0.03129890453834116 0.06481481481481481
1 0.017475221700573813 0.6560185185185186 0.03129890453834116 0.06481481481481481
1 0.3286384976525822 0.6893518518518519 0.028169014084507043 0.062037037037037036
1 0.30333854981742303 0.8009259259259259 0.018779342723004695 0.062037037037037036
1 0.7044861763171623 0.649074074074074 0.02608242044861763 0.06759259259259259
1 0.9298382889932185 0.6930555555555555 0.03390714658320292 0.062037037037037036
1 0.05033907146583203 0.6018518518518519 0.026604068857589983 0.05092592592592592
1 0.405320813771518 0.6439814814814815 0.0198226395409494 0.062037037037037036
1 0.1596244131455399 0.7574074074074074 0.022952529994783515 0.05555555555555555
1 0.2279603547209181 0.6587962962962963 0.0297339593114241 0.05185185185185185
1 0.03182055294731351 0.09861111111111111 0.0297339593114241 0.05277777777777778
1 0.5899843505477308 0.6282407407407408 0.028169014084507043 0.0712962962962963
1 0.6215440792905582 0.7268518518518519 0.02764736567553469 0.06666666666666667
1 0.7556077203964527 0.8 0.02556077203964528 0.058333333333333334
1 0.9504434011476265 0.6541666666666667 0.03129890453834116 0.06759259259259259
1 0.7936880542514345 0.6310185185185185 0.028690662493479395 0.058333333333333334
1 0.5328638497652582 0.7435185185185185 0.026604068857589983 0.05925925925925926
1 0.4029733959311424 0.06342592592592593 0.01617110067814293 0.06759259259259259
1 0.17579551382368283 0.7083333333333334 0.018779342723004695 0.062037037037037036
0 0.9861763171622326 0.5092592592592593 0.026604068857589983 0.06851851851851852
1 0.6619718309859155 0.1648148148148148 0.02608242044861763 0.05925925925925926
1 0.8821074595722483 0.7527777777777778 0.022430881585811163 0.053703703703703705
1 0.7097026604068858 0.7305555555555555 0.023995826812728223 0.06388888888888888
1 0.1421491914449661 0.8407407407407408 0.01773604590505999 0.05648148148148148
1 0.16249347939488784 0.0412037037037037 0.03547209181011998 0.05462962962962963
1 0.5816379760041732 0.7222222222222222 0.026604068857589983 0.06851851851851852
1 0.8680229525299947 0.7453703703703703 0.02608242044861763 0.046296296296296294
1 0.5122587376108503 0.04490740740740741 0.0297339593114241 0.04537037037037037
1 0.3604590505998957 0.7375 0.023474178403755867 0.05185185185185185
1 0.48043818466353677 0.749537037037037 0.020865936358894107 0.06574074074074074
0 0.9741784037558685 0.5967592592592592 0.046948356807511735 0.05
1 0.3797600417318727 0.22314814814814815 0.03234220135628586 0.05277777777777778
1 0.018257694314032343 0.29212962962962963 0.036515388628064686 0.07777777777777778
1 0.05920709441836203 0.7430555555555556 0.023995826812728223 0.053703703703703705
1 0.03808033385498174 0.9444444444444444 0.017214397496087636 0.06944444444444445
1 0.6935315597287428 0.7731481481481481 0.020865936358894107 0.06666666666666667
1 0.6614501825769431 0.7134259259259259 0.019300991131977047 0.05740740740740741
1 0.7509128847157016 0.7087962962962963 0.02138758476786646 0.040740740740740744
0 0.24804381846635368 0.762962962962963 0.04903495044340115 0.044444444444444446
1 0.837245696400626 0.7782407407407408 0.022952529994783515 0.05277777777777778
1 0.6525821596244131 0.274537037037037 0.03234220135628586 0.04351851851851852
1 0.9880020865936359 0.5569444444444445 0.023995826812728223 0.053703703703703705
1 0.6384976525821596 0.750462962962963 0.01773604590505999 0.05740740740740741
1 0.19248826291079812 0.6319444444444444 0.025039123630672927 0.058333333333333334
1 0.45174752217005737 0.5935185185185186 0.03234220135628586 0.08055555555555556
1 0.689358372456964 0.8347222222222223 0.01617110067814293 0.041666666666666664
1 0.37689097548252476 0.8388888888888889 0.01617110067814293 0.06388888888888888
1 0.9848721961398018 0.7587962962962963 0.027125717266562335 0.05925925925925926
1 0.868283776734481 0.8111111111111111 0.0198226395409494 0.05740740740740741
1 0.20448617631716223 0.31527777777777777 0.03495044340114763 0.06388888888888888
1 0.9757433489827856 0.7791666666666667 0.029212310902451747 0.046296296296296294
1 0.4872196139801774 0.9356481481481481 0.014084507042253521 0.04722222222222222
1 0.5803338549817423 0.42592592592592593 0.018257694314032343 0.049074074074074076
0 0.02190923317683881 0.9106481481481481 0.030777256129368807 0.06574074074074074
1 0.7639540949400104 0.8398148148148148 0.017214397496087636 0.046296296296296294
1 0.9483568075117371 0.7328703703703704 0.020865936358894107 0.04814814814814815
1 0.11919666145018258 0.7893518518518519 0.023474178403755867 0.03518518518518519
1 0.8779342723004695 0.8069444444444445 0.013562858633281168 0.041666666666666664
1 0.37689097548252476 0.16805555555555557 0.020865936358894107 0.05092592592592592
1 0.3794992175273865 0.28194444444444444 0.03234220135628586 0.03888888888888889
1 0.01069379238393323 0.32592592592592595 0.02034428794992175 0.049074074074074076
1 0.3808033385498174 0.10046296296296296 0.024517475221700575 0.06388888888888888
1 0.3735002608242045 0.1310185185185185 0.02764736567553469 0.05925925925925926