0 0.10052083333333334 0.4425925925925926 0.030729166666666665 0.062037037037037036
0 0.5473958333333333 0.3675925925925926 0.052083333333333336 0.06111111111111111
0 0.7354166666666667 0.575 0.04739583333333333 0.04537037037037037
0 0.6674479166666667 0.4388888888888889 0.04739583333333333 0.04259259259259259
0 0.5484375 0.587037037037037 0.04739583333333333 0.04259259259259259
0 0.77734375 0.4837962962962963 0.0484375 0.04351851851851852
0 0.9463541666666667 0.5745370370370371 0.04895833333333333 0.040740740740740744
0 0.3997395833333333 0.45601851851851855 0.04895833333333333 0.040740740740740744
0 0.09713541666666667 0.6990740740740741 0.025 0.05185185185185185
0 0.23958333333333334 0.5208333333333334 0.025520833333333333 0.053703703703703705
0 0.3268229166666667 0.49212962962962964 0.030208333333333334 0.05925925925925926
0 0.8213541666666667 0.6310185185185185 0.028125 0.05555555555555555
0 0.21197916666666666 0.5939814814814814 0.027083333333333334 0.04351851851851852
0 0.8427083333333333 0.4125 0.0421875 0.05185185185185185
0 0.21041666666666667 0.6847222222222222 0.0203125 0.058333333333333334
0 0.5604166666666667 0.8486111111111111 0.019270833333333334 0.06481481481481481