0 0.7856025039123631 0.475 0.03547209181011998 0.05185185185185185
0 0.7339593114241002 0.4615740740740741 0.03234220135628586 0.053703703703703705
1 0.6617110067814294 0.8740740740740741 0.0198226395409494 0.06666666666666667
0 0.6147626499739176 0.46944444444444444 0.046948356807511735 0.04722222222222222
0 0.35654668753260305 0.5412037037037037 0.051643192488262914 0.03796296296296296
1 0.554773082942097 0.6291666666666667 0.022430881585811163 0.05648148148148148
1 0.5790297339593115 0.799537037037037 0.0198226395409494 0.06018518518518518
0 0.48304642670839854 0.4064814814814815 0.04329681794470527 0.05092592592592592
0 0.6348461137193532 0.5018518518518519 0.03912363067292645 0.058333333333333334
1 0.6854460093896714 0.5263888888888889 0.028169014084507043 0.05277777777777778
1 0.6400625978090767 0.2 0.02138758476786646 0.06111111111111111
1 0.5722483046426708 0.5699074074074074 0.03025560772039645 0.06481481481481481
0 0.9256651017214398 0.4222222222222222 0.054773082942097026 0.044444444444444446
1 0.1507563901930099 0.19722222222222222 0.03338549817423057 0.05555555555555555
0 0.8364632237871674 0.3060185185185185 0.046948356807511735 0.05462962962962963
1 0.7676056338028169 0.5518518518518518 0.030777256129368807 0.06574074074074074
1 0.49426186750130413 0.6467592592592593 0.02764736567553469 0.08055555555555556
1 0.4713093375065206 0.8004629629629629 0.01564945226917058 0.05740740740740741
1 0.9882629107981221 0.7763888888888889 0.023474178403755867 0.09722222222222222
1 0.09494001043296818 0.8541666666666666 0.02138758476786646 0.08055555555555556
0 0.769170579029734 0.4074074074074074 0.05738132498695879 0.05
0 0.909754825247783 0.3523148148148148 0.059989567031820554 0.05462962962962963
1 0.6426708398539385 0.1587962962962963 0.029212310902451747 0.06851851851851852
1 0.06520605112154408 0.2388888888888889 0.04121022430881586 0.06574074074074074
1 0.29551382368283774 0.6092592592592593 0.03129890453834116 0.05648148148148148
1 0.6562336984872196 0.6689814814814815 0.024517475221700575 0.06759259259259259
1 0.7524778299426187 0.7865740740740741 0.0198226395409494 0.05740740740740741
1 0.7305685967657799 0.5564814814814815 0.03442879499217527 0.058333333333333334
1 0.9149713093375065 0.6967592592592593 0.03338549817423057 0.075
1 0.06155451225873761 0.8217592592592593 0.02034428794992175 0.04722222222222222
1 0.18909754825247782 0.6430555555555556 0.02556077203964528 0.06388888888888888
1 0.24595722483046425 0.6518518518518519 0.03442879499217527 0.06481481481481481
1 0.7021387584767866 0.7814814814814814 0.02608242044861763 0.046296296296296294
1 0.7149191444966093 0.8675925925925926 0.02034428794992175 0.06759259259259259
1 0.47704747000521647 0.337037037037037 0.046948356807511735 0.12777777777777777
1 0.014606155451225874 0.8203703703703704 0.02190923317683881 0.05462962962962963
1 0.22743870631194574 0.8125 0.03025560772039645 0.07777777777777778
1 0.17475221700573812 0.6842592592592592 0.023995826812728223 0.05277777777777778
1 0.6596244131455399 0.7337962962962963 0.02034428794992175 0.05740740740740741
1 0.751434533124674 0.3398148148148148 0.024517475221700575 0.04259259259259259
1 0.3899321857068336 0.7185185185185186 0.01617110067814293 0.06388888888888888
1 0.8818466353677621 0.7958333333333333 0.023995826812728223 0.06388888888888888
1 0.8482003129890454 0.7833333333333333 0.023995826812728223 0.06574074074074074
1 0.9687010954616588 0.8337962962962963 0.018779342723004695 0.06296296296296296
0 0.7407407407407407 0.2662037037037037 0.056338028169014086 0.05
1 0.6752738654147105 0.3527777777777778 0.028690662493479395 0.058333333333333334
1 0.15049556598852373 0.7768518518518519 0.026604068857589983 0.06574074074074074
1 0.34663536776212833 0.07592592592592592 0.03234220135628586 0.05092592592592592
1 0.6820552947313511 0.6106481481481482 0.026604068857589983 0.06018518518518518
1 0.28821074595722485 0.7416666666666667 0.02764736567553469 0.053703703703703705
1 0.8414188836724048 0.5902777777777778 0.028169014084507043 0.06388888888888888
1 0.7446531038080334 0.7023148148148148 0.02138758476786646 0.05
1 0.7587376108502869 0.6731481481481482 0.025039123630672927 0.06481481481481481
1 0.841679707876891 0.6902777777777778 0.02556077203964528 0.07037037037037037
1 0.1825769431403234 0.7430555555555556 0.03129890453834116 0.06944444444444445
1 0.6087636932707355 0.7458333333333333 0.017214397496087636 0.062037037037037036
1 0.5834637454355764 0.6865740740740741 0.013562858633281168 0.053703703703703705
1 0.323943661971831 0.14305555555555555 0.03234220135628586 0.05648148148148148
1 0.1729264475743349 0.3449074074074074 0.04225352112676056 0.0962962962962963
1 0.49947835159102766 0.7671296296296296 0.014084507042253521 0.05555555555555555
1 0.7876890975482524 0.812037037037037 0.019300991131977047 0.062037037037037036
1 0.3317683881064163 0.6643518518518519 0.027125717266562335 0.05462962962962963
1 0.9522691705790297 0.9398148148148148 0.01617110067814293 0.06759259259259259
1 0.3364632237871675 0.6018518518518519 0.02608242044861763 0.05740740740740741
1 0.2699530516431925 0.7925925925925926 0.03025560772039645 0.06666666666666667
1 0.9405320813771518 0.7856481481481481 0.03442879499217527 0.0712962962962963
1 0.5166927490871153 0.7212962962962963 0.022952529994783515 0.04259259259259259
1 0.945226917057903 0.8606481481481482 0.023474178403755867 0.06296296296296296
1 0.4298382889932186 0.7037037037037037 0.024517475221700575 0.044444444444444446
1 0.8145539906103286 0.6601851851851852 0.028690662493479395 0.06944444444444445
1 0.8075117370892019 0.5800925925925926 0.0198226395409494 0.07685185185185185
1 0.7188315075639019 0.7467592592592592 0.020865936358894107 0.05648148148148148
1 0.20448617631716223 0.7638888888888888 0.03025560772039645 0.05925925925925926
1 0.2167449139280125 0.7282407407407407 0.02556077203964528 0.06759259259259259
1 0.5985915492957746 0.9055555555555556 0.013562858633281168 0.05
1 0.6395409494001043 0.7694444444444445 0.017214397496087636 0.05092592592592592
1 0.35289514866979654 0.7453703703703703 0.019300991131977047 0.053703703703703705
1 0.05920709441836203 0.7046296296296296 0.02556077203964528 0.062037037037037036
1 0.7227438706311946 0.6273148148148148 0.02138758476786646 0.07222222222222222
1 0.8661971830985915 0.6972222222222222 0.028169014084507043 0.07407407407407407
1 0.7832550860719875 0.6976851851851852 0.019300991131977047 0.06018518518518518
1 0.7767344809598331 0.6287037037037037 0.02764736567553469 0.06481481481481481
1 0.5477308294209703 0.7226851851851852 0.024517475221700575 0.05092592592592592
1 0.979394887845592 0.5162037037037037 0.024517475221700575 0.03611111111111111
1 0.4757433489827856 0.03009259259259259 0.023474178403755867 0.05185185185185185
1 0.8202921231090246 0.7273148148148149 0.027125717266562335 0.03888888888888889
1 0.7245696400625978 0.6819444444444445 0.018779342723004695 0.05