1 0.2147216796875 0.516552734375 0.02752685546875 0.08499069213867187
1 0.62255859375 0.3241455078125 0.02752685546875 0.06879425048828125
0 0.771484375 0.51915283203125 0.03302001953125 0.0582855224609375
0 0.61328125 0.483184814453125 0.042327880859375 0.043524551391601565
1 0.7958984375 0.13813018798828125 0.0272216796875 0.06635665893554688
1 0.52587890625 0.3828643798828125 0.0202484130859375 0.06765670776367187
1 0.349609375 0.85023193359375 0.03240966796875 0.06635665893554688
0 0.91259765625 0.57462158203125 0.033538818359375 0.06359405517578125
0 0.78369140625 0.567254638671875 0.027801513671875 0.05384368896484375
1 0.89404296875 0.42208251953125 0.02752685546875 0.07486114501953126
0 0.51123046875 0.53388671875 0.048858642578125 0.04877891540527344
1 0.97607421875 0.33541259765625 0.0305633544921875 0.06299819946289062
1 0.6591796875 0.2998779296875 0.02685546875 0.05904388427734375
1 0.469970703125 0.3785308837890625 0.0219879150390625 0.06440658569335937
1 0.34912109375 0.78262939453125 0.03314208984375 0.06662750244140625
0 0.429931640625 0.5980224609375 0.04840087890625 0.07036514282226562
1 0.69921875 0.662591552734375 0.0302734375 0.065869140625
1 0.54443359375 0.89010009765625 0.024993896484375 0.058502197265625
1 0.294677734375 0.8718994140625 0.0352783203125 0.0626190185546875
1 0.61865234375 0.14939727783203124 0.0229339599609375 0.06689834594726562
1 0.08831787109375 0.3325958251953125 0.0311431884765625 0.06662750244140625
1 0.7421875 0.15373077392578124 0.0279083251953125 0.06852340698242188
1 0.63330078125 0.66649169921875 0.0306243896484375 0.058935546875
1 0.64990234375 0.38134765625 0.021453857421875 0.058935546875
1 0.011962890625 0.2571929931640625 0.0229339599609375 0.06700668334960938
1 0.6748046875 0.426849365234375 0.025909423828125 0.0665191650390625
1 0.64208984375 0.623590087890625 0.021697998046875 0.0537353515625
1 0.955078125 0.14939727783203124 0.0251312255859375 0.06727752685546876
1 0.60302734375 0.20053253173828126 0.0251312255859375 0.078436279296875
1 0.2078857421875 0.92303466796875 0.03228759765625 0.06635665893554688
1 0.6826171875 0.2290252685546875 0.019012451171875 0.06418991088867188
1 0.70849609375 0.09495773315429687 0.0235595703125 0.0613189697265625
1 0.564453125 0.3347625732421875 0.0217437744140625 0.05963973999023438
1 0.78173828125 0.2602264404296875 0.0202484130859375 0.06381072998046874
1 0.4365234375 0.2912109375 0.0180206298828125 0.06343154907226563
1 0.98291015625 0.412115478515625 0.0294189453125 0.061914825439453126
1 0.93798828125 0.12187957763671875 0.023468017578125 0.06613998413085938
1 0.69140625 0.347979736328125 0.02886962890625 0.0561187744140625
1 0.916015625 0.1930572509765625 0.0294189453125 0.07291107177734375
1 0.81982421875 0.4426666259765625 0.0300445556640625 0.06467742919921875
1 0.07135009765625 0.2324920654296875 0.03131103515625 0.06500244140625
1 0.796875 0.2047576904296875 0.0233306884765625 0.06180648803710938
1 0.56494140625 0.2454925537109375 0.0162200927734375 0.06749420166015625
1 0.5732421875 0.7158935546875 0.0309600830078125 0.058502197265625
1 0.9306640625 0.240509033203125 0.02532958984375 0.06500244140625
0 0.52880859375 0.214508056640625 0.04486083984375 0.04062652587890625
1 0.94384765625 0.792596435546875 0.029815673828125 0.044770431518554685
1 0.7529296875 0.77222900390625 0.0240478515625 0.0639190673828125
1 0.29345703125 0.207574462890625 0.0299835205078125 0.06673583984375
1 0.97998046875 0.18807373046875 0.0268096923828125 0.0673858642578125
1 0.6953125 0.86756591796875 0.03131103515625 0.05403327941894531
1 0.56884765625 0.7765625 0.03192138671875 0.070635986328125
1 0.07611083984375 0.68035888671875 0.0328369140625 0.047505950927734374
1 0.71337890625 0.22880859375 0.024993896484375 0.05666046142578125
1 0.78466796875 0.97677001953125 0.0244293212890625 0.04292869567871094
1 0.06781005859375 0.54688720703125 0.03277587890625 0.06359405517578125
1 0.92724609375 0.92650146484375 0.038238525390625 0.049997711181640626
1 0.63623046875 0.2489593505859375 0.0216217041015625 0.0881866455078125
1 0.326904296875 0.28427734375 0.0276336669921875 0.06451492309570313
1 0.38427734375 0.2940277099609375 0.0216522216796875 0.060289764404296876
1 0.98486328125 0.3005279541015625 0.02191162109375 0.050078964233398436
1 0.9443359375 0.2853607177734375 0.0253753662109375 0.06402740478515626
1 0.845703125 0.32501220703125 0.028594970703125 0.0582855224609375
1 0.47998046875 0.3380126953125 0.01490020751953125 0.06169815063476562
1 0.2188720703125 0.3464630126953125 0.0269622802734375 0.07144851684570312
1 0.9638671875 0.0483184814453125 0.017181396484375 0.07193603515625
1 0.41064453125 0.3347625732421875 0.02630615234375 0.058502197265625
1 0.01751708984375 0.16716461181640624 0.0297088623046875 0.06321487426757813
1 0.0106964111328125 0.3189453125 0.0209197998046875 0.055902099609375
1 0.336669921875 0.711126708984375 0.0192718505859375 0.047235107421875
1 0.2064208984375 0.259576416015625 0.0216522216796875 0.07182769775390625
1 0.537109375 0.83463134765625 0.0296478271484375 0.053329086303710936
1 0.17041015625 0.2810272216796875 0.0289306640625 0.06603164672851562
1 0.5078125 0.9135009765625 0.0261077880859375 0.051731109619140625
1 0.08538818359375 0.2012908935546875 0.0263519287109375 0.0613189697265625
1 0.7421875 0.3126617431640625 0.028656005859375 0.05557708740234375
1 0.86328125 0.253509521484375 0.027374267578125 0.05202903747558594
1 0.1671142578125 0.339312744140625 0.036773681640625 0.06402740478515626
1 0.298583984375 0.3629302978515625 0.03704833984375 0.0838531494140625
1 0.728515625 0.95423583984375 0.0255126953125 0.05192070007324219
1 0.348388671875 0.661724853515625 0.02203369140625 0.054872894287109376
1 0.92626953125 0.3518798828125 0.0333251953125 0.06776504516601563
1 0.378662109375 0.1518890380859375 0.037811279296875 0.09799118041992187
1 0.23876953125 0.2132080078125 0.0252227783203125 0.078436279296875
1 0.2138671875 0.18319854736328126 0.0192413330078125 0.052733230590820315
1 0.447998046875 0.25220947265625 0.01422882080078125 0.055062484741210935
1 0.1751708984375 0.1744232177734375 0.0216522216796875 0.054547882080078124
1 0.140625 0.299444580078125 0.0262603759765625 0.063702392578125
1 0.32177734375 0.96463623046875 0.0293121337890625 0.040328598022460936
1 0.102294921875 0.1874237060546875 0.0282745361328125 0.06689834594726562
1 0.1357421875 0.22880859375 0.024383544921875 0.05154151916503906
1 0.95947265625 0.4079986572265625 0.033477783203125 0.07724456787109375
1 0.77001953125 0.225341796875 0.0197601318359375 0.045203781127929686
1 0.36767578125 0.26954345703125 0.027740478515625 0.06223983764648437
1 0.87158203125 0.4079986572265625 0.0309600830078125 0.03851394653320313
1 0.10467529296875 0.2671600341796875 0.02386474609375 0.051731109619140625
1 0.53125 0.2953277587890625 0.017242431640625 0.03843269348144531