0 0.2983828899321857 0.4824074074074074 0.028690662493479395 0.05925925925925926
0 0.39123630672926446 0.4638888888888889 0.029212310902451747 0.05648148148148148
1 0.5080855503390714 0.3402777777777778 0.027125717266562335 0.05555555555555555
1 0.17136150234741784 0.3416666666666667 0.022952529994783515 0.06851851851851852
1 0.2676056338028169 0.3541666666666667 0.024517475221700575 0.06944444444444445
0 0.9347939488784559 0.4212962962962963 0.03286384976525822 0.06388888888888888
1 0.3568075117370892 0.30787037037037035 0.025039123630672927 0.062037037037037036
1 0.037037037037037035 0.4027777777777778 0.030777256129368807 0.062037037037037036
1 0.3797600417318727 0.17916666666666667 0.022430881585811163 0.06666666666666667
1 0.43661971830985913 0.2175925925925926 0.013562858633281168 0.028703703703703703
1 0.44835680751173707 0.30787037037037035 0.023995826812728223 0.06018518518518518
0 0.8158581116327596 0.3537037037037037 0.02608242044861763 0.06574074074074074
0 0.7055294731351069 0.47824074074074074 0.05425143453312467 0.04537037037037037
1 0.015127803860198226 0.1925925925925926 0.029212310902451747 0.08425925925925926
1 0.36071987480438183 0.0837962962962963 0.01617110067814293 0.06944444444444445
0 0.923056859676578 0.6166666666666667 0.059989567031820554 0.07037037037037037
1 0.041992696922274385 0.30694444444444446 0.03025560772039645 0.06851851851851852
1 0.0605112154407929 0.17083333333333334 0.03129890453834116 0.07777777777777778
1 0.48930620761606675 0.28564814814814815 0.023474178403755867 0.058333333333333334
1 0.2300469483568075 0.225 0.025039123630672927 0.06944444444444445
1 0.7245696400625978 0.4083333333333333 0.02190923317683881 0.06574074074074074
1 0.766301512780386 0.3685185185185185 0.02138758476786646 0.05740740740740741
1 0.7013562858633281 0.3648148148148148 0.03599374021909233 0.06296296296296296
0 0.6392801251956182 0.6328703703703704 0.030777256129368807 0.053703703703703705
1 0.3072509128847157 0.262037037037037 0.019300991131977047 0.05740740740740741
1 0.1343244653103808 0.16712962962962963 0.023995826812728223 0.06759259259259259
1 0.5492957746478874 0.8805555555555555 0.03390714658320292 0.06296296296296296
1 0.7018779342723005 0.24166666666666667 0.018779342723004695 0.06851851851851852
1 0.7490871152842984 0.2412037037037037 0.023995826812728223 0.062037037037037036
1 0.4715701617110068 0.9291666666666667 0.029212310902451747 0.06388888888888888
1 0.8844548774126239 0.36064814814814816 0.03547209181011998 0.07407407407407407
1 0.554773082942097 0.3736111111111111 0.028169014084507043 0.04259259259259259
1 0.7055294731351069 0.8796296296296297 0.02608242044861763 0.08796296296296297
0 0.4624413145539906 0.6402777777777777 0.05894627021387585 0.06111111111111111
1 0.7895148669796557 0.2074074074074074 0.02138758476786646 0.06666666666666667
1 0.29003651538862807 0.9722222222222222 0.03442879499217527 0.049074074074074076
1 0.9334898278560251 0.8199074074074074 0.059989567031820554 0.08148148148148149
1 0.8281168492436098 0.2777777777777778 0.025039123630672927 0.0787037037037037
1 0.17083985393844547 0.18194444444444444 0.017214397496087636 0.06111111111111111
1 0.26264997391757955 0.1884259259259259 0.020865936358894107 0.07592592592592592
1 0.11658841940532082 0.22962962962962963 0.0297339593114241 0.06666666666666667
1 0.34167970787689095 0.21898148148148147 0.020865936358894107 0.07407407407407407
1 0.5758998435054773 0.31712962962962965 0.018257694314032343 0.058333333333333334
1 0.6131977047470005 0.3490740740740741 0.029212310902451747 0.08333333333333333
1 0.9488784559207094 0.3148148148148148 0.029212310902451747 0.062037037037037036
1 0.30125195618153366 0.8634259259259259 0.023474178403755867 0.05185185185185185
1 0.8667188315075639 0.2263888888888889 0.03286384976525822 0.062037037037037036
0 0.04773082942097027 0.09351851851851851 0.03025560772039645 0.06759259259259259
1 0.7636932707355243 0.3013888888888889 0.022430881585811163 0.046296296296296294
1 0.46739697443922795 0.21851851851851853 0.01617110067814293 0.04259259259259259
1 0.9926969222743871 0.22083333333333333 0.014084507042253521 0.062037037037037036
1 0.06546687532603025 0.06111111111111111 0.01564945226917058 0.06944444444444445
1 0.6027647365675535 0.2916666666666667 0.019300991131977047 0.05277777777777778