0 0.37864583333333335 0.45787037037037037 0.046875 0.06481481481481481
0 0.43828125 0.2902777777777778 0.04583333333333333 0.05925925925925926
0 0.8403645833333333 0.4791666666666667 0.049479166666666664 0.05740740740740741
0 0.74609375 0.32314814814814813 0.044270833333333336 0.04351851851851852
0 0.3106770833333333 0.3523148148148148 0.04635416666666667 0.04537037037037037
0 0.5848958333333333 0.5416666666666666 0.04895833333333333 0.04537037037037037
0 0.74453125 0.725 0.0484375 0.06666666666666667
0 0.87265625 0.39444444444444443 0.04375 0.04351851851851852
0 0.7158854166666667 0.9138888888888889 0.05677083333333333 0.062037037037037036
0 0.8794270833333333 0.6152777777777778 0.04635416666666667 0.04814814814814815
0 0.5424479166666667 0.13518518518518519 0.017708333333333333 0.04814814814814815