0 0.8232421875 0.5182861328125 0.050994873046875 0.06381072998046874
0 0.080810546875 0.50875244140625 0.05023193359375 0.04319953918457031
1 0.537109375 0.36834716796875 0.026458740234375 0.07724456787109375
0 0.8134765625 0.640057373046875 0.0531005859375 0.047235107421875
0 0.260498046875 0.46021728515625 0.05072021484375 0.042603683471679685
1 0.329345703125 0.4006317138671875 0.0211639404296875 0.06673583984375
1 0.302490234375 0.2788604736328125 0.024932861328125 0.06343154907226563
1 0.170654296875 0.398248291015625 0.03253173828125 0.06527328491210938
1 0.92578125 0.453717041015625 0.030853271484375 0.06321487426757813
1 0.91259765625 0.3464630126953125 0.026153564453125 0.043524551391601565
0 0.41796875 0.59195556640625 0.02838134765625 0.063702392578125
0 0.4912109375 0.542987060546875 0.052520751953125 0.060398101806640625
0 0.662109375 0.57635498046875 0.0299835205078125 0.05963973999023438
0 0.515625 0.48101806640625 0.02801513671875 0.059964752197265624
1 0.42919921875 0.3143951416015625 0.0228424072265625 0.062131500244140624
0 0.63623046875 0.707659912109375 0.055511474609375 0.05796051025390625
0 0.94580078125 0.73756103515625 0.0413818359375 0.0613189697265625
0 0.9296875 0.62142333984375 0.056640625 0.047505950927734374
1 0.04010009765625 0.686859130859375 0.0457763671875 0.06251068115234375
1 0.7119140625 0.3581634521484375 0.0240020751953125 0.07090682983398437
1 0.84716796875 0.89703369140625 0.025909423828125 0.076702880859375
1 0.137451171875 0.24007568359375 0.032470703125 0.06099395751953125
1 0.98974609375 0.24874267578125 0.0200653076171875 0.06018142700195313
1 0.341064453125 0.3178619384765625 0.0276947021484375 0.07361526489257812
1 0.642578125 0.09582443237304687 0.0229339599609375 0.06749420166015625
0 0.69580078125 0.64742431640625 0.05072021484375 0.048399734497070315
1 0.1917724609375 0.27127685546875 0.023284912109375 0.0626190185546875
0 0.015777587890625 0.4593505859375 0.0299835205078125 0.06359405517578125
0 0.6474609375 0.3464630126953125 0.046112060546875 0.048508071899414064
1 0.97412109375 0.13488006591796875 0.0279083251953125 0.06603164672851562
1 0.0872802734375 0.2493927001953125 0.0203399658203125 0.05094566345214844
1 0.546875 0.256109619140625 0.0245208740234375 0.051622772216796876
1 0.62890625 0.237042236328125 0.022369384765625 0.06310653686523438
0 0.431640625 0.667791748046875 0.050811767578125 0.08639907836914062
1 0.88134765625 0.2870941162109375 0.027069091796875 0.05687713623046875
1 0.2401123046875 0.28427734375 0.03228759765625 0.06527328491210938
1 0.6513671875 0.4036651611328125 0.02801513671875 0.07361526489257812
1 0.91162109375 0.1822235107421875 0.0247955322265625 0.06527328491210938
1 0.76025390625 0.3750640869140625 0.018402099609375 0.07637786865234375
1 0.326904296875 0.89183349609375 0.0229339599609375 0.05953140258789062
1 0.875 0.39521484375 0.02880859375 0.0639190673828125
1 0.60498046875 0.3174285888671875 0.0214080810546875 0.061589813232421874
1 0.783203125 0.29727783203125 0.02606201171875 0.06310653686523438
1 0.853515625 0.20161590576171876 0.0258026123046875 0.065869140625
1 0.77783203125 0.19164886474609374 0.02630615234375 0.0639190673828125
1 0.7314453125 0.2537261962890625 0.0223236083984375 0.0626190185546875
1 0.9365234375 0.29727783203125 0.025177001953125 0.061914825439453126
1 0.986328125 0.3746307373046875 0.0229339599609375 0.05362701416015625
1 0.67529296875 0.2714935302734375 0.0162811279296875 0.058935546875
1 0.58935546875 0.835498046875 0.036346435546875 0.0812530517578125
1 0.06512451171875 0.1683563232421875 0.0184783935546875 0.045203781127929686
1 0.64501953125 0.294677734375 0.015777587890625 0.047505950927734374
1 0.81396484375 0.2355255126953125 0.027801513671875 0.030496978759765626