0 0.7958984375 0.52608642578125 0.057373046875 0.04886016845703125
0 0.1790771484375 0.512652587890625 0.0521240234375 0.03910980224609375
0 0.9384765625 0.6430908203125 0.03515625 0.0647857666015625
1 0.66259765625 0.3967315673828125 0.018341064453125 0.068902587890625
0 0.28271484375 0.661724853515625 0.0567626953125 0.044689178466796875
0 0.10211181640625 0.4244659423828125 0.029815673828125 0.060289764404296876
0 0.138916015625 0.60322265625 0.052703857421875 0.047397613525390625
0 0.66064453125 0.626190185546875 0.047607421875 0.06332321166992187
1 0.14013671875 0.252642822265625 0.0237274169921875 0.06402740478515626
1 0.6591796875 0.904833984375 0.033782958984375 0.07637786865234375
1 0.134033203125 0.3828643798828125 0.0289306640625 0.062131500244140624
0 0.265625 0.597589111328125 0.053192138671875 0.044689178466796875
0 0.10650634765625 0.70462646484375 0.033599853515625 0.06321487426757813
1 0.984375 0.3330291748046875 0.0268096923828125 0.06467742919921875
1 0.83837890625 0.90396728515625 0.0345458984375 0.06169815063476562
1 0.986328125 0.2602264404296875 0.02386474609375 0.05424995422363281
1 0.859375 0.13704681396484375 0.0306243896484375 0.06613998413085938
1 0.272216796875 0.2849273681640625 0.0222015380859375 0.06169815063476562
1 0.03948974609375 0.2489593505859375 0.0283355712890625 0.06776504516601563
1 0.85595703125 0.3052947998046875 0.0273284912109375 0.058502197265625
1 0.165771484375 0.2909942626953125 0.02886962890625 0.0656524658203125
0 0.8828125 0.481451416015625 0.05572509765625 0.04626007080078125
1 0.37158203125 0.349713134765625 0.0282745361328125 0.05752716064453125
1 0.7001953125 0.43248291015625 0.0184783935546875 0.06749420166015625
1 0.70556640625 0.3724639892578125 0.0299835205078125 0.0582855224609375
1 0.93017578125 0.2346588134765625 0.02655029296875 0.07274856567382812
1 0.63818359375 0.1092041015625 0.0182952880859375 0.07020263671875
0 0.35595703125 0.46715087890625 0.044097900390625 0.060506439208984374
1 0.71728515625 0.221441650390625 0.02001953125 0.06418991088867188
1 0.60791015625 0.3434295654296875 0.019561767578125 0.06538162231445313
1 0.7353515625 0.31201171875 0.0259552001953125 0.04401206970214844
1 0.2156982421875 0.336712646484375 0.03125 0.0682525634765625
1 0.57666015625 0.3863311767578125 0.0297088623046875 0.05465621948242187
1 0.76806640625 0.16629791259765625 0.02886962890625 0.06451492309570313
1 0.472412109375 0.3720306396484375 0.014556884765625 0.04016609191894531
1 0.08251953125 0.2571929931640625 0.033905029296875 0.06776504516601563
1 0.037109375 0.3425628662109375 0.0240020751953125 0.0537353515625
1 0.5537109375 0.3356292724609375 0.01837158203125 0.06538162231445313
1 0.220703125 0.20443267822265626 0.0269622802734375 0.05752716064453125
1 0.587890625 0.2428924560546875 0.01519012451171875 0.06007308959960937
1 0.837890625 0.22274169921875 0.0287628173828125 0.06099395751953125
1 0.10931396484375 0.871466064453125 0.0401611328125 0.05644378662109375
1 0.8193359375 0.4175323486328125 0.0244293212890625 0.04563713073730469
1 0.79443359375 0.2870941162109375 0.030731201171875 0.074969482421875
1 0.9541015625 0.925634765625 0.04510498046875 0.062131500244140624
0 0.03607177734375 0.476251220703125 0.057281494140625 0.05414161682128906
1 0.41064453125 0.79996337890625 0.035003662109375 0.0608856201171875
1 0.4775390625 0.084503173828125 0.0204925537109375 0.075836181640625
1 0.6943359375 0.2792938232421875 0.019500732421875 0.05644378662109375
1 0.6796875 0.128271484375 0.019012451171875 0.07415695190429687
1 0.64599609375 0.281243896484375 0.019561767578125 0.06077728271484375