1 0.4921752738654147 0.11712962962962963 0.02608242044861763 0.06111111111111111
0 0.1752738654147105 0.4162037037037037 0.05738132498695879 0.04537037037037037
0 0.30333854981742303 0.4310185185185185 0.05268648930620762 0.03981481481481482
0 0.08111632759520084 0.4699074074074074 0.053208137715179966 0.04537037037037037
1 0.02634324465310381 0.5462962962962963 0.03129890453834116 0.05925925925925926
1 0.8109024517475222 0.48842592592592593 0.02764736567553469 0.0824074074074074
1 0.7451747522170057 0.14212962962962963 0.036515388628064686 0.06388888888888888
1 0.39123630672926446 0.7337962962962963 0.028169014084507043 0.06666666666666667
0 0.44235785080855505 0.5254629629629629 0.04590505998956703 0.04537037037037037
1 0.21387584767866458 0.5657407407407408 0.0297339593114241 0.07222222222222222
0 0.6309337506520605 0.42083333333333334 0.04903495044340115 0.075
1 0.11319770474700053 0.8226851851851852 0.03234220135628586 0.07592592592592592
0 0.31194574856546686 0.49166666666666664 0.048513302034428794 0.044444444444444446
1 0.017475221700573813 0.6314814814814815 0.03286384976525822 0.06296296296296296
1 0.07720396452790819 0.8462962962962963 0.029212310902451747 0.06388888888888888
1 0.05607720396452791 0.8175925925925925 0.03495044340114763 0.06944444444444445
1 0.956964006259781 0.7694444444444445 0.03025560772039645 0.06574074074074074
1 0.025821596244131457 0.7726851851851851 0.03338549817423057 0.06944444444444445
1 0.05268648930620762 0.5722222222222222 0.02556077203964528 0.06574074074074074
1 0.5928534167970788 0.7101851851851851 0.030777256129368807 0.06296296296296296
1 0.6883150756390193 0.16157407407407406 0.02138758476786646 0.06759259259259259
1 0.6833594157537819 0.3449074074074074 0.030777256129368807 0.05185185185185185
1 0.46296296296296297 0.22962962962962963 0.02764736567553469 0.06111111111111111
1 0.2535211267605634 0.7407407407407407 0.03025560772039645 0.06481481481481481
1 0.09181011997913406 0.22685185185185186 0.03390714658320292 0.06481481481481481
1 0.22900365153886282 0.8041666666666667 0.02034428794992175 0.06111111111111111
1 0.55320813771518 0.662962962962963 0.027125717266562335 0.06388888888888888
1 0.14893062076160668 0.5768518518518518 0.03286384976525822 0.07037037037037037
1 0.621283255086072 0.6666666666666666 0.022430881585811163 0.06018518518518518
1 0.23395931142410015 0.8662037037037037 0.022430881585811163 0.06759259259259259
1 0.3907146583202921 0.6240740740740741 0.027125717266562335 0.06759259259259259
1 0.6458007303077725 0.7064814814814815 0.028690662493479395 0.058333333333333334
1 0.8093375065206051 0.6509259259259259 0.030777256129368807 0.062037037037037036
1 0.513302034428795 0.6212962962962963 0.03234220135628586 0.06574074074074074
0 0.5675534689619197 0.487962962962963 0.050078247261345854 0.044444444444444446
1 0.7206572769953051 0.6222222222222222 0.023995826812728223 0.04814814814814815
1 0.3398539384454877 0.35185185185185186 0.018257694314032343 0.05925925925925926
1 0.9374021909233177 0.6703703703703704 0.037037037037037035 0.06296296296296296
1 0.7141366718831508 0.6898148148148148 0.022430881585811163 0.06944444444444445
1 0.054773082942097026 0.674074074074074 0.029212310902451747 0.07037037037037037
1 0.6945748565466875 0.3074074074074074 0.03182055294731351 0.05648148148148148
1 0.2934272300469484 0.23564814814814813 0.03390714658320292 0.062037037037037036
1 0.6810119979134064 0.2222222222222222 0.026604068857589983 0.05092592592592592
1 0.5670318205529473 0.6300925925925925 0.022430881585811163 0.06481481481481481
1 0.310641627543036 0.9138888888888889 0.01617110067814293 0.062037037037037036
1 0.3364632237871675 0.663425925925926 0.02138758476786646 0.06018518518518518
1 0.4624413145539906 0.7625 0.018257694314032343 0.06481481481481481
1 0.37245696400625977 0.7023148148148148 0.01773604590505999 0.06296296296296296
1 0.28664580073030776 0.8583333333333333 0.015127803860198226 0.06388888888888888
1 0.6770996348461137 0.18333333333333332 0.030777256129368807 0.05648148148148148
1 0.4014084507042254 0.37407407407407406 0.025039123630672927 0.06481481481481481
1 0.9235785080855503 0.7287037037037037 0.0297339593114241 0.06481481481481481
1 0.35002608242044864 0.774537037037037 0.022952529994783515 0.06574074074074074
1 0.08555033907146584 0.7212962962962963 0.02034428794992175 0.06296296296296296
1 0.9616588419405321 0.32083333333333336 0.022430881585811163 0.05185185185185185
1 0.36280646844027126 0.5800925925925926 0.01773604590505999 0.06666666666666667
1 0.5005216484089724 0.7384259259259259 0.03442879499217527 0.11018518518518519
1 0.2856025039123631 0.6912037037037037 0.028690662493479395 0.05648148148148148
1 0.8315075639019301 0.08287037037037037 0.023474178403755867 0.06388888888888888
1 0.8708920187793427 0.6648148148148149 0.03025560772039645 0.06388888888888888
1 0.9561815336463224 0.45925925925925926 0.03808033385498174 0.05740740740740741
1 0.09076682316118936 0.8657407407407407 0.02556077203964528 0.06759259259259259
1 0.6614501825769431 0.7430555555555556 0.019300991131977047 0.06018518518518518
1 0.7227438706311946 0.03009259259259259 0.029212310902451747 0.05185185185185185
1 0.8234220135628586 0.7416666666666667 0.02190923317683881 0.06759259259259259
1 0.5258215962441315 0.08888888888888889 0.02608242044861763 0.05092592592592592
1 0.03468961919666145 0.9518518518518518 0.01773604590505999 0.07037037037037037
0 0.4945226917057903 0.7875 0.036515388628064686 0.03888888888888889
1 0.01278038601982264 0.825462962962963 0.0198226395409494 0.05648148148148148
1 0.9418362023995827 0.8050925925925926 0.029212310902451747 0.06574074074074074
1 0.06885758998435054 0.6916666666666667 0.02608242044861763 0.06481481481481481
1 0.495565988523735 0.1787037037037037 0.023995826812728223 0.06111111111111111
1 0.7775169535732916 0.8819444444444444 0.022952529994783515 0.06481481481481481
1 0.18362023995826812 0.6824074074074075 0.026604068857589983 0.05648148148148148
1 0.16562336984872197 0.7527777777777778 0.02190923317683881 0.05185185185185185
1 0.46531038080333853 0.6689814814814815 0.027125717266562335 0.05740740740740741
1 0.2569118414188837 0.7731481481481481 0.018257694314032343 0.041666666666666664
1 0.599113197704747 0.7712962962962963 0.014606155451225874 0.046296296296296294
1 0.4081898800208659 0.6865740740740741 0.017214397496087636 0.06018518518518518
1 0.4188836724047992 0.8009259259259259 0.015127803860198226 0.04814814814814815
1 0.5847678664580073 0.7518518518518519 0.03025560772039645 0.06944444444444445
1 0.45618153364632236 0.3060185185185185 0.0198226395409494 0.05092592592592592
1 0.33541992696922274 0.1425925925925926 0.02190923317683881 0.06018518518518518
1 0.9801773604590506 0.8726851851851852 0.023995826812728223 0.06296296296296296
1 0.10459050599895671 0.07962962962962963 0.0297339593114241 0.04722222222222222
1 0.009650495565988524 0.8708333333333333 0.016692749087115284 0.06018518518518518
1 0.7918622848200313 0.7791666666666667 0.026604068857589983 0.06388888888888888
1 0.4491392801251956 0.2657407407407407 0.022952529994783515 0.049074074074074076
1 0.8617631716223265 0.7231481481481481 0.037037037037037035 0.06944444444444445
1 0.25821596244131456 0.04675925925925926 0.03442879499217527 0.058333333333333334
1 0.8109024517475222 0.8171296296296297 0.02034428794992175 0.04814814814814815
1 0.31351069379238394 0.7782407407407408 0.022952529994783515 0.062037037037037036
1 0.7386541471048513 0.7893518518518519 0.025039123630672927 0.06666666666666667
1 0.10850286906624934 0.7597222222222222 0.03286384976525822 0.05925925925925926
1 0.08007303077725612 0.586574074074074 0.03390714658320292 0.06851851851851852
1 0.7086593635889411 0.7263888888888889 0.022430881585811163 0.06296296296296296
1 0.8901930099113198 0.7925925925925926 0.0297339593114241 0.05
0 0.02060511215440793 0.9189814814814815 0.0297339593114241 0.06111111111111111
1 0.8450704225352113 0.8291666666666667 0.023995826812728223 0.05
1 0.7339593114241002 0.8379629629629629 0.02034428794992175 0.03425925925925926