0 0.8158854166666667 0.6 0.053125 0.044444444444444446
0 0.73359375 0.6689814814814815 0.05572916666666667 0.04351851851851852
0 0.82421875 0.5310185185185186 0.0421875 0.05648148148148148
0 0.06354166666666666 0.33611111111111114 0.04739583333333333 0.04537037037037037
0 0.9247395833333333 0.4787037037037037 0.050520833333333334 0.041666666666666664
0 0.7578125 0.44074074074074077 0.033854166666666664 0.06481481481481481
0 0.1 0.47638888888888886 0.046875 0.06388888888888888
0 0.95625 0.32546296296296295 0.04635416666666667 0.03425925925925926
0 0.6888020833333334 0.5972222222222222 0.036458333333333336 0.04259259259259259
0 0.11536458333333334 0.39166666666666666 0.0515625 0.05185185185185185
0 0.7901041666666667 0.38981481481481484 0.04739583333333333 0.03981481481481482
0 0.025260416666666667 0.5407407407407407 0.050520833333333334 0.06481481481481481
0 0.7752604166666667 0.3148148148148148 0.04791666666666667 0.053703703703703705
0 0.7239583333333334 0.5 0.05677083333333333 0.06574074074074074
0 0.79140625 0.7217592592592592 0.057291666666666664 0.06759259259259259
0 0.1109375 0.3490740740740741 0.04895833333333333 0.05555555555555555