0 0.0975341796875 0.3587239583333333 0.05242919921875 0.042670355902777776
0 0.34033203125 0.3884548611111111 0.047607421875 0.04250759548611111
0 0.352783203125 0.3485243055555556 0.0271759033203125 0.05064561631944445
0 0.35888671875 0.4657118055555556 0.051544189453125 0.04250759548611111
0 0.091064453125 0.5403645833333334 0.03662109375 0.059027777777777776
0 0.580078125 0.3483072916666667 0.0455322265625 0.043158637152777776
0 0.712890625 0.3988715277777778 0.04779052734375 0.043511284722222224
1 0.01282501220703125 0.4032118055555556 0.0255584716796875 0.04758029513888889
0 0.51904296875 0.3135850694444444 0.0457763671875 0.044759114583333336
1 0.91796875 0.2506510416666667 0.03192138671875 0.061089409722222224
0 0.981842041015625 0.3409288194444444 0.03631591796875 0.044514973958333336