1 0.7900390625 0.6848958333333334 0.0273284912109375 0.0730251736111111
0 0.1285400390625 0.5151909722222222 0.0537109375 0.037923177083333336
0 0.39697265625 0.5060763888888888 0.052520751953125 0.04052734375
0 0.025421142578125 0.5603298611111112 0.049591064453125 0.04408094618055555
0 0.75390625 0.3819444444444444 0.0482177734375 0.047309027777777776
0 0.219482421875 0.4008246527777778 0.047088623046875 0.041802300347222224
0 0.955078125 0.2834201388888889 0.048675537109375 0.044840494791666664
0 0.1663818359375 0.3194444444444444 0.044677734375 0.03770616319444445
0 0.9802093505859375 0.3713107638888889 0.039581298828125 0.04527452256944445
0 0.7666015625 0.5095486111111112 0.04681396484375 0.042914496527777776
0 0.11297607421875 0.8745659722222222 0.062225341796875 0.039469401041666664
0 0.8134765625 0.5711805555555556 0.03314208984375 0.049886067708333336
0 0.6435546875 0.22743055555555555 0.026702880859375 0.059624565972222224
0 0.572265625 0.10877821180555555 0.0217437744140625 0.0705837673611111
1 0.8113839285714287 0.6884920634920638 0.02157738095238102 0.07010582010582006