0 0.64453125 0.627056884765625 0.04949951171875 0.05029563903808594
1 0.438232421875 0.6257568359375 0.03326416015625 0.04934768676757813
1 0.59765625 0.8927001953125 0.035552978515625 0.0606689453125
1 0.6982421875 0.81383056640625 0.034942626953125 0.0591522216796875
0 0.64208984375 0.563787841796875 0.047088623046875 0.04504127502441406
1 0.40283203125 0.6257568359375 0.029083251953125 0.06451492309570313
0 0.6982421875 0.5148193359375 0.053314208984375 0.044770431518554685
1 0.84130859375 0.887066650390625 0.027069091796875 0.0556854248046875
1 0.62158203125 0.4283660888671875 0.0272674560546875 0.06603164672851562
1 0.95361328125 0.3412628173828125 0.0279541015625 0.06099395751953125
1 0.6279296875 0.726727294921875 0.0219879150390625 0.07513198852539063
1 0.346435546875 0.59022216796875 0.0238189697265625 0.08542404174804688
1 0.2841796875 0.834197998046875 0.0352783203125 0.06310653686523438
0 0.200439453125 0.530419921875 0.05108642578125 0.043091201782226564
1 0.1693115234375 0.599322509765625 0.034698486328125 0.08092803955078125
0 0.83056640625 0.55728759765625 0.054901123046875 0.04777679443359375
0 0.133056640625 0.491851806640625 0.05145263671875 0.04062652587890625
1 0.3408203125 0.967236328125 0.030731201171875 0.0535186767578125
1 0.98779296875 0.3425628662109375 0.022796630859375 0.053924942016601564
0 0.26123046875 0.474517822265625 0.0411376953125 0.06272735595703124
1 0.5205078125 0.059856414794921875 0.014617919921875 0.061589813232421874
1 0.88427734375 0.257843017578125 0.0218658447265625 0.06841506958007812
1 0.56298828125 0.6846923828125 0.0272216796875 0.054954147338867186
1 0.43603515625 0.75316162109375 0.0247039794921875 0.060398101806640625
1 0.86669921875 0.3310791015625 0.0311431884765625 0.061589813232421874
0 0.346435546875 0.46368408203125 0.04400634765625 0.041411972045898436
1 0.94189453125 0.3910980224609375 0.0279541015625 0.060506439208984374
1 0.1649169921875 0.3412628173828125 0.036285400390625 0.0656524658203125
1 0.96484375 0.189373779296875 0.022369384765625 0.07047348022460938
1 0.7080078125 0.2411590576171875 0.017181396484375 0.06251068115234375
1 0.95703125 0.47235107421875 0.0283355712890625 0.06548995971679687
1 0.69677734375 0.9377685546875 0.036163330078125 0.0574188232421875
1 0.3515625 0.90570068359375 0.026763916015625 0.061102294921875
1 0.77587890625 0.3728973388671875 0.026763916015625 0.06467742919921875
1 0.292236328125 0.19511566162109376 0.0247955322265625 0.04444541931152344
1 0.86669921875 0.833331298828125 0.0360107421875 0.060506439208984374
1 0.62548828125 0.13076324462890626 0.0169219970703125 0.062023162841796875
1 0.393798828125 0.317645263671875 0.0297088623046875 0.06727752685546876
1 0.405517578125 0.2446258544921875 0.02508544921875 0.05926055908203125
1 0.416015625 0.364013671875 0.0244293212890625 0.04942893981933594
1 0.80029296875 0.689459228515625 0.0290374755859375 0.08141555786132812
1 0.08740234375 0.336712646484375 0.01898193359375 0.042441177368164065
1 0.73486328125 0.94730224609375 0.0374755859375 0.0591522216796875
1 0.2318115234375 0.2617431640625 0.020843505859375 0.06489410400390624
1 0.330322265625 0.3737640380859375 0.0272674560546875 0.05926055908203125
1 0.5498046875 0.2775604248046875 0.0177764892578125 0.059748077392578126
1 0.022796630859375 0.9204345703125 0.03131103515625 0.05633544921875
0 0.40283203125 0.524786376953125 0.050506591796875 0.04235992431640625
1 0.71826171875 0.3763641357421875 0.0241851806640625 0.04607048034667969
1 0.25048828125 0.2108245849609375 0.0247039794921875 0.0591522216796875
1 0.287353515625 0.2912109375 0.019378662109375 0.06489410400390624
1 0.53955078125 0.357080078125 0.01812744140625 0.06787338256835937
1 0.693359375 0.424249267578125 0.0189056396484375 0.07610702514648438
1 0.443603515625 0.2935943603515625 0.024932861328125 0.06538162231445313
1 0.83251953125 0.2909942626953125 0.023651123046875 0.06603164672851562
1 0.07879638671875 0.25220947265625 0.03289794921875 0.06402740478515626
1 0.11614990234375 0.2132080078125 0.0282745361328125 0.0626190185546875
1 0.1434326171875 0.2792938232421875 0.021942138671875 0.06402740478515626
1 0.05145263671875 0.21244964599609376 0.02191162109375 0.05796051025390625
1 0.50830078125 0.2998779296875 0.02288818359375 0.058502197265625
1 0.1864013671875 0.2142913818359375 0.028594970703125 0.056768798828125
1 0.728515625 0.0981536865234375 0.017913818359375 0.072369384765625
1 0.491455078125 0.3518798828125 0.0174407958984375 0.062835693359375
1 0.74267578125 0.328045654296875 0.0254669189453125 0.06332321166992187
1 0.469970703125 0.3414794921875 0.017852783203125 0.059964752197265624
1 0.814453125 0.251776123046875 0.0221099853515625 0.060289764404296876
0 0.8056640625 0.61448974609375 0.05059814453125 0.050078964233398436
1 0.609375 0.2142913818359375 0.024993896484375 0.06982345581054687
1 0.6767578125 0.342779541015625 0.0263519287109375 0.046774673461914065
1 0.6611328125 0.2714935302734375 0.022369384765625 0.068035888671875
1 0.61865234375 0.3980316162109375 0.02947998046875 0.03948898315429687
1 0.77490234375 0.322845458984375 0.0240936279296875 0.046341323852539064
1 0.85888671875 0.172906494140625 0.0216522216796875 0.06548995971679687
1 0.475341796875 0.856732177734375 0.02069091796875 0.0574188232421875
1 0.67041015625 0.20508270263671874 0.02447509765625 0.0712860107421875
1 0.8125 0.17843170166015626 0.02508544921875 0.07914047241210938
1 0.022369384765625 0.25220947265625 0.0293731689453125 0.05709381103515625
1 0.41650390625 0.69769287109375 0.027008056640625 0.05311241149902344
1 0.350830078125 0.261309814453125 0.027069091796875 0.04988937377929688
1 0.474609375 0.78436279296875 0.0312042236328125 0.05953140258789062
1 0.5419921875 0.2407257080078125 0.0211639404296875 0.044607925415039065
1 0.51416015625 0.2424591064453125 0.0177154541015625 0.04436416625976562
1 0.66943359375 0.13953857421875 0.017913818359375 0.05579376220703125
1 0.490234375 0.2168914794921875 0.021087646484375 0.08704910278320313
1 0.67919921875 0.10151214599609375 0.0189056396484375 0.04536628723144531
1 0.318603515625 0.34234619140625 0.0273284912109375 0.041330718994140626