0 0.18857589984350548 0.41435185185185186 0.05425143453312467 0.04537037037037037
1 0.29551382368283774 0.7893518518518519 0.01773604590505999 0.062037037037037036
0 0.3075117370892019 0.49722222222222223 0.03599374021909233 0.058333333333333334
1 0.7613458528951487 0.6138888888888889 0.03025560772039645 0.05462962962962963
0 0.3315075639019301 0.42685185185185187 0.037037037037037035 0.03611111111111111
0 0.36906624934793947 0.47453703703703703 0.041731872717788214 0.041666666666666664
0 0.03808033385498174 0.3296296296296296 0.05738132498695879 0.06944444444444445
1 0.13771517996870108 0.7013888888888888 0.024517475221700575 0.06851851851851852
1 0.7222222222222222 0.6027777777777777 0.03129890453834116 0.046296296296296294
1 0.21283255086071987 0.5847222222222223 0.028690662493479395 0.06574074074074074
0 0.29890453834115804 0.2898148148148148 0.04538341158059468 0.05277777777777778
1 0.563641105894627 0.6731481481481482 0.025039123630672927 0.06759259259259259
1 0.593114241001565 0.32546296296296295 0.03390714658320292 0.09722222222222222
1 0.04251434533124674 0.6310185185185185 0.025039123630672927 0.05462962962962963
0 0.38628064684402713 0.26944444444444443 0.05112154407929056 0.05277777777777778
1 0.2994261867501304 0.5648148148148148 0.02764736567553469 0.07037037037037037
0 0.4887845592070944 0.4791666666666667 0.0495565988523735 0.049074074074074076
1 0.2490871152842984 0.575 0.03129890453834116 0.07407407407407407
1 0.2631716223265519 0.8236111111111111 0.018779342723004695 0.06666666666666667
1 0.3281168492436098 0.5685185185185185 0.0297339593114241 0.07037037037037037
1 0.17240479916536255 0.7935185185185185 0.02608242044861763 0.06574074074074074
0 0.5203442879499217 0.5166666666666667 0.04329681794470527 0.04351851851851852
1 0.8800208659363589 0.6916666666666667 0.023474178403755867 0.058333333333333334
1 0.47522170057381324 0.6930555555555555 0.025039123630672927 0.05555555555555555
1 0.3823682837767345 0.5476851851851852 0.03025560772039645 0.075
1 0.3735002608242045 0.3587962962962963 0.02556077203964528 0.058333333333333334
1 0.5005216484089724 0.5680555555555555 0.0297339593114241 0.05740740740740741
0 0.23735002608242045 0.3189814814814815 0.057902973395931145 0.04537037037037037
1 0.09076682316118936 0.07962962962962963 0.03129890453834116 0.05648148148148148
1 0.5067814293166406 0.6314814814814815 0.02190923317683881 0.06018518518518518
1 0.5057381324986959 0.7319444444444444 0.018779342723004695 0.053703703703703705
1 0.01278038601982264 0.6675925925925926 0.022430881585811163 0.0712962962962963
1 0.08007303077725612 0.8356481481481481 0.022952529994783515 0.07222222222222222
1 0.06259780907668232 0.7527777777777778 0.03755868544600939 0.07407407407407407
1 0.6580594679186228 0.7157407407407408 0.0297339593114241 0.05555555555555555
1 0.7621283255086072 0.7467592592592592 0.022952529994783515 0.06481481481481481
1 0.874282733437663 0.6416666666666667 0.038601982263954095 0.062037037037037036
0 0.7344809598330725 0.44583333333333336 0.04225352112676056 0.053703703703703705
1 0.3359415753781951 0.875 0.02034428794992175 0.06944444444444445
1 0.7193531559728743 0.6675925925925926 0.018257694314032343 0.05555555555555555
1 0.3403755868544601 0.7861111111111111 0.018257694314032343 0.05
0 0.11632759520083463 0.34629629629629627 0.04747000521648409 0.062037037037037036
1 0.3315075639019301 0.6236111111111111 0.024517475221700575 0.058333333333333334
1 0.38967136150234744 0.725925925925926 0.02138758476786646 0.06018518518518518
1 0.2939488784559207 0.6763888888888889 0.024517475221700575 0.06574074074074074
1 0.4204486176317162 0.17453703703703705 0.028169014084507043 0.06666666666666667
1 0.801773604590506 0.649074074074074 0.020865936358894107 0.058333333333333334
1 0.3745435576421492 0.6212962962962963 0.0198226395409494 0.062037037037037036
1 0.4413145539906103 0.749537037037037 0.02034428794992175 0.053703703703703705
1 0.8729786124152321 0.750462962962963 0.02608242044861763 0.07407407407407407
1 0.20422535211267606 0.7875 0.02190923317683881 0.06666666666666667
1 0.38967136150234744 0.7550925925925925 0.013562858633281168 0.041666666666666664
1 0.12023995826812728 0.8282407407407407 0.023474178403755867 0.07685185185185185
1 0.9014084507042254 0.8004629629629629 0.02556077203964528 0.062037037037037036
1 0.6990088680229525 0.7472222222222222 0.017214397496087636 0.04722222222222222
1 0.405320813771518 0.8893518518518518 0.016692749087115284 0.075
1 0.2094418362023996 0.8495370370370371 0.02556077203964528 0.05648148148148148
1 0.7908189880020866 0.8171296296296297 0.025039123630672927 0.06574074074074074
1 0.27543035993740217 0.6314814814814815 0.02556077203964528 0.06574074074074074
1 0.983828899321857 0.825 0.026604068857589983 0.05185185185185185
1 0.04773082942097027 0.9347222222222222 0.01617110067814293 0.07037037037037037
1 0.8291601460615545 0.725462962962963 0.03025560772039645 0.053703703703703705
1 0.5375586854460094 0.725462962962963 0.027125717266562335 0.04259259259259259
1 0.8249869587897757 0.8101851851851852 0.026604068857589983 0.0712962962962963
1 0.2423056859676578 0.8810185185185185 0.01564945226917058 0.06111111111111111
1 0.23082942097026604 0.7134259259259259 0.023474178403755867 0.06111111111111111
1 0.7303077725612936 0.725 0.02608242044861763 0.05925925925925926
1 0.31011997913406364 0.7069444444444445 0.022430881585811163 0.05925925925925926
1 0.6165884194053208 0.711574074074074 0.019300991131977047 0.044444444444444446
1 0.9181011997913406 0.8125 0.01773604590505999 0.05462962962962963
1 0.21961398017736045 0.6328703703703704 0.025039123630672927 0.06111111111111111
1 0.3281168492436098 0.7518518518518519 0.02190923317683881 0.05462962962962963
1 0.18596765779864372 0.7041666666666667 0.024517475221700575 0.08055555555555556
1 0.5005216484089724 0.9328703703703703 0.016692749087115284 0.06666666666666667
1 0.297339593114241 0.3453703703703704 0.02608242044861763 0.03888888888888889
1 0.903755868544601 0.19722222222222222 0.036515388628064686 0.05925925925925926
1 0.2347417840375587 0.6578703703703703 0.02764736567553469 0.06388888888888888
1 0.05607720396452791 0.799074074074074 0.02034428794992175 0.06388888888888888
1 0.260302556077204 0.6884259259259259 0.027125717266562335 0.06481481481481481
1 0.8959311424100157 0.324537037037037 0.03547209181011998 0.05648148148148148
1 0.8854981742305686 0.36944444444444446 0.03025560772039645 0.058333333333333334
1 0.3270735524256651 0.6837962962962963 0.01773604590505999 0.046296296296296294
1 0.9919144496609286 0.700462962962963 0.01617110067814293 0.05092592592592592
1 0.6854460093896714 0.7981481481481482 0.019300991131977047 0.05
0 0.01278038601982264 0.475 0.025039123630672927 0.053703703703703705
1 0.9473135106937924 0.8166666666666667 0.023474178403755867 0.037037037037037035
1 0.720396452790819 0.07592592592592592 0.02190923317683881 0.05648148148148148
0 0.7819509650495566 0.5652777777777778 0.051643192488262914 0.0712962962962963
1 0.7532603025560772 0.13657407407407407 0.02764736567553469 0.05555555555555555
1 0.5884194053208138 0.026851851851851852 0.028690662493479395 0.04722222222222222