0 0.801773604590506 0.5342592592592592 0.050078247261345854 0.044444444444444446
0 0.6786645800730308 0.5768518518518518 0.051643192488262914 0.041666666666666664
0 0.7076160667709963 0.475 0.053208137715179966 0.04814814814814815
1 0.7501304121022431 0.3537037037037037 0.02764736567553469 0.05740740740740741
1 0.16692749087115286 0.16111111111111112 0.02608242044861763 0.062037037037037036
1 0.43740219092331767 0.6685185185185185 0.019300991131977047 0.06111111111111111
1 0.9726134585289515 0.16898148148148148 0.02764736567553469 0.05925925925925926
1 0.9684402712571727 0.7 0.03286384976525822 0.06018518518518518
1 0.19431403234220135 0.4166666666666667 0.027125717266562335 0.0712962962962963
1 0.9128847157016171 0.2962962962962963 0.03495044340114763 0.06111111111111111
1 0.6739697443922796 0.30185185185185187 0.02190923317683881 0.06481481481481481
0 0.20839853938445488 0.5601851851851852 0.05894627021387585 0.04814814814814815
1 0.8909754825247783 0.8074074074074075 0.029212310902451747 0.053703703703703705
1 0.9700052164840898 0.6305555555555555 0.03599374021909233 0.05555555555555555
1 0.9021909233176839 0.8842592592592593 0.0406885758998435 0.05277777777777778
1 0.3985393844548774 0.3768518518518518 0.03129890453834116 0.046296296296296294
1 0.680490349504434 0.40879629629629627 0.029212310902451747 0.062037037037037036
1 0.5589462702138759 0.38796296296296295 0.02138758476786646 0.06111111111111111
0 0.8928012519561815 0.5097222222222222 0.04277516953573292 0.07592592592592592
1 0.9533124673969744 0.300462962962963 0.0297339593114241 0.053703703703703705
1 0.8338549817423057 0.29305555555555557 0.029212310902451747 0.053703703703703705
1 0.3028169014084507 0.40185185185185185 0.020865936358894107 0.05555555555555555
1 0.5790297339593115 0.35694444444444445 0.024517475221700575 0.053703703703703705
1 0.5406885758998435 0.28055555555555556 0.027125717266562335 0.06018518518518518
0 0.9183620239958268 0.4115740740740741 0.03129890453834116 0.053703703703703705
1 0.18857589984350548 0.13055555555555556 0.02034428794992175 0.06481481481481481
1 0.9827856025039123 0.5467592592592593 0.03338549817423057 0.075
1 0.6283255086071987 0.3662037037037037 0.022430881585811163 0.06111111111111111
1 0.8453312467396974 0.22361111111111112 0.03547209181011998 0.06296296296296296
1 0.23187271778821075 0.3365740740740741 0.019300991131977047 0.0712962962962963
1 0.2871674491392801 0.6472222222222223 0.026604068857589983 0.08333333333333333
1 0.9400104329681794 0.20185185185185187 0.023995826812728223 0.049074074074074076
1 0.7994261867501304 0.19583333333333333 0.018257694314032343 0.05277777777777778
1 0.10067814293166406 0.8282407407407407 0.03338549817423057 0.06296296296296296
1 0.7269170579029735 0.22407407407407406 0.027125717266562335 0.05648148148148148
0 0.3192488262910798 0.32314814814814813 0.04121022430881586 0.03796296296296296
1 0.9181011997913406 0.22546296296296298 0.02764736567553469 0.06759259259259259
1 0.10406885758998435 0.2898148148148148 0.03234220135628586 0.06111111111111111
1 0.36906624934793947 0.35833333333333334 0.018779342723004695 0.06666666666666667
1 0.7556077203964527 0.2671296296296296 0.02190923317683881 0.05277777777777778
1 0.3338549817423057 0.3453703703703704 0.02138758476786646 0.06018518518518518
1 0.05216484089723526 0.13518518518518519 0.022430881585811163 0.06666666666666667
1 0.622848200312989 0.7958333333333333 0.030777256129368807 0.06018518518518518
0 0.4316640584246218 0.48148148148148145 0.046948356807511735 0.04722222222222222
1 0.5109546165884195 0.275 0.020865936358894107 0.05648148148148148
1 0.21152842983828898 0.9324074074074075 0.037037037037037035 0.06296296296296296
1 0.3403755868544601 0.2675925925925926 0.01773604590505999 0.06481481481481481
1 0.3286384976525822 0.1736111111111111 0.03025560772039645 0.03981481481481482
1 0.5597287428273344 0.8245370370370371 0.029212310902451747 0.06111111111111111
1 0.6293688054251435 0.8842592592592593 0.03442879499217527 0.05740740740740741
1 0.09859154929577464 0.4310185185185185 0.03547209181011998 0.04537037037037037
1 0.7276995305164319 0.3050925925925926 0.0198226395409494 0.07222222222222222
1 0.4793948878455921 0.06666666666666667 0.01773604590505999 0.07685185185185185
1 0.2436098069900887 0.4125 0.018779342723004695 0.05185185185185185
1 0.301773604590506 0.3736111111111111 0.02556077203964528 0.03611111111111111
1 0.6369327073552425 0.7263888888888889 0.03442879499217527 0.05277777777777778
1 0.43114241001564946 0.22962962962962963 0.022430881585811163 0.05740740740740741
1 0.38184663536776214 0.1925925925925926 0.022430881585811163 0.07037037037037037
0 0.6032863849765259 0.5189814814814815 0.04538341158059468 0.05277777777777778
1 0.7018779342723005 0.21666666666666667 0.022430881585811163 0.05
1 0.02686489306207616 0.9439814814814815 0.03547209181011998 0.06296296296296296
1 0.7498695878977569 0.1865740740740741 0.019300991131977047 0.05
1 0.39932185706833595 0.08425925925925926 0.012519561815336464 0.03981481481481482
1 0.1841418883672405 0.3638888888888889 0.017214397496087636 0.06018518518518518
1 0.3270735524256651 0.21435185185185185 0.024517475221700575 0.053703703703703705
1 0.971830985915493 0.12777777777777777 0.019300991131977047 0.05277777777777778
1 0.0912884715701617 0.46620370370370373 0.01617110067814293 0.04351851851851852
1 0.6366718831507564 0.2564814814814815 0.02034428794992175 0.06111111111111111
1 0.1431924882629108 0.3226851851851852 0.028169014084507043 0.05555555555555555
1 0.49504434011476267 0.300462962962963 0.027125717266562335 0.05277777777777778
1 0.5073030777256129 0.8199074074074074 0.03234220135628586 0.04722222222222222
1 0.11815336463223787 0.7592592592592593 0.03495044340114763 0.05185185185185185
1 0.9102764736567553 0.9629629629629629 0.03442879499217527 0.05740740740740741
1 0.3930620761606677 0.41388888888888886 0.01773604590505999 0.05
1 0.2665623369848722 0.15462962962962962 0.028690662493479395 0.03333333333333333
1 0.2676056338028169 0.19537037037037036 0.02138758476786646 0.05555555555555555
1 0.08946270213875848 0.22685185185185186 0.0297339593114241 0.037037037037037035
1 0.49165362545644237 0.36944444444444446 0.02608242044861763 0.05277777777777778