0 0.38028169014084506 0.6291666666666667 0.03286384976525822 0.06296296296296296
0 0.2793427230046948 0.5662037037037037 0.029212310902451747 0.05925925925925926
0 0.5401669274908711 0.5731481481481482 0.050078247261345854 0.046296296296296294
0 0.4731351069379238 0.5162037037037037 0.03182055294731351 0.05462962962962963
1 0.21152842983828898 0.3314814814814815 0.03547209181011998 0.0787037037037037
1 0.4439227960354721 0.7277777777777777 0.02764736567553469 0.062037037037037036
0 0.07433489827856025 0.575925925925926 0.03442879499217527 0.06388888888888888
1 0.45748565466875324 0.2953703703703704 0.026604068857589983 0.062037037037037036
0 0.568075117370892 0.5083333333333333 0.053208137715179966 0.04259259259259259
1 0.23135106937923838 0.30462962962962964 0.02764736567553469 0.06296296296296296
1 0.9705268648930621 0.2884259259259259 0.03495044340114763 0.06296296296296296
0 0.917057902973396 0.4847222222222222 0.0495565988523735 0.044444444444444446
1 0.28821074595722485 0.18981481481481483 0.02138758476786646 0.06018518518518518
1 0.2777777777777778 0.3087962962962963 0.028169014084507043 0.06944444444444445
1 0.9486176317162233 0.3365740740740741 0.03234220135628586 0.06111111111111111
1 0.11189358372456965 0.16018518518518518 0.0297339593114241 0.07222222222222222
1 0.8821074595722483 0.36574074074074076 0.03390714658320292 0.06388888888888888
1 0.6919666145018257 0.42916666666666664 0.029212310902451747 0.06666666666666667
1 0.7060511215440793 0.3365740740740741 0.029212310902451747 0.06388888888888888
1 0.40271257172665625 0.4439814814814815 0.016692749087115284 0.06481481481481481
1 0.14162754303599373 0.24814814814814815 0.038601982263954095 0.07685185185185185
1 0.06677099634846113 0.17962962962962964 0.0297339593114241 0.06574074074074074
1 0.9011476264997392 0.2708333333333333 0.03912363067292645 0.062037037037037036
1 0.04538341158059468 0.4111111111111111 0.028690662493479395 0.07407407407407407
1 0.38028169014084506 0.26435185185185184 0.028690662493479395 0.06388888888888888
1 0.14945226917057902 0.18703703703703703 0.027125717266562335 0.07407407407407407
1 0.33307250912884717 0.2986111111111111 0.02034428794992175 0.07037037037037037
1 0.013562858633281168 0.3148148148148148 0.024517475221700575 0.062037037037037036
1 0.568075117370892 0.8685185185185185 0.036515388628064686 0.05185185185185185
1 0.7923839332290037 0.8486111111111111 0.0297339593114241 0.06018518518518518
1 0.7782994261867501 0.22037037037037038 0.02190923317683881 0.0712962962962963
1 0.8291601460615545 0.9310185185185185 0.040166927490871154 0.058333333333333334
1 0.3935837245696401 0.1935185185185185 0.022952529994783515 0.06666666666666667
1 0.03755868544600939 0.2273148148148148 0.03182055294731351 0.06111111111111111
1 0.05216484089723526 0.28703703703703703 0.030777256129368807 0.06759259259259259
1 0.4110589462702139 0.2722222222222222 0.023474178403755867 0.06851851851851852
1 0.6027647365675535 0.27870370370370373 0.026604068857589983 0.049074074074074076
1 0.1596244131455399 0.924074074074074 0.03025560772039645 0.05740740740740741
1 0.31872717788210747 0.125 0.026604068857589983 0.06666666666666667
1 0.38471570161711005 0.3972222222222222 0.02190923317683881 0.05740740740740741
1 0.4569640062597809 0.18888888888888888 0.014606155451225874 0.06759259259259259
1 0.8338549817423057 0.2675925925925926 0.028690662493479395 0.07314814814814814
1 0.8659363588941054 0.30462962962962964 0.02608242044861763 0.062037037037037036
1 0.3604590505998957 0.2388888888888889 0.02034428794992175 0.05277777777777778
1 0.8453312467396974 0.2324074074074074 0.01564945226917058 0.05
1 0.7681272822117893 0.8203703703703704 0.03286384976525822 0.06111111111111111
1 0.976264997391758 0.27870370370370373 0.018779342723004695 0.03425925925925926
1 0.45957224830464266 0.26064814814814813 0.014606155451225874 0.027777777777777776
0 0.017214397496087636 0.37592592592592594 0.03234220135628586 0.04537037037037037
1 0.38628064684402713 0.37037037037037035 0.02138758476786646 0.03425925925925926
1 0.7837767344809599 0.7958333333333333 0.024517475221700575 0.06296296296296296
1 0.5409494001043297 0.3597222222222222 0.020865936358894107 0.06481481481481481