1 0.10250391236306729 0.5009259259259259 0.026604068857589983 0.06018518518518518
0 0.3002086593635889 0.45787037037037037 0.051643192488262914 0.04259259259259259
1 0.8860198226395409 0.6620370370370371 0.028690662493479395 0.06296296296296296
1 0.1366718831507564 0.1425925925925926 0.03755868544600939 0.05925925925925926
1 0.5832029212310903 0.6388888888888888 0.0198226395409494 0.058333333333333334
1 0.34220135628586335 0.5476851851851852 0.028690662493479395 0.05740740740740741
1 0.23839332290036516 0.14074074074074075 0.027125717266562335 0.06018518518518518
1 0.8774126238914971 0.17037037037037037 0.029212310902451747 0.05925925925925926
0 0.44679186228482004 0.44675925925925924 0.053208137715179966 0.06851851851851852
1 0.0594679186228482 0.5467592592592593 0.026604068857589983 0.07037037037037037
0 0.4569640062597809 0.2851851851851852 0.048513302034428794 0.040740740740740744
0 0.8056859676577987 0.31157407407407406 0.04747000521648409 0.05555555555555555
1 0.7404799165362546 0.7027777777777777 0.018257694314032343 0.07037037037037037
1 0.6178925404277517 0.12175925925925926 0.03547209181011998 0.053703703703703705
1 0.7370892018779343 0.7546296296296297 0.019300991131977047 0.049074074074074076
1 0.2665623369848722 0.7680555555555556 0.028169014084507043 0.06666666666666667
0 0.7900365153886281 0.55 0.05216484089723526 0.04722222222222222
1 0.2167449139280125 0.6356481481481482 0.02556077203964528 0.06111111111111111
1 0.8064684402712572 0.7152777777777778 0.018779342723004695 0.06296296296296296
1 0.09415753781950965 0.5935185185185186 0.03547209181011998 0.06851851851851852
1 0.5469483568075117 0.7074074074074074 0.024517475221700575 0.053703703703703705
1 0.18544600938967137 0.07453703703703704 0.023474178403755867 0.05277777777777778
1 0.11189358372456965 0.7078703703703704 0.02608242044861763 0.062037037037037036
1 0.12310902451747523 0.7652777777777777 0.018779342723004695 0.05462962962962963
1 0.4144496609285342 0.9111111111111111 0.014084507042253521 0.06574074074074074
1 0.03312467396974439 0.6611111111111111 0.03390714658320292 0.06666666666666667
1 0.1507563901930099 0.5699074074074074 0.020865936358894107 0.06388888888888888
1 0.905320813771518 0.7087962962962963 0.02138758476786646 0.05277777777777778
1 0.8325508607198748 0.725462962962963 0.027125717266562335 0.053703703703703705
1 0.24804381846635368 0.6972222222222222 0.02556077203964528 0.05740740740740741
0 0.5938967136150235 0.3162037037037037 0.05112154407929056 0.06944444444444445
1 0.7376108502869066 0.624537037037037 0.022952529994783515 0.05648148148148148
1 0.207094418362024 0.774537037037037 0.022952529994783515 0.06296296296296296
1 0.7097026604068858 0.825925925925926 0.025039123630672927 0.07037037037037037
1 0.14345331246739698 0.20833333333333334 0.030777256129368807 0.062037037037037036
1 0.9825247782994262 0.6842592592592592 0.026604068857589983 0.05462962962962963
1 0.8539384454877412 0.7648148148148148 0.027125717266562335 0.05
1 0.257433489827856 0.5722222222222222 0.02608242044861763 0.05277777777777778
1 0.3281168492436098 0.6217592592592592 0.02034428794992175 0.05092592592592592
1 0.17736045905059988 0.7847222222222222 0.022952529994783515 0.06111111111111111
1 0.4332290036515389 0.025 0.028169014084507043 0.041666666666666664
1 0.4227960354720918 0.6884259259259259 0.024517475221700575 0.06851851851851852
1 0.3218570683359416 0.7666666666666667 0.022952529994783515 0.06666666666666667
1 0.13484611371935315 0.6263888888888889 0.02138758476786646 0.062037037037037036
1 0.3599374021909233 0.8930555555555556 0.01773604590505999 0.06851851851851852
1 0.8941053729786124 0.023148148148148147 0.03755868544600939 0.03981481481481482
1 0.4063641105894627 0.8143518518518519 0.018257694314032343 0.06481481481481481
1 0.3988002086593636 0.750462962962963 0.018779342723004695 0.06481481481481481
1 0.08215962441314555 0.8018518518518518 0.023474178403755867 0.0712962962962963
1 0.015127803860198226 0.8050925925925926 0.028169014084507043 0.07592592592592592
1 0.9585289514866979 0.7847222222222222 0.02034428794992175 0.05555555555555555
1 0.810641627543036 0.8296296296296296 0.02608242044861763 0.04722222222222222
1 0.4775691184141888 0.7226851851851852 0.023474178403755867 0.05
1 0.0252999478351591 0.8680555555555556 0.025039123630672927 0.06388888888888888
1 0.9332290036515388 0.8009259259259259 0.0198226395409494 0.04814814814814815
1 0.4444444444444444 0.7351851851851852 0.018257694314032343 0.05555555555555555
1 0.46609285341679707 0.6620370370370371 0.02608242044861763 0.062037037037037036
1 0.16797078768909754 0.725462962962963 0.0297339593114241 0.04814814814814815