0 0.2167449139280125 0.5046296296296297 0.05529473135106938 0.05462962962962963
0 0.48930620761606675 0.612037037037037 0.0495565988523735 0.046296296296296294
1 0.054773082942097026 0.387037037037037 0.03234220135628586 0.06574074074074074
0 0.2683881064162754 0.45601851851851855 0.051643192488262914 0.04259259259259259
0 0.5464267083985394 0.6652777777777777 0.03182055294731351 0.06018518518518518
0 0.1111111111111111 0.5453703703703704 0.053208137715179966 0.04722222222222222
1 0.21283255086071987 0.39166666666666666 0.027125717266562335 0.06296296296296296
0 0.36593635889410536 0.6296296296296297 0.05581637976004173 0.049074074074074076
0 0.43740219092331767 0.725 0.030777256129368807 0.05462962962962963
1 0.3369848721961398 0.2847222222222222 0.026604068857589983 0.05740740740740741
1 0.7876890975482524 0.4351851851851852 0.028169014084507043 0.06111111111111111
1 0.9066249347939489 0.125 0.0297339593114241 0.06574074074074074
1 0.2102243088158581 0.2587962962962963 0.03129890453834116 0.06296296296296296
1 0.4337506520605112 0.33935185185185185 0.024517475221700575 0.06481481481481481
1 0.7003129890453834 0.1287037037037037 0.017214397496087636 0.075
0 0.5560772039645279 0.3333333333333333 0.04329681794470527 0.046296296296296294
1 0.6431924882629108 0.24074074074074073 0.018257694314032343 0.06481481481481481
1 0.9243609806990088 0.9180555555555555 0.03495044340114763 0.062037037037037036
1 0.7363067292644757 0.40555555555555556 0.02034428794992175 0.06296296296296296
1 0.022430881585811163 0.26064814814814813 0.03547209181011998 0.06759259259259259
1 0.9754825247782994 0.18564814814814815 0.03129890453834116 0.06759259259259259
1 0.7503912363067292 0.29212962962962963 0.02034428794992175 0.062037037037037036
1 0.48200312989045385 0.8041666666666667 0.03495044340114763 0.0787037037037037
0 0.37037037037037035 0.5407407407407407 0.051643192488262914 0.05
0 0.19770474700052165 0.6388888888888888 0.05425143453312467 0.053703703703703705
1 0.14397496087636932 0.2740740740740741 0.03286384976525822 0.06481481481481481
1 0.5419926969222744 0.39351851851851855 0.02764736567553469 0.06388888888888888
0 0.5318205529473136 0.47962962962962963 0.04329681794470527 0.053703703703703705
1 0.10224308815858112 0.2537037037037037 0.029212310902451747 0.06018518518518518
1 0.9188836724047992 0.30694444444444446 0.03182055294731351 0.06018518518518518
1 0.6695357329160146 0.35324074074074074 0.02138758476786646 0.06574074074074074
1 0.27256129368805426 0.20925925925925926 0.018779342723004695 0.05555555555555555
1 0.7704747000521649 0.37824074074074077 0.028690662493479395 0.05925925925925926
1 0.702660406885759 0.28425925925925927 0.018779342723004695 0.06481481481481481
1 0.27673448095983305 0.3296296296296296 0.029212310902451747 0.06111111111111111
1 0.8784559207094418 0.35694444444444445 0.027125717266562335 0.05277777777777778
0 0.02686489306207616 0.5592592592592592 0.0495565988523735 0.040740740740740744
1 0.7759520083463746 0.22361111111111112 0.026604068857589983 0.06481481481481481
0 0.9705268648930621 0.6703703703703704 0.05894627021387585 0.06296296296296296
1 0.19718309859154928 0.8805555555555555 0.040166927490871154 0.05925925925925926
1 0.8226395409494001 0.16620370370370371 0.03025560772039645 0.06111111111111111
1 0.8985393844548775 0.22870370370370371 0.029212310902451747 0.062037037037037036
1 0.7339593114241002 0.8953703703703704 0.03495044340114763 0.075
1 0.07981220657276995 0.32685185185185184 0.03547209181011998 0.075
1 0.7407407407407407 0.1425925925925926 0.023474178403755867 0.06666666666666667
1 0.8461137193531559 0.28564814814814815 0.03129890453834116 0.062037037037037036
1 0.520605112154408 0.3 0.02190923317683881 0.062037037037037036
1 0.8980177360459051 0.4166666666666667 0.03129890453834116 0.041666666666666664
1 0.801773604590506 0.32314814814814813 0.0297339593114241 0.04259259259259259
1 0.5868544600938967 0.2523148148148148 0.024517475221700575 0.05555555555555555
1 0.5628586332811685 0.08194444444444444 0.018779342723004695 0.062037037037037036