1 0.07696533203125 0.3308624267578125 0.033966064453125 0.0608856201171875
0 0.1461181640625 0.445916748046875 0.05419921875 0.04766845703125
1 0.057586669921875 0.3767974853515625 0.028106689453125 0.06516494750976562
0 0.39111328125 0.55555419921875 0.028594970703125 0.068035888671875
1 0.12158203125 0.630523681640625 0.0374755859375 0.06018142700195313
1 0.1865234375 0.81036376953125 0.0333251953125 0.05752716064453125
1 0.734375 0.357080078125 0.0285491943359375 0.055902099609375
1 0.52587890625 0.3932647705078125 0.02386474609375 0.054547882080078124
1 0.4453125 0.3828643798828125 0.023284912109375 0.05579376220703125
0 0.252197265625 0.4305328369140625 0.034088134765625 0.048047637939453124
1 0.1048583984375 0.5633544921875 0.033782958984375 0.0591522216796875
0 0.44384765625 0.49661865234375 0.051666259765625 0.047939300537109375
1 0.90576171875 0.159039306640625 0.0235137939453125 0.06223983764648437
0 0.0517578125 0.445050048828125 0.050140380859375 0.04598922729492187
1 0.405029296875 0.4032318115234375 0.0258026123046875 0.059748077392578126
0 0.51513671875 0.581988525390625 0.050323486328125 0.04496002197265625
1 0.59375 0.2537261962890625 0.0197906494140625 0.04869766235351562
1 0.6494140625 0.677325439453125 0.03131103515625 0.06440658569335937
1 0.78564453125 0.648291015625 0.0300445556640625 0.07989883422851562
1 0.68310546875 0.3934814453125 0.0321044921875 0.044255828857421874
1 0.322509765625 0.34927978515625 0.02386474609375 0.06007308959960937
1 0.5244140625 0.28861083984375 0.025665283203125 0.062835693359375
1 0.2305908203125 0.2909942626953125 0.0225830078125 0.05362701416015625
1 0.8935546875 0.4222991943359375 0.027435302734375 0.0693359375
1 0.1834716796875 0.8736328125 0.03704833984375 0.05465621948242187
1 0.40478515625 0.3122283935546875 0.0284881591796875 0.06381072998046874
0 0.1837158203125 0.65435791015625 0.054107666015625 0.044770431518554685
1 0.1553955078125 0.29034423828125 0.0257110595703125 0.06299819946289062
1 0.55322265625 0.2836273193359375 0.023101806640625 0.06359405517578125
1 0.85791015625 0.143438720703125 0.0237274169921875 0.061102294921875
1 0.6328125 0.22794189453125 0.021575927734375 0.05527915954589844
1 0.33251953125 0.2225250244140625 0.0247955322265625 0.061914825439453126
0 0.7744140625 0.490985107421875 0.05072021484375 0.044770431518554685
1 0.1055908203125 0.696392822265625 0.0293121337890625 0.05322074890136719
0 0.7421875 0.3321624755859375 0.0496826171875 0.036022186279296875
1 0.350341796875 0.30941162109375 0.0299835205078125 0.072369384765625
1 0.01306915283203125 0.3109283447265625 0.0260009765625 0.06077728271484375
0 0.09912109375 0.509185791015625 0.02947998046875 0.0613189697265625
1 0.943359375 0.771795654296875 0.037200927734375 0.055062484741210935
1 0.68017578125 0.165106201171875 0.0177154541015625 0.06299819946289062
1 0.57568359375 0.3692138671875 0.023101806640625 0.05882720947265625
1 0.88232421875 0.355780029296875 0.022979736328125 0.07556533813476562
1 0.57275390625 0.3369293212890625 0.0284881591796875 0.040464019775390624
1 0.12841796875 0.18514862060546874 0.0313720703125 0.06272735595703124
1 0.07763671875 0.772662353515625 0.03271484375 0.059748077392578126
0 0.1390380859375 0.53822021484375 0.05389404296875 0.046422576904296874
1 0.0141143798828125 0.614056396484375 0.02691650390625 0.08217391967773438
1 0.159912109375 0.22620849609375 0.0305023193359375 0.059748077392578126
1 0.393310546875 0.2727935791015625 0.018157958984375 0.0587188720703125
1 0.19580078125 0.1924072265625 0.0287017822265625 0.05213737487792969
1 0.48291015625 0.273876953125 0.0200958251953125 0.06906509399414062
0 0.280517578125 0.575921630859375 0.040985107421875 0.07540283203125
1 0.479736328125 0.3655303955078125 0.0218658447265625 0.05113525390625
1 0.439208984375 0.25914306640625 0.0285491943359375 0.06018142700195313
1 0.96923828125 0.2870941162109375 0.034423828125 0.06711502075195312
1 0.471435546875 0.80516357421875 0.0289764404296875 0.05538749694824219
1 0.260986328125 0.19164886474609374 0.0207672119140625 0.06310653686523438
1 0.7392578125 0.21743316650390626 0.0212860107421875 0.05731048583984375
1 0.10858154296875 0.2961944580078125 0.02630615234375 0.060398101806640625
1 0.85009765625 0.3806976318359375 0.026611328125 0.07610702514648438
1 0.442138671875 0.873199462890625 0.02484130859375 0.07556533813476562
1 0.83154296875 0.4127655029296875 0.03179931640625 0.059423065185546874
1 0.050048828125 0.1900238037109375 0.018829345703125 0.04980812072753906
1 0.446044921875 0.761395263671875 0.0296478271484375 0.05403327941894531
1 0.8564453125 0.94036865234375 0.03955078125 0.0639190673828125
1 0.65185546875 0.10394973754882812 0.0182342529296875 0.05963973999023438
1 0.68798828125 0.4257659912109375 0.029815673828125 0.05311241149902344
1 0.978515625 0.4331329345703125 0.036773681640625 0.04712677001953125
1 0.309326171875 0.2688934326171875 0.02423095703125 0.05687713623046875
1 0.1087646484375 0.742327880859375 0.03875732421875 0.05311241149902344
1 0.51171875 0.2444091796875 0.022247314453125 0.05861053466796875
1 0.61279296875 0.08932418823242187 0.017303466796875 0.06689834594726562
1 0.70654296875 0.3767974853515625 0.0258636474609375 0.06635665893554688
1 0.70556640625 0.09495773315429687 0.023101806640625 0.06018142700195313
1 0.0180511474609375 0.796929931640625 0.0343017578125 0.08369064331054688
0 0.58349609375 0.533453369140625 0.0391845703125 0.05113525390625
1 0.9248046875 0.3286956787109375 0.031494140625 0.0561187744140625
1 0.305908203125 0.19164886474609374 0.018829345703125 0.052814483642578125
1 0.7255859375 0.2697601318359375 0.0205230712890625 0.063702392578125
1 0.496337890625 0.205841064453125 0.01519012451171875 0.05303115844726562
1 0.07208251953125 0.2593597412109375 0.025421142578125 0.049997711181640626
1 0.9609375 0.841998291015625 0.0364990234375 0.06180648803710938
1 0.82666015625 0.2236083984375 0.01751708984375 0.06169815063476562
1 0.73681640625 0.17561492919921876 0.030914306640625 0.042522430419921875
1 0.434814453125 0.72716064453125 0.0333251953125 0.04766845703125
1 0.03424072265625 0.1588226318359375 0.0272674560546875 0.04016609191894531
1 0.548828125 0.2080078125 0.0252685546875 0.0561187744140625
1 0.984375 0.229241943359375 0.03021240234375 0.03778266906738281
1 0.1739501953125 0.95250244140625 0.042022705078125 0.05633544921875
1 0.5224609375 0.8406982421875 0.03424072265625 0.0569854736328125
1 0.77197265625 0.3830810546875 0.028594970703125 0.07193603515625
1 0.79833984375 0.1924072265625 0.021942138671875 0.0572021484375
1 0.9794921875 0.474517822265625 0.0287628173828125 0.05232696533203125
1 0.53173828125 0.22089996337890624 0.015960693359375 0.044607925415039065
1 0.63525390625 0.14311370849609376 0.027069091796875 0.03534507751464844
1 0.57666015625 0.295111083984375 0.0305023193359375 0.037647247314453125