0 0.10641627543035993 0.4439814814814815 0.02556077203964528 0.06851851851851852
1 0.11684924360980699 0.3175925925925926 0.028690662493479395 0.06388888888888888
0 0.6202399582681273 0.5254629629629629 0.027125717266562335 0.05185185185185185
1 0.47522170057381324 0.39305555555555555 0.027125717266562335 0.06296296296296296
1 0.23708920187793428 0.350462962962963 0.028169014084507043 0.05925925925925926
1 0.983828899321857 0.3351851851851852 0.03182055294731351 0.062037037037037036
0 0.6158059467918623 0.5907407407407408 0.04747000521648409 0.04351851851851852
1 0.6870109546165885 0.3990740740740741 0.023474178403755867 0.06296296296296296
1 0.40245174752217006 0.32592592592592595 0.02034428794992175 0.06666666666666667
0 0.5258215962441315 0.6148148148148148 0.054773082942097026 0.049074074074074076
1 0.7456964006259781 0.45740740740740743 0.03338549817423057 0.06759259259259259
1 0.672926447574335 0.4666666666666667 0.017214397496087636 0.05740740740740741
1 0.8740219092331768 0.4847222222222222 0.029212310902451747 0.05277777777777778
1 0.636150234741784 0.8773148148148148 0.026604068857589983 0.05
1 0.14058424621804905 0.8476851851851852 0.03495044340114763 0.05462962962962963
1 0.9653103808033385 0.45925925925925926 0.03286384976525822 0.08055555555555556
1 0.9522691705790297 0.3763888888888889 0.03025560772039645 0.06944444444444445
1 0.6411058946270214 0.324537037037037 0.02138758476786646 0.06018518518518518
1 0.28690662493479396 0.2810185185185185 0.02556077203964528 0.05648148148148148
0 0.2918622848200313 0.549074074074074 0.04747000521648409 0.062037037037037036
1 0.1178925404277517 0.23425925925925925 0.03129890453834116 0.05277777777777778
1 0.8257694314032342 0.14537037037037037 0.019300991131977047 0.05925925925925926
0 0.9723526343244653 0.7416666666666667 0.05529473135106938 0.11666666666666667
1 0.5552947313510693 0.8092592592592592 0.02190923317683881 0.05555555555555555
1 0.4812206572769953 0.30833333333333335 0.026604068857589983 0.062037037037037036
1 0.7861241523213354 0.1259259259259259 0.016692749087115284 0.058333333333333334
1 0.35472091810119977 0.3416666666666667 0.022952529994783515 0.04814814814814815
1 0.06103286384976526 0.3111111111111111 0.025039123630672927 0.06574074074074074
0 0.6489306207616067 0.7162037037037037 0.0505998956703182 0.03518518518518519
1 0.9136671883150757 0.2986111111111111 0.027125717266562335 0.06574074074074074
1 0.8852373500260824 0.3902777777777778 0.03599374021909233 0.08055555555555556
1 0.7798643714136672 0.19305555555555556 0.027125717266562335 0.06944444444444445
1 0.012258737610850287 0.23148148148148148 0.023995826812728223 0.06388888888888888
1 0.7402190923317684 0.37175925925925923 0.02608242044861763 0.06388888888888888
1 0.8789775691184142 0.2986111111111111 0.030777256129368807 0.06851851851851852
1 0.6176317162232655 0.3541666666666667 0.02190923317683881 0.06296296296296296
1 0.6737089201877934 0.7958333333333333 0.0198226395409494 0.05925925925925926
1 0.7407407407407407 0.2564814814814815 0.02556077203964528 0.075
1 0.6747522170057382 0.8675925925925926 0.037037037037037035 0.06296296296296296
1 0.6053729786124152 0.3013888888888889 0.022952529994783515 0.05277777777777778
1 0.9580073030777256 0.13935185185185187 0.02138758476786646 0.06388888888888888
1 0.5286906624934794 0.2611111111111111 0.022430881585811163 0.06666666666666667
1 0.1828377673448096 0.1925925925925926 0.023995826812728223 0.06296296296296296
0 0.8302034428794992 0.7166666666666667 0.047991653625456446 0.07037037037037037
1 0.368283776734481 0.26435185185185184 0.018779342723004695 0.05648148148148148
1 0.24256651017214398 0.2111111111111111 0.018779342723004695 0.04351851851851852
1 0.55320813771518 0.36898148148148147 0.01773604590505999 0.05740740740740741
1 0.6528429838288993 0.21296296296296297 0.01773604590505999 0.06296296296296296
1 0.6885758998435054 0.9699074074074074 0.028169014084507043 0.058333333333333334
1 0.7154407929055816 0.20925925925925926 0.018779342723004695 0.05555555555555555
1 0.516171100678143 0.3972222222222222 0.02608242044861763 0.06481481481481481
1 0.8794992175273866 0.22685185185185186 0.02138758476786646 0.06388888888888888
1 0.6958789775691184 0.27175925925925926 0.02190923317683881 0.05277777777777778
1 0.8604590505998957 0.17083333333333334 0.01564945226917058 0.04259259259259259
1 0.6815336463223787 0.1962962962962963 0.01617110067814293 0.06111111111111111
0 0.9752217005738133 0.5583333333333333 0.04590505998956703 0.05185185185185185
1 0.37219613980177363 0.18935185185185185 0.013562858633281168 0.041666666666666664
1 0.803338549817423 0.3314814814814815 0.018779342723004695 0.06666666666666667