0 0.6820552947313511 0.6703703703703704 0.03182055294731351 0.06944444444444445
0 0.347678664580073 0.45787037037037037 0.029212310902451747 0.07037037037037037
0 0.6069379238393323 0.6162037037037037 0.027125717266562335 0.05462962962962963
0 0.4760041731872718 0.6300925925925925 0.051643192488262914 0.05092592592592592
1 0.4744392279603547 0.3537037037037037 0.026604068857589983 0.075
0 0.21152842983828898 0.5527777777777778 0.029212310902451747 0.06018518518518518
1 0.09441836202399582 0.38796296296296295 0.03442879499217527 0.06851851851851852
1 0.6494522691705791 0.34629629629629627 0.02034428794992175 0.07685185185185185
1 0.2537819509650496 0.39305555555555555 0.028690662493479395 0.062037037037037036
0 0.4684402712571727 0.5555555555555556 0.027125717266562335 0.06574074074074074
1 0.8398539384454877 0.32175925925925924 0.026604068857589983 0.05740740740740741
1 0.23943661971830985 0.26481481481481484 0.025039123630672927 0.06666666666666667
1 0.3667188315075639 0.2935185185185185 0.019300991131977047 0.06111111111111111
1 0.5482524778299426 0.2611111111111111 0.02138758476786646 0.06481481481481481
1 0.8330725091288471 0.4398148148148148 0.022430881585811163 0.06574074074074074
0 0.612415232133542 0.7416666666666667 0.03286384976525822 0.06666666666666667
1 0.17110067814293167 0.274537037037037 0.026604068857589983 0.07222222222222222
1 0.29577464788732394 0.21435185185185185 0.022430881585811163 0.05555555555555555
0 0.15571205007824726 0.5925925925925926 0.037037037037037035 0.06388888888888888
1 0.5850286906624935 0.38796296296296295 0.02138758476786646 0.08425925925925926
0 0.06077203964527908 0.4439814814814815 0.027125717266562335 0.06388888888888888
1 0.23761085028690662 0.8861111111111111 0.028169014084507043 0.05925925925925926
1 0.5179968701095462 0.8134259259259259 0.03808033385498174 0.07592592592592592
1 0.7720396452790819 0.40879629629629627 0.03286384976525822 0.06296296296296296
1 0.6703182055294732 0.24953703703703703 0.02556077203964528 0.06759259259259259
1 0.13119457485654668 0.25833333333333336 0.024517475221700575 0.06388888888888888
1 0.029473135106937925 0.24027777777777778 0.03025560772039645 0.05185185185185185
1 0.2709963484611372 0.2972222222222222 0.025039123630672927 0.05740740740740741
1 0.29786124152321336 0.36064814814814816 0.0297339593114241 0.06574074074074074
1 0.059989567031820554 0.2564814814814815 0.03390714658320292 0.062037037037037036
0 0.3359415753781951 0.6615740740740741 0.04225352112676056 0.05740740740740741
1 0.7738654147104851 0.2953703703703704 0.030777256129368807 0.062037037037037036
1 0.8051643192488263 0.38287037037037036 0.02764736567553469 0.05462962962962963
1 0.7266562336984872 0.287962962962963 0.027125717266562335 0.06388888888888888
1 0.9306207616066771 0.12546296296296297 0.025039123630672927 0.06759259259259259
1 0.9389671361502347 0.42268518518518516 0.02556077203964528 0.040740740740740744
0 0.5907668231611893 0.34120370370370373 0.04329681794470527 0.044444444444444446
1 0.9546165884194053 0.3087962962962963 0.024517475221700575 0.06018518518518518
1 0.7256129368805425 0.1388888888888889 0.022430881585811163 0.05925925925925926
1 0.9214919144496609 0.324537037037037 0.03025560772039645 0.04537037037037037
1 0.755868544600939 0.21574074074074073 0.026604068857589983 0.07592592592592592
1 0.9658320292123109 0.9254629629629629 0.03912363067292645 0.06481481481481481
1 0.7939488784559207 0.18518518518518517 0.02556077203964528 0.06111111111111111
1 0.9300991131977048 0.2351851851851852 0.02556077203964528 0.06388888888888888
1 0.7720396452790819 0.8875 0.025039123630672927 0.058333333333333334
0 0.6220657276995305 0.49722222222222223 0.04225352112676056 0.06111111111111111
1 0.5738132498695879 0.21898148148148147 0.02556077203964528 0.06111111111111111
1 0.8539384454877412 0.1712962962962963 0.02034428794992175 0.06018518518518518
1 0.18988002086593636 0.16712962962962963 0.02608242044861763 0.05185185185185185
1 0.5863328116849243 0.2902777777777778 0.018779342723004695 0.05277777777777778
1 0.7592592592592593 0.1375 0.024517475221700575 0.053703703703703705
1 0.4908711528429838 0.23148148148148148 0.029212310902451747 0.075
1 0.640584246218049 0.28564814814814815 0.019300991131977047 0.062037037037037036
1 0.8789775691184142 0.2898148148148148 0.024517475221700575 0.058333333333333334
0 0.31507563901930097 0.5222222222222223 0.054773082942097026 0.0787037037037037