1 0.5802083333333333 0.2791666666666667 0.023958333333333335 0.08796296296296297
0 0.23072916666666668 0.5944444444444444 0.05364583333333333 0.044444444444444446
0 0.19479166666666667 0.4152777777777778 0.05 0.058333333333333334
0 0.6083333333333333 0.35833333333333334 0.04114583333333333 0.05925925925925926
0 0.76015625 0.38842592592592595 0.04895833333333333 0.04814814814814815
0 0.32317708333333334 0.5430555555555555 0.051041666666666666 0.040740740740740744
0 0.2674479166666667 0.45416666666666666 0.0484375 0.058333333333333334
0 0.35 0.3925925925925926 0.04375 0.04259259259259259
0 0.3723958333333333 0.6287037037037037 0.04479166666666667 0.05648148148148148
0 0.01875 0.38935185185185184 0.03229166666666667 0.06481481481481481
1 0.978125 0.27546296296296297 0.03177083333333333 0.06296296296296296
0 0.17526041666666667 0.30416666666666664 0.040625 0.06388888888888888
1 0.5736979166666667 0.2962962962962963 0.023958333333333335 0.06388888888888888