1 0.280517578125 0.662591552734375 0.034088134765625 0.05731048583984375
1 0.399658203125 0.685125732421875 0.02630615234375 0.053329086303710936
0 0.82568359375 0.60928955078125 0.05572509765625 0.04626007080078125
1 0.72900390625 0.4292327880859375 0.03131103515625 0.06332321166992187
1 0.88671875 0.88663330078125 0.035400390625 0.05806884765625
0 0.697265625 0.520452880859375 0.047088623046875 0.04300994873046875
0 0.34619140625 0.4662841796875 0.049957275390625 0.04812889099121094
1 0.11358642578125 0.6534912109375 0.03192138671875 0.05796051025390625
0 0.32470703125 0.520452880859375 0.047515869140625 0.05202903747558594
0 0.482177734375 0.549053955078125 0.047332763671875 0.04869766235351562
1 0.133544921875 0.680792236328125 0.02886962890625 0.0535186767578125
0 0.74951171875 0.579388427734375 0.051177978515625 0.047316360473632815
0 0.505859375 0.471051025390625 0.048858642578125 0.047858047485351565
1 0.845703125 0.749261474609375 0.029083251953125 0.05806884765625
0 0.5849609375 0.58328857421875 0.0482177734375 0.04923934936523437
0 0.25244140625 0.42901611328125 0.047698974609375 0.04923934936523437
1 0.0762939453125 0.80343017578125 0.04168701171875 0.06440658569335937
0 0.88330078125 0.560321044921875 0.0560302734375 0.04547462463378906
1 0.438232421875 0.3893646240234375 0.0297088623046875 0.06548995971679687
1 0.7783203125 0.452850341796875 0.0301513671875 0.06272735595703124
1 0.06475830078125 0.499652099609375 0.0276336669921875 0.07074432373046875
1 0.4384765625 0.27821044921875 0.0227203369140625 0.06402740478515626
1 0.335693359375 0.802996826171875 0.0229339599609375 0.05362701416015625
1 0.139892578125 0.833331298828125 0.03253173828125 0.06500244140625
1 0.85302734375 0.11646270751953125 0.021942138671875 0.0613189697265625
0 0.438232421875 0.514385986328125 0.044586181640625 0.044689178466796875
1 0.890625 0.4454833984375 0.0283355712890625 0.0537353515625
1 0.666015625 0.2944610595703125 0.01953125 0.060289764404296876
1 0.37841796875 0.740594482421875 0.03204345703125 0.053329086303710936
1 0.4658203125 0.60062255859375 0.0200653076171875 0.060506439208984374
1 0.794921875 0.328045654296875 0.022674560546875 0.06240234375
1 0.79150390625 0.09929122924804687 0.0188751220703125 0.054547882080078124
0 0.81103515625 0.6846923828125 0.06109619140625 0.04504127502441406
1 0.833984375 0.3447296142578125 0.0236053466796875 0.06662750244140625
0 0.097412109375 0.575921630859375 0.032958984375 0.07264022827148438
1 0.74169921875 0.1549224853515625 0.0187225341796875 0.0647857666015625
1 0.29931640625 0.90223388671875 0.043365478515625 0.07334442138671875
1 0.3369140625 0.838531494140625 0.03173828125 0.0626190185546875
1 0.73486328125 0.8892333984375 0.019989013671875 0.04869766235351562
1 0.95947265625 0.13813018798828125 0.0203399658203125 0.0578521728515625
1 0.57568359375 0.28514404296875 0.0255126953125 0.06169815063476562
1 0.149658203125 0.6326904296875 0.030853271484375 0.05579376220703125
1 0.38427734375 0.630523681640625 0.0273284912109375 0.058502197265625
1 0.423828125 0.3468963623046875 0.02423095703125 0.06548995971679687
1 0.03582763671875 0.3390960693359375 0.03314208984375 0.06451492309570313
1 0.765625 0.2615264892578125 0.0205230712890625 0.06689834594726562
1 0.73486328125 0.2201416015625 0.0235137939453125 0.05622711181640625
0 0.018798828125 0.4201324462890625 0.039642333984375 0.051622772216796876
1 0.1505126953125 0.77916259765625 0.036224365234375 0.0780029296875
0 0.9775390625 0.5685546875 0.04296875 0.049049758911132814
1 0.60498046875 0.2389923095703125 0.0240936279296875 0.0606689453125
1 0.0615234375 0.2290252685546875 0.0259552001953125 0.06451492309570313
1 0.8125 0.13834686279296876 0.02001953125 0.0608856201171875
1 0.38720703125 0.3087615966796875 0.0189361572265625 0.0626190185546875
1 0.61669921875 0.10243301391601563 0.0141754150390625 0.078436279296875
1 0.2401123046875 0.3455963134765625 0.03302001953125 0.06765670776367187
1 0.2099609375 0.14268035888671876 0.0341796875 0.07870712280273437
1 0.8916015625 0.2545928955078125 0.0296478271484375 0.05796051025390625
1 0.1104736328125 0.3512298583984375 0.033660888671875 0.04650382995605469
1 0.689453125 0.22176666259765626 0.015899658203125 0.05251655578613281
1 0.494140625 0.8268310546875 0.0242767333984375 0.0569854736328125
1 0.51171875 0.21656646728515624 0.023193359375 0.0591522216796875
1 0.82666015625 0.20226593017578126 0.0223236083984375 0.059856414794921875
0 0.96923828125 0.5044189453125 0.051849365234375 0.04276618957519531
1 0.5107421875 0.9291015625 0.0206451416015625 0.059748077392578126
1 0.669921875 0.3936981201171875 0.0169830322265625 0.07399444580078125
1 0.315673828125 0.15958099365234374 0.0237274169921875 0.063702392578125
1 0.931640625 0.1887237548828125 0.022796630859375 0.05202903747558594
1 0.35107421875 0.2714935302734375 0.024658203125 0.0572021484375
1 0.8681640625 0.17778167724609376 0.0255126953125 0.052733230590820315
1 0.498291015625 0.72196044921875 0.0323486328125 0.06451492309570313
1 0.55615234375 0.190673828125 0.023651123046875 0.0608856201171875
1 0.8603515625 0.3412628173828125 0.0185089111328125 0.041330718994140626
1 0.2015380859375 0.27994384765625 0.0305023193359375 0.061914825439453126
1 0.54931640625 0.88056640625 0.0306243896484375 0.05105400085449219
1 0.86181640625 0.14268035888671876 0.02337646484375 0.06251068115234375
1 0.260009765625 0.271710205078125 0.0258026123046875 0.07291107177734375
1 0.1007080078125 0.2602264404296875 0.0352783203125 0.061102294921875
1 0.78125 0.28167724609375 0.0222015380859375 0.0626190185546875
1 0.802734375 0.2485260009765625 0.0153045654296875 0.04877891540527344
1 0.7294921875 0.85023193359375 0.03338623046875 0.054358291625976565
1 0.296630859375 0.3161285400390625 0.01763916015625 0.05666046142578125
1 0.1334228515625 0.254376220703125 0.027069091796875 0.05414161682128906
1 0.6865234375 0.18449859619140624 0.0271148681640625 0.0374847412109375
1 0.39013671875 0.2374755859375 0.023956298828125 0.065869140625
1 0.84375 0.282977294921875 0.02484130859375 0.03957023620605469
1 0.7568359375 0.4027984619140625 0.0205230712890625 0.05882720947265625
1 0.7431640625 0.752294921875 0.021209716796875 0.03894729614257812
1 0.8740234375 0.37354736328125 0.0287628173828125 0.040328598022460936
1 0.86865234375 0.41514892578125 0.020599365234375 0.04284744262695313
1 0.6259765625 0.3776641845703125 0.021209716796875 0.05882720947265625
1 0.89892578125 0.1579559326171875 0.0261993408203125 0.05143318176269531
1 0.11932373046875 0.2030242919921875 0.0312042236328125 0.0673858642578125
1 0.71142578125 0.389581298828125 0.0272674560546875 0.03553466796875
1 0.51611328125 0.290777587890625 0.023956298828125 0.05687713623046875
1 0.1336669921875 0.59195556640625 0.03338623046875 0.04877891540527344