1 0.76806640625 0.2346588134765625 0.0274810791015625 0.051839447021484374
0 0.90869140625 0.544720458984375 0.0546875 0.06359405517578125
0 0.56591796875 0.502685546875 0.0297088623046875 0.06223983764648437
1 0.1934814453125 0.42554931640625 0.0323486328125 0.054954147338867186
0 0.364501953125 0.510052490234375 0.0504150390625 0.0409515380859375
1 0.404541015625 0.716326904296875 0.017852783203125 0.05774383544921875
0 0.8759765625 0.3607635498046875 0.05126953125 0.0426849365234375
0 0.33251953125 0.60582275390625 0.0313720703125 0.06814422607421874
1 0.0244293212890625 0.2953277587890625 0.03314208984375 0.06121063232421875
1 0.471435546875 0.41514892578125 0.020599365234375 0.060506439208984374
0 0.0894775390625 0.540386962890625 0.05291748046875 0.0398681640625
0 0.11859130859375 0.462384033203125 0.031982421875 0.06500244140625
0 0.1688232421875 0.520452880859375 0.05145263671875 0.040247344970703126
0 0.93798828125 0.640057373046875 0.06097412109375 0.05465621948242187
0 0.83935546875 0.595855712890625 0.056549072265625 0.04942893981933594
1 0.55615234375 0.37874755859375 0.02484130859375 0.06765670776367187
1 0.2919921875 0.859332275390625 0.03759765625 0.051622772216796876
1 0.90283203125 0.848065185546875 0.046722412109375 0.0695526123046875
1 0.98486328125 0.28514404296875 0.0271148681640625 0.05806884765625
1 0.368408203125 0.33714599609375 0.03021240234375 0.06841506958007812
1 0.908203125 0.15156402587890624 0.03125 0.07090682983398437
1 0.98876953125 0.18904876708984375 0.022369384765625 0.06251068115234375
1 0.6103515625 0.31114501953125 0.02886962890625 0.07101516723632813
1 0.43603515625 0.2860107421875 0.020172119140625 0.06624832153320312
1 0.55908203125 0.2896942138671875 0.01953125 0.06776504516601563
1 0.83203125 0.3941314697265625 0.0252685546875 0.075836181640625
1 0.904296875 0.2407257080078125 0.021087646484375 0.0608856201171875
1 0.6201171875 0.1848236083984375 0.022979736328125 0.06711502075195312
1 0.9755859375 0.3503631591796875 0.027008056640625 0.059748077392578126
1 0.6884765625 0.90396728515625 0.027374267578125 0.05633544921875
1 0.6416015625 0.33194580078125 0.0232391357421875 0.06467742919921875
1 0.06817626953125 0.2502593994140625 0.0296478271484375 0.0730194091796875
1 0.484375 0.287310791015625 0.0222930908203125 0.0686859130859375
1 0.263916015625 0.19576568603515626 0.0232391357421875 0.063702392578125
1 0.097412109375 0.835064697265625 0.0290374755859375 0.0561187744140625
1 0.11065673828125 0.77916259765625 0.0280609130859375 0.048968505859375
1 0.86474609375 0.2233917236328125 0.0248870849609375 0.0606689453125
1 0.6796875 0.32154541015625 0.0323486328125 0.07626953125
1 0.947265625 0.3893646240234375 0.0313720703125 0.05752716064453125
1 0.30810546875 0.259576416015625 0.017852783203125 0.05517082214355469
1 0.8125 0.1289215087890625 0.0174407958984375 0.06332321166992187
1 0.1365966796875 0.2732269287109375 0.0250396728515625 0.065869140625
1 0.1890869140625 0.3221954345703125 0.03021240234375 0.062835693359375
1 0.84912109375 0.3178619384765625 0.026153564453125 0.06711502075195312
1 0.0258636474609375 0.9239013671875 0.038177490234375 0.05709381103515625
1 0.552734375 0.2251251220703125 0.0189056396484375 0.05124359130859375
1 0.83056640625 0.18449859619140624 0.0221099853515625 0.0639190673828125
1 0.51513671875 0.172906494140625 0.019989013671875 0.07827377319335938
0 0.93408203125 0.08769912719726562 0.0302734375 0.06402740478515626