1 0.22952529994783516 0.3592592592592593 0.02764736567553469 0.06759259259259259
1 0.12050078247261346 0.3458333333333333 0.023995826812728223 0.06481481481481481
1 0.02634324465310381 0.1527777777777778 0.03286384976525822 0.06481481481481481
0 0.22117892540427753 0.47453703703703703 0.0297339593114241 0.05185185185185185
1 0.3218570683359416 0.36018518518518516 0.02764736567553469 0.06111111111111111
1 0.8377673448095984 0.3509259259259259 0.0297339593114241 0.08981481481481482
1 0.01904016692749087 0.2800925925925926 0.03495044340114763 0.08055555555555556
1 0.409754825247783 0.30787037037037035 0.022952529994783515 0.06018518518518518
1 0.4668753260302556 0.3435185185185185 0.02190923317683881 0.05092592592592592
1 0.3348982785602504 0.08425925925925926 0.022952529994783515 0.06481481481481481
1 0.5774647887323944 0.3541666666666667 0.03390714658320292 0.08148148148148149
1 0.6549295774647887 0.3726851851851852 0.028169014084507043 0.05555555555555555
1 0.28377673448095986 0.2962962962962963 0.022952529994783515 0.06759259259259259
1 0.9019300991131977 0.3013888888888889 0.025039123630672927 0.06111111111111111
1 0.1444966092853417 0.22407407407407406 0.024517475221700575 0.06388888888888888
1 0.40271257172665625 0.22361111111111112 0.014606155451225874 0.062037037037037036
1 0.8338549817423057 0.2111111111111111 0.030777256129368807 0.046296296296296294
1 0.9820031298904538 0.2273148148148148 0.02764736567553469 0.06481481481481481
1 0.3455920709441836 0.17546296296296296 0.023995826812728223 0.06944444444444445
1 0.6721439749608764 0.4097222222222222 0.02034428794992175 0.06574074074074074
1 0.04747000521648409 0.23287037037037037 0.03390714658320292 0.06481481481481481
1 0.5297339593114241 0.32314814814814813 0.0198226395409494 0.062037037037037036
1 0.09337506520605113 0.1726851851851852 0.023474178403755867 0.06481481481481481
0 0.8304642670839854 0.44537037037037036 0.04747000521648409 0.05925925925925926
0 0.44861763171622326 0.649537037037037 0.03025560772039645 0.05555555555555555
1 0.19483568075117372 0.225 0.02764736567553469 0.06666666666666667
1 0.751434533124674 0.21342592592592594 0.02190923317683881 0.05
1 0.7237871674491393 0.3763888888888889 0.02190923317683881 0.053703703703703705
0 0.7386541471048513 0.6240740740740741 0.05894627021387585 0.07592592592592592
1 0.07563901930099114 0.23703703703703705 0.024517475221700575 0.06481481481481481
0 0.7709963484611372 0.34444444444444444 0.02608242044861763 0.05555555555555555
1 0.5109546165884195 0.37777777777777777 0.023474178403755867 0.04722222222222222
1 0.3111632759520083 0.2199074074074074 0.02138758476786646 0.06944444444444445
1 0.4350547730829421 0.22916666666666666 0.019300991131977047 0.05462962962962963
1 0.8896713615023474 0.8208333333333333 0.05268648930620762 0.07685185185185185
1 0.7136150234741784 0.23333333333333334 0.028169014084507043 0.08796296296296297
1 0.5005216484089724 0.8833333333333333 0.03338549817423057 0.06388888888888888
1 0.9916536254564423 0.29074074074074074 0.01617110067814293 0.06111111111111111
1 0.45983307250912886 0.2796296296296296 0.014084507042253521 0.053703703703703705
0 0.5897235263432447 0.4837962962962963 0.053208137715179966 0.05
1 0.6632759520083463 0.24861111111111112 0.01617110067814293 0.053703703703703705
1 0.7916014606155451 0.2740740740740741 0.018257694314032343 0.06481481481481481
1 0.736567553468962 0.274537037037037 0.023995826812728223 0.05740740740740741
1 0.23187271778821075 0.21435185185185185 0.02608242044861763 0.0712962962962963
0 0.31977047470005215 0.4625 0.04538341158059468 0.046296296296296294
0 0.04825247782994262 0.09212962962962963 0.03129890453834116 0.06851851851851852
1 0.25299947835159103 0.875462962962963 0.02608242044861763 0.058333333333333334
1 0.6577986437141367 0.8972222222222223 0.02190923317683881 0.06018518518518518
1 0.1411058946270214 0.1685185185185185 0.014084507042253521 0.032407407407407406
1 0.54434011476265 0.1287037037037037 0.013041210224308816 0.028703703703703703
1 0.41836202399582684 0.9310185185185185 0.026604068857589983 0.06574074074074074
0 0.2686489306207616 0.6583333333333333 0.06259780907668232 0.07314814814814814
1 0.29290558163797603 0.19675925925925927 0.012519561815336464 0.025925925925925925
1 0.06598852373500261 0.06018518518518518 0.01564945226917058 0.07037037037037037