0 0.8115232133541993 0.5854537037037036 0.054501825769431404 0.045037037037037035
1 0.7045905059989567 0.21082407407407408 0.017991653625456443 0.06191666666666667
0 0.6923839332290036 0.5026851851851851 0.036009389671361504 0.05806481481481481
1 0.23864893062076162 0.3861111111111111 0.03050078247261346 0.055064814814814816
0 0.6684559207094418 0.5733240740740742 0.03683359415753782 0.035944444444444446
0 0.6308607198748043 0.5256574074074074 0.04153364632237872 0.041574074074074076
0 0.9619144496609285 0.6703888888888889 0.057370892018779346 0.06933333333333333
1 0.8623056859676578 0.29857407407407405 0.02470526864893062 0.06852777777777778
1 0.27782994261867505 0.39737962962962964 0.03137193531559729 0.04661111111111112
1 0.7871100678142933 0.41514814814814816 0.028868022952529996 0.06537962962962963
0 0.7011737089201878 0.7102592592592593 0.04553468961919666 0.05232407407407407
1 0.4362806468440271 0.32675 0.02513302034428795 0.06738888888888889
1 0.4069848721961398 0.6747222222222222 0.034027125717266564 0.09728703703703703
1 0.9575169535732916 0.369 0.02526864893062076 0.05425000000000001
0 0.61377151799687 0.7306296296296296 0.051178925404277514 0.052620370370370366
1 0.7006833594157538 0.4350833333333333 0.02758998435054773 0.07063888888888889
0 0.5112310902451748 0.5208888888888888 0.049775691184141886 0.04886111111111111
1 0.7509754825247782 0.42512037037037037 0.031142410015649453 0.07361111111111111
1 0.7368179447052686 0.17626851851851852 0.018982785602503913 0.06711111111111112
1 0.6718727177882108 0.4313981481481482 0.029478351591027647 0.07063888888888889
1 0.8276369327073552 0.20649074074074072 0.026259780907668232 0.0661388888888889
0 0.4797339593114241 0.4831851851851852 0.04311945748565467 0.04309259259259259
1 0.11993218570683359 0.3085462962962963 0.023422013562858633 0.058722222222222224
1 0.5249034950443401 0.30702777777777773 0.025039123630672927 0.055574074074074074
1 0.6176734480959832 0.4524166666666667 0.0304434011476265 0.0745925925925926
1 0.6264632237871675 0.641361111111111 0.02571205007824726 0.057962962962962966
1 0.49950965049556595 0.43183333333333335 0.029921752738654148 0.05731481481481481
0 0.762696922274387 0.6812222222222223 0.05792383933229004 0.04563888888888889
1 0.9091810119979135 0.9204351851851852 0.031554512258737615 0.05687962962962963
1 0.4931664058424622 0.36856481481481485 0.021653625456442355 0.05985185185185185
1 0.4941418883672405 0.2680277777777778 0.018643714136671884 0.054037037037037036
1 0.987303077725613 0.3325925925925926 0.022509128847157014 0.07155555555555555
1 0.9199217527386542 0.1645648148148148 0.023145539906103286 0.07193518518518519
1 0.9375013041210225 0.24722222222222223 0.03759520083463745 0.07372222222222223
1 0.3420396452790819 0.28449074074074077 0.02958789775691184 0.05527777777777778
1 0.23791340636411057 0.2532962962962963 0.023025560772039644 0.06489814814814815
1 0.1256129368805425 0.35816666666666663 0.03845070422535211 0.06202777777777777
0 0.265623369848722 0.55425 0.04238914971309338 0.054037037037037036
1 0.6640636411058947 0.12480555555555554 0.02041731872717788 0.06982407407407407
1 0.2805164319248826 0.33237962962962964 0.018435054773082944 0.05547222222222222
1 0.6596661450182577 0.21396296296296297 0.018158581116327597 0.05037962962962963
0 0.8837871674491393 0.6539259259259259 0.04769953051643192 0.06224074074074074
1 0.6684559207094418 0.37636111111111115 0.024428794992175273 0.058722222222222224
1 0.6103495044340115 0.27409259259259255 0.021575378195096504 0.06018518518518518
1 0.706056338028169 0.323712962962963 0.024475743348982785 0.06537962962962963
1 0.5795878977569118 0.8255277777777779 0.028382889932185705 0.06651851851851852
1 0.19812206572769953 0.35079629629629633 0.020688575899843503 0.05806481481481481
1 0.6254877412623892 0.3785277777777778 0.019640062597809076 0.06202777777777777
1 0.5585915492957746 0.2504722222222222 0.020292123109024517 0.054037037037037036
1 0.12695357329160145 0.24938888888888885 0.025998956703182058 0.07372222222222223
1 0.7958998435054773 0.21266666666666667 0.022034428794992178 0.0663611111111111
1 0.6103495044340115 0.2448425925925926 0.013740219092331769 0.041574074074074076
1 0.8798852373500261 0.17160185185185187 0.023604590505998956 0.07653703703703703
1 0.09857068335941575 0.19955555555555557 0.025758998435054775 0.06191666666666667
1 0.30102764736567555 0.2528611111111111 0.017240479916536253 0.04766666666666666
1 0.5947261345852894 0.1106111111111111 0.016786645800730308 0.07512962962962963
1 0.7905268648930621 0.1504814814814815 0.025758998435054775 0.05633333333333334
1 0.2091079812206573 0.18287037037037038 0.025039123630672927 0.06602777777777778
1 0.7246113719353156 0.36856481481481485 0.025513823682837767 0.06564814814814815
1 0.016218049034950444 0.17496296296296296 0.026854460093896713 0.05173148148148148
1 0.9521491914449661 0.06516666666666666 0.01596244131455399 0.07047222222222223
1 0.1707772561293688 0.27452777777777776 0.03004694835680751 0.054037037037037036
1 0.46240479916536253 0.2743148148148148 0.027005738132498697 0.042851851851851856
1 0.174924360980699 0.18969444444444444 0.026504955659885237 0.07166666666666667
1 0.7578142931664058 0.11906481481481482 0.01577986437141367 0.06142592592592593
1 0.7690453834115806 0.28665740740740736 0.023729786124152323 0.06142592592592593
1 0.26977569118414185 0.27496296296296296 0.025863328116849243 0.05893518518518518
1 0.6899426186750129 0.29294444444444445 0.022462180490349506 0.059527777777777784
1 0.38330203442879496 0.2883981481481482 0.019426186750130414 0.04400925925925926
1 0.08197183098591548 0.1874259259259259 0.017579551382368285 0.054546296296296294
1 0.7802712571726657 0.3670462962962963 0.024934793948878455 0.06099074074074075
1 0.6718727177882108 0.2480925925925926 0.021867501304121024 0.055064814814814816
1 0.8139645279081898 0.2957592592592593 0.024475743348982785 0.08022222222222222
1 0.49950965049556595 0.06700925925925927 0.016786645800730308 0.0663611111111111
1 0.7026343244653104 0.654787037037037 0.025863328116849243 0.03911111111111111
1 0.09619196661450183 0.803 0.036776212832550864 0.05942592592592593
1 0.7651382368283777 0.3423425925925926 0.02774126238914971 0.06381481481481481
1 0.943849765258216 0.20086111111111113 0.020490349504434013 0.06391666666666666
1 0.7397443922796035 0.3117962962962963 0.026964006259780907 0.06467592592592591
1 0.10412623891497132 0.6755925925925926 0.035399061032863846 0.056657407407407406
1 0.11456442357850809 0.6305277777777778 0.030380803338549818 0.05861111111111111
1 0.6728534167970787 0.31634259259259256 0.017777777777777778 0.0465
1 0.007866458007303078 0.29900925925925925 0.015738132498695878 0.0502962962962963
1 0.31445487741262385 0.20194444444444443 0.019055816379760043 0.04953703703703704
0 0.987303077725613 0.5252222222222223 0.024887845592070943 0.05362962962962963
1 0.05261345852895149 0.1835277777777778 0.02332811684924361 0.0372962962962963
1 0.2795409494001043 0.9238981481481481 0.022081377151799687 0.05612037037037037
0 0.2181794470526865 0.43466666666666665 0.05188836724047992 0.07113888888888889
1 0.24670318205529473 0.8632314814814814 0.027803860198226393 0.05527777777777778
1 0.41162232655190406 0.9733055555555556 0.028487219613980177 0.04758333333333333