0 0.376220703125 0.4262152777777778 0.048675537109375 0.055257161458333336
0 0.7470703125 0.3591579861111111 0.046478271484375 0.04258897569444445
0 0.388671875 0.3116319444444444 0.043365478515625 0.03835720486111111
0 0.625 0.4207899305555556 0.0469970703125 0.043267144097222224
0 0.08758544921875 0.2747395833333333 0.047698974609375 0.044759114583333336
0 0.86279296875 0.6028645833333334 0.044189453125 0.05750868055555555
0 0.98291015625 0.3645833333333333 0.0341796875 0.04747178819444445
0 0.480712890625 0.3767361111111111 0.04400634765625 0.042426215277777776
0 0.234375 0.921875 0.057281494140625 0.054633246527777776
0 0.284423828125 0.5542534722222222 0.03955078125 0.06076388888888889
0 0.5439453125 0.1431206597222222 0.0164642333984375 0.04774305555555555
0 0.96044921875 0.4108072916666667 0.053192138671875 0.0576171875
0 0.98876953125 0.5177951388888888 0.021331787109375 0.03477647569444445