1 0.06781005859375 0.3499298095703125 0.02838134765625 0.04877891540527344
1 0.2398681640625 0.340179443359375 0.0250396728515625 0.07415695190429687
0 0.418212890625 0.458050537109375 0.0310821533203125 0.05557708740234375
1 0.12841796875 0.3624969482421875 0.0345458984375 0.06418991088867188
1 0.400390625 0.327178955078125 0.020599365234375 0.05817718505859375
1 0.640625 0.321978759765625 0.02685546875 0.06548995971679687
1 0.5771484375 0.3310791015625 0.0224151611328125 0.06576080322265625
1 0.8916015625 0.3694305419921875 0.0230712890625 0.053437423706054685
1 0.03155517578125 0.2667266845703125 0.0239105224609375 0.062835693359375
1 0.336669921875 0.330645751953125 0.0196075439453125 0.05414161682128906
1 0.4599609375 0.3380126953125 0.0194549560546875 0.06007308959960937
0 0.305419921875 0.4385498046875 0.049041748046875 0.04547462463378906
0 0.6962890625 0.620989990234375 0.056854248046875 0.05963973999023438
1 0.49169921875 0.293377685546875 0.02044677734375 0.05752716064453125
1 0.0975341796875 0.3070281982421875 0.02691650390625 0.06624832153320312
1 0.96337890625 0.27734375 0.0310211181640625 0.06776504516601563
1 0.958984375 0.4062652587890625 0.035400390625 0.06527328491210938
1 0.10931396484375 0.24180908203125 0.0260009765625 0.06440658569335937
1 0.07354736328125 0.19403228759765626 0.023284912109375 0.058502197265625
1 0.86328125 0.904833984375 0.0310211181640625 0.06418991088867188
1 0.157958984375 0.307244873046875 0.026611328125 0.06727752685546876
1 0.59619140625 0.17778167724609376 0.019561767578125 0.07415695190429687
1 0.71337890625 0.11906280517578124 0.02532958984375 0.06440658569335937
1 0.234619140625 0.2597930908203125 0.01861572265625 0.05806884765625
1 0.55029296875 0.268243408203125 0.020416259765625 0.05538749694824219
1 0.7734375 0.3796142578125 0.0299835205078125 0.05953140258789062
1 0.2705078125 0.3796142578125 0.0222015380859375 0.046964263916015624
1 0.63037109375 0.20443267822265626 0.0177154541015625 0.059856414794921875
1 0.931640625 0.15459747314453126 0.0251312255859375 0.06538162231445313
1 0.86083984375 0.2966278076171875 0.031982421875 0.06099395751953125
1 0.51025390625 0.97330322265625 0.0260009765625 0.048399734497070315
1 0.0775146484375 0.263043212890625 0.0219879150390625 0.054872894287109376
1 0.1619873046875 0.225341796875 0.03155517578125 0.063702392578125
1 0.669921875 0.20508270263671874 0.0222015380859375 0.06402740478515626
1 0.298583984375 0.2216583251953125 0.0192413330078125 0.06500244140625
1 0.77001953125 0.3174285888671875 0.0252227783203125 0.059856414794921875
1 0.69970703125 0.1854736328125 0.02484130859375 0.0569854736328125
1 0.8759765625 0.2324920654296875 0.02203369140625 0.05839385986328125
1 0.9560546875 0.181573486328125 0.027069091796875 0.040328598022460936
1 0.2578125 0.886199951171875 0.0272216796875 0.06381072998046874
1 0.515625 0.82943115234375 0.02508544921875 0.05601043701171875
1 0.794921875 0.20508270263671874 0.0169830322265625 0.0639190673828125
1 0.908203125 0.16196441650390625 0.0199432373046875 0.05882720947265625
1 0.322021484375 0.91783447265625 0.0260009765625 0.06527328491210938
1 0.262939453125 0.22967529296875 0.0235595703125 0.063702392578125
1 0.80908203125 0.13488006591796875 0.0259552001953125 0.06635665893554688
1 0.010009765625 0.2860107421875 0.0199432373046875 0.06359405517578125
1 0.86767578125 0.1423553466796875 0.0164031982421875 0.06332321166992187
1 0.11517333984375 0.856298828125 0.04010009765625 0.07811126708984376
1 0.79638671875 0.27127685546875 0.0258636474609375 0.0695526123046875
1 0.1966552734375 0.189373779296875 0.01512908935546875 0.05143318176269531
1 0.482177734375 0.23834228515625 0.017913818359375 0.0513519287109375
1 0.361328125 0.16218109130859376 0.0182952880859375 0.052922821044921874
1 0.326904296875 0.2905609130859375 0.029876708984375 0.03799934387207031
0 0.97998046875 0.529119873046875 0.038818359375 0.0572021484375
1 0.74853515625 0.1765899658203125 0.01483917236328125 0.050566482543945315
1 0.4365234375 0.2502593994140625 0.0242767333984375 0.03461380004882812
1 0.548828125 0.22447509765625 0.0283355712890625 0.037132644653320314