0 0.7958984375 0.2623697916666667 0.0455322265625 0.04014756944444445
0 0.30908203125 0.5772569444444444 0.040252685546875 0.06928168402777778
1 0.61865234375 0.15266927083333334 0.0160980224609375 0.07286241319444445
0 0.489013671875 0.3587239583333333 0.045257568359375 0.044921875
0 0.71533203125 0.3190104166666667 0.04779052734375 0.039008246527777776
1 0.63330078125 0.1457248263888889 0.017303466796875 0.05881076388888889
0 0.4326171875 0.4661458333333333 0.052032470703125 0.04383680555555555
0 0.927734375 0.3157552083333333 0.0439453125 0.0661349826388889
0 0.0416259765625 0.7777777777777778 0.052825927734375 0.05381944444444445
0 0.26123046875 0.4605034722222222 0.049407958984375 0.04163953993055555
0 0.1668701171875 0.3248697916666667 0.03192138671875 0.059516059027777776
0 0.5419921875 0.5264756944444444 0.05224609375 0.052815755208333336
0 0.822265625 0.4229600694444444 0.037322998046875 0.051812065972222224