0 0.2078857421875 0.575921630859375 0.032470703125 0.07009429931640625
1 0.97509765625 0.66995849609375 0.035003662109375 0.0569854736328125
1 0.49658203125 0.4006317138671875 0.0299224853515625 0.06099395751953125
1 0.1593017578125 0.647857666015625 0.03460693359375 0.06321487426757813
1 0.44775390625 0.653924560546875 0.0236968994140625 0.05861053466796875
1 0.2451171875 0.834197998046875 0.03582763671875 0.05579376220703125
1 0.3232421875 0.38394775390625 0.024932861328125 0.06852340698242188
1 0.65625 0.166839599609375 0.0214080810546875 0.06662750244140625
0 0.3720703125 0.551220703125 0.049774169921875 0.06662750244140625
1 0.892578125 0.455450439453125 0.037200927734375 0.06624832153320312
1 0.92919921875 0.856732177734375 0.033599853515625 0.06402740478515626
1 0.2080078125 0.671258544921875 0.0252227783203125 0.06180648803710938
1 0.38427734375 0.4350830078125 0.0222015380859375 0.068902587890625
1 0.40283203125 0.826397705078125 0.032470703125 0.05752716064453125
1 0.012630462646484375 0.523919677734375 0.02526092529296875 0.07020263671875
1 0.896484375 0.1765899658203125 0.0226287841796875 0.059964752197265624
0 0.1070556640625 0.4370330810546875 0.0305023193359375 0.052814483642578125
1 0.0970458984375 0.24180908203125 0.0289764404296875 0.06142730712890625
1 0.0164031982421875 0.3464630126953125 0.029815673828125 0.06516494750976562
1 0.44873046875 0.2719268798828125 0.0240020751953125 0.0639190673828125
1 0.95361328125 0.050187301635742185 0.0169830322265625 0.0734527587890625
0 0.339111328125 0.510052490234375 0.054107666015625 0.040328598022460936
1 0.18505859375 0.3104949951171875 0.0165252685546875 0.062835693359375
1 0.438232421875 0.3364959716796875 0.0225830078125 0.061102294921875
1 0.5693359375 0.2784271240234375 0.021942138671875 0.062023162841796875
1 0.97607421875 0.453717041015625 0.041229248046875 0.059748077392578126
1 0.6923828125 0.1540557861328125 0.0243377685546875 0.060506439208984374
1 0.012031218214172674 0.5863220214843748 0.02191162109375 0.06603164672851562
1 0.1334228515625 0.2069244384765625 0.026702880859375 0.06576080322265625
1 0.5634765625 0.42034912109375 0.022369384765625 0.054547882080078124
1 0.060516357421875 0.763128662109375 0.029541015625 0.049997711181640626
1 0.24365234375 0.2340087890625 0.0328369140625 0.070635986328125
1 0.94384765625 0.17713165283203125 0.0241851806640625 0.06440658569335937
1 0.03167724609375 0.2550262451171875 0.03790283203125 0.06776504516601563
1 0.79345703125 0.677325439453125 0.033660888671875 0.07009429931640625
1 0.20263671875 0.350146484375 0.0257568359375 0.07827377319335938
1 0.8662109375 0.382647705078125 0.0309600830078125 0.058935546875
1 0.2203369140625 0.18059844970703126 0.0190582275390625 0.06251068115234375
1 0.82275390625 0.4131988525390625 0.0306243896484375 0.07784042358398438
1 0.9169921875 0.2363922119140625 0.0236968994140625 0.0496185302734375
1 0.28466796875 0.1579559326171875 0.0202484130859375 0.06418991088867188
1 0.0794677734375 0.85023193359375 0.034423828125 0.05817718505859375
1 0.8876953125 0.28687744140625 0.0293121337890625 0.07334442138671875
1 0.7412109375 0.178106689453125 0.0240020751953125 0.06429824829101563
1 0.61279296875 0.20367431640625 0.01763916015625 0.06402740478515626
1 0.78173828125 0.3910980224609375 0.0252685546875 0.06971511840820313
1 0.339599609375 0.305511474609375 0.021331787109375 0.06467742919921875
1 0.03948974609375 0.3165618896484375 0.03228759765625 0.06662750244140625
1 0.6103515625 0.11841278076171875 0.0181884765625 0.06603164672851562
1 0.57421875 0.23660888671875 0.021240234375 0.042061996459960935
1 0.798828125 0.21894989013671876 0.018829345703125 0.05926055908203125
1 0.7412109375 0.12393798828125 0.022247314453125 0.05774383544921875
1 0.38671875 0.2259918212890625 0.017303466796875 0.062023162841796875
1 0.1063232421875 0.806463623046875 0.03302001953125 0.05029563903808594
1 0.623046875 0.2879608154296875 0.0210418701171875 0.08656158447265624
1 0.1417236328125 0.3068115234375 0.0237274169921875 0.05232696533203125
1 0.406005859375 0.274310302734375 0.028106689453125 0.06440658569335937
1 0.71533203125 0.20334930419921876 0.0201416015625 0.06527328491210938
1 0.85205078125 0.269976806640625 0.0289764404296875 0.060289764404296876
1 0.84716796875 0.14647216796875 0.02630615234375 0.06240234375
1 0.806640625 0.1289215087890625 0.03265380859375 0.06787338256835937
1 0.9228515625 0.662591552734375 0.038543701171875 0.06018142700195313
1 0.5888671875 0.40994873046875 0.0271148681640625 0.029332351684570313
1 0.95947265625 0.269110107421875 0.0305633544921875 0.0591522216796875
1 0.650390625 0.2779937744140625 0.0279541015625 0.0457183837890625
1 0.98486328125 0.359246826171875 0.0258636474609375 0.05538749694824219
1 0.74462890625 0.2428924560546875 0.0242767333984375 0.077569580078125
1 0.045440673828125 0.19988250732421875 0.0266571044921875 0.0608856201171875
1 0.79150390625 0.2909942626953125 0.02215576171875 0.046341323852539064
1 0.57177734375 0.342779541015625 0.0222015380859375 0.05465621948242187
1 0.763671875 0.3078948974609375 0.0304412841796875 0.046883010864257814
1 0.9873046875 0.2285919189453125 0.021697998046875 0.05322074890136719
1 0.51806640625 0.265643310546875 0.0231475830078125 0.054872894287109376
1 0.093994140625 0.16218109130859376 0.0173797607421875 0.045799636840820314
1 0.54736328125 0.204107666015625 0.0162811279296875 0.06251068115234375
1 0.65234375 0.95423583984375 0.0252685546875 0.05029563903808594
1 0.65234375 0.874066162109375 0.03216552734375 0.05774383544921875
0 0.9697265625 0.08358230590820312 0.0325927734375 0.06749420166015625