0 0.60498046875 0.3218315972222222 0.041229248046875 0.04163953993055555
0 0.1475830078125 0.34375 0.050323486328125 0.04123263888888889
0 0.6484375 0.4635416666666667 0.048492431640625 0.04299587673611111
0 0.31005859375 0.5243055555555556 0.0294189453125 0.06141493055555555
0 0.87451171875 0.4370659722222222 0.05059814453125 0.043267144097222224
0 0.193359375 0.4457465277777778 0.0297088623046875 0.054443359375
0 0.9248046875 0.3641493055555556 0.0472412109375 0.04416232638888889
0 0.7138671875 0.3895399305555556 0.044342041015625 0.04234483506944445
0 0.640625 0.5859375 0.043365478515625 0.05433485243055555
0 0.93115234375 0.7526041666666666 0.047149658203125 0.0625
0 0.5263671875 0.9288194444444444 0.054595947265625 0.06282552083333333
0 0.29931640625 0.3012152777777778 0.04193115234375 0.040934244791666664
0 0.54296875 0.13975694444444445 0.01666259765625 0.045355902777777776