0 0.80517578125 0.4917534722222222 0.05126953125 0.046685112847222224
0 0.84814453125 0.3472222222222222 0.04400634765625 0.04519314236111111
0 0.962890625 0.3400607638888889 0.047882080078125 0.04163953993055555
0 0.51513671875 0.4574652777777778 0.04681396484375 0.047309027777777776
0 0.59375 0.6002604166666666 0.050140380859375 0.049886067708333336
0 0.87939453125 0.3917100694444444 0.046722412109375 0.047037760416666664
0 0.68896484375 0.5325520833333334 0.047882080078125 0.047119140625
0 0.1087646484375 0.8897569444444444 0.057708740234375 0.06027560763888889
0 0.70947265625 0.3739149305555556 0.044769287109375 0.04831271701388889
0 0.0970458984375 0.5460069444444444 0.0310211181640625 0.061686197916666664
0 0.67041015625 0.453125 0.043212890625 0.04367404513888889
0 0.5986328125 0.7035590277777778 0.05224609375 0.04931640625
0 0.552734375 0.1548394097222222 0.01812744140625 0.049886067708333336