0 0.07708740234375 0.5850694444444444 0.043365478515625 0.0710177951388889
0 0.4599609375 0.4008246527777778 0.046539306640625 0.046142578125
1 0.6103515625 0.2786458333333333 0.021209716796875 0.07112630208333333
0 0.31396484375 0.4229600694444444 0.04217529296875 0.05251736111111111
0 0.344970703125 0.6128472222222222 0.049957275390625 0.043267144097222224
0 0.421875 0.5512152777777778 0.0469970703125 0.04275173611111111
0 0.136962890625 0.3875868055555556 0.0333251953125 0.05870225694444445
0 0.5185546875 0.6341145833333334 0.049224853515625 0.05685763888888889
0 0.29736328125 0.3109809027777778 0.03204345703125 0.06401909722222222
0 0.71484375 0.3843315972222222 0.046478271484375 0.043158637152777776
0 0.39697265625 0.4735243055555556 0.049224853515625 0.04391818576388889
0 0.884649367559524 0.39958457341269854 0.04741269066220243 0.057942708333333336