0 0.6635416666666667 0.34305555555555556 0.04375 0.044444444444444446
0 0.61875 0.3888888888888889 0.046875 0.03888888888888889
0 0.5932291666666667 0.4685185185185185 0.0453125 0.04537037037037037
0 0.5419270833333333 0.33425925925925926 0.0453125 0.046296296296296294
1 0.8458333333333333 0.8569444444444444 0.025520833333333333 0.08055555555555556
0 0.8778645833333333 0.5018518518518519 0.053125 0.044444444444444446
0 0.8447916666666667 0.38564814814814813 0.04791666666666667 0.04537037037037037
0 0.796875 0.524074074074074 0.051041666666666666 0.05555555555555555
0 0.06328125 0.34675925925925927 0.043229166666666666 0.05555555555555555
0 0.7192708333333333 0.8435185185185186 0.03177083333333333 0.053703703703703705
0 0.45390625 0.7601851851851852 0.04739583333333333 0.06851851851851852
0 0.5736979166666667 0.1162037037037037 0.0203125 0.06851851851851852
1 0.8630208333333333 0.861574074074074 0.019270833333333334 0.075