0 0.70849609375 0.4151475694444444 0.044342041015625 0.047309027777777776
0 0.3896484375 0.6176215277777778 0.05023193359375 0.04641384548611111
0 0.467529296875 0.5698784722222222 0.049041748046875 0.0478515625
0 0.384033203125 0.7582465277777778 0.05499267578125 0.053304036458333336
0 0.50341796875 0.4338107638888889 0.047332763671875 0.04307725694444445
0 0.72119140625 0.61328125 0.049224853515625 0.045355902777777776
0 0.529296875 0.4930555555555556 0.046905517578125 0.04139539930555555
0 0.400146484375 0.5260416666666666 0.04595947265625 0.04562717013888889
0 0.93359375 0.48046875 0.050506591796875 0.044759114583333336
0 0.470947265625 0.6744791666666666 0.0521240234375 0.045979817708333336
0 0.350341796875 0.4405381944444444 0.04510498046875 0.04641384548611111
0 0.48681640625 0.3070746527777778 0.044525146484375 0.03835720486111111
0 0.5927734375 0.5177951388888888 0.047515869140625 0.04432508680555555
0 0.406005859375 0.3680555555555556 0.049591064453125 0.045111762152777776
0 0.9189453125 0.3778211805555556 0.0472412109375 0.04578993055555555
0 0.8447265625 0.71484375 0.057281494140625 0.06282552083333333
0 0.32958984375 0.3355034722222222 0.046295166015625 0.04115125868055555
0 0.73583984375 0.28125 0.04486083984375 0.041802300347222224
0 0.56884765625 0.3602430555555556 0.04345703125 0.04031032986111111
0 0.59375 0.5755208333333334 0.050323486328125 0.04123263888888889