0 0.892578125 0.5841552734375 0.034698486328125 0.054954147338867186
1 0.8720703125 0.861065673828125 0.03253173828125 0.06689834594726562
1 0.261474609375 0.38134765625 0.029815673828125 0.07036514282226562
1 0.08660888671875 0.692926025390625 0.04010009765625 0.065869140625
1 0.83056640625 0.45328369140625 0.029815673828125 0.06711502075195312
1 0.10614013671875 0.653057861328125 0.03656005859375 0.06299819946289062
1 0.92041015625 0.4430999755859375 0.0343017578125 0.0569854736328125
1 0.8115234375 0.3720306396484375 0.02484130859375 0.0582855224609375
1 0.283203125 0.308978271484375 0.0250396728515625 0.06223983764648437
1 0.87548828125 0.2402923583984375 0.0225067138671875 0.04988937377929688
0 0.2000732421875 0.4870849609375 0.03204345703125 0.05029563903808594
1 0.59033203125 0.868865966796875 0.0304412841796875 0.05424995422363281
1 0.8701171875 0.8198974609375 0.0276947021484375 0.06121063232421875
0 0.0212860107421875 0.591522216796875 0.04046630859375 0.044174575805664064
1 0.286865234375 0.143438720703125 0.01763916015625 0.06971511840820313
1 0.1807861328125 0.1744232177734375 0.0189361572265625 0.055062484741210935
1 0.326171875 0.488385009765625 0.02880859375 0.07291107177734375
1 0.5107421875 0.41168212890625 0.0232391357421875 0.055062484741210935
1 0.765625 0.3902313232421875 0.029205322265625 0.06381072998046874
1 0.5908203125 0.94990234375 0.03179931640625 0.05143318176269531
1 0.71630859375 0.3070281982421875 0.024383544921875 0.04650382995605469
1 0.9091796875 0.27127685546875 0.03143310546875 0.05774383544921875
1 0.728515625 0.386114501953125 0.02056884765625 0.07274856567382812
1 0.8740234375 0.65869140625 0.035064697265625 0.05579376220703125
1 0.66455078125 0.20551605224609376 0.0273284912109375 0.062835693359375
1 0.98486328125 0.49315185546875 0.0284881591796875 0.06662750244140625
1 0.389892578125 0.333245849609375 0.0173797607421875 0.0613189697265625
1 0.93359375 0.3854644775390625 0.0284881591796875 0.060398101806640625
0 0.9838104248046875 0.573321533203125 0.032379150390625 0.04886016845703125
1 0.5771484375 0.2922943115234375 0.0237274169921875 0.07209854125976563
1 0.98486328125 0.3863311767578125 0.0240478515625 0.062023162841796875
1 0.8037109375 0.27301025390625 0.026702880859375 0.058935546875
1 0.35498046875 0.822930908203125 0.03216552734375 0.05752716064453125
1 0.36572265625 0.2047576904296875 0.0162811279296875 0.048589324951171874
1 0.65478515625 0.163372802734375 0.0240936279296875 0.0665191650390625
1 0.1572265625 0.669525146484375 0.03277587890625 0.05904388427734375
1 0.123779296875 0.3148284912109375 0.0247955322265625 0.06121063232421875
1 0.89990234375 0.1787567138671875 0.0221099853515625 0.06240234375
1 0.93505859375 0.66995849609375 0.03656005859375 0.07155685424804688
1 0.85205078125 0.165972900390625 0.018157958984375 0.06500244140625
1 0.75439453125 0.21786651611328126 0.02203369140625 0.06467742919921875
1 0.1864013671875 0.842431640625 0.02801513671875 0.05424995422363281
1 0.71630859375 0.3568634033203125 0.020294189453125 0.0608856201171875
1 0.96923828125 0.1960906982421875 0.02423095703125 0.06381072998046874
1 0.69921875 0.10822906494140624 0.021820068359375 0.07247772216796874
1 0.8408203125 0.297711181640625 0.025177001953125 0.06538162231445313
1 0.40771484375 0.2758270263671875 0.02655029296875 0.06299819946289062
1 0.457763671875 0.364013671875 0.024566650390625 0.059964752197265624
1 0.93701171875 0.526519775390625 0.03338623046875 0.0496185302734375
1 0.0489501953125 0.24007568359375 0.03155517578125 0.060506439208984374
1 0.97265625 0.2736602783203125 0.0235595703125 0.06548995971679687
1 0.47412109375 0.26607666015625 0.0226287841796875 0.05904388427734375
1 0.697265625 0.17409820556640626 0.023284912109375 0.06381072998046874
1 0.390380859375 0.6500244140625 0.022369384765625 0.06402740478515626
1 0.92822265625 0.3321624755859375 0.02423095703125 0.06077728271484375
1 0.60986328125 0.3156951904296875 0.02630615234375 0.041005706787109374
1 0.611328125 0.16803131103515626 0.0179901123046875 0.07047348022460938
1 0.53857421875 0.4101654052734375 0.0180206298828125 0.03499298095703125
1 0.027587890625 0.84676513671875 0.03265380859375 0.05579376220703125
1 0.73193359375 0.70809326171875 0.024658203125 0.06169815063476562
1 0.97314453125 0.3295623779296875 0.0310821533203125 0.06240234375
1 0.95166015625 0.0522186279296875 0.0164642333984375 0.07101516723632813
1 0.09637451171875 0.3033447265625 0.0233306884765625 0.05086441040039062
1 0.194580078125 0.23487548828125 0.0295867919921875 0.06662750244140625
1 0.1395263671875 0.260443115234375 0.03192138671875 0.06576080322265625
1 0.6923828125 0.25394287109375 0.0257110595703125 0.06381072998046874
1 0.74365234375 0.2825439453125 0.0203704833984375 0.04626007080078125
1 0.09039306640625 0.2086578369140625 0.0311431884765625 0.059423065185546874
1 0.1533203125 0.360980224609375 0.033538818359375 0.06142730712890625
1 0.8486328125 0.341046142578125 0.02508544921875 0.06635665893554688
1 0.5244140625 0.3421295166015625 0.0225067138671875 0.043524551391601565
1 0.3642578125 0.273443603515625 0.030670166015625 0.06440658569335937
1 0.568359375 0.2155914306640625 0.019378662109375 0.05839385986328125
1 0.798828125 0.2398590087890625 0.0278472900390625 0.04915809631347656
1 0.5283203125 0.2506927490234375 0.0236053466796875 0.05527915954589844
1 0.058349609375 0.1731231689453125 0.0243377685546875 0.03415336608886719
1 0.76416015625 0.12101287841796875 0.027374267578125 0.06673583984375
1 0.8056640625 0.1393218994140625 0.0246124267578125 0.06310653686523438
0 0.216552734375 0.562054443359375 0.050994873046875 0.06489410400390624
1 0.51171875 0.2047576904296875 0.018829345703125 0.06418991088867188
0 0.96728515625 0.08639907836914062 0.0313720703125 0.06500244140625
1 0.043701171875 0.802130126953125 0.021820068359375 0.042522430419921875
1 0.33837890625 0.2329254150390625 0.017181396484375 0.0574188232421875
1 0.982421875 0.1358551025390625 0.018341064453125 0.056768798828125
1 0.0850830078125 0.1315216064453125 0.0171051025390625 0.051731109619140625
1 0.94189453125 0.21743316650390626 0.0197601318359375 0.04165573120117187
1 0.71875 0.97330322265625 0.030914306640625 0.04886016845703125
1 0.00788116455078125 0.757928466796875 0.0157623291015625 0.04219741821289062
1 0.943359375 0.30594482421875 0.0232391357421875 0.050187301635742185
1 0.00818634033203125 0.20724945068359374 0.0163421630859375 0.05124359130859375