1 0.15206051121544079 0.325 0.03025560772039645 0.06574074074074074
0 0.08789775691184142 0.48842592592592593 0.029212310902451747 0.06018518518518518
0 0.23317683881064163 0.4638888888888889 0.02764736567553469 0.06944444444444445
1 0.7094418362023995 0.8680555555555556 0.036515388628064686 0.05648148148148148
1 0.5112154407929056 0.39351851851851855 0.014084507042253521 0.06851851851851852
1 0.5912884715701617 0.8166666666666667 0.030777256129368807 0.05
1 0.7143974960876369 0.47453703703703703 0.02138758476786646 0.06388888888888888
0 0.7099634846113719 0.5412037037037037 0.028169014084507043 0.05
1 0.6964006259780907 0.7703703703703704 0.03025560772039645 0.05740740740740741
1 0.27230046948356806 0.3541666666666667 0.030777256129368807 0.06111111111111111
1 0.6444966092853417 0.3611111111111111 0.025039123630672927 0.062037037037037036
1 0.4384454877412624 0.3402777777777778 0.02190923317683881 0.05
1 0.7357850808555034 0.18935185185185185 0.023474178403755867 0.05462962962962963
1 0.9214919144496609 0.3907407407407407 0.028690662493479395 0.06574074074074074
1 0.6708398539384455 0.8893518518518518 0.02190923317683881 0.05648148148148148
0 0.7081377151799687 0.5995370370370371 0.04329681794470527 0.046296296296296294
1 0.6773604590505999 0.3398148148148148 0.018257694314032343 0.06296296296296296
1 0.10328638497652583 0.31157407407407406 0.03390714658320292 0.06666666666666667
1 0.7866458007303078 0.46064814814814814 0.022952529994783515 0.06666666666666667
1 0.06233698487219614 0.2949074074074074 0.022952529994783515 0.06111111111111111
1 0.909754825247783 0.4842592592592593 0.03338549817423057 0.07037037037037037
1 0.8192488262910798 0.1300925925925926 0.025039123630672927 0.06666666666666667
1 0.8364632237871674 0.3111111111111111 0.0297339593114241 0.06759259259259259
1 0.7211789254042775 0.40694444444444444 0.018779342723004695 0.06574074074074074
1 0.5200834637454356 0.31666666666666665 0.017214397496087636 0.06574074074074074
1 0.951225873761085 0.31203703703703706 0.02556077203964528 0.05925925925925926
1 0.9869587897756912 0.3787037037037037 0.02608242044861763 0.07037037037037037
1 0.6773604590505999 0.21851851851851853 0.024517475221700575 0.062037037037037036
1 0.18466353677621283 0.1814814814814815 0.02034428794992175 0.06481481481481481
0 0.7524778299426187 0.7328703703703704 0.05216484089723526 0.04722222222222222
1 0.912623891497131 0.30324074074074076 0.022430881585811163 0.06481481481481481
0 0.42905581637976004 0.5597222222222222 0.0495565988523735 0.062037037037037036
1 0.6322378716744914 0.2814814814814815 0.018779342723004695 0.075
1 0.587376108502869 0.38055555555555554 0.02138758476786646 0.05555555555555555
1 0.7548252477829943 0.41064814814814815 0.03129890453834116 0.06388888888888888
1 0.5672926447574335 0.2875 0.018779342723004695 0.06666666666666667
1 0.14475743348982786 0.23287037037037037 0.028690662493479395 0.06018518518518518
1 0.9804381846635368 0.1486111111111111 0.030777256129368807 0.06574074074074074
1 0.8510693792383933 0.15046296296296297 0.028169014084507043 0.06018518518518518
1 0.7060511215440793 0.19675925925925927 0.020865936358894107 0.05555555555555555
1 0.8834115805946792 0.18796296296296297 0.025039123630672927 0.06851851851851852
1 0.5464267083985394 0.3962962962962963 0.01617110067814293 0.06666666666666667
1 0.3888888888888889 0.3449074074074074 0.0297339593114241 0.05
0 0.5605112154407929 0.7143518518518519 0.0495565988523735 0.03981481481481482
1 0.3189880020865936 0.2865740740740741 0.01617110067814293 0.058333333333333334
1 0.1841418883672405 0.8555555555555555 0.028690662493479395 0.058333333333333334
1 0.2712571726656234 0.21712962962962962 0.02190923317683881 0.04351851851851852
1 0.035211267605633804 0.23055555555555557 0.027125717266562335 0.06296296296296296
1 0.7636932707355243 0.2611111111111111 0.02190923317683881 0.06388888888888888
1 0.3951486697965571 0.2791666666666667 0.0198226395409494 0.04259259259259259
1 0.7222222222222222 0.2763888888888889 0.022952529994783515 0.05277777777777778
1 0.9882629107981221 0.29398148148148145 0.02190923317683881 0.05185185185185185
0 0.8930620761606677 0.7240740740740741 0.046426708398539386 0.058333333333333334
1 0.21178925404277518 0.2064814814814815 0.018257694314032343 0.04537037037037037
1 0.49269692227438705 0.08055555555555556 0.02034428794992175 0.06111111111111111
1 0.9564423578508086 0.26064814814814813 0.02764736567553469 0.046296296296296294
0 0.6690140845070423 0.6444444444444445 0.056338028169014086 0.053703703703703705