1 0.8226395409494001 0.45555555555555555 0.020865936358894107 0.06296296296296296
1 0.5933750652060511 0.37175925925925923 0.018779342723004695 0.05740740740740741
1 0.9334898278560251 0.2986111111111111 0.025039123630672927 0.06759259259259259
1 0.792905581637976 0.4078703703703704 0.028690662493479395 0.06944444444444445
1 0.7882107459572248 0.33240740740740743 0.03182055294731351 0.06481481481481481
1 0.8604590505998957 0.36203703703703705 0.03182055294731351 0.06018518518518518
1 0.10093896713615023 0.3277777777777778 0.03129890453834116 0.06018518518518518
0 0.059728742827334376 0.7143518518518519 0.05216484089723526 0.04351851851851852
1 0.9256651017214398 0.27175925925925926 0.02608242044861763 0.062037037037037036
1 0.6630151278038602 0.24583333333333332 0.018257694314032343 0.06481481481481481
1 0.7793427230046949 0.12824074074074074 0.02556077203964528 0.06666666666666667
1 0.2746478873239437 0.21203703703703702 0.016692749087115284 0.05648148148148148
1 0.8354199269692227 0.4263888888888889 0.0198226395409494 0.06481481481481481
1 0.17892540427751696 0.31296296296296294 0.024517475221700575 0.05740740740740741
1 0.7193531559728743 0.2324074074074074 0.019300991131977047 0.06018518518518518
1 0.702660406885759 0.275 0.02138758476786646 0.05277777777777778
1 0.9345331246739698 0.35138888888888886 0.03390714658320292 0.06111111111111111
1 0.6851851851851852 0.1162037037037037 0.023474178403755867 0.07777777777777778
1 0.3445487741262389 0.2810185185185185 0.020865936358894107 0.06111111111111111
1 0.4272300469483568 0.32083333333333336 0.02608242044861763 0.06388888888888888
0 0.7509128847157016 0.5027777777777778 0.05372978612415232 0.05185185185185185
1 0.8281168492436098 0.3921296296296296 0.026604068857589983 0.06481481481481481
1 0.2454355764214919 0.3138888888888889 0.025039123630672927 0.05740740740740741
1 0.7065727699530516 0.35462962962962963 0.026604068857589983 0.05462962962962963
0 0.47183098591549294 0.5356481481481481 0.051643192488262914 0.04722222222222222
1 0.9267083985393845 0.44027777777777777 0.025039123630672927 0.05
1 0.27856025039123633 0.27546296296296297 0.023474178403755867 0.062037037037037036
1 0.7373500260824204 0.9532407407407407 0.03286384976525822 0.053703703703703705
1 0.764736567553469 0.25833333333333336 0.02556077203964528 0.06018518518518518
1 0.647887323943662 0.2111111111111111 0.023995826812728223 0.06018518518518518
0 0.5834637454355764 0.48564814814814816 0.0495565988523735 0.04537037037037037
1 0.8153364632237872 0.2361111111111111 0.027125717266562335 0.06111111111111111
1 0.612415232133542 0.17685185185185184 0.014084507042253521 0.06759259259259259
1 0.10015649452269171 0.9291666666666667 0.03182055294731351 0.06388888888888888
1 0.8941053729786124 0.27824074074074073 0.02764736567553469 0.06481481481481481
1 0.44835680751173707 0.28564814814814815 0.03129890453834116 0.06574074074074074
1 0.7563901930099113 0.1398148148148148 0.01773604590505999 0.06111111111111111
1 0.7613458528951487 0.3212962962962963 0.0297339593114241 0.05092592592592592
1 0.16458007303077726 0.2337962962962963 0.029212310902451747 0.05740740740740741
1 0.6064162754303599 0.2949074074074074 0.01564945226917058 0.05925925925925926
1 0.7193531559728743 0.17037037037037037 0.02138758476786646 0.07685185185185185
1 0.9754825247782994 0.27685185185185185 0.02764736567553469 0.06296296296296296
1 0.6640584246218049 0.2824074074074074 0.022952529994783515 0.06481481481481481
1 0.3046426708398539 0.21805555555555556 0.02034428794992175 0.06574074074074074
1 0.7279603547209181 0.11342592592592593 0.022952529994783515 0.06296296296296296
1 0.01278038601982264 0.30277777777777776 0.02556077203964528 0.06111111111111111
1 0.1278038601982264 0.23055555555555557 0.028169014084507043 0.06666666666666667
1 0.9814814814814815 0.3731481481481482 0.030777256129368807 0.06481481481481481
1 0.8946270213875848 0.31157407407407406 0.024517475221700575 0.05462962962962963
0 0.061815336463223784 0.4587962962962963 0.050078247261345854 0.04537037037037037
1 0.184924360980699 0.1925925925925926 0.0297339593114241 0.06759259259259259
1 0.5743348982785602 0.09490740740740741 0.015127803860198226 0.07685185185185185
1 0.3127282211789254 0.8310185185185185 0.02764736567553469 0.05277777777777778
1 0.057902973395931145 0.25416666666666665 0.03182055294731351 0.062037037037037036
1 0.9681794470526864 0.8569444444444444 0.0297339593114241 0.06018518518518518
1 0.01564945226917058 0.2412037037037037 0.03129890453834116 0.06296296296296296
1 0.07694314032342202 0.38564814814814813 0.03599374021909233 0.05648148148148148
1 0.6108502869066249 0.9120370370370371 0.03390714658320292 0.05555555555555555
1 0.28377673448095986 0.3435185185185185 0.023474178403755867 0.06666666666666667
1 0.931924882629108 0.2152777777777778 0.017214397496087636 0.06296296296296296
1 0.9788732394366197 0.2175925925925926 0.019300991131977047 0.06481481481481481
1 0.04877412623891497 0.9004629629629629 0.041731872717788214 0.07592592592592592
1 0.2983828899321857 0.9777777777777777 0.023474178403755867 0.041666666666666664
1 0.31872717788210747 0.7967592592592593 0.020865936358894107 0.05740740740740741
1 0.9593114241001565 0.8101851851851852 0.025039123630672927 0.062037037037037036
1 0.9885237350026083 0.9171296296296296 0.022952529994783515 0.05648148148148148
1 0.40219092331768386 0.24537037037037038 0.028690662493479395 0.07685185185185185