1 0.8547209181011998 0.1375 0.03755868544600939 0.05740740740740741
1 0.7107459572248305 0.2222222222222222 0.03547209181011998 0.05740740740740741
1 0.7391757955138237 0.32685185185185184 0.024517475221700575 0.06851851851851852
0 0.9165362545644236 0.4703703703703704 0.0505998956703182 0.05462962962962963
1 0.3192488262910798 0.08657407407407407 0.040166927490871154 0.06574074074074074
0 0.724830464267084 0.5523148148148148 0.051643192488262914 0.03796296296296296
0 0.9587897756911842 0.5560185185185185 0.05112154407929056 0.04259259259259259
1 0.5824204486176318 0.3800925925925926 0.024517475221700575 0.062037037037037036
0 0.6155451225873761 0.4935185185185185 0.046948356807511735 0.03981481481481482
1 0.30073030777256127 0.9078703703703703 0.019300991131977047 0.06666666666666667
0 0.2222222222222222 0.4486111111111111 0.056338028169014086 0.041666666666666664
1 0.5837245696400626 0.2814814814814815 0.03338549817423057 0.058333333333333334
1 0.33541992696922274 0.8074074074074075 0.01564945226917058 0.06759259259259259
1 0.4525299947835159 0.6689814814814815 0.02556077203964528 0.06296296296296296
1 0.37741262389149716 0.8152777777777778 0.013562858633281168 0.06666666666666667
1 0.04094940010432968 0.21712962962962962 0.041731872717788214 0.07777777777777778
1 0.11711006781429317 0.2439814814814815 0.03547209181011998 0.05462962962962963
1 0.5391236306729265 0.1449074074074074 0.02138758476786646 0.05462962962962963
0 0.04434011476264997 0.3925925925925926 0.05894627021387585 0.04537037037037037
1 0.288471570161711 0.8694444444444445 0.023995826812728223 0.06666666666666667
0 0.7759520083463746 0.45925925925925926 0.0505998956703182 0.07407407407407407
1 0.20109546165884193 0.21574074074074073 0.037037037037037035 0.053703703703703705
0 0.21387584767866458 0.6504629629629629 0.0505998956703182 0.04814814814814815
1 0.19979134063641105 0.2671296296296296 0.03390714658320292 0.049074074074074076
1 0.013562858633281168 0.7680555555555556 0.02190923317683881 0.0824074074074074
1 0.5049556598852374 0.6689814814814815 0.022430881585811163 0.06481481481481481
1 0.7269170579029735 0.6703703703703704 0.027125717266562335 0.05555555555555555
1 0.14893062076160668 0.34629629629629627 0.028169014084507043 0.05185185185185185
1 0.43740219092331767 0.6069444444444444 0.0198226395409494 0.05555555555555555
0 0.6502347417840375 0.4583333333333333 0.04434011476264997 0.09259259259259259
1 0.747000521648409 0.27870370370370373 0.026604068857589983 0.06851851851851852
1 0.8596765779864372 0.30185185185185187 0.03025560772039645 0.062037037037037036
1 0.9175795513823682 0.6861111111111111 0.03234220135628586 0.06481481481481481
1 0.7031820552947313 0.11574074074074074 0.03442879499217527 0.05462962962962963
1 0.2490871152842984 0.13055555555555556 0.03234220135628586 0.06481481481481481
1 0.18701095461658843 0.07592592592592592 0.036515388628064686 0.062037037037037036
0 0.6914449660928534 0.49027777777777776 0.04903495044340115 0.037037037037037035
1 0.10302556077203964 0.07777777777777778 0.0297339593114241 0.08518518518518518
1 0.5323422013562858 0.7356481481481482 0.0198226395409494 0.06388888888888888
1 0.40271257172665625 0.07268518518518519 0.0396452790818988 0.06574074074074074
0 0.5490349504434011 0.46111111111111114 0.04747000521648409 0.040740740740740744
1 0.33541992696922274 0.1625 0.03182055294731351 0.07685185185185185
1 0.9791340636411059 0.774074074074074 0.02764736567553469 0.053703703703703705
1 0.9371413667188315 0.7717592592592593 0.03338549817423057 0.06851851851851852
1 0.2587376108502869 0.7759259259259259 0.02034428794992175 0.058333333333333334
1 0.9264475743348983 0.1912037037037037 0.03442879499217527 0.05740740740740741
1 0.9731351069379238 0.6981481481481482 0.028690662493479395 0.05092592592592592
1 0.24178403755868544 0.8731481481481481 0.029212310902451747 0.0712962962962963
1 0.7785602503912363 0.737037037037037 0.02190923317683881 0.05462962962962963
1 0.013562858633281168 0.1449074074074074 0.026604068857589983 0.06296296296296296
1 0.9100156494522692 0.36666666666666664 0.028690662493479395 0.04537037037037037
1 0.8622848200312989 0.7236111111111111 0.03129890453834116 0.062037037037037036
1 0.8909754825247783 0.34305555555555556 0.024517475221700575 0.05555555555555555
1 0.24569640062597808 0.600462962962963 0.028690662493479395 0.06759259259259259
1 0.7832550860719875 0.812037037037037 0.01617110067814293 0.04351851851851852
1 0.8200312989045383 0.3037037037037037 0.037037037037037035 0.06111111111111111
1 0.6812728221178925 0.612037037037037 0.03129890453834116 0.05648148148148148
1 0.08633281168492436 0.3175925925925926 0.03599374021909233 0.053703703703703705
1 0.5498174230568597 0.7189814814814814 0.0198226395409494 0.06759259259259259
1 0.7480438184663537 0.060648148148148145 0.022952529994783515 0.041666666666666664
1 0.2094418362023996 0.1574074074074074 0.0406885758998435 0.06481481481481481
1 0.05425143453312467 0.8333333333333334 0.02608242044861763 0.06851851851851852
1 0.8907146583202922 0.7833333333333333 0.02138758476786646 0.053703703703703705
1 0.6463223787167449 0.6819444444444445 0.027125717266562335 0.062037037037037036
1 0.9076682316118936 0.2513888888888889 0.03390714658320292 0.06944444444444445
1 0.9102764736567553 0.825462962962963 0.0198226395409494 0.05555555555555555
1 0.12649973917579552 0.8296296296296296 0.027125717266562335 0.06851851851851852
1 0.15571205007824726 0.13240740740740742 0.0297339593114241 0.05648148148148148
1 0.16901408450704225 0.8550925925925926 0.02190923317683881 0.06296296296296296
1 0.6231090245174752 0.7263888888888889 0.020865936358894107 0.049074074074074076
1 0.6823161189358372 0.700462962962963 0.025039123630672927 0.05740740740740741
1 0.10459050599895671 0.7134259259259259 0.03025560772039645 0.04537037037037037
1 0.7321335419926969 0.5833333333333334 0.0198226395409494 0.03796296296296296
1 0.8244653103808033 0.7541666666666667 0.025039123630672927 0.07314814814814814
1 0.8192488262910798 0.8226851851851852 0.018257694314032343 0.05092592592592592
1 0.7086593635889411 0.7708333333333334 0.0198226395409494 0.06296296296296296
1 0.7516953573291602 0.7199074074074074 0.016692749087115284 0.04537037037037037
1 0.396452790818988 0.7625 0.015127803860198226 0.053703703703703705
1 0.4327073552425665 0.7291666666666666 0.019300991131977047 0.05925925925925926
1 0.976264997391758 0.825 0.0198226395409494 0.046296296296296294
1 0.6810119979134064 0.8037037037037037 0.02034428794992175 0.06481481481481481
1 0.47522170057381324 0.9462962962962963 0.023474178403755867 0.05092592592592592
1 0.2037037037037037 0.5833333333333334 0.028690662493479395 0.075
1 0.14162754303599373 0.6300925925925925 0.03129890453834116 0.03796296296296296
1 0.6246739697443923 0.7694444444444445 0.02190923317683881 0.049074074074074076
1 0.10589462702138759 0.6754629629629629 0.016692749087115284 0.03981481481481482
1 0.6056338028169014 0.8069444444444445 0.013041210224308816 0.044444444444444446
1 0.7404799165362546 0.6143518518518518 0.03129890453834116 0.03611111111111111
1 0.6789254042775169 0.8768518518518519 0.011476264997391758 0.05462962962962963
1 0.17866458007303077 0.7101851851851851 0.023995826812728223 0.06388888888888888
1 0.6499739175795514 0.788425925925926 0.014084507042253521 0.032407407407407406
1 0.24569640062597808 0.7518518518518519 0.030777256129368807 0.040740740740740744
1 0.99113197704747 0.3365740740740741 0.01773604590505999 0.025925925925925925
1 0.7112676056338029 0.8175925925925925 0.018779342723004695 0.04814814814814815
1 0.5941575378195096 0.7509259259259259 0.025039123630672927 0.06759259259259259
1 0.24256651017214398 0.7194444444444444 0.01564945226917058 0.03888888888888889