0 0.8927083333333333 0.37407407407407406 0.05 0.03796296296296296
0 0.7442708333333333 0.6699074074074074 0.053125 0.040740740740740744
0 0.12447916666666667 0.6013888888888889 0.0546875 0.040740740740740744
0 0.703125 0.3574074074074074 0.04479166666666667 0.03796296296296296
0 0.5255208333333333 0.4527777777777778 0.0484375 0.03888888888888889
0 0.2677083333333333 0.36712962962962964 0.046875 0.041666666666666664
0 0.6236979166666666 0.4708333333333333 0.04739583333333333 0.03888888888888889
0 0.27682291666666664 0.6657407407407407 0.043229166666666666 0.04814814814814815
0 0.18359375 0.513425925925926 0.049479166666666664 0.044444444444444446
0 0.95546875 0.3106481481481482 0.04791666666666667 0.03981481481481482
0 0.6203125 0.3523148148148148 0.04635416666666667 0.03425925925925926
0 0.5286458333333334 0.6337962962962963 0.05572916666666667 0.04537037037037037
0 0.46588541666666666 0.3875 0.04375 0.041666666666666664
0 0.69375 0.47175925925925927 0.04635416666666667 0.040740740740740744
0 0.7049479166666667 0.3958333333333333 0.0453125 0.04722222222222222
0 0.33098958333333334 0.47314814814814815 0.042708333333333334 0.04259259259259259
0 0.65703125 0.5541666666666667 0.049479166666666664 0.03981481481481482
0 0.9791666666666666 0.4361111111111111 0.041666666666666664 0.03518518518518519
0 0.46432291666666664 0.7810185185185186 0.04739583333333333 0.04259259259259259