0 0.4005208333333333 0.38564814814814813 0.04583333333333333 0.06296296296296296
0 0.7622395833333333 0.4930555555555556 0.03958333333333333 0.06018518518518518
0 0.7424479166666667 0.625 0.041666666666666664 0.05925925925925926
1 0.26328125 0.6726851851851852 0.027604166666666666 0.05277777777777778
0 0.8666666666666667 0.4185185185185185 0.0515625 0.05277777777777778
0 0.8325520833333333 0.6481481481481481 0.04791666666666667 0.041666666666666664
0 0.5755208333333334 0.3685185185185185 0.050520833333333334 0.05925925925925926
0 0.40625 0.562962962962963 0.041666666666666664 0.058333333333333334
0 0.9479166666666666 0.6370370370370371 0.035416666666666666 0.06018518518518518
0 0.5611979166666666 0.6763888888888889 0.0453125 0.04259259259259259
0 0.19088541666666667 0.3226851851851852 0.053125 0.049074074074074076
0 0.19817708333333334 0.4217592592592593 0.046875 0.05462962962962963
0 0.5286458333333334 0.6027777777777777 0.046875 0.04722222222222222
0 0.85390625 0.711574074074074 0.04010416666666667 0.041666666666666664
0 0.13046875 0.4962962962962963 0.04479166666666667 0.058333333333333334
0 0.23671875 0.5254629629629629 0.04583333333333333 0.04259259259259259
1 0.26067708333333334 0.7087962962962963 0.024479166666666666 0.058333333333333334
0 0.19557291666666668 0.6143518518518518 0.042708333333333334 0.062037037037037036
0 0.049479166666666664 0.5375 0.050520833333333334 0.05648148148148148