0 0.31536458333333334 0.41898148148148145 0.0484375 0.04722222222222222
0 0.178125 0.41805555555555557 0.051041666666666666 0.04351851851851852
0 0.4317708333333333 0.6736111111111112 0.042708333333333334 0.044444444444444446
0 0.22552083333333334 0.6527777777777778 0.043229166666666666 0.04537037037037037
0 0.5346354166666667 0.5884259259259259 0.04739583333333333 0.044444444444444446
0 0.06458333333333334 0.4828703703703704 0.049479166666666664 0.04259259259259259
0 0.91640625 0.3921296296296296 0.05260416666666667 0.044444444444444446
0 0.8036458333333333 0.649074074074074 0.044270833333333336 0.05185185185185185
0 0.79609375 0.4513888888888889 0.051041666666666666 0.05462962962962963
0 0.19739583333333333 0.575925925925926 0.04895833333333333 0.05
0 0.93984375 0.5314814814814814 0.03333333333333333 0.06296296296296296
0 0.79453125 0.5324074074074074 0.03333333333333333 0.05462962962962963