0 0.1195068359375 0.4062652587890625 0.0264129638671875 0.052435302734375
1 0.448486328125 0.4231658935546875 0.0301055908203125 0.06635665893554688
0 0.43603515625 0.511785888671875 0.05340576171875 0.046774673461914065
0 0.5637918948878456 0.5044189453125 0.03930158620087126 0.05698547363281259
1 0.6572265625 0.425115966796875 0.0235137939453125 0.0647857666015625
0 0.734375 0.567254638671875 0.03289794921875 0.04980812072753906
1 0.71142578125 0.416448974609375 0.026702880859375 0.07886962890625
1 0.70166015625 0.160772705078125 0.01812744140625 0.06272735595703124
1 0.54052734375 0.81123046875 0.022247314453125 0.06332321166992187
1 0.96435546875 0.3724639892578125 0.0321044921875 0.05839385986328125
1 0.35986328125 0.66302490234375 0.039947509765625 0.09019088745117188
1 0.197021484375 0.3761474609375 0.0290374755859375 0.053437423706054685
0 0.89794921875 0.528253173828125 0.051361083984375 0.04536628723144531
1 0.1590576171875 0.3382293701171875 0.0305023193359375 0.06359405517578125
1 0.399169921875 0.345379638671875 0.0289764404296875 0.0626190185546875
1 0.56982421875 0.31287841796875 0.019989013671875 0.06299819946289062
1 0.8212890625 0.2888275146484375 0.0266571044921875 0.07182769775390625
1 0.318115234375 0.19403228759765626 0.0259552001953125 0.06489410400390624
0 0.60400390625 0.5529541015625 0.0279541015625 0.0513519287109375
1 0.058990478515625 0.793463134765625 0.0390625 0.0561187744140625
1 0.90673828125 0.2298919677734375 0.0255126953125 0.0699859619140625
1 0.4560546875 0.2563262939453125 0.018646240234375 0.051622772216796876
0 0.62548828125 0.5044189453125 0.044189453125 0.04607048034667969
1 0.98388671875 0.31461181640625 0.026763916015625 0.0673858642578125
1 0.08154296875 0.354046630859375 0.04083251953125 0.06689834594726562
1 0.91455078125 0.361846923828125 0.024566650390625 0.04988937377929688
0 0.1121826171875 0.53822021484375 0.0316162109375 0.05113525390625
1 0.05718994140625 0.195440673828125 0.0206451416015625 0.0522186279296875
1 0.97021484375 0.25567626953125 0.0273284912109375 0.05953140258789062
1 0.58154296875 0.3616302490234375 0.02203369140625 0.06402740478515626
1 0.88525390625 0.16543121337890626 0.0222930908203125 0.0656524658203125
1 0.630859375 0.126104736328125 0.021453857421875 0.05882720947265625
1 0.5732421875 0.4593505859375 0.0279083251953125 0.05796051025390625
1 0.305908203125 0.28167724609375 0.024566650390625 0.0574188232421875
1 0.953125 0.061589813232421874 0.0163421630859375 0.06814422607421874
0 0.67236328125 0.683392333984375 0.05340576171875 0.054954147338867186
1 0.984375 0.9343017578125 0.03021240234375 0.06099395751953125
1 0.063232421875 0.669091796875 0.036224365234375 0.053329086303710936
0 0.521484375 0.678192138671875 0.030792236328125 0.05517082214355469
1 0.75390625 0.4105987548828125 0.020965576171875 0.065869140625
1 0.623046875 0.4261993408203125 0.0243377685546875 0.06624832153320312
1 0.482666015625 0.305078125 0.027801513671875 0.05557708740234375
1 0.5224609375 0.237908935546875 0.0228424072265625 0.0608856201171875
1 0.2342529296875 0.3876312255859375 0.0306243896484375 0.04869766235351562
1 0.97265625 0.4175323486328125 0.035491943359375 0.06451492309570313
1 0.243408203125 0.3269622802734375 0.0252685546875 0.05806884765625
1 0.095703125 0.247442626953125 0.029205322265625 0.06852340698242188
1 0.78955078125 0.1995574951171875 0.0274810791015625 0.06467742919921875
1 0.7568359375 0.1423553466796875 0.0243377685546875 0.06099395751953125
0 0.8805241751434533 0.685125732421875 0.048277821588093246 0.06099395751953129
1 0.2054443359375 0.24354248046875 0.02752685546875 0.06787338256835937
1 0.77294921875 0.3087615966796875 0.0287017822265625 0.06332321166992187
1 0.94775390625 0.322412109375 0.034423828125 0.06765670776367187
1 0.08270263671875 0.2998779296875 0.0330810546875 0.06240234375
1 0.76025390625 0.1960906982421875 0.0226287841796875 0.0647857666015625
0 0.76611328125 0.6950927734375 0.050140380859375 0.07486114501953126
0 0.349609375 0.4836181640625 0.04742431640625 0.0591522216796875
1 0.7236328125 0.10627899169921876 0.0197906494140625 0.0613189697265625
1 0.724609375 0.27301025390625 0.024383544921875 0.063702392578125
1 0.58935546875 0.630523681640625 0.0295867919921875 0.05414161682128906
1 0.38232421875 0.18709869384765626 0.01861572265625 0.0695526123046875
1 0.9873046875 0.876666259765625 0.023956298828125 0.05752716064453125
1 0.67236328125 0.2090911865234375 0.017303466796875 0.05774383544921875
1 0.626953125 0.2064910888671875 0.0164031982421875 0.05311241149902344
1 0.7470703125 0.3616302490234375 0.021331787109375 0.06099395751953125
1 0.06878662109375 0.624456787109375 0.029144287109375 0.05926055908203125
1 0.3515625 0.2810272216796875 0.019500732421875 0.04536628723144531
1 0.67041015625 0.3161285400390625 0.028656005859375 0.06548995971679687
1 0.564453125 0.2155914306640625 0.0242767333984375 0.060506439208984374
1 0.87939453125 0.479718017578125 0.023284912109375 0.0457183837890625
1 0.634765625 0.3345458984375 0.024993896484375 0.053437423706054685
1 0.266357421875 0.243975830078125 0.0164642333984375 0.04766845703125
1 0.2327880859375 0.91783447265625 0.0225372314453125 0.055902099609375
1 0.287109375 0.1913238525390625 0.0235595703125 0.062131500244140624
1 0.1361083984375 0.2688934326171875 0.0306243896484375 0.053329086303710936
0 0.60595703125 0.69422607421875 0.036346435546875 0.050566482543945315
1 0.65234375 0.2875274658203125 0.0236053466796875 0.05774383544921875
1 0.01483917236328125 0.1692230224609375 0.0231475830078125 0.065869140625
1 0.199462890625 0.861065673828125 0.0295867919921875 0.05557708740234375
1 0.72998046875 0.2376922607421875 0.0295867919921875 0.05953140258789062
1 0.63232421875 0.366180419921875 0.0233306884765625 0.05644378662109375
1 0.84130859375 0.169873046875 0.0165252685546875 0.05403327941894531
1 0.63623046875 0.2433258056640625 0.02838134765625 0.0587188720703125
1 0.841796875 0.9065673828125 0.0292510986328125 0.05633544921875
1 0.245849609375 0.2909942626953125 0.0321044921875 0.05579376220703125
1 0.57861328125 0.269110107421875 0.021484375 0.06332321166992187
1 0.66845703125 0.610589599609375 0.019683837890625 0.05644378662109375
1 0.6884765625 0.36488037109375 0.023651123046875 0.06673583984375
1 0.11920166015625 0.2350921630859375 0.033599853515625 0.054358291625976565