0 0.49951171875 0.4489501953125 0.02655029296875 0.06429824829101563
1 0.9326171875 0.89703369140625 0.042633056640625 0.07459030151367188
0 0.73876953125 0.57462158203125 0.05877685546875 0.06018142700195313
0 0.8095703125 0.7072265625 0.053802490234375 0.08401565551757813
1 0.38330078125 0.28427734375 0.0255126953125 0.06418991088867188
1 0.50732421875 0.3152618408203125 0.0287017822265625 0.061914825439453126
0 0.25 0.5408203125 0.052032470703125 0.047505950927734374
0 0.162353515625 0.780029296875 0.050811767578125 0.070635986328125
0 0.67822265625 0.6257568359375 0.0316162109375 0.05622711181640625
1 0.1512451171875 0.696392822265625 0.044769287109375 0.06077728271484375
1 0.7919921875 0.3581634521484375 0.0256195068359375 0.068035888671875
0 0.312255859375 0.516119384765625 0.049774169921875 0.04284744262695313
1 0.43017578125 0.30941162109375 0.02606201171875 0.06299819946289062
1 0.2271728515625 0.2236083984375 0.03216552734375 0.06359405517578125
1 0.019866943359375 0.33021240234375 0.03704833984375 0.063702392578125
0 0.908203125 0.59195556640625 0.0323486328125 0.06099395751953125
1 0.260498046875 0.3900146484375 0.019683837890625 0.06673583984375
1 0.43310546875 0.4004150390625 0.0203399658203125 0.05963973999023438
1 0.316162109375 0.28687744140625 0.0242767333984375 0.06776504516601563
0 0.289794921875 0.45328369140625 0.03912353515625 0.055902099609375
1 0.438720703125 0.89530029296875 0.0260009765625 0.05963973999023438
1 0.7470703125 0.2762603759765625 0.0282745361328125 0.05926055908203125
1 0.2685546875 0.239642333984375 0.0185089111328125 0.0613189697265625
1 0.83740234375 0.3711639404296875 0.026611328125 0.06700668334960938
1 0.94970703125 0.2922943115234375 0.0259552001953125 0.059964752197265624
1 0.72021484375 0.12751312255859376 0.0271148681640625 0.06142730712890625
0 0.728515625 0.5130859375 0.0521240234375 0.044255828857421874
1 0.0582275390625 0.849798583984375 0.037689208984375 0.052814483642578125
1 0.85595703125 0.30074462890625 0.026458740234375 0.0626190185546875
0 0.97021484375 0.658258056640625 0.058441162109375 0.04915809631347656
1 0.6572265625 0.2134246826171875 0.01934814453125 0.058502197265625
1 0.611328125 0.2268585205078125 0.0299835205078125 0.042603683471679685
1 0.68359375 0.833331298828125 0.035675048828125 0.0925201416015625
1 0.6787109375 0.323712158203125 0.0292510986328125 0.06272735595703124
1 0.90234375 0.15763092041015625 0.0236968994140625 0.0695526123046875
1 0.6240234375 0.37528076171875 0.02423095703125 0.07946548461914063
1 0.94921875 0.448516845703125 0.03216552734375 0.0665191650390625
0 0.728515625 0.3542633056640625 0.04742431640625 0.047939300537109375
1 0.7021484375 0.236175537109375 0.0272216796875 0.06500244140625
1 0.74365234375 0.4123321533203125 0.029876708984375 0.070635986328125
1 0.93115234375 0.19403228759765626 0.02655029296875 0.0665191650390625
1 0.90380859375 0.297711181640625 0.0289764404296875 0.063702392578125
1 0.865234375 0.159039306640625 0.017303466796875 0.054954147338867186
1 0.8818359375 0.2194915771484375 0.0240936279296875 0.06272735595703124
1 0.15576171875 0.253509521484375 0.02276611328125 0.048968505859375
1 0.98876953125 0.195440673828125 0.021820068359375 0.07020263671875
1 0.61865234375 0.1438720703125 0.017578125 0.06673583984375
1 0.22265625 0.339312744140625 0.030914306640625 0.06538162231445313
1 0.65966796875 0.12967987060546876 0.0180206298828125 0.06240234375