0 0.5682291666666667 0.6504629629629629 0.0453125 0.04537037037037037
0 0.81484375 0.6513888888888889 0.04895833333333333 0.04351851851851852
0 0.9119791666666667 0.49583333333333335 0.04791666666666667 0.044444444444444446
0 0.3770833333333333 0.6027777777777777 0.049479166666666664 0.03888888888888889
0 0.8046875 0.5365740740740741 0.051041666666666666 0.04351851851851852
0 0.16822916666666668 0.6972222222222222 0.046875 0.040740740740740744
0 0.453125 0.35 0.05416666666666667 0.05
0 0.11171875 0.6037037037037037 0.0515625 0.04351851851851852
0 0.70703125 0.5037037037037037 0.04739583333333333 0.044444444444444446
0 0.9223958333333333 0.5592592592592592 0.049479166666666664 0.044444444444444446
0 0.6171875 0.38657407407407407 0.026041666666666668 0.053703703703703705
0 0.9307291666666667 0.6671296296296296 0.03697916666666667 0.053703703703703705
0 0.24036458333333333 0.6416666666666667 0.04739583333333333 0.03796296296296296
0 0.7002604166666667 0.6050925925925926 0.04791666666666667 0.05555555555555555