1 0.532603025560772 0.34074074074074073 0.026604068857589983 0.06111111111111111
0 0.13928012519561817 0.4810185185185185 0.053208137715179966 0.04722222222222222
0 0.702660406885759 0.44537037037037036 0.053208137715179966 0.044444444444444446
0 0.2597809076682316 0.43333333333333335 0.05216484089723526 0.04814814814814815
1 0.14162754303599373 0.7078703703703704 0.027125717266562335 0.04814814814814815
0 0.2420448617631716 0.5333333333333333 0.05268648930620762 0.05277777777777778
1 0.8129890453834115 0.8402777777777778 0.02556077203964528 0.062037037037037036
0 0.5028690662493479 0.5351851851851852 0.047991653625456446 0.04537037037037037
1 0.01643192488262911 0.8634259259259259 0.03025560772039645 0.06944444444444445
1 0.059989567031820554 0.7680555555555556 0.02764736567553469 0.06111111111111111
1 0.7357850808555034 0.7722222222222223 0.02764736567553469 0.06388888888888888
1 0.7686489306207616 0.07268518518518519 0.03442879499217527 0.06574074074074074
1 0.06468440271257173 0.7032407407407407 0.03286384976525822 0.06111111111111111
1 0.023735002608242045 0.7013888888888888 0.0297339593114241 0.05925925925925926
1 0.29029733959311427 0.5990740740740741 0.024517475221700575 0.06111111111111111
0 0.05920709441836203 0.5041666666666667 0.037037037037037035 0.07592592592592592
1 0.8774126238914971 0.17916666666666667 0.03182055294731351 0.06388888888888888
1 0.5745957224830465 0.6314814814814815 0.0297339593114241 0.04259259259259259
1 0.9835680751173709 0.300462962962963 0.03286384976525822 0.08703703703703704
1 0.3414188836724048 0.7481481481481481 0.022952529994783515 0.06481481481481481
1 0.6898800208659364 0.34074074074074073 0.023995826812728223 0.06111111111111111
1 0.7767344809598331 0.5861111111111111 0.028169014084507043 0.06666666666666667
1 0.7423056859676578 0.6773148148148148 0.022430881585811163 0.06944444444444445
0 0.6572769953051644 0.6814814814814815 0.04225352112676056 0.037037037037037035
1 0.3479394887845592 0.6444444444444445 0.024517475221700575 0.06111111111111111
1 0.4032342201356286 0.6472222222222223 0.024517475221700575 0.05092592592592592
1 0.34298382889932183 0.19953703703703704 0.026604068857589983 0.05092592592592592
1 0.9293166405842462 0.8685185185185185 0.019300991131977047 0.06388888888888888
1 0.3492436098069901 0.11296296296296296 0.03182055294731351 0.05555555555555555
1 0.25299947835159103 0.7768518518518519 0.028169014084507043 0.05925925925925926
1 0.7861241523213354 0.663425925925926 0.027125717266562335 0.05648148148148148
1 0.21570161711006783 0.6199074074074075 0.02190923317683881 0.053703703703703705
1 0.636150234741784 0.7291666666666666 0.0198226395409494 0.06481481481481481
1 0.41236306729264477 0.17731481481481481 0.027125717266562335 0.05740740740740741
1 0.7313510693792384 0.5949074074074074 0.017214397496087636 0.06759259259259259
1 0.6426708398539385 0.6611111111111111 0.023474178403755867 0.06851851851851852
1 0.06964006259780908 0.11388888888888889 0.04225352112676056 0.053703703703703705
0 0.33411580594679186 0.48657407407407405 0.04329681794470527 0.05740740740740741
1 0.8768909754825248 0.7106481481481481 0.03025560772039645 0.06666666666666667
1 0.8607198748043818 0.2439814814814815 0.03495044340114763 0.05277777777777778
1 0.13275952008346376 0.7842592592592592 0.038601982263954095 0.06388888888888888
1 0.4637454355764215 0.7268518518518519 0.023995826812728223 0.05185185185185185
1 0.48148148148148145 0.6708333333333333 0.028690662493479395 0.03888888888888889
1 0.3555033907146583 0.2490740740740741 0.019300991131977047 0.062037037037037036
1 0.942357850808555 0.056018518518518516 0.03912363067292645 0.06296296296296296
1 0.2999478351591028 0.7018518518518518 0.03025560772039645 0.06388888888888888
1 0.795774647887324 0.8712962962962963 0.0198226395409494 0.06388888888888888
1 0.711528429838289 0.8050925925925926 0.0198226395409494 0.05555555555555555
1 0.34533124673969745 0.7953703703703704 0.0198226395409494 0.05462962962962963
1 0.6703182055294732 0.5944444444444444 0.01773604590505999 0.05092592592592592
1 0.22639540949400105 0.7337962962962963 0.02556077203964528 0.05740740740740741
1 0.48826291079812206 0.637962962962963 0.025039123630672927 0.05462962962962963
1 0.6298904538341158 0.9120370370370371 0.018257694314032343 0.06111111111111111
1 0.24752217005738134 0.6976851851851852 0.026604068857589983 0.06666666666666667
0 0.028169014084507043 0.5912037037037037 0.03442879499217527 0.049074074074074076
1 0.983828899321857 0.7032407407407407 0.024517475221700575 0.04351851851851852
1 0.44209702660406885 0.7203703703703703 0.02764736567553469 0.05555555555555555
1 0.8852373500260824 0.7458333333333333 0.020865936358894107 0.05
1 0.3865414710485133 0.7333333333333333 0.03025560772039645 0.044444444444444446
1 0.4666145018257694 0.1814814814814815 0.025039123630672927 0.04537037037037037
1 0.5795513823682837 0.5949074074074074 0.019300991131977047 0.05092592592592592
1 0.7133541992696922 0.8439814814814814 0.02764736567553469 0.03611111111111111
1 0.8763693270735524 0.5708333333333333 0.03599374021909233 0.04537037037037037
1 0.08763693270735524 0.19305555555555556 0.03182055294731351 0.05740740740740741
1 0.5156494522691706 0.7648148148148148 0.0198226395409494 0.06388888888888888
1 0.1817944705268649 0.7967592592592593 0.01773604590505999 0.03518518518518519
1 0.652321335419927 0.7888888888888889 0.02556077203964528 0.06018518518518518
1 0.8364632237871674 0.6777777777777778 0.028169014084507043 0.05555555555555555
1 0.5513823682837767 0.774537037037037 0.018257694314032343 0.05740740740740741
1 0.4144496609285342 0.6152777777777778 0.022430881585811163 0.058333333333333334
1 0.6507563901930099 0.8282407407407407 0.0297339593114241 0.03518518518518519
1 0.8763693270735524 0.5300925925925926 0.029212310902451747 0.049074074074074076
1 0.6064162754303599 0.6458333333333334 0.0198226395409494 0.062037037037037036