0 0.5442708333333334 0.42685185185185187 0.0421875 0.06759259259259259
0 0.6973958333333333 0.6898148148148148 0.028645833333333332 0.06018518518518518
0 0.39453125 0.6347222222222222 0.04479166666666667 0.04259259259259259
0 0.38776041666666666 0.6754629629629629 0.044270833333333336 0.04259259259259259
0 0.109375 0.7296296296296296 0.046875 0.04537037037037037
0 0.9166666666666666 0.5888888888888889 0.027083333333333334 0.06666666666666667
0 0.9354166666666667 0.6726851851851852 0.04583333333333333 0.046296296296296294
0 0.7895833333333333 0.23148148148148148 0.05677083333333333 0.04537037037037037
1 0.35546875 0.8356481481481481 0.025520833333333333 0.06296296296296296
0 0.15286458333333333 0.6717592592592593 0.05 0.04351851851851852
0 0.6041666666666666 0.5421296296296296 0.04895833333333333 0.03981481481481482
0 0.2578125 0.44074074074074077 0.053125 0.053703703703703705
0 0.38177083333333334 0.5078703703703704 0.0515625 0.04259259259259259
0 0.9091145833333333 0.7287037037037037 0.0484375 0.053703703703703705
0 0.9234375 0.5212962962962963 0.05520833333333333 0.046296296296296294
1 0.33359375 0.8430555555555556 0.015625 0.06759259259259259
0 0.039322916666666666 0.575925925925926 0.05364583333333333 0.05648148148148148