1 0.7856025039123631 0.3592592592592593 0.03025560772039645 0.06759259259259259
0 0.8119457485654669 0.4722222222222222 0.029212310902451747 0.05648148148148148
1 0.9014084507042254 0.3439814814814815 0.023995826812728223 0.0712962962962963
1 0.3492436098069901 0.4148148148148148 0.028690662493479395 0.06481481481481481
1 0.6703182055294732 0.16435185185185186 0.02034428794992175 0.06018518518518518
1 0.986697965571205 0.20555555555555555 0.022430881585811163 0.075
0 0.20344287949921752 0.44537037037037036 0.030777256129368807 0.05740740740740741
1 0.739697443922796 0.30092592592592593 0.02138758476786646 0.06944444444444445
1 0.3620239958268127 0.8842592592592593 0.040166927490871154 0.07962962962962963
1 0.6048513302034428 0.3101851851851852 0.019300991131977047 0.06296296296296296
1 0.01617110067814293 0.2935185185185185 0.02556077203964528 0.06666666666666667
1 0.6118935837245696 0.22407407407407406 0.02138758476786646 0.06388888888888888
1 0.8223787167449139 0.22685185185185186 0.02764736567553469 0.06574074074074074
1 0.18153364632237873 0.21203703703703702 0.0297339593114241 0.04351851851851852
1 0.5469483568075117 0.3472222222222222 0.02556077203964528 0.05185185185185185
1 0.9227960354720918 0.17453703703703705 0.02190923317683881 0.06574074074074074
1 0.2934272300469484 0.3768518518518518 0.03025560772039645 0.05092592592592592
1 0.6781429316640585 0.08564814814814815 0.019300991131977047 0.06666666666666667
1 0.7031820552947313 0.21481481481481482 0.02138758476786646 0.07037037037037037
1 0.5766823161189358 0.25 0.02138758476786646 0.06388888888888888
1 0.7822117892540428 0.21481481481481482 0.02764736567553469 0.06759259259259259
1 0.4934793948878456 0.33425925925925926 0.025039123630672927 0.06944444444444445
1 0.7021387584767866 0.3194444444444444 0.018257694314032343 0.07592592592592592
1 0.9379238393322901 0.24259259259259258 0.02556077203964528 0.06666666666666667
1 0.44548774126238916 0.3402777777777778 0.024517475221700575 0.06296296296296296
1 0.1817944705268649 0.3435185185185185 0.015127803860198226 0.03518518518518519
0 0.6298904538341158 0.6574074074074074 0.0297339593114241 0.053703703703703705
0 0.45957224830464266 0.49166666666666664 0.054773082942097026 0.049074074074074076
0 0.7050078247261345 0.4625 0.048513302034428794 0.04814814814814815
1 0.12441314553990611 0.8236111111111111 0.04538341158059468 0.07592592592592592
1 0.8745435576421492 0.22453703703703703 0.02034428794992175 0.06759259259259259
1 0.5190401669274909 0.8842592592592593 0.02764736567553469 0.062037037037037036
1 0.23500260824204486 0.22685185185185186 0.02764736567553469 0.058333333333333334
1 0.7681272822117893 0.8916666666666667 0.03129890453834116 0.08055555555555556
1 0.7462180490349505 0.24722222222222223 0.02190923317683881 0.04259259259259259
1 0.9903495044340115 0.2953703703703704 0.018257694314032343 0.07592592592592592
1 0.5438184663536776 0.3050925925925926 0.03025560772039645 0.03981481481481482
1 0.347678664580073 0.2462962962962963 0.02764736567553469 0.062037037037037036
1 0.6040688575899843 0.9333333333333333 0.022952529994783515 0.06296296296296296
1 0.3046426708398539 0.22777777777777777 0.030777256129368807 0.08425925925925926
1 0.2819509650495566 0.28564814814814815 0.024517475221700575 0.05740740740740741
0 0.9501825769431403 0.09166666666666666 0.0297339593114241 0.06759259259259259
1 0.3570683359415754 0.32407407407407407 0.02138758476786646 0.05
0 0.8192488262910798 0.6675925925925926 0.03182055294731351 0.06944444444444445
1 0.4681794470526865 0.12916666666666668 0.014606155451225874 0.025
0 0.33541992696922274 0.6217592592592592 0.059989567031820554 0.07037037037037037
1 0.9340114762649974 0.05925925925925926 0.01564945226917058 0.07037037037037037
1 0.42931664058424623 0.2722222222222222 0.01564945226917058 0.040740740740740744
1 0.4671361502347418 0.2675925925925926 0.01773604590505999 0.06018518518518518
1 0.023213354199269693 0.21574074074074073 0.01564945226917058 0.026851851851851852
1 0.11032863849765258 0.29259259259259257 0.014606155451225874 0.03148148148148148
1 0.10719874804381847 0.33194444444444443 0.03025560772039645 0.06388888888888888
0 0.2420448617631716 0.3453703703703704 0.03495044340114763 0.07037037037037037