0 0.47604166666666664 0.5509259259259259 0.0484375 0.04537037037037037
0 0.4921875 0.6819444444444445 0.04583333333333333 0.041666666666666664
0 0.9682291666666667 0.6620370370370371 0.05 0.04259259259259259
0 0.7947916666666667 0.7101851851851851 0.044270833333333336 0.044444444444444446
0 0.23776041666666667 0.5643518518518519 0.04791666666666667 0.04351851851851852
0 0.9333333333333333 0.562037037037037 0.026041666666666668 0.06388888888888888
0 0.8794270833333333 0.4759259259259259 0.05520833333333333 0.04351851851851852
0 0.15677083333333333 0.6388888888888888 0.04635416666666667 0.04259259259259259
0 0.38776041666666666 0.6148148148148148 0.036458333333333336 0.05648148148148148
0 0.6026041666666667 0.06666666666666667 0.05572916666666667 0.06666666666666667
0 0.51640625 0.42777777777777776 0.0359375 0.05740740740740741
0 0.45703125 0.8569444444444444 0.016666666666666666 0.044444444444444446