1 0.50048828125 0.64395751953125 0.033477783203125 0.05303115844726562
0 0.0284423828125 0.495318603515625 0.05108642578125 0.044255828857421874
0 0.7685546875 0.593255615234375 0.05126953125 0.04384956359863281
0 0.479736328125 0.487518310546875 0.045257568359375 0.05414161682128906
1 0.9365234375 0.33194580078125 0.0333251953125 0.06440658569335937
1 0.666015625 0.89876708984375 0.035400390625 0.06121063232421875
0 0.97607421875 0.562054443359375 0.047149658203125 0.04319953918457031
1 0.469970703125 0.627490234375 0.030792236328125 0.06440658569335937
1 0.76123046875 0.828997802734375 0.0364990234375 0.058502197265625
1 0.44873046875 0.6777587890625 0.0289764404296875 0.053924942016601564
0 0.7890625 0.63095703125 0.05499267578125 0.04712677001953125
1 0.22216796875 0.592822265625 0.027740478515625 0.05926055908203125
0 0.1246337890625 0.53822021484375 0.0582275390625 0.04336204528808594
0 0.297607421875 0.50528564453125 0.051361083984375 0.0513519287109375
1 0.337890625 0.29727783203125 0.025421142578125 0.061102294921875
1 0.8623046875 0.172906494140625 0.0240020751953125 0.058502197265625
0 0.56103515625 0.5425537109375 0.04931640625 0.04235992431640625
1 0.6865234375 0.77916259765625 0.0276336669921875 0.06169815063476562
1 0.89990234375 0.2892608642578125 0.0237274169921875 0.06538162231445313
1 0.479736328125 0.75316162109375 0.025421142578125 0.06418991088867188
1 0.345458984375 0.1995574951171875 0.02288818359375 0.059964752197265624
0 0.376953125 0.522186279296875 0.028167724609375 0.057635498046875
1 0.6806640625 0.717193603515625 0.02886962890625 0.065869140625
1 0.0360107421875 0.222308349609375 0.023773193359375 0.05882720947265625
1 0.2313232421875 0.3425628662109375 0.0304412841796875 0.07209854125976563
1 0.40478515625 0.96810302734375 0.036224365234375 0.053924942016601564
1 0.90380859375 0.89356689453125 0.0318603515625 0.0574188232421875
1 0.74853515625 0.44461669921875 0.0310821533203125 0.07442779541015625
1 0.0285491943359375 0.6240234375 0.03155517578125 0.06500244140625
1 0.30078125 0.2086578369140625 0.023773193359375 0.060398101806640625
1 0.0889892578125 0.95076904296875 0.0309600830078125 0.0537353515625
1 0.67578125 0.4454833984375 0.027801513671875 0.06727752685546876
1 0.9384765625 0.278643798828125 0.0250396728515625 0.06272735595703124
1 0.90966796875 0.1802734375 0.0328369140625 0.0656524658203125
0 0.76171875 0.526953125 0.054107666015625 0.038649368286132815
1 0.4072265625 0.5910888671875 0.0222015380859375 0.061102294921875
1 0.76220703125 0.2467926025390625 0.0278472900390625 0.0591522216796875
1 0.453857421875 0.2632598876953125 0.0206451416015625 0.05322074890136719
1 0.1961669921875 0.2775604248046875 0.0289764404296875 0.07036514282226562
1 0.85888671875 0.684259033203125 0.0295867919921875 0.07442779541015625
1 0.68408203125 0.2944610595703125 0.02203369140625 0.07247772216796874
1 0.9423828125 0.861065673828125 0.033477783203125 0.06624832153320312
0 0.467041015625 0.56075439453125 0.04803466796875 0.04823722839355469
1 0.84521484375 0.3815643310546875 0.02838134765625 0.061914825439453126
1 0.277587890625 0.2879608154296875 0.02276611328125 0.0647857666015625
1 0.171630859375 0.21938323974609375 0.0279083251953125 0.061914825439453126
1 0.405029296875 0.2567596435546875 0.0246124267578125 0.062835693359375
1 0.615234375 0.22880859375 0.0200653076171875 0.05709381103515625
1 0.385009765625 0.3923980712890625 0.0246124267578125 0.05322074890136719
1 0.414306640625 0.90916748046875 0.0312042236328125 0.06418991088867188
1 0.533203125 0.843731689453125 0.03021240234375 0.06538162231445313
1 0.5634765625 0.24180908203125 0.0164642333984375 0.0561187744140625
1 0.10174560546875 0.21288299560546875 0.0230255126953125 0.058935546875
1 0.76513671875 0.94210205078125 0.02752685546875 0.05882720947265625
1 0.5498046875 0.3657470703125 0.023468017578125 0.06451492309570313
1 0.65869140625 0.237042236328125 0.0219879150390625 0.047397613525390625
1 0.50390625 0.311578369140625 0.0205230712890625 0.07209854125976563
1 0.8076171875 0.9516357421875 0.035003662109375 0.05796051025390625
1 0.06549072265625 0.2619598388671875 0.0227203369140625 0.048047637939453124
1 0.2384033203125 0.2233917236328125 0.0279083251953125 0.0665191650390625
1 0.0087432861328125 0.3130950927734375 0.0170440673828125 0.06251068115234375
1 0.13818359375 0.2623931884765625 0.033599853515625 0.06007308959960937
1 0.4765625 0.3689971923828125 0.0280609130859375 0.046341323852539064
1 0.148193359375 0.343212890625 0.021240234375 0.044174575805664064
1 0.050994873046875 0.34754638671875 0.0272216796875 0.047235107421875
1 0.80419921875 0.3425628662109375 0.019989013671875 0.06359405517578125
1 0.72509765625 0.1497222900390625 0.0193023681640625 0.0569854736328125
1 0.9384765625 0.81903076171875 0.036163330078125 0.050187301635742185
1 0.451171875 0.3276123046875 0.0212860107421875 0.06299819946289062
1 0.94970703125 0.244842529296875 0.02215576171875 0.0537353515625
1 0.6201171875 0.697259521484375 0.0187225341796875 0.0569854736328125
1 0.5947265625 0.30941162109375 0.0252685546875 0.062835693359375
0 0.97900390625 0.6569580078125 0.045013427734375 0.06576080322265625
1 0.533203125 0.780462646484375 0.0190887451171875 0.0513519287109375
1 0.60107421875 0.3685638427734375 0.017913818359375 0.06489410400390624
1 0.55810546875 0.3143951416015625 0.0235137939453125 0.06310653686523438
1 0.86767578125 0.2428924560546875 0.0228424072265625 0.057635498046875
1 0.74169921875 0.355780029296875 0.026702880859375 0.04436416625976562
1 0.6728515625 0.412115478515625 0.0282745361328125 0.03889312744140625
0 0.06695556640625 0.4175323486328125 0.05023193359375 0.04923934936523437
1 0.53271484375 0.07637786865234375 0.0139007568359375 0.06841506958007812
1 0.03271484375 0.3200286865234375 0.03131103515625 0.04157447814941406
1 0.335205078125 0.839398193359375 0.03643798828125 0.0673858642578125
1 0.76904296875 0.1293548583984375 0.026763916015625 0.05633544921875
1 0.9052734375 0.93863525390625 0.0352783203125 0.05414161682128906
1 0.5380859375 0.2329254150390625 0.02685546875 0.065869140625
1 0.37451171875 0.34927978515625 0.03033447265625 0.034857559204101565
1 0.6728515625 0.1436553955078125 0.01983642578125 0.063702392578125
1 0.71240234375 0.2619598388671875 0.017303466796875 0.06310653686523438
1 0.7822265625 0.38394775390625 0.0204925537109375 0.046341323852539064
1 0.716796875 0.2168914794921875 0.0211181640625 0.0522186279296875
1 0.053497314453125 0.2270751953125 0.02886962890625 0.038216018676757814
1 0.72509765625 0.09961624145507812 0.01751708984375 0.028330230712890626
1 0.7666015625 0.2998779296875 0.020599365234375 0.04650382995605469
1 0.2607421875 0.18384857177734376 0.0241851806640625 0.04915809631347656
1 0.58349609375 0.252642822265625 0.0184326171875 0.042061996459960935
1 0.83203125 0.330645751953125 0.0215301513671875 0.03894729614257812