0 0.15336463223787167 0.5981481481481481 0.056859676577986434 0.05740740740740741
1 0.1507563901930099 0.4050925925925926 0.022430881585811163 0.06574074074074074
1 0.6473656755346896 0.6875 0.023474178403755867 0.06018518518518518
1 0.24178403755868544 0.3763888888888889 0.023995826812728223 0.07037037037037037
1 0.3763693270735524 0.2689814814814815 0.02138758476786646 0.06759259259259259
1 0.9507042253521126 0.31712962962962965 0.03129890453834116 0.04722222222222222
0 0.45174752217005737 0.5125 0.04747000521648409 0.044444444444444446
1 0.3492436098069901 0.3638888888888889 0.02764736567553469 0.06574074074074074
1 0.346113719353156 0.44907407407407407 0.02556077203964528 0.05925925925925926
0 0.8633281168492436 0.4689814814814815 0.03338549817423057 0.06666666666666667
1 0.704225352112676 0.43703703703703706 0.022952529994783515 0.06759259259259259
1 0.5821596244131455 0.32592592592592595 0.02556077203964528 0.06481481481481481
1 0.18022952529994785 0.3819444444444444 0.019300991131977047 0.06481481481481481
0 0.7978612415232134 0.5444444444444444 0.0505998956703182 0.040740740740740744
1 0.3711528429838289 0.8643518518518518 0.03547209181011998 0.05555555555555555
0 0.9389671361502347 0.5782407407407407 0.05268648930620762 0.04722222222222222
1 0.3998435054773083 0.3449074074074074 0.0198226395409494 0.06388888888888888
0 0.41158059467918623 0.6175925925925926 0.048513302034428794 0.07222222222222222
1 0.16458007303077726 0.17685185185185184 0.02556077203964528 0.07962962962962963
1 0.2715179968701095 0.7263888888888889 0.020865936358894107 0.05925925925925926
1 0.7923839332290037 0.3962962962962963 0.028690662493479395 0.06111111111111111
1 0.5712050078247262 0.4199074074074074 0.020865936358894107 0.06296296296296296
1 0.3286384976525822 0.9222222222222223 0.022430881585811163 0.062037037037037036
1 0.6695357329160146 0.2847222222222222 0.018257694314032343 0.06388888888888888
1 0.13536776212832552 0.8449074074074074 0.03755868544600939 0.06666666666666667
1 0.46635367762128327 0.3435185185185185 0.02138758476786646 0.06851851851851852
1 0.028429838288993217 0.36064814814814816 0.03182055294731351 0.06666666666666667
1 0.3124673969744392 0.32546296296296295 0.016692749087115284 0.06851851851851852
1 0.1356285863328117 0.30648148148148147 0.0297339593114241 0.06851851851851852
1 0.6293688054251435 0.2601851851851852 0.02556077203964528 0.07037037037037037
1 0.7832550860719875 0.7981481481481482 0.03442879499217527 0.06018518518518518
1 0.8429838288993219 0.2861111111111111 0.03182055294731351 0.062037037037037036
1 0.8155972874282733 0.3597222222222222 0.022952529994783515 0.06111111111111111
1 0.0912884715701617 0.20787037037037037 0.02556077203964528 0.07222222222222222
1 0.01904016692749087 0.22824074074074074 0.02608242044861763 0.058333333333333334
1 0.3471570161711007 0.7768518518518519 0.0297339593114241 0.058333333333333334
1 0.23187271778821075 0.15416666666666667 0.02034428794992175 0.06574074074074074
1 0.9436619718309859 0.9689814814814814 0.04277516953573292 0.05092592592592592
1 0.87584767866458 0.23472222222222222 0.03234220135628586 0.06388888888888888
1 0.9188836724047992 0.274537037037037 0.038601982263954095 0.06388888888888888
1 0.35315597287428274 0.17962962962962964 0.022430881585811163 0.06111111111111111
1 0.3954094940010433 0.9680555555555556 0.022952529994783515 0.05185185185185185
1 0.8333333333333334 0.21203703703703702 0.0297339593114241 0.06296296296296296
1 0.0594679186228482 0.34120370370370373 0.026604068857589983 0.05740740740740741
1 0.21387584767866458 0.8055555555555556 0.03025560772039645 0.044444444444444446
1 0.45644235785080856 0.2726851851851852 0.01773604590505999 0.06388888888888888
1 0.7746478873239436 0.3111111111111111 0.018779342723004695 0.05185185185185185
0 0.25639019300991134 0.5995370370370371 0.05268648930620762 0.05740740740740741
1 0.797339593114241 0.24027777777777778 0.018779342723004695 0.05740740740740741
1 0.20448617631716223 0.6810185185185185 0.03442879499217527 0.05185185185185185
1 0.38810641627543035 0.7356481481481482 0.03495044340114763 0.053703703703703705
1 0.2149191444966093 0.9064814814814814 0.029212310902451747 0.05
1 0.05086071987480438 0.2986111111111111 0.03390714658320292 0.041666666666666664
1 0.5419926969222744 0.23935185185185184 0.02034428794992175 0.05462962962962963
1 0.38367240479916537 0.1925925925925926 0.02608242044861763 0.058333333333333334
1 0.207094418362024 0.33055555555555555 0.029212310902451747 0.04259259259259259
1 0.6684924360980699 0.8 0.019300991131977047 0.044444444444444446
1 0.44183620239958266 0.4486111111111111 0.018257694314032343 0.04722222222222222
1 0.0683359415753782 0.06527777777777778 0.01617110067814293 0.06759259259259259
1 0.31011997913406364 0.21851851851851853 0.023995826812728223 0.046296296296296294
1 0.4877412623891497 0.22777777777777777 0.025039123630672927 0.04722222222222222
1 0.9926969222743871 0.2638888888888889 0.014606155451225874 0.05740740740740741
0 0.051382368283776736 0.09675925925925925 0.03442879499217527 0.06759259259259259
1 0.6817944705268649 0.9462962962962963 0.03025560772039645 0.062037037037037036
1 0.4384454877412624 0.2273148148148148 0.013041210224308816 0.046296296296296294