0 0.2519561815336463 0.5115740740740741 0.05112154407929056 0.044444444444444446
0 0.22848200312989045 0.7236111111111111 0.03390714658320292 0.05925925925925926
1 0.6885758998435054 0.399537037037037 0.022952529994783515 0.06296296296296296
0 0.3523735002608242 0.5967592592592592 0.03129890453834116 0.058333333333333334
1 0.10641627543035993 0.2462962962962963 0.0297339593114241 0.06851851851851852
0 0.16875326030255608 0.44583333333333336 0.0495565988523735 0.044444444444444446
0 0.8841940532081377 0.5226851851851851 0.036515388628064686 0.058333333333333334
1 0.19457485654668752 0.28935185185185186 0.030777256129368807 0.06388888888888888
1 0.631716223265519 0.3435185185185185 0.024517475221700575 0.06944444444444445
1 0.8763693270735524 0.12777777777777777 0.028690662493479395 0.06666666666666667
1 0.23995826812728221 0.2111111111111111 0.02608242044861763 0.04722222222222222
0 0.4157537819509651 0.4708333333333333 0.025039123630672927 0.05185185185185185
1 0.18127282211789253 0.175 0.024517475221700575 0.06296296296296296
0 0.3797600417318727 0.6564814814814814 0.03182055294731351 0.053703703703703705
1 0.06207616066770996 0.24583333333333332 0.028690662493479395 0.06481481481481481
0 0.94679186228482 0.4740740740740741 0.054773082942097026 0.05
1 0.297339593114241 0.2861111111111111 0.02556077203964528 0.05740740740740741
1 0.8784559207094418 0.30648148148148147 0.03182055294731351 0.06018518518518518
1 0.859415753781951 0.22546296296296298 0.03025560772039645 0.062037037037037036
1 0.011476264997391758 0.37407407407407406 0.022430881585811163 0.06851851851851852
0 0.22483046426708397 0.6129629629629629 0.028169014084507043 0.06574074074074074
0 0.10406885758998435 0.48935185185185187 0.05581637976004173 0.05185185185185185
0 0.7733437663015128 0.6472222222222223 0.051643192488262914 0.049074074074074076
1 0.7895148669796557 0.16435185185185186 0.02608242044861763 0.05925925925925926
1 0.9340114762649974 0.18425925925925926 0.03129890453834116 0.06666666666666667
1 0.7290036515388628 0.36898148148148147 0.028690662493479395 0.05740740740740741
1 0.24517475221700574 0.32592592592592595 0.028690662493479395 0.062037037037037036
1 0.16145018257694313 0.38287037037037036 0.026604068857589983 0.06111111111111111
1 0.6617110067814294 0.11064814814814815 0.018257694314032343 0.0712962962962963
1 0.6045905059989567 0.38842592592592595 0.029212310902451747 0.05092592592592592
1 0.7318727177882107 0.43333333333333335 0.023474178403755867 0.06574074074074074
0 0.026604068857589983 0.611574074074074 0.05216484089723526 0.05925925925925926
1 0.6085028690662494 0.23703703703703705 0.017214397496087636 0.062037037037037036
1 0.5 0.3736111111111111 0.016692749087115284 0.037037037037037035
1 0.8119457485654669 0.2300925925925926 0.024517475221700575 0.06574074074074074
1 0.059728742827334376 0.3398148148148148 0.02556077203964528 0.05277777777777778
1 0.39462702138758476 0.3421296296296296 0.02556077203964528 0.07962962962962963
1 0.6684924360980699 0.2800925925925926 0.019300991131977047 0.06666666666666667
1 0.8495044340114762 0.4166666666666667 0.022952529994783515 0.041666666666666664
1 0.6841418883672404 0.8925925925925926 0.03442879499217527 0.062037037037037036
1 0.7279603547209181 0.17546296296296296 0.020865936358894107 0.06296296296296296
1 0.8724569640062598 0.9111111111111111 0.028169014084507043 0.062037037037037036
1 0.5508607198748043 0.2569444444444444 0.022952529994783515 0.05555555555555555
1 0.834376630151278 0.31527777777777777 0.03234220135628586 0.08981481481481482
1 0.701095461658842 0.1361111111111111 0.02034428794992175 0.058333333333333334
1 0.7754303599374022 0.2740740740740741 0.019300991131977047 0.05648148148148148
0 0.14475743348982786 0.8736111111111111 0.04329681794470527 0.053703703703703705
1 0.4360980699008868 0.7958333333333333 0.03547209181011998 0.06111111111111111
1 0.48330725091288473 0.29398148148148145 0.0198226395409494 0.05648148148148148