1 0.9697265625 0.38048095703125 0.03216552734375 0.07074432373046875
0 0.52587890625 0.490118408203125 0.029083251953125 0.06099395751953125
0 0.3740234375 0.4326995849609375 0.030853271484375 0.063702392578125
0 0.1300048828125 0.5633544921875 0.053192138671875 0.04300994873046875
1 0.603515625 0.3382293701171875 0.0273284912109375 0.0578521728515625
1 0.74462890625 0.42208251953125 0.0299224853515625 0.062131500244140624
0 0.83740234375 0.6916259765625 0.037322998046875 0.0738861083984375
1 0.04107666015625 0.2667266845703125 0.028656005859375 0.05311241149902344
1 0.1673583984375 0.3720306396484375 0.0309600830078125 0.06299819946289062
1 0.389892578125 0.300311279296875 0.0189361572265625 0.07155685424804688
1 0.07080078125 0.7886962890625 0.03607177734375 0.07318191528320313
1 0.261474609375 0.73409423828125 0.035400390625 0.053437423706054685
0 0.296875 0.46455078125 0.05224609375 0.04344329833984375
0 0.343017578125 0.53995361328125 0.051177978515625 0.043091201782226564
1 0.421875 0.80516357421875 0.021331787109375 0.059423065185546874
1 0.6708984375 0.3616302490234375 0.0207977294921875 0.0626190185546875
1 0.64794921875 0.22274169921875 0.0273284912109375 0.08233642578125
1 0.1527099609375 0.85023193359375 0.038177490234375 0.05579376220703125
1 0.5732421875 0.40648193359375 0.0213623046875 0.06662750244140625
0 0.24560546875 0.4344329833984375 0.0457763671875 0.04401206970214844
1 0.6953125 0.4001983642578125 0.020294189453125 0.06624832153320312
1 0.049957275390625 0.3360626220703125 0.03277587890625 0.070635986328125
0 0.806640625 0.4732177734375 0.0303802490234375 0.047397613525390625
1 0.3798828125 0.666925048828125 0.028656005859375 0.06169815063476562
1 0.11065673828125 0.19208221435546874 0.0279083251953125 0.05403327941894531
1 0.3955078125 0.22880859375 0.01971435546875 0.07415695190429687
1 0.59326171875 0.2580596923828125 0.0217437744140625 0.06142730712890625
1 0.343505859375 0.61708984375 0.0188751220703125 0.063702392578125
1 0.57568359375 0.827264404296875 0.0272216796875 0.059964752197265624
0 0.88720703125 0.5737548828125 0.027008056640625 0.060506439208984374
1 0.94775390625 0.13986358642578126 0.0309600830078125 0.07334442138671875
1 0.5126953125 0.3143951416015625 0.0170440673828125 0.059964752197265624
0 0.434814453125 0.5494873046875 0.024749755859375 0.05527915954589844
1 0.52001953125 0.3780975341796875 0.027069091796875 0.06971511840820313
1 0.51171875 0.1802734375 0.0236053466796875 0.06381072998046874
1 0.160400390625 0.759228515625 0.033599853515625 0.05904388427734375
1 0.90234375 0.2502593994140625 0.033782958984375 0.07318191528320313
1 0.7724609375 0.11646270751953125 0.0274810791015625 0.07155685424804688
1 0.266357421875 0.2340087890625 0.025177001953125 0.06310653686523438
1 0.011993408203125 0.2632598876953125 0.02398681640625 0.05666046142578125
1 0.73876953125 0.339312744140625 0.0293731689453125 0.06624832153320312
1 0.98095703125 0.2264251708984375 0.0229339599609375 0.053329086303710936
1 0.08740234375 0.27647705078125 0.026153564453125 0.06180648803710938
1 0.71826171875 0.244842529296875 0.027740478515625 0.05806884765625
1 0.01554107666015625 0.70462646484375 0.030731201171875 0.05105400085449219
1 0.30419921875 0.2957611083984375 0.0258636474609375 0.054547882080078124
1 0.9609375 0.031580352783203126 0.0177154541015625 0.06316070556640625
1 0.81005859375 0.16218109130859376 0.030853271484375 0.06971511840820313
1 0.52490234375 0.03369293212890625 0.01306915283203125 0.05882720947265625
1 0.9365234375 0.3117950439453125 0.0304412841796875 0.04590797424316406
1 0.62158203125 0.68902587890625 0.0279541015625 0.0608856201171875
1 0.08135986328125 0.225775146484375 0.0221099853515625 0.048968505859375
1 0.374267578125 0.360546875 0.02630615234375 0.05839385986328125
1 0.90478515625 0.18059844970703126 0.029541015625 0.06727752685546876
1 0.70556640625 0.3204620361328125 0.027069091796875 0.06418991088867188
0 0.1510009765625 0.484051513671875 0.053192138671875 0.0504852294921875
1 0.1893310546875 0.3399627685546875 0.03271484375 0.0578521728515625
1 0.237060546875 0.16304779052734375 0.02447509765625 0.054547882080078124
1 0.7587890625 0.2307586669921875 0.028106689453125 0.06635665893554688
1 0.9404296875 0.2134246826171875 0.024932861328125 0.06673583984375
1 0.2430419921875 0.8268310546875 0.0256195068359375 0.05403327941894531
0 0.6287210750032604 0.5704470033998842 0.04948839198566682 0.04491303055374725
1 0.363037109375 0.2810272216796875 0.0163421630859375 0.07117767333984375
1 0.873046875 0.88836669921875 0.033966064453125 0.0582855224609375
1 0.56396484375 0.18904876708984375 0.0194244384765625 0.07274856567382812
1 0.274169921875 0.85543212890625 0.0210113525390625 0.04555587768554688
1 0.3583984375 0.1874237060546875 0.024658203125 0.04165573120117187
1 0.55419921875 0.264776611328125 0.027587890625 0.06451492309570313
1 0.1910400390625 0.21374969482421874 0.0200653076171875 0.044607925415039065
1 0.271728515625 0.165106201171875 0.0170440673828125 0.0452850341796875
1 0.673828125 0.1930572509765625 0.0238189697265625 0.05633544921875
1 0.1605224609375 0.30767822265625 0.0207672119140625 0.060506439208984374
1 0.2841796875 0.12772979736328124 0.0210113525390625 0.05806884765625
1 0.47802734375 0.173773193359375 0.01395416259765625 0.03940773010253906
1 0.806640625 0.2688934326171875 0.0293121337890625 0.04812889099121094
1 0.7685546875 0.3529632568359375 0.033477783203125 0.04292869567871094
1 0.8671875 0.19988250732421875 0.0252227783203125 0.0582855224609375
1 0.06805419921875 0.19403228759765626 0.030914306640625 0.036563873291015625