1 0.77001953125 0.48046875 0.020599365234375 0.07796223958333333
0 0.90966796875 0.40234375 0.052520751953125 0.046061197916666664
0 0.71728515625 0.4605034722222222 0.0504150390625 0.03917100694444445
0 0.6728515625 0.3741319444444444 0.04302978515625 0.040934244791666664
0 0.0953369140625 0.3799913194444444 0.053802490234375 0.043999565972222224
0 0.69287109375 0.4114583333333333 0.046905517578125 0.046142578125
0 0.2578125 0.3480902777777778 0.050048828125 0.036702473958333336
0 0.167236328125 0.259765625 0.049774169921875 0.04052734375
0 0.724609375 0.6827256944444444 0.05792236328125 0.05653211805555555
0 0.1412353515625 0.6041666666666666 0.051361083984375 0.06309678819444445
0 0.974609375 0.54296875 0.04595947265625 0.060492621527777776
0 0.357177734375 0.4357638888888889 0.0504150390625 0.058268229166666664
0 0.0163421630859375 0.5633680555555556 0.0295867919921875 0.052408854166666664
0 0.0154876708984375 0.4800347222222222 0.02886962890625 0.04831271701388889
1 0.7924107142857146 0.4854497354497356 0.016369047619047568 0.06878306878306883