1 0.45751953125 0.3750640869140625 0.02880859375 0.06223983764648437
1 0.70068359375 0.68382568359375 0.0285491943359375 0.0673858642578125
1 0.6416015625 0.790863037109375 0.024993896484375 0.06603164672851562
0 0.93603515625 0.656524658203125 0.05889892578125 0.04536628723144531
1 0.623046875 0.925634765625 0.0310211181640625 0.05904388427734375
0 0.60693359375 0.564654541015625 0.04803466796875 0.044607925415039065
0 0.80029296875 0.60408935546875 0.059326171875 0.04704551696777344
1 0.51904296875 0.3256622314453125 0.0189361572265625 0.08092803955078125
1 0.53955078125 0.21504974365234375 0.0154266357421875 0.051731109619140625
1 0.7431640625 0.79736328125 0.03460693359375 0.060289764404296876
1 0.83447265625 0.7366943359375 0.0306243896484375 0.055062484741210935
0 0.6728515625 0.510919189453125 0.03790283203125 0.0574188232421875
1 0.8330078125 0.4170989990234375 0.03240966796875 0.06711502075195312
1 0.406005859375 0.634857177734375 0.0271148681640625 0.05904388427734375
1 0.327392578125 0.3022613525390625 0.0295867919921875 0.0647857666015625
1 0.638671875 0.6517578125 0.0285491943359375 0.08249893188476562
1 0.98193359375 0.864532470703125 0.035614013671875 0.06359405517578125
1 0.0546875 0.867132568359375 0.0316162109375 0.06689834594726562
1 0.9306640625 0.92476806640625 0.0391845703125 0.06251068115234375
1 0.0838623046875 0.3520965576171875 0.0284881591796875 0.05817718505859375
1 0.3779296875 0.30421142578125 0.027008056640625 0.07567367553710938
1 0.5712890625 0.285577392578125 0.0272216796875 0.06223983764648437
1 0.1556396484375 0.77222900390625 0.0218658447265625 0.047939300537109375
1 0.615234375 0.72716064453125 0.0321044921875 0.0561187744140625
1 0.461669921875 0.322845458984375 0.023651123046875 0.0606689453125
1 0.626953125 0.281243896484375 0.0180511474609375 0.06451492309570313
1 0.74755859375 0.6985595703125 0.03460693359375 0.05322074890136719
1 0.306884765625 0.205841064453125 0.0272216796875 0.054439544677734375
1 0.1737060546875 0.3299957275390625 0.023773193359375 0.0565521240234375
1 0.7021484375 0.105303955078125 0.01519012451171875 0.06251068115234375
1 0.362548828125 0.360546875 0.0231475830078125 0.046341323852539064
1 0.88671875 0.484918212890625 0.026763916015625 0.0647857666015625
1 0.07183837890625 0.754461669921875 0.033203125 0.07247772216796874
1 0.98974609375 0.5598876953125 0.0202484130859375 0.05557708740234375
1 0.1431884765625 0.2454925537109375 0.0236053466796875 0.053329086303710936
1 0.0439453125 0.33714599609375 0.029541015625 0.05953140258789062
1 0.3623046875 0.246142578125 0.019989013671875 0.055062484741210935
1 0.74755859375 0.14008026123046874 0.0263519287109375 0.07914047241210938
1 0.580078125 0.439849853515625 0.027374267578125 0.04869766235351562
1 0.0592041015625 0.2485260009765625 0.028167724609375 0.05527915954589844
1 0.0567626953125 0.285577392578125 0.0289764404296875 0.059423065185546874
1 0.62841796875 0.97503662109375 0.0295867919921875 0.04607048034667969
1 0.7919921875 0.148638916015625 0.0203399658203125 0.07144851684570312
1 0.2125244140625 0.237042236328125 0.0222015380859375 0.05546875
1 0.72705078125 0.3780975341796875 0.0284881591796875 0.06429824829101563
1 0.892578125 0.7470947265625 0.0292510986328125 0.0574188232421875
1 0.2340087890625 0.647857666015625 0.029083251953125 0.06299819946289062
1 0.96142578125 0.15958099365234374 0.03155517578125 0.06982345581054687
1 0.75439453125 0.890966796875 0.0222930908203125 0.055902099609375
1 0.50439453125 0.8875 0.033966064453125 0.06814422607421874
1 0.2724609375 0.231842041015625 0.0242767333984375 0.0535186767578125
1 0.84228515625 0.285577392578125 0.0268096923828125 0.04869766235351562
1 0.97802734375 0.45848388671875 0.036895751953125 0.0647857666015625
1 0.96435546875 0.3310791015625 0.0299835205078125 0.07697372436523438
1 0.73583984375 0.340179443359375 0.026611328125 0.0808197021484375
1 0.1929931640625 0.30247802734375 0.0210418701171875 0.046964263916015624
1 0.85400390625 0.18287353515625 0.0252227783203125 0.061589813232421874
1 0.054290771484375 0.804730224609375 0.033477783203125 0.0587188720703125
1 0.70068359375 0.4157989501953125 0.0285491943359375 0.04934768676757813
1 0.275146484375 0.363580322265625 0.0292510986328125 0.050187301635742185
1 0.233154296875 0.3174285888671875 0.0223236083984375 0.055062484741210935
1 0.91064453125 0.2524261474609375 0.01898193359375 0.057635498046875
1 0.06268310546875 0.21678314208984376 0.027374267578125 0.06018142700195313
1 0.77880859375 0.2610931396484375 0.01953125 0.0613189697265625
1 0.67626953125 0.3282623291015625 0.01812744140625 0.06603164672851562
1 0.87158203125 0.241375732421875 0.0222015380859375 0.06500244140625
1 0.98828125 0.3863311767578125 0.019866943359375 0.04040985107421875
1 0.76953125 0.3247955322265625 0.0276336669921875 0.0656524658203125
1 0.8095703125 0.309844970703125 0.022247314453125 0.05251655578613281
1 0.60009765625 0.2441925048828125 0.02337646484375 0.04227867126464844
1 0.75634765625 0.276910400390625 0.020294189453125 0.049537277221679686
1 0.1695556640625 0.21548309326171874 0.0214080810546875 0.05424995422363281
1 0.8955078125 0.8094970703125 0.026458740234375 0.06180648803710938
1 0.037322998046875 0.835498046875 0.036773681640625 0.05029563903808594
1 0.78759765625 0.4114654541015625 0.0182952880859375 0.0613189697265625
1 0.5830078125 0.2753936767578125 0.0217742919921875 0.053924942016601564
1 0.91357421875 0.1774566650390625 0.0225372314453125 0.04661216735839844
1 0.89697265625 0.778729248046875 0.0333251953125 0.056768798828125
1 0.0364990234375 0.2086578369140625 0.021697998046875 0.043524551391601565
1 0.75439453125 0.841131591796875 0.020172119140625 0.0483184814453125
1 0.7060546875 0.18709869384765626 0.0263519287109375 0.06711502075195312
1 0.1339111328125 0.2810272216796875 0.0184783935546875 0.030605316162109375
1 0.71630859375 0.256976318359375 0.02423095703125 0.06852340698242188
1 0.76953125 0.3949981689453125 0.021331787109375 0.062023162841796875
1 0.8857421875 0.325445556640625 0.0253753662109375 0.06906509399414062
1 0.0509033203125 0.727593994140625 0.035675048828125 0.0572021484375
1 0.771484375 0.43768310546875 0.035400390625 0.06310653686523438