0 0.6036458333333333 0.4666666666666667 0.051041666666666666 0.040740740740740744
0 0.771875 0.4675925925925926 0.05364583333333333 0.06111111111111111
1 0.16901041666666666 0.6162037037037037 0.025520833333333333 0.06481481481481481
0 0.6174479166666667 0.5685185185185185 0.049479166666666664 0.06296296296296296
0 0.353125 0.4949074074074074 0.04583333333333333 0.04351851851851852
1 0.8815104166666666 0.712037037037037 0.035416666666666666 0.07592592592592592
0 0.11171875 0.44305555555555554 0.05416666666666667 0.06296296296296296
0 0.10390625 0.5324074074074074 0.05 0.053703703703703705
1 0.04296875 0.7245370370370371 0.025520833333333333 0.06296296296296296
1 0.42526041666666664 0.7240740740740741 0.018229166666666668 0.06296296296296296
0 0.9833333333333333 0.5555555555555556 0.03229166666666667 0.03518518518518519
1 0.196875 0.6986111111111111 0.029166666666666667 0.075
0 0.8338541666666667 0.15046296296296297 0.05677083333333333 0.04351851851851852
0 0.8822916666666667 0.38055555555555554 0.059375 0.06111111111111111
0 0.53203125 0.032407407407407406 0.0671875 0.062037037037037036
0 0.018489583333333334 0.4101851851851852 0.03697916666666667 0.06111111111111111