1 0.3351591027647366 0.2101851851851852 0.03442879499217527 0.058333333333333334
0 0.18883672404799165 0.44583333333333336 0.05268648930620762 0.05277777777777778
0 0.13275952008346376 0.5472222222222223 0.05112154407929056 0.04537037037037037
1 0.19431403234220135 0.1398148148148148 0.036515388628064686 0.05648148148148148
1 0.2180490349504434 0.3037037037037037 0.03182055294731351 0.05648148148148148
1 0.13275952008346376 0.24861111111111112 0.03390714658320292 0.06481481481481481
0 0.3967136150234742 0.49166666666666664 0.048513302034428794 0.04537037037037037
1 0.029994783515910277 0.36203703703703705 0.03547209181011998 0.05092592592592592
1 0.4590505998956703 0.37407407407407406 0.02764736567553469 0.06296296296296296
0 0.20031298904538342 0.48194444444444445 0.05112154407929056 0.04259259259259259
1 0.458528951486698 0.24444444444444444 0.02138758476786646 0.062037037037037036
1 0.015910276473656754 0.4074074074074074 0.029212310902451747 0.05555555555555555
1 0.17188315075639019 0.2972222222222222 0.03025560772039645 0.062037037037037036
1 0.3367240479916536 0.10648148148148148 0.028169014084507043 0.05740740740740741
0 0.4780907668231612 0.5064814814814815 0.04434011476264997 0.07592592592592592
1 0.30855503390714656 0.6611111111111111 0.027125717266562335 0.058333333333333334
1 0.2996870109546166 0.28564814814814815 0.03286384976525822 0.06944444444444445
1 0.0605112154407929 0.7736111111111111 0.029212310902451747 0.053703703703703705
1 0.7334376630151278 0.07083333333333333 0.0406885758998435 0.06111111111111111
0 0.32785602503912364 0.44166666666666665 0.05216484089723526 0.05
1 0.14345331246739698 0.34120370370370373 0.024517475221700575 0.05740740740740741
1 0.9760041731872717 0.8337962962962963 0.03755868544600939 0.0712962962962963
0 0.3223787167449139 0.5425925925925926 0.05112154407929056 0.03611111111111111
1 0.9374021909233177 0.22083333333333333 0.03755868544600939 0.05925925925925926
1 0.5414710485133021 0.6689814814814815 0.02608242044861763 0.06296296296296296
1 0.8377673448095984 0.20787037037037037 0.03755868544600939 0.05740740740740741
0 0.8901930099113198 0.4439814814814815 0.058424621804903494 0.044444444444444446
1 0.011215440792905582 0.1648148148148148 0.02190923317683881 0.05462962962962963
1 0.13197704747000522 0.6962962962962963 0.0297339593114241 0.062037037037037036
1 0.396452790818988 0.6759259259259259 0.023995826812728223 0.07037037037037037
1 0.3252477829942619 0.7657407407407407 0.022430881585811163 0.07222222222222222
1 0.5941575378195096 0.6625 0.022430881585811163 0.06759259259259259
1 0.12441314553990611 0.3638888888888889 0.028169014084507043 0.04814814814814815
1 0.665623369848722 0.8027777777777778 0.01617110067814293 0.06666666666666667
0 0.8197704747000522 0.6407407407407407 0.046948356807511735 0.049074074074074076
1 0.3539384454877413 0.7875 0.017214397496087636 0.03796296296296296
1 0.5067814293166406 0.7435185185185185 0.02034428794992175 0.06574074074074074
1 0.11606677099634846 0.18055555555555555 0.03547209181011998 0.05648148148148148
1 0.26134585289514867 0.7388888888888889 0.028690662493479395 0.062037037037037036
1 0.8382889932185706 0.25925925925925924 0.03495044340114763 0.05
1 0.35785080855503393 0.687037037037037 0.02608242044861763 0.05462962962962963
0 0.4447052686489306 0.43425925925925923 0.047991653625456446 0.046296296296296294
1 0.8051643192488263 0.1162037037037037 0.03338549817423057 0.06111111111111111
1 0.2537819509650496 0.8027777777777778 0.018779342723004695 0.04259259259259259
1 0.21387584767866458 0.7472222222222222 0.022952529994783515 0.07407407407407407
1 0.15571205007824726 0.7777777777777778 0.02556077203964528 0.05555555555555555
1 0.7412623891497131 0.9027777777777778 0.020865936358894107 0.058333333333333334
1 0.12623891497130935 0.8208333333333333 0.025039123630672927 0.06574074074074074
1 0.30386019822639543 0.05787037037037037 0.028169014084507043 0.040740740740740744
1 0.4989567031820553 0.16944444444444445 0.018257694314032343 0.03981481481481482
1 0.8935837245696401 0.14814814814814814 0.026604068857589983 0.06111111111111111
1 0.44653103808033384 0.7379629629629629 0.027125717266562335 0.06759259259259259
1 0.6314553990610329 0.8907407407407407 0.015127803860198226 0.06574074074074074
1 0.38706311945748567 0.788425925925926 0.01564945226917058 0.04814814814814815
1 0.868283776734481 0.0787037037037037 0.03599374021909233 0.06018518518518518
1 0.95565988523735 0.30972222222222223 0.036515388628064686 0.053703703703703705
1 0.9058424621804904 0.3402777777777778 0.028690662493479395 0.05
1 0.6048513302034428 0.7407407407407407 0.017214397496087636 0.08055555555555556
1 0.6019822639540949 0.6027777777777777 0.024517475221700575 0.06296296296296296
1 0.03729786124152321 0.7347222222222223 0.03025560772039645 0.06481481481481481
1 0.35628586332811685 0.6111111111111112 0.030777256129368807 0.05277777777777778
1 0.3142931664058425 0.5763888888888888 0.02138758476786646 0.040740740740740744
1 0.7050078247261345 0.8023148148148148 0.01617110067814293 0.06666666666666667
1 0.9076682316118936 0.8347222222222223 0.02608242044861763 0.06666666666666667
1 0.7480438184663537 0.8629629629629629 0.0198226395409494 0.06666666666666667
1 0.7715179968701096 0.7768518518518519 0.027125717266562335 0.05185185185185185
1 0.017214397496087636 0.6930555555555555 0.03182055294731351 0.08148148148148149
1 0.0539906103286385 0.33425925925925926 0.0297339593114241 0.03796296296296296
1 0.4162754303599374 0.7282407407407407 0.022430881585811163 0.06111111111111111
1 0.8607198748043818 0.8518518518518519 0.027125717266562335 0.06759259259259259
1 0.07172665623369849 0.7023148148148148 0.028169014084507043 0.04722222222222222
1 0.10432968179447052 0.7726851851851851 0.03390714658320292 0.06574074074074074
1 0.3236828377673448 0.8143518518518519 0.023474178403755867 0.04722222222222222
1 0.7154407929055816 0.16944444444444445 0.026604068857589983 0.05740740740740741
1 0.9014084507042254 0.6342592592592593 0.03286384976525822 0.040740740740740744
1 0.8359415753781951 0.14444444444444443 0.03442879499217527 0.06666666666666667
1 0.1784037558685446 0.7157407407407408 0.03025560772039645 0.06388888888888888
1 0.8573291601460615 0.6796296296296296 0.019300991131977047 0.05
1 0.49061032863849763 0.7217592592592592 0.023474178403755867 0.06481481481481481
1 0.4094940010432968 0.7671296296296296 0.018779342723004695 0.04722222222222222
1 0.6416275430359938 0.06296296296296296 0.03912363067292645 0.06666666666666667
1 0.5023474178403756 0.12962962962962962 0.026604068857589983 0.053703703703703705
1 0.8179447052686489 0.7060185185185185 0.028690662493479395 0.05277777777777778
1 0.792905581637976 0.07361111111111111 0.03338549817423057 0.06296296296296296
1 0.9355764214919144 0.7134259259259259 0.03129890453834116 0.046296296296296294
1 0.9340114762649974 0.06851851851851852 0.04590505998956703 0.08703703703703704
1 0.8035993740219093 0.8634259259259259 0.03129890453834116 0.08518518518518518
1 0.7842983828899321 0.7277777777777777 0.028690662493479395 0.06296296296296296
1 0.951225873761085 0.26481481481481484 0.03442879499217527 0.04722222222222222
1 0.7923839332290037 0.6050925925925926 0.03234220135628586 0.049074074074074076
1 0.643453312467397 0.7523148148148148 0.01617110067814293 0.05555555555555555
1 0.8354199269692227 0.5898148148148148 0.028169014084507043 0.08425925925925926
1 0.9066249347939489 0.6680555555555555 0.03442879499217527 0.04537037037037037
1 0.30125195618153366 0.33425925925925926 0.02764736567553469 0.05740740740740741
1 0.202660406885759 0.8814814814814815 0.016692749087115284 0.046296296296296294
1 0.2506520605112154 0.850925925925926 0.01617110067814293 0.03425925925925926
0 0.550339071465832 0.4625 0.047991653625456446 0.058333333333333334