1 0.0755615234375 0.821197509765625 0.03759765625 0.05796051025390625
0 0.05572509765625 0.47061767578125 0.03228759765625 0.06099395751953125
1 0.448974609375 0.4144989013671875 0.0237274169921875 0.08022384643554688
1 0.125732421875 0.67515869140625 0.035736083984375 0.06077728271484375
0 0.87744140625 0.551654052734375 0.05450439453125 0.04547462463378906
1 0.5986328125 0.18969879150390626 0.0171051025390625 0.072369384765625
0 0.1754150390625 0.56248779296875 0.03179931640625 0.0569854736328125
1 0.98529052734375 0.2623931884765625 0.0294189453125 0.061102294921875
0 0.4033203125 0.54168701171875 0.054595947265625 0.04869766235351562
1 0.7958984375 0.17019805908203126 0.022979736328125 0.06576080322265625
0 0.59814453125 0.57548828125 0.046295166015625 0.047939300537109375
1 0.381591796875 0.831597900390625 0.035064697265625 0.05644378662109375
1 0.546875 0.352313232421875 0.02752685546875 0.06841506958007812
0 0.77880859375 0.57808837890625 0.05419921875 0.05362701416015625
1 0.1131591796875 0.766162109375 0.03033447265625 0.061589813232421874
1 0.229248046875 0.2922943115234375 0.0299224853515625 0.06548995971679687
1 0.34619140625 0.4058319091796875 0.025909423828125 0.047505950927734374
1 0.87939453125 0.15156402587890624 0.0241851806640625 0.059856414794921875
1 0.79296875 0.3806976318359375 0.024383544921875 0.06603164672851562
0 0.274169921875 0.530853271484375 0.0318603515625 0.055902099609375
1 0.4931640625 0.2944610595703125 0.0290374755859375 0.06467742919921875
1 0.2042236328125 0.3876312255859375 0.0323486328125 0.059964752197265624
0 0.728515625 0.47928466796875 0.0257568359375 0.049997711181640626
1 0.93701171875 0.3793975830078125 0.037261962890625 0.06673583984375
1 0.638671875 0.8164306640625 0.0240020751953125 0.062131500244140624
1 0.137451171875 0.28687744140625 0.0263519287109375 0.06359405517578125
0 0.16845703125 0.643524169921875 0.033721923828125 0.05731048583984375
1 0.59716796875 0.391748046875 0.0258636474609375 0.07540283203125
1 0.66455078125 0.1319549560546875 0.019500732421875 0.07318191528320313
0 0.896484375 0.597589111328125 0.050140380859375 0.053924942016601564
1 0.7919921875 0.25047607421875 0.025177001953125 0.06429824829101563
0 0.6884765625 0.594122314453125 0.045013427734375 0.05154151916503906
1 0.8955078125 0.2480926513671875 0.0236968994140625 0.06787338256835937
1 0.4755859375 0.3607635498046875 0.0167236328125 0.05817718505859375
1 0.78955078125 0.88663330078125 0.028106689453125 0.08401565551757813
1 0.39892578125 0.3466796875 0.01898193359375 0.07372360229492188
1 0.349609375 0.2511260986328125 0.01812744140625 0.06673583984375
1 0.541015625 0.655657958984375 0.0343017578125 0.05086441040039062
1 0.75634765625 0.34234619140625 0.0196380615234375 0.05731048583984375
1 0.52734375 0.2268585205078125 0.0262603759765625 0.052922821044921874
1 0.72900390625 0.14289703369140624 0.01348114013671875 0.06624832153320312
1 0.98681640625 0.17843170166015626 0.024139404296875 0.06223983764648437
1 0.78955078125 0.79822998046875 0.03277587890625 0.059964752197265624
1 0.6171875 0.3109283447265625 0.023956298828125 0.06418991088867188
1 0.2015380859375 0.2142913818359375 0.02508544921875 0.061102294921875
1 0.93115234375 0.8164306640625 0.0251312255859375 0.05262489318847656
1 0.55224609375 0.752728271484375 0.037200927734375 0.0591522216796875
1 0.37451171875 0.918701171875 0.0299835205078125 0.06451492309570313
1 0.66796875 0.2615264892578125 0.0235595703125 0.052435302734375
1 0.488037109375 0.705926513671875 0.02423095703125 0.0572021484375
1 0.34619140625 0.96636962890625 0.0255584716796875 0.0565521240234375
1 0.5380859375 0.863232421875 0.0316162109375 0.05094566345214844
1 0.444580078125 0.275177001953125 0.017852783203125 0.06121063232421875
1 0.89013671875 0.391748046875 0.0323486328125 0.059856414794921875
1 0.415771484375 0.745794677734375 0.0259552001953125 0.05476455688476563
1 0.83740234375 0.2121246337890625 0.0154876708984375 0.04626007080078125
1 0.8310546875 0.300311279296875 0.0217437744140625 0.04886016845703125
1 0.740234375 0.269110107421875 0.03216552734375 0.04496002197265625
1 0.939453125 0.053329086303710936 0.016021728515625 0.0686859130859375
1 0.360595703125 0.68902587890625 0.035400390625 0.050756072998046874
0 0.95556640625 0.086236572265625 0.0313720703125 0.06765670776367187
1 0.383056640625 0.24354248046875 0.017578125 0.062023162841796875
1 0.058013916015625 0.1752899169921875 0.0305633544921875 0.05709381103515625
1 0.1171875 0.9291015625 0.0282135009765625 0.06310653686523438
1 0.290771484375 0.222308349609375 0.022247314453125 0.05774383544921875
1 0.275146484375 0.1475555419921875 0.0207977294921875 0.054954147338867186
1 0.192138671875 0.319378662109375 0.0210418701171875 0.045203781127929686
1 0.498291015625 0.2225250244140625 0.0284423828125 0.03588676452636719
1 0.009124755859375 0.3499298095703125 0.0181884765625 0.08033218383789062
1 0.81787109375 0.0244842529296875 0.0154876708984375 0.04758720397949219