0 0.68203125 0.4671296296296296 0.05 0.04351851851851852
0 0.63828125 0.5023148148148148 0.050520833333333334 0.04814814814814815
0 0.7578125 0.600462962962963 0.0453125 0.04351851851851852
0 0.03411458333333333 0.5634259259259259 0.0515625 0.04814814814814815
0 0.16197916666666667 0.41574074074074074 0.053125 0.049074074074074076
0 0.25338541666666664 0.549074074074074 0.04739583333333333 0.05092592592592592
0 0.33151041666666664 0.34305555555555556 0.049479166666666664 0.04537037037037037
0 0.5984375 0.3851851851851852 0.04895833333333333 0.04537037037037037
0 0.3963541666666667 0.4199074074074074 0.04739583333333333 0.04814814814814815
0 0.6518229166666667 0.5722222222222222 0.049479166666666664 0.040740740740740744
0 0.784375 0.6611111111111111 0.04635416666666667 0.04351851851851852
0 0.8361979166666667 0.5453703703703704 0.05364583333333333 0.03888888888888889
0 0.475 0.5962962962962963 0.03697916666666667 0.04259259259259259
0 0.534375 0.30416666666666664 0.051041666666666666 0.04814814814814815
0 0.13333333333333333 0.07222222222222222 0.05364583333333333 0.07685185185185185
0 0.625 0.6675925925925926 0.049479166666666664 0.04537037037037037
0 0.9861979166666667 0.5523148148148148 0.027083333333333334 0.05462962962962963