0 0.288818359375 0.4244791666666667 0.05194091796875 0.044243706597222224
1 0.91259765625 0.34765625 0.0261993408203125 0.057942708333333336
0 0.9200381324404766 0.5072544642857145 0.04661923363095243 0.0701729910714286
0 0.6533203125 0.4787326388888889 0.046539306640625 0.046685112847222224
0 0.116943359375 0.4424913194444444 0.0526123046875 0.04359266493055555
0 0.17385137648809532 0.4023437500000002 0.04503231956845237 0.0576171875
0 0.0255584716796875 0.4878472222222222 0.049957275390625 0.041015625
0 0.68994140625 0.5503472222222222 0.047515869140625 0.04212782118055555
0 0.40185546875 0.8250868055555556 0.053314208984375 0.0498046875
0 0.53271484375 0.5733506944444444 0.049957275390625 0.039252387152777776
0 0.0287017822265625 0.3153211805555556 0.04840087890625 0.03819444444444445
1 0.65185546875 0.275390625 0.0164642333984375 0.0632052951388889
1 0.1448974609375 0.2662760416666667 0.013275146484375 0.05270724826388889
0 0.7138671875 0.6801215277777778 0.057373046875 0.052408854166666664
0 0.2430419921875 0.7395833333333334 0.05126953125 0.05783420138888889
1 0.8779296875 0.3211805555555556 0.0283355712890625 0.044677734375
1 0.21691313244047625 0.2911913029100529 0.029491606212797627 0.08409417369378312
1 0.54296875 0.2495659722222222 0.0273284912109375 0.06624348958333333
1 0.9166666666666672 0.3988095238095239 0.0252976190476191 0.06481481481481481