1 0.79248046875 0.2697482638888889 0.022247314453125 0.06700303819444445
0 0.705078125 0.41796875 0.046722412109375 0.045355902777777776
0 0.53125 0.4696180555555556 0.04107666015625 0.060980902777777776
0 0.90966796875 0.4296875 0.051177978515625 0.04367404513888889
0 0.39501953125 0.3153211805555556 0.046112060546875 0.04562717013888889
0 0.55712890625 0.2888454861111111 0.04217529296875 0.042914496527777776
0 0.19287109375 0.2951388888888889 0.047607421875 0.0478515625
0 0.7509765625 0.5533854166666666 0.051849365234375 0.044596354166666664
0 0.56591796875 0.326171875 0.043701171875 0.046061197916666664
0 0.53076171875 0.2443576388888889 0.043212890625 0.040690104166666664
0 0.9091796875 0.6792534722222222 0.052520751953125 0.06586371527777778
0 0.08978271484375 0.5112847222222222 0.054412841796875 0.047119140625
0 0.4794921875 0.4108072916666667 0.0401611328125 0.0627170138888889
0 0.90576171875 0.3033854166666667 0.048583984375 0.06076388888888889
0 0.73583984375 0.6775173611111112 0.042816162109375 0.061197916666666664
0 0.4326171875 0.7235243055555556 0.053009033203125 0.06179470486111111
0 0.84765625 0.61328125 0.05877685546875 0.052001953125
1 0.7719494047619049 0.26322751322751325 0.015625 0.07671957671957677