0 0.7158203125 0.55555419921875 0.0535888671875 0.052814483642578125
1 0.8232421875 0.8458984375 0.03302001953125 0.059964752197265624
1 0.414794921875 0.377880859375 0.029144287109375 0.06180648803710938
1 0.955078125 0.040247344970703126 0.0169219970703125 0.07117767333984375
1 0.42041015625 0.255242919921875 0.0280609130859375 0.05806884765625
0 0.8037109375 0.516552734375 0.0574951171875 0.047939300537109375
1 0.08331298828125 0.3819976806640625 0.03271484375 0.06765670776367187
0 0.32470703125 0.541253662109375 0.051544189453125 0.040247344970703126
1 0.83154296875 0.3395294189453125 0.03192138671875 0.072369384765625
0 0.52490234375 0.51915283203125 0.0299224853515625 0.07486114501953126
0 0.25048828125 0.509185791015625 0.0531005859375 0.04040985107421875
0 0.04510498046875 0.575054931640625 0.053192138671875 0.04766845703125
1 0.58837890625 0.925634765625 0.0219879150390625 0.058502197265625
0 0.41748046875 0.5494873046875 0.052032470703125 0.05113525390625
0 0.237548828125 0.451983642578125 0.0257568359375 0.06852340698242188
0 0.34912109375 0.419915771484375 0.03253173828125 0.055902099609375
1 0.74609375 0.2641265869140625 0.0239105224609375 0.076702880859375
1 0.5927734375 0.7644287109375 0.0256195068359375 0.05666046142578125
1 0.0197906494140625 0.69075927734375 0.0369873046875 0.06310653686523438
0 0.255615234375 0.7349609375 0.0279083251953125 0.0613189697265625
1 0.094482421875 0.665625 0.0369873046875 0.0587188720703125
1 0.85791015625 0.227508544921875 0.0301513671875 0.06603164672851562
1 0.791015625 0.2090911865234375 0.0224151611328125 0.0647857666015625
1 0.57080078125 0.3741973876953125 0.028106689453125 0.063702392578125
1 0.96484375 0.88663330078125 0.042236328125 0.06121063232421875
1 0.7958984375 0.3083282470703125 0.021942138671875 0.068902587890625
1 0.61669921875 0.3715972900390625 0.0196075439453125 0.06624832153320312
1 0.92626953125 0.360980224609375 0.02337646484375 0.061589813232421874
1 0.72119140625 0.805596923828125 0.0292510986328125 0.05633544921875
1 0.9677734375 0.2948944091796875 0.027801513671875 0.06711502075195312
0 0.1328125 0.4339996337890625 0.05340576171875 0.042441177368164065
0 0.09466552734375 0.497918701171875 0.05059814453125 0.042441177368164065
1 0.640625 0.219708251953125 0.0196380615234375 0.0587188720703125
0 0.92529296875 0.590655517578125 0.03143310546875 0.0613189697265625
1 0.1685791015625 0.82249755859375 0.035003662109375 0.048508071899414064
1 0.5087890625 0.24267578125 0.0240478515625 0.05861053466796875
1 0.73974609375 0.744061279296875 0.02215576171875 0.059856414794921875
1 0.25634765625 0.2008575439453125 0.0234222412109375 0.05963973999023438
1 0.260986328125 0.3022613525390625 0.025177001953125 0.062023162841796875
1 0.44677734375 0.83983154296875 0.0255126953125 0.07090682983398437
1 0.1634521484375 0.73582763671875 0.033843994140625 0.06576080322265625
1 0.047882080078125 0.32154541015625 0.03314208984375 0.06576080322265625
1 0.54443359375 0.3390960693359375 0.025421142578125 0.06343154907226563
1 0.043365478515625 0.20724945068359374 0.0284423828125 0.08786163330078126
1 0.0885009765625 0.305078125 0.031982421875 0.06007308959960937
1 0.419677734375 0.76876220703125 0.02203369140625 0.0561187744140625
1 0.9306640625 0.2225250244140625 0.0305023193359375 0.058935546875
1 0.19287109375 0.3156951904296875 0.0246124267578125 0.06018142700195313
1 0.6845703125 0.85023193359375 0.0328369140625 0.04823722839355469
1 0.89794921875 0.287744140625 0.0261077880859375 0.07859878540039063
1 0.759765625 0.38568115234375 0.029083251953125 0.07784042358398438
1 0.56396484375 0.2749603271484375 0.0189361572265625 0.0647857666015625
1 0.74267578125 0.633123779296875 0.0235137939453125 0.05861053466796875
1 0.1435546875 0.2576263427734375 0.025665283203125 0.05622711181640625
1 0.8447265625 0.12101287841796875 0.0189361572265625 0.06852340698242188
1 0.68505859375 0.166839599609375 0.0184326171875 0.061589813232421874
1 0.397705078125 0.3195953369140625 0.02685546875 0.05666046142578125
1 0.12451171875 0.3377960205078125 0.034820556640625 0.05424995422363281
1 0.66845703125 0.1960906982421875 0.0212860107421875 0.06359405517578125
1 0.98291015625 0.223175048828125 0.0287017822265625 0.07074432373046875
1 0.2113037109375 0.3546966552734375 0.036285400390625 0.0587188720703125
1 0.853515625 0.17409820556640626 0.0230712890625 0.06489410400390624
1 0.191162109375 0.18839874267578124 0.0236968994140625 0.050187301635742185
1 0.66455078125 0.2961944580078125 0.03033447265625 0.047316360473632815
1 0.1885986328125 0.2610931396484375 0.0232391357421875 0.0639190673828125
1 0.2197265625 0.2255584716796875 0.025909423828125 0.065869140625
1 0.45849609375 0.306378173828125 0.0278472900390625 0.06603164672851562
1 0.293212890625 0.2270751953125 0.0272674560546875 0.06841506958007812
1 0.9345703125 0.3061614990234375 0.028594970703125 0.060506439208984374
1 0.39892578125 0.2246917724609375 0.02191162109375 0.04661216735839844
1 0.59228515625 0.213641357421875 0.017913818359375 0.052922821044921874
1 0.1295166015625 0.21374969482421874 0.019866943359375 0.06516494750976562
1 0.1475830078125 0.642657470703125 0.021209716796875 0.04496002197265625
1 0.416259765625 0.731060791015625 0.024993896484375 0.03466796875
1 0.8369140625 0.2080078125 0.0153045654296875 0.0374847412109375
1 0.378173828125 0.13011322021484376 0.0174407958984375 0.04157447814941406
1 0.007724761962890625 0.1913238525390625 0.01525115966796875 0.06299819946289062
1 0.99072265625 0.3893646240234375 0.0189361572265625 0.031688690185546875