0 0.6264997391757955 0.538425925925926 0.04903495044340115 0.041666666666666664
1 0.8933229003651539 0.8606481481481482 0.03755868544600939 0.05925925925925926
0 0.31194574856546686 0.537962962962963 0.0505998956703182 0.04259259259259259
0 0.8591549295774648 0.524074074074074 0.0495565988523735 0.07407407407407407
1 0.62415232133542 0.7143518518518519 0.0198226395409494 0.062037037037037036
0 0.14553990610328638 0.5916666666666667 0.05894627021387585 0.046296296296296294
1 0.36071987480438183 0.9023148148148148 0.03912363067292645 0.062037037037037036
0 0.7310902451747522 0.5638888888888889 0.05216484089723526 0.046296296296296294
1 0.19431403234220135 0.6550925925925926 0.03286384976525822 0.058333333333333334
0 0.6901408450704225 0.5041666666666667 0.046426708398539386 0.0712962962962963
1 0.9397496087636933 0.7351851851851852 0.03390714658320292 0.062037037037037036
1 0.7723004694835681 0.662962962962963 0.025039123630672927 0.05277777777777778
1 0.22900365153886282 0.7828703703703703 0.037037037037037035 0.06018518518518518
1 0.773604590505999 0.7189814814814814 0.03129890453834116 0.06851851851851852
1 0.9160146061554513 0.6523148148148148 0.03129890453834116 0.05648148148148148
0 0.7616066770996348 0.44351851851851853 0.05216484089723526 0.040740740740740744
1 0.8570683359415754 0.6837962962962963 0.026604068857589983 0.06018518518518518
0 0.027908189880020865 0.5944444444444444 0.05581637976004173 0.05092592592592592
1 0.022952529994783515 0.46064814814814814 0.03599374021909233 0.06018518518518518
1 0.5406885758998435 0.32175925925925924 0.02556077203964528 0.06481481481481481
1 0.28455920709441834 0.8546296296296296 0.02608242044861763 0.062037037037037036
1 0.08111632759520084 0.7861111111111111 0.03182055294731351 0.08333333333333333
0 0.24074074074074073 0.3523148148148148 0.0505998956703182 0.04351851851851852
1 0.3359415753781951 0.08981481481481482 0.013041210224308816 0.06574074074074074
1 0.08294209702660407 0.17175925925925925 0.03286384976525822 0.07037037037037037
1 0.9747000521648409 0.22361111111111112 0.027125717266562335 0.062037037037037036
1 0.8849765258215962 0.6921296296296297 0.03495044340114763 0.06481481481481481
1 0.1630151278038602 0.7379629629629629 0.03390714658320292 0.05740740740740741
1 0.6137193531559729 0.5935185185185186 0.026604068857589983 0.05925925925925926
1 0.02686489306207616 0.17037037037037037 0.03025560772039645 0.07314814814814814
1 0.5985915492957746 0.3143518518518518 0.03129890453834116 0.06388888888888888
1 0.7587376108502869 0.3287037037037037 0.022430881585811163 0.05740740740740741
1 0.24700052164840897 0.836574074074074 0.0297339593114241 0.06111111111111111
1 0.2279603547209181 0.9143518518518519 0.02764736567553469 0.05925925925925926
1 0.2300469483568075 0.7324074074074074 0.03025560772039645 0.049074074074074076
1 0.29551382368283774 0.8962962962962963 0.022952529994783515 0.06666666666666667
1 0.9241001564945227 0.2162037037037037 0.025039123630672927 0.05462962962962963
1 0.563641105894627 0.26944444444444443 0.02034428794992175 0.06018518518518518
0 0.9812206572769953 0.48194444444444445 0.036515388628064686 0.04537037037037037
1 0.15127803860198227 0.16805555555555557 0.022430881585811163 0.06851851851851852
1 0.46739697443922795 0.24768518518518517 0.023474178403755867 0.07962962962962963
1 0.36958789775691187 0.825462962962963 0.027125717266562335 0.07222222222222222
1 0.7381324986958789 0.8861111111111111 0.03234220135628586 0.06111111111111111
1 0.04303599374021909 0.23935185185185184 0.03599374021909233 0.07314814814814814
1 0.7097026604068858 0.2865740740740741 0.022952529994783515 0.053703703703703705
1 0.7916014606155451 0.28888888888888886 0.016692749087115284 0.04722222222222222
1 0.747000521648409 0.7699074074074074 0.036515388628064686 0.05740740740740741
1 0.05425143453312467 0.8810185185185185 0.037037037037037035 0.06944444444444445
1 0.47548252477829944 0.42453703703703705 0.01564945226917058 0.05462962962962963
1 0.809076682316119 0.22824074074074074 0.02190923317683881 0.05
1 0.9553990610328639 0.3111111111111111 0.02608242044861763 0.06481481481481481
1 0.48982785602503914 0.3287037037037037 0.018257694314032343 0.06296296296296296
1 0.1387584767866458 0.32175925925925924 0.023474178403755867 0.04722222222222222
1 0.12050078247261346 0.674074074074074 0.036515388628064686 0.05277777777777778
1 0.29160146061554515 0.22083333333333333 0.02608242044861763 0.06111111111111111
1 0.9619196661450182 0.8055555555555556 0.0297339593114241 0.06296296296296296
1 0.2569118414188837 0.3037037037037037 0.026604068857589983 0.05925925925925926
1 0.7866458007303078 0.9300925925925926 0.03129890453834116 0.044444444444444446
1 0.009650495565988524 0.7472222222222222 0.016692749087115284 0.03796296296296296
1 0.3158581116327595 0.12314814814814815 0.01617110067814293 0.07407407407407407
1 0.7112676056338029 0.19305555555555556 0.023474178403755867 0.06388888888888888
1 0.6306729264475743 0.24305555555555555 0.02190923317683881 0.06759259259259259
1 0.2631716223265519 0.09166666666666666 0.015127803860198226 0.06296296296296296
1 0.9001043296817944 0.26944444444444443 0.025039123630672927 0.06666666666666667
1 0.19640062597809077 0.8759259259259259 0.03234220135628586 0.058333333333333334
1 0.27386541471048514 0.11342592592592593 0.01564945226917058 0.06759259259259259
0 0.769170579029734 0.5046296296296297 0.044861763171622326 0.040740740740740744
1 0.8109024517475222 0.19027777777777777 0.023474178403755867 0.049074074074074076
1 0.6786645800730308 0.2861111111111111 0.022952529994783515 0.06388888888888888
1 0.2777777777777778 0.3814814814814815 0.03129890453834116 0.04814814814814815
1 0.7167449139280125 0.3578703703703704 0.02138758476786646 0.0712962962962963
1 0.013302034428794992 0.3736111111111111 0.022430881585811163 0.0824074074074074
1 0.5714658320292123 0.8486111111111111 0.0297339593114241 0.05277777777777778
1 0.23082942097026604 0.38935185185185184 0.028169014084507043 0.06481481481481481
1 0.1444966092853417 0.9291666666666667 0.03755868544600939 0.058333333333333334
1 0.198226395409494 0.14212962962962963 0.023474178403755867 0.062037037037037036
1 0.9368805425143454 0.6296296296296297 0.03025560772039645 0.04351851851851852
1 0.13615023474178403 0.28379629629629627 0.03129890453834116 0.04259259259259259
1 0.27256129368805426 0.2814814814814815 0.02608242044861763 0.037037037037037035
1 0.4306207616066771 0.2300925925925926 0.02608242044861763 0.05092592592592592
1 0.6799687010954617 0.1935185185185185 0.026604068857589983 0.05925925925925926
1 0.8455920709441836 0.16620370370370371 0.027125717266562335 0.062037037037037036
1 0.17031820552947313 0.33611111111111114 0.03338549817423057 0.04814814814814815
0 0.9880020865936359 0.5111111111111111 0.023995826812728223 0.049074074074074076
1 0.7383933229003652 0.21712962962962962 0.022952529994783515 0.05648148148148148
1 0.8536776212832551 0.23333333333333334 0.026604068857589983 0.05555555555555555
1 0.202660406885759 0.28055555555555556 0.024517475221700575 0.05185185185185185
1 0.7376108502869066 0.17777777777777778 0.01773604590505999 0.04537037037037037
1 0.9381846635367762 0.1763888888888889 0.018257694314032343 0.04537037037037037
1 0.022952529994783515 0.06435185185185185 0.016692749087115284 0.06759259259259259
1 0.29107981220657275 0.18101851851851852 0.03286384976525822 0.04259259259259259
0 0.769170579029734 0.4115740740740741 0.020865936358894107 0.044444444444444446
1 0.3656755346896192 0.19074074074074074 0.018257694314032343 0.06666666666666667
1 0.9926969222743871 0.2111111111111111 0.014084507042253521 0.058333333333333334
1 0.202660406885759 0.24212962962962964 0.03129890453834116 0.03611111111111111
1 0.6546687532603026 0.22314814814814815 0.02138758476786646 0.044444444444444446
1 0.23526343244653103 0.2953703703703704 0.022430881585811163 0.04814814814814815