0 0.56953125 0.6157407407407407 0.04895833333333333 0.041666666666666664
0 0.27239583333333334 0.4527777777777778 0.049479166666666664 0.049074074074074076
0 0.9609375 0.5537037037037037 0.05572916666666667 0.04259259259259259
0 0.5802083333333333 0.33287037037037037 0.0453125 0.04351851851851852
0 0.46979166666666666 0.44027777777777777 0.04635416666666667 0.04351851851851852
0 0.19635416666666666 0.40185185185185185 0.0484375 0.046296296296296294
0 0.7989583333333333 0.6578703703703703 0.05260416666666667 0.04537037037037037
0 0.3651041666666667 0.3787037037037037 0.036458333333333336 0.07407407407407407
0 0.34322916666666664 0.5699074074074074 0.0484375 0.03888888888888889
0 0.45703125 0.8027777777777778 0.03177083333333333 0.058333333333333334
0 0.18984375 0.5814814814814815 0.05572916666666667 0.05925925925925926
0 0.6223958333333334 0.4476851851851852 0.04895833333333333 0.03981481481481482
0 0.5270833333333333 0.49953703703703706 0.04010416666666667 0.05925925925925926
0 0.9221354166666667 0.7814814814814814 0.06145833333333333 0.040740740740740744
0 0.92421875 0.8319444444444445 0.0625 0.06388888888888888