0 0.39609375 0.30185185185185187 0.04739583333333333 0.06944444444444445
1 0.26953125 0.7870370370370371 0.019270833333333334 0.06111111111111111
0 0.5880208333333333 0.3509259259259259 0.06041666666666667 0.05462962962962963
0 0.45859375 0.5574074074074075 0.0515625 0.04351851851851852
0 0.559375 0.5935185185185186 0.027083333333333334 0.06388888888888888
0 0.09140625 0.625 0.046875 0.04537037037037037
0 0.35885416666666664 0.6851851851851852 0.034895833333333334 0.058333333333333334
0 0.609375 0.4425925925925926 0.05416666666666667 0.04537037037037037
0 0.8515625 0.6736111111111112 0.05 0.03796296296296296
0 0.09427083333333333 0.6666666666666666 0.043229166666666666 0.041666666666666664
0 0.26171875 0.5324074074074074 0.051041666666666666 0.046296296296296294
0 0.8911458333333333 0.26157407407407407 0.05625 0.05740740740740741
0 0.1734375 0.4166666666666667 0.05260416666666667 0.07037037037037037
0 0.7502604166666667 0.562037037037037 0.0375 0.06296296296296296
0 0.8059895833333334 0.6171296296296296 0.04739583333333333 0.04722222222222222
0 0.8296875 0.3851851851851852 0.0296875 0.04814814814814815
0 0.6505208333333333 0.6898148148148148 0.04635416666666667 0.04722222222222222
1 0.28880208333333335 0.7856481481481481 0.022395833333333334 0.07685185185185185