0 0.2819822639540949 0.5477500000000001 0.0531924882629108 0.04634259259259259
0 0.0419300991131977 0.44591666666666663 0.05898800208659363 0.04661111111111112
1 0.14526343244653106 0.8133981481481481 0.037537819509650495 0.05516666666666666
1 0.029754825247782994 0.32999999999999996 0.035279081898800205 0.06121296296296296
1 0.35424621804903494 0.4092962962962963 0.021210224308815858 0.06549074074074074
0 0.6591810119979135 0.4983518518518519 0.04544079290558164 0.045287037037037035
0 0.9169900886802295 0.5590185185185186 0.035555555555555556 0.060888888888888895
1 0.8422848200312989 0.4214351851851852 0.030625978090766823 0.06982407407407407
0 0.16320813771517997 0.4227314814814815 0.04586854460093897 0.04260185185185185
1 0.07092331768388106 0.6374537037037038 0.037537819509650495 0.06121296296296296
0 0.4077151799687011 0.5763518518518519 0.029754825247782994 0.054546296296296294
1 0.8676734480959832 0.1616388888888889 0.020140845070422533 0.06007407407407407
1 0.05429316640584246 0.5685555555555555 0.036009389671361504 0.05075925925925926
1 0.7875952008346374 0.41298148148148145 0.029707876890975485 0.06007407407407407
0 0.3598643714136672 0.4836203703703703 0.051178925404277514 0.053925925925925926
1 0.7421857068335942 0.6439537037037038 0.031205007824726134 0.08168518518518518
1 0.9326186750130412 0.8320277777777778 0.028215962441314555 0.06077777777777778
1 0.4191914449660929 0.8042962962962963 0.023729786124152323 0.052620370370370366
1 0.7871100678142933 0.22274074074074074 0.01847678664580073 0.060509259259259256
1 0.3620605112154408 0.30550925925925926 0.03010432968179447 0.06381481481481481
1 0.692869066249348 0.3380092592592593 0.025174752217005738 0.07913888888888888
1 0.47949400104329687 0.3911018518518518 0.02805946791862285 0.05538888888888889
1 0.48583724569640063 0.28427777777777774 0.027329160146061553 0.06982407407407407
1 0.40063641105894626 0.8875 0.018643714136671884 0.054037037037037036
1 0.47412102243088156 0.8307314814814816 0.027694314032342203 0.05785185185185185
1 0.033536776212832554 0.7860925925925926 0.03338549817423057 0.06018518518518518
0 0.1845696400625978 0.5429907407407407 0.03912363067292645 0.07399074074074073
1 0.883302034428795 0.32804629629629634 0.02758998435054773 0.05527777777777778
1 0.3076160667709964 0.3094074074074074 0.031205007824726134 0.07556481481481482
1 0.7978508085550339 0.35925 0.027329160146061553 0.08168518518518518
1 0.4047835159102765 0.37419444444444444 0.02140845070422535 0.054435185185185184
1 0.6635732916014606 0.3648796296296296 0.02752738654147105 0.07047222222222223
1 0.19482524778299426 0.28752777777777777 0.02484089723526343 0.05273148148148148
1 0.11755346896191966 0.2270740740740741 0.03149191444966093 0.06224074074074074
1 0.29614501825769435 0.22296296296296297 0.023025560772039644 0.05861111111111111
1 0.9296870109546166 0.2873148148148148 0.023954094940010433 0.06391666666666666
1 0.5615232133541993 0.24765740740740744 0.02484089723526343 0.05251851851851852
1 0.4069848721961398 0.758361111111111 0.028487219613980177 0.06018518518518518
1 0.11419926969222743 0.29337962962962966 0.022415232133541994 0.06824999999999999
1 0.8295878977569118 0.14008333333333334 0.026197183098591547 0.053518518518518514
1 0.5390610328638499 0.3700833333333333 0.01692227438706312 0.05322222222222222
1 0.6015649452269171 0.6742962962962963 0.028868022952529996 0.0663611111111111
1 0.018690662493479393 0.1887222222222222 0.019791340636411057 0.04174074074074074
1 0.9711893583724569 0.13292592592592592 0.026411058946270216 0.06587037037037037
1 0.2802712571726656 0.3492777777777778 0.02337506520605112 0.05763888888888889
1 0.39721439749608767 0.2504722222222222 0.028868022952529996 0.06814814814814814
0 0.016098069900886802 0.5026851851851851 0.02670318205529473 0.05202777777777778
1 0.2763693270735524 0.20475925925925925 0.027329160146061553 0.06391666666666666
1 0.5146478873239437 0.28102777777777777 0.02377151799687011 0.06451851851851853
1 0.0715962441314554 0.2801574074074074 0.028382889932185705 0.06099074074074075
1 0.22924882629107982 0.19164814814814815 0.028215962441314555 0.06273148148148149
0 0.4809546165884194 0.521324074074074 0.03683359415753782 0.05425000000000001
1 0.13561815336463226 0.8797037037037038 0.037689097548252476 0.05202777777777778
1 0.44824204486176317 0.3620648148148148 0.017913406364110592 0.04777777777777778
1 0.038179447052686485 0.25221296296296297 0.019269692227438705 0.048046296296296295
1 0.012008346374543557 0.37419444444444444 0.02337506520605112 0.062129629629629625
1 0.5385758998435055 0.06852777777777778 0.01652582159624413 0.0687962962962963
1 0.8432603025560772 0.3735462962962963 0.020845070422535212 0.06262037037037037
1 0.43456964006259785 0.2766944444444444 0.02998435054773083 0.04599074074074074
1 0.6386697965571204 0.420787037037037 0.028701095461658842 0.057962962962962966
1 0.12890453834115806 0.9577037037037036 0.041684924360980695 0.05311111111111111
1 0.2731924882629108 0.2714907407407407 0.02190923317683881 0.05362962962962963
0 0.03137193531559729 0.6803611111111111 0.03534167970787689 0.05251851851851852
1 0.06915492957746479 0.7388611111111112 0.03210224308815858 0.05037962962962963
1 0.9360354720918102 0.4313981481481482 0.034757433489827856 0.04614814814814815
1 0.6875013041210225 0.26846296296296296 0.026609285341679705 0.06239814814814815
1 0.645508607198748 0.19468518518518518 0.022462180490349506 0.06549074074074074
1 0.5952164840897235 0.22361111111111112 0.0199113197704747 0.058499999999999996
1 0.6181637976004173 0.10319444444444445 0.018800208659363587 0.05067592592592592
1 0.6376943140323422 0.3861111111111111 0.030912884715701618 0.04555555555555556
1 0.9091810119979135 0.7665925925925926 0.03732394366197183 0.05302777777777778
1 0.7285133020344288 0.3997685185185185 0.024047991653625457 0.05763888888888889
1 0.5327125717266562 0.33498148148148144 0.02854981742305686 0.03962037037037037
1 0.6982420448617631 0.20833333333333334 0.016218049034950444 0.048240740740740744
1 0.7587897756911841 0.18319444444444444 0.021653625456442355 0.03575
1 0.0609754825247783 0.6972592592592592 0.031919666145018254 0.051916666666666667
0 0.06756911841418883 0.5285462962962963 0.04091288471570162 0.053518518518518514
1 0.5258789775691184 0.8237962962962964 0.0175169535732916 0.04368518518518519
1 0.6728534167970787 0.0949537037037037 0.022154407929055816 0.06321296296296296
1 0.3918466353677621 0.849361111111111 0.035065206051121546 0.052814814814814814
1 0.39355242566510173 0.731925925925926 0.0334793948878456 0.05333333333333334
1 0.6997078768909755 0.17410185185185184 0.029921752738654148 0.037703703703703705
1 0.009034950443401147 0.15817592592592594 0.018064684402712573 0.03837962962962963
1 0.9375013041210225 0.47364814814814815 0.02470526864893062 0.04831481481481482
1 0.32690662493479394 0.19955555555555557 0.028977569118414186 0.07567592592592592
1 0.943359415753782 0.2281574074074074 0.031554512258737615 0.03748148148148148
1 0.8203129890453834 0.9395 0.03704747000521648 0.06321296296296296
1 0.1806624934793949 0.21418518518518517 0.030333854981742306 0.060287037037037035
1 0.9448252477829943 0.2613055555555555 0.016160667709963484 0.038814814814814816