0 0.10723876953125 0.3739149305555556 0.049957275390625 0.03762478298611111
0 0.255859375 0.6697048611111112 0.053314208984375 0.040934244791666664
0 0.87548828125 0.6015625 0.054595947265625 0.040934244791666664
0 0.296875 0.3572048611111111 0.045013427734375 0.03835720486111111
0 0.474365234375 0.4526909722222222 0.048492431640625 0.039008246527777776
0 0.732421875 0.3671875 0.046630859375 0.04172092013888889
0 0.376220703125 0.4709201388888889 0.047607421875 0.03857421875
0 0.72314453125 0.6657986111111112 0.043212890625 0.048583984375
0 0.81640625 0.5134548611111112 0.04949951171875 0.04416232638888889
0 0.04443359375 0.310546875 0.047698974609375 0.039388020833333336
0 0.379638671875 0.3524305555555556 0.04638671875 0.034586588541666664
0 0.471435546875 0.6336805555555556 0.055511474609375 0.04519314236111111
0 0.5341796875 0.3875868055555556 0.043609619140625 0.041558159722222224
0 0.30615234375 0.4717881944444444 0.046112060546875 0.040608723958333336
0 0.295166015625 0.3958333333333333 0.0455322265625 0.04676649305555555
0 0.6689453125 0.4730902777777778 0.042633056640625 0.042914496527777776
0 0.343017578125 0.5542534722222222 0.0496826171875 0.040228949652777776
0 0.02056884765625 0.4366319444444444 0.041473388671875 0.03526475694444445
0 0.53564453125 0.7808159722222222 0.047332763671875 0.042914496527777776