1 0.5276473656755347 0.6365740740740741 0.03390714658320292 0.05277777777777778
1 0.12415232133541992 0.888425925925926 0.03025560772039645 0.049074074074074076
1 0.36280646844027126 0.8953703703703704 0.03599374021909233 0.06296296296296296
0 0.5049556598852374 0.5324074074074074 0.048513302034428794 0.04351851851851852
1 0.08841940532081377 0.8490740740740741 0.030777256129368807 0.06388888888888888
1 0.6864893062076161 0.8347222222222223 0.03547209181011998 0.062037037037037036
1 0.6807511737089202 0.2949074074074074 0.02608242044861763 0.06666666666666667
0 0.2715179968701095 0.6333333333333333 0.054773082942097026 0.04814814814814815
0 0.699791340636411 0.5319444444444444 0.05112154407929056 0.03888888888888889
0 0.7725612936880543 0.5013888888888889 0.0495565988523735 0.041666666666666664
0 0.9548774126238915 0.5425925925925926 0.05738132498695879 0.04351851851851852
1 0.26421491914449663 0.8208333333333333 0.036515388628064686 0.05925925925925926
0 0.5777256129368805 0.4777777777777778 0.04434011476264997 0.040740740740740744
1 0.017475221700573813 0.31805555555555554 0.03338549817423057 0.06574074074074074
0 0.28325508607198746 0.5856481481481481 0.05372978612415232 0.046296296296296294
1 0.7417840375586855 0.2824074074074074 0.02608242044861763 0.06759259259259259
1 0.3382889932185707 0.7800925925925926 0.02556077203964528 0.06388888888888888
1 0.45800730307772564 0.06481481481481481 0.015127803860198226 0.06666666666666667
1 0.12936880542514345 0.2875 0.024517475221700575 0.06296296296296296
1 0.34324465310380803 0.7208333333333333 0.028690662493479395 0.05648148148148148
1 0.5581637976004173 0.6226851851851852 0.025039123630672927 0.06018518518518518
0 0.6199791340636411 0.5314814814814814 0.0495565988523735 0.049074074074074076
0 0.2652582159624413 0.5189814814814815 0.05738132498695879 0.04351851851851852
1 0.3414188836724048 0.4393518518518518 0.022952529994783515 0.06574074074074074
0 0.08555033907146584 0.562962962962963 0.057902973395931145 0.04722222222222222
1 0.486697965571205 0.06388888888888888 0.011997913406364111 0.06481481481481481
1 0.11867501304121023 0.9342592592592592 0.028169014084507043 0.053703703703703705
1 0.5388628064684403 0.7564814814814815 0.024517475221700575 0.06111111111111111
1 0.9893062076160668 0.625462962962963 0.02138758476786646 0.06018518518518518
1 0.11189358372456965 0.1763888888888889 0.029212310902451747 0.06666666666666667
1 0.936358894105373 0.9314814814814815 0.03442879499217527 0.05092592592592592
1 0.0912884715701617 0.33101851851851855 0.026604068857589983 0.062037037037037036
1 0.7970787689097548 0.3425925925925926 0.03182055294731351 0.07037037037037037
1 0.5670318205529473 0.2587962962962963 0.023995826812728223 0.058333333333333334
1 0.4254042775169536 0.2875 0.0198226395409494 0.07407407407407407
1 0.4731351069379238 0.3662037037037037 0.020865936358894107 0.075
1 0.16692749087115286 0.6856481481481481 0.03442879499217527 0.07407407407407407
1 0.020865936358894107 0.3972222222222222 0.037037037037037035 0.06388888888888888
1 0.676056338028169 0.19490740740740742 0.0198226395409494 0.05925925925925926
1 0.26160667709963487 0.2449074074074074 0.02608242044861763 0.058333333333333334
1 0.8482003129890454 0.2212962962962963 0.029212310902451747 0.06296296296296296
1 0.5472091810119979 0.36712962962962964 0.02608242044861763 0.046296296296296294
1 0.27673448095983305 0.4351851851851852 0.028690662493479395 0.07962962962962963
1 0.6223265519040166 0.9689814814814814 0.03808033385498174 0.05555555555555555
1 0.16066770996348462 0.1814814814814815 0.02556077203964528 0.07407407407407407
1 0.013562858633281168 0.4791666666666667 0.02608242044861763 0.07777777777777778
1 0.26264997391757955 0.9393518518518519 0.028169014084507043 0.05555555555555555
1 0.6395409494001043 0.3837962962962963 0.018257694314032343 0.05185185185185185
1 0.49113197704747 0.7782407407407408 0.0198226395409494 0.05555555555555555
1 0.5727699530516432 0.3236111111111111 0.018257694314032343 0.06481481481481481
0 0.09415753781950965 0.6453703703703704 0.050078247261345854 0.05277777777777778
1 0.2245696400625978 0.337037037037037 0.02608242044861763 0.06481481481481481
1 0.5719874804381847 0.6791666666666667 0.028169014084507043 0.05555555555555555
1 0.08007303077725612 0.2518518518518518 0.02608242044861763 0.06759259259259259
1 0.34167970787689095 0.29259259259259257 0.020865936358894107 0.07314814814814814
1 0.1958789775691184 0.35324074074074074 0.026604068857589983 0.06296296296296296
1 0.6147626499739176 0.6148148148148148 0.03025560772039645 0.06296296296296296
1 0.22665623369848723 0.9523148148148148 0.038601982263954095 0.06388888888888888
1 0.7850808555033907 0.2199074074074074 0.02138758476786646 0.06481481481481481
1 0.6111111111111112 0.9074074074074074 0.03390714658320292 0.05740740740740741
1 0.7232655190401669 0.20694444444444443 0.018779342723004695 0.06296296296296296
1 0.9859154929577465 0.22037037037037038 0.026604068857589983 0.06574074074074074
1 0.4282733437663015 0.36342592592592593 0.025039123630672927 0.06481481481481481
1 0.8763693270735524 0.16574074074074074 0.018257694314032343 0.06388888888888888
1 0.24804381846635368 0.38055555555555554 0.026604068857589983 0.05
1 0.8273343766301513 0.28379629629629627 0.022430881585811163 0.062037037037037036
1 0.28508085550339074 0.34675925925925927 0.02190923317683881 0.04814814814814815
1 0.4042775169535733 0.6944444444444444 0.018257694314032343 0.05555555555555555
1 0.6259780907668232 0.2675925925925926 0.019300991131977047 0.05555555555555555
1 0.24960876369327073 0.11018518518518519 0.02608242044861763 0.07222222222222222
1 0.8072509128847157 0.6171296296296296 0.025039123630672927 0.058333333333333334
1 0.8781950965049556 0.34120370370370373 0.029212310902451747 0.04351851851851852
1 0.3646322378716745 0.2310185185185185 0.020865936358894107 0.046296296296296294
1 0.5232133541992697 0.3023148148148148 0.024517475221700575 0.075
1 0.15832029212310902 0.2550925925925926 0.028169014084507043 0.06111111111111111
1 0.40871152842983827 0.22546296296296298 0.016692749087115284 0.05092592592592592
1 0.9553990610328639 0.25462962962962965 0.023995826812728223 0.05277777777777778
1 0.6502347417840375 0.3453703703703704 0.03025560772039645 0.040740740740740744
1 0.8888888888888888 0.2564814814814815 0.03129890453834116 0.06296296296296296
1 0.6134585289514867 0.2564814814814815 0.022430881585811163 0.049074074074074076
1 0.9183620239958268 0.21342592592592594 0.027125717266562335 0.05555555555555555
1 0.8852373500260824 0.30925925925925923 0.028169014084507043 0.044444444444444446
1 0.49165362545644237 0.8486111111111111 0.03025560772039645 0.062037037037037036
1 0.310641627543036 0.26481481481481484 0.02034428794992175 0.06018518518518518
1 0.48200312989045385 0.22870370370370371 0.023995826812728223 0.06574074074074074
1 0.29786124152321336 0.13796296296296295 0.017214397496087636 0.05555555555555555
1 0.9890453834115805 0.3189814814814815 0.02190923317683881 0.04351851851851852
1 0.9754825247782994 0.34675925925925927 0.020865936358894107 0.05
1 0.012258737610850287 0.1912037037037037 0.022952529994783515 0.06944444444444445
1 0.2949921752738654 0.10462962962962963 0.016692749087115284 0.03796296296296296
1 0.3656755346896192 0.19537037037037036 0.02556077203964528 0.03425925925925926
1 0.7571726656233698 0.17731481481481481 0.025039123630672927 0.058333333333333334
1 0.1904016692749087 0.32222222222222224 0.019300991131977047 0.03888888888888889
1 0.46426708398539385 0.3055555555555556 0.016692749087115284 0.053703703703703705
1 0.4945226917057903 0.3416666666666667 0.023995826812728223 0.062037037037037036
1 0.9655712050078247 0.22037037037037038 0.028169014084507043 0.03425925925925926
1 0.3072509128847157 0.20879629629629629 0.017214397496087636 0.05092592592592592
1 0.45644235785080856 0.2449074074074074 0.018779342723004695 0.05092592592592592