0 0.404296875 0.3949652777777778 0.046478271484375 0.044677734375
1 0.59130859375 0.2708333333333333 0.0247955322265625 0.061197916666666664
0 0.33056640625 0.4683159722222222 0.047332763671875 0.041558159722222224
0 0.447265625 0.6358506944444444 0.053192138671875 0.04307725694444445
0 0.6627139136904764 0.3678178736772488 0.04291934058779748 0.050944010416666664
0 0.29015531994047633 0.595920138888889 0.05044700985863095 0.06797960069444445
0 0.25537109375 0.4270833333333333 0.046722412109375 0.04006618923611111
0 0.373046875 0.5490451388888888 0.048492431640625 0.04383680555555555
0 0.01507568359375 0.5842013888888888 0.029815673828125 0.07329644097222222
0 0.236328125 0.3098958333333333 0.043212890625 0.047932942708333336
0 0.8225213913690477 0.3910590277777779 0.047736758277529746 0.0671115451388889
0 0.0784912109375 0.3962673611111111 0.049957275390625 0.046223958333333336
1 0.5911458333333335 0.3015873015873016 0.020089285714285646 0.0714285714285714