0 0.24348958333333334 0.4351851851851852 0.049479166666666664 0.040740740740740744
0 0.20104166666666667 0.4875 0.046875 0.044444444444444446
0 0.15546875 0.3921296296296296 0.0515625 0.041666666666666664
0 0.73984375 0.5314814814814814 0.049479166666666664 0.044444444444444446
0 0.16302083333333334 0.5680555555555555 0.04739583333333333 0.04537037037037037
0 0.8916666666666667 0.5273148148148148 0.04635416666666667 0.04537037037037037
0 0.40625 0.6425925925925926 0.04583333333333333 0.04351851851851852
0 0.21119791666666668 0.32592592592592595 0.05364583333333333 0.044444444444444446
0 0.5278645833333333 0.6143518518518518 0.04375 0.040740740740740744
0 0.85703125 0.43657407407407406 0.05 0.040740740740740744
0 0.2453125 0.662962962962963 0.04010416666666667 0.05462962962962963
0 0.32135416666666666 0.5708333333333333 0.05 0.040740740740740744
0 0.5057291666666667 0.3787037037037037 0.04895833333333333 0.04537037037037037
0 0.5958333333333333 0.7226851851851852 0.042708333333333334 0.040740740740740744
0 0.7505208333333333 0.6356481481481482 0.04791666666666667 0.046296296296296294
0 0.40234375 0.48564814814814816 0.051041666666666666 0.03981481481481482
0 0.2911458333333333 0.512962962962963 0.049479166666666664 0.044444444444444446
0 0.13177083333333334 0.6666666666666666 0.04635416666666667 0.03611111111111111
0 0.4005208333333333 0.4287037037037037 0.05364583333333333 0.03888888888888889
0 0.32369791666666664 0.6925925925925925 0.040625 0.03796296296296296
0 0.9794270833333333 0.44027777777777777 0.04114583333333333 0.04351851851851852
0 0.04192708333333333 0.28194444444444444 0.05677083333333333 0.04537037037037037
0 0.5669270833333333 0.2791666666666667 0.0546875 0.058333333333333334