1 0.5595703125 0.35274658203125 0.0230255126953125 0.05752716064453125
0 0.279052734375 0.46888427734375 0.029815673828125 0.05476455688476563
1 0.62939453125 0.2593597412109375 0.026702880859375 0.07117767333984375
0 0.3115234375 0.554254150390625 0.052032470703125 0.04563713073730469
0 0.2183837890625 0.480584716796875 0.0310821533203125 0.05262489318847656
1 0.33056640625 0.777862548828125 0.033966064453125 0.07274856567382812
0 0.4033203125 0.5113525390625 0.051666259765625 0.04124946594238281
1 0.424560546875 0.3828643798828125 0.02215576171875 0.06971511840820313
1 0.95166015625 0.4235992431640625 0.033843994140625 0.06776504516601563
0 0.2276611328125 0.428582763671875 0.02838134765625 0.05143318176269531
0 0.2303466796875 0.64742431640625 0.0411376953125 0.07074432373046875
1 0.60986328125 0.1765899658203125 0.0216522216796875 0.0591522216796875
1 0.5498046875 0.2922943115234375 0.021942138671875 0.06548995971679687
1 0.249267578125 0.343646240234375 0.032958984375 0.06489410400390624
1 0.85693359375 0.282977294921875 0.0316162109375 0.06381072998046874
0 0.030670166015625 0.4524169921875 0.053009033203125 0.040464019775390624
1 0.7861328125 0.30594482421875 0.0207977294921875 0.06727752685546876
0 0.744140625 0.495751953125 0.051544189453125 0.04284744262695313
0 0.1805419921875 0.5945556640625 0.054412841796875 0.05202903747558594
1 0.76611328125 0.354046630859375 0.02447509765625 0.06359405517578125
1 0.5078125 0.3310791015625 0.018157958984375 0.05926055908203125
1 0.56689453125 0.3934814453125 0.025909423828125 0.06429824829101563
1 0.0457763671875 0.2883941650390625 0.0374755859375 0.0639190673828125
1 0.70947265625 0.327178955078125 0.0282745361328125 0.05538749694824219
1 0.392333984375 0.382647705078125 0.0271759033203125 0.061914825439453126
1 0.331787109375 0.7332275390625 0.0305633544921875 0.06527328491210938
1 0.9228515625 0.3780975341796875 0.03125 0.05601043701171875
1 0.64794921875 0.10454559326171875 0.017578125 0.0682525634765625
1 0.197265625 0.3672637939453125 0.0301513671875 0.0613189697265625
1 0.3701171875 0.3195953369140625 0.0212860107421875 0.060289764404296876
0 0.78759765625 0.58675537109375 0.051849365234375 0.04149322509765625
1 0.093994140625 0.6534912109375 0.0455322265625 0.06906509399414062
0 0.40771484375 0.66995849609375 0.048675537109375 0.07074432373046875
1 0.9814453125 0.967236328125 0.0369873046875 0.05633544921875
1 0.72802734375 0.377880859375 0.018829345703125 0.06180648803710938
1 0.7470703125 0.96376953125 0.0306243896484375 0.06613998413085938
1 0.48486328125 0.283843994140625 0.0170440673828125 0.06321487426757813
1 0.34033203125 0.39434814453125 0.02838134765625 0.0578521728515625
1 0.439453125 0.3529632568359375 0.0305023193359375 0.06402740478515626
1 0.393798828125 0.2935943603515625 0.027374267578125 0.07740707397460937
1 0.9150390625 0.2623931884765625 0.0261077880859375 0.061589813232421874
1 0.89697265625 0.34234619140625 0.02447509765625 0.05192070007324219
1 0.71630859375 0.205841064453125 0.0266571044921875 0.0686859130859375
1 0.1859130859375 0.3018280029296875 0.0279083251953125 0.0578521728515625
1 0.517578125 0.3910980224609375 0.0165863037109375 0.06765670776367187
1 0.9619140625 0.3282623291015625 0.0266571044921875 0.06169815063476562
1 0.74951171875 0.3213287353515625 0.0235595703125 0.06007308959960937
1 0.5205078125 0.2909942626953125 0.02655029296875 0.07193603515625
1 0.7578125 0.2374755859375 0.0258636474609375 0.05882720947265625
0 0.88330078125 0.523919677734375 0.030792236328125 0.050756072998046874
1 0.724609375 0.09636611938476562 0.01348114013671875 0.061589813232421874
1 0.8271484375 0.3811309814453125 0.0222015380859375 0.06635665893554688
1 0.02215576171875 0.3477630615234375 0.030914306640625 0.047316360473632815
1 0.026763916015625 0.20508270263671874 0.023773193359375 0.05622711181640625
1 0.75048828125 0.85023193359375 0.036346435546875 0.053924942016601564
1 0.2073974609375 0.15763092041015625 0.02691650390625 0.05262489318847656
1 0.5107421875 0.5980224609375 0.020294189453125 0.052922821044921874
1 0.4091796875 0.243109130859375 0.025421142578125 0.05538749694824219
1 0.958984375 0.054439544677734375 0.0170440673828125 0.06841506958007812
1 0.6357421875 0.225775146484375 0.0180511474609375 0.047316360473632815
1 0.08740234375 0.2030242919921875 0.0231475830078125 0.05752716064453125
1 0.57421875 0.2732269287109375 0.020965576171875 0.06971511840820313
1 0.80615234375 0.210174560546875 0.021240234375 0.0578521728515625
1 0.40478515625 0.58848876953125 0.0251312255859375 0.0582855224609375
1 0.88671875 0.4010650634765625 0.0211639404296875 0.06451492309570313
1 0.11798095703125 0.9724365234375 0.033966064453125 0.05262489318847656
0 0.08270263671875 0.529119873046875 0.047607421875 0.0461517333984375
1 0.912109375 0.16456451416015624 0.027374267578125 0.05817718505859375
1 0.7294921875 0.159039306640625 0.0177764892578125 0.059964752197265624
0 0.8623046875 0.2498260498046875 0.0517578125 0.04563713073730469
1 0.751953125 0.9100341796875 0.0228424072265625 0.0613189697265625
1 0.9892578125 0.3221954345703125 0.02056884765625 0.0808197021484375
1 0.1224365234375 0.2541595458984375 0.0284881591796875 0.0537353515625
1 0.2646484375 0.2779937744140625 0.021209716796875 0.05709381103515625
0 0.11358642578125 0.568121337890625 0.037689208984375 0.04555587768554688
1 0.765625 0.8857666015625 0.0269622802734375 0.0535186767578125
1 0.96044921875 0.89010009765625 0.033905029296875 0.05546875
1 0.51416015625 0.866265869140625 0.0312042236328125 0.0626190185546875
1 0.66845703125 0.444183349609375 0.01519012451171875 0.04598922729492187
1 0.23583984375 0.24007568359375 0.02691650390625 0.049997711181640626
1 0.7744140625 0.264776611328125 0.0177154541015625 0.060398101806640625
1 0.467041015625 0.2649932861328125 0.0251312255859375 0.04923934936523437
1 0.73876953125 0.289910888671875 0.017303466796875 0.04504127502441406
1 0.94921875 0.252642822265625 0.0240936279296875 0.0613189697265625
1 0.156982421875 0.19641571044921874 0.0256195068359375 0.053329086303710936
1 0.75830078125 0.793896484375 0.0305633544921875 0.04661216735839844
1 0.97412109375 0.20161590576171876 0.03302001953125 0.09549942016601562
1 0.274658203125 0.2311920166015625 0.0225372314453125 0.050187301635742185
0 0.97412109375 0.08786163330078126 0.031982421875 0.06613998413085938
1 0.95556640625 0.805596923828125 0.037261962890625 0.0639190673828125
1 0.445556640625 0.2790771484375 0.0184783935546875 0.04758720397949219
1 0.1357421875 0.1854736328125 0.0223236083984375 0.04401206970214844
1 0.54052734375 0.2132080078125 0.0285491943359375 0.07020263671875