0 0.7733437663015128 0.4527777777777778 0.05112154407929056 0.04722222222222222
1 0.7240479916536254 0.6152777777777778 0.023995826812728223 0.06851851851851852
0 0.8341158059467919 0.5314814814814814 0.05268648930620762 0.04814814814814815
1 0.3813249869587898 0.6472222222222223 0.02764736567553469 0.06574074074074074
1 0.07955138236828378 0.7050925925925926 0.03442879499217527 0.06388888888888888
1 0.5372978612415232 0.6018518518518519 0.02608242044861763 0.06759259259259259
1 0.08242044861763172 0.5967592592592592 0.03599374021909233 0.06296296296296296
1 0.4966092853416797 0.675 0.02138758476786646 0.06388888888888888
0 0.4522691705790297 0.48703703703703705 0.046426708398539386 0.04351851851851852
0 0.5623369848721962 0.44675925925925924 0.0495565988523735 0.046296296296296294
0 0.658320292123109 0.3837962962962963 0.040166927490871154 0.05555555555555555
0 0.6995305164319249 0.4351851851851852 0.0406885758998435 0.046296296296296294
1 0.6880542514345331 0.6472222222222223 0.029212310902451747 0.06296296296296296
0 0.4350547730829421 0.3148148148148148 0.0505998956703182 0.06944444444444445
1 0.8174230568596765 0.3699074074074074 0.03025560772039645 0.06111111111111111
0 0.6147626499739176 0.5254629629629629 0.03129890453834116 0.05648148148148148
1 0.6690140845070423 0.5513888888888889 0.028690662493479395 0.05462962962962963
1 0.9707876890975482 0.17685185185185184 0.04225352112676056 0.05555555555555555
1 0.5041731872717788 0.6050925925925926 0.02138758476786646 0.06851851851851852
0 0.6744913928012519 0.5009259259259259 0.026604068857589983 0.046296296296296294
1 0.5886802295253 0.5902777777777778 0.027125717266562335 0.053703703703703705
1 0.31351069379238394 0.7324074074074074 0.02764736567553469 0.06759259259259259
1 0.22952529994783516 0.6620370370370371 0.029212310902451747 0.046296296296296294
1 0.6061554512258738 0.2125 0.03286384976525822 0.062037037037037036
1 0.43557642149191445 0.6611111111111111 0.019300991131977047 0.06481481481481481
1 0.6045905059989567 0.26157407407407407 0.03025560772039645 0.062037037037037036
1 0.03808033385498174 0.5828703703703704 0.024517475221700575 0.05925925925925926
1 0.5357329160146062 0.4046296296296296 0.0297339593114241 0.05462962962962963
1 0.2245696400625978 0.7921296296296296 0.022952529994783515 0.06111111111111111
1 0.396452790818988 0.7046296296296296 0.022952529994783515 0.0712962962962963
1 0.892018779342723 0.7 0.03390714658320292 0.06296296296296296
1 0.20031298904538342 0.6097222222222223 0.027125717266562335 0.06018518518518518
1 0.1752738654147105 0.08055555555555556 0.03755868544600939 0.05925925925925926
1 0.7425665101721439 0.6777777777777778 0.028169014084507043 0.058333333333333334
1 0.36437141366718834 0.8333333333333334 0.018779342723004695 0.06759259259259259
1 0.33098591549295775 0.8189814814814815 0.02190923317683881 0.062037037037037036
1 0.16953573291601462 0.6439814814814815 0.0198226395409494 0.05740740740740741
1 0.3755868544600939 0.6041666666666666 0.02556077203964528 0.06481481481481481
1 0.4222743870631195 0.7078703703703704 0.02034428794992175 0.06851851851851852
1 0.6674491392801252 0.7152777777777778 0.028690662493479395 0.06018518518518518
1 0.45800730307772564 0.7087962962962963 0.017214397496087636 0.06666666666666667
1 0.36071987480438183 0.8930555555555556 0.013562858633281168 0.06574074074074074
1 0.440792905581638 0.788425925925926 0.02034428794992175 0.06851851851851852
1 0.18857589984350548 0.687962962962963 0.02556077203964528 0.06481481481481481
1 0.9470526864893062 0.6342592592592593 0.03129890453834116 0.058333333333333334
1 0.1651017214397496 0.025925925925925925 0.02608242044861763 0.04537037037037037
0 0.0738132498695879 0.7379629629629629 0.05425143453312467 0.04351851851851852
1 0.8531559728742827 0.788425925925926 0.027125717266562335 0.05925925925925926
1 0.3651538862806468 0.7189814814814814 0.02138758476786646 0.062037037037037036
1 0.5644235785080856 0.6680555555555555 0.02138758476786646 0.06296296296296296
1 0.44183620239958266 0.4101851851851852 0.03286384976525822 0.08055555555555556
1 0.543035993740219 0.7412037037037037 0.024517475221700575 0.05740740740740741
1 0.980699008868023 0.6837962962962963 0.03755868544600939 0.0787037037037037
1 0.8810641627543035 0.7361111111111112 0.028690662493479395 0.058333333333333334
1 0.1651017214397496 0.7351851851851852 0.02190923317683881 0.06296296296296296
1 0.9199269692227439 0.7819444444444444 0.025039123630672927 0.06481481481481481
1 0.011737089201877934 0.7064814814814815 0.019300991131977047 0.06481481481481481
1 0.8189880020865936 0.7416666666666667 0.028169014084507043 0.06574074074074074
1 0.7931664058424622 0.8217592592592593 0.02190923317683881 0.06296296296296296
1 0.4843505477308294 0.8138888888888889 0.018779342723004695 0.04722222222222222
1 0.4194053208137715 0.6087962962962963 0.01773604590505999 0.07962962962962963
1 0.30412102243088157 0.8490740740740741 0.02764736567553469 0.07222222222222222
1 0.028690662493479395 0.8324074074074074 0.026604068857589983 0.062037037037037036
1 0.21152842983828898 0.8263888888888888 0.018257694314032343 0.06296296296296296
0 0.6087636932707355 0.3226851851851852 0.044861763171622326 0.05925925925925926
1 0.6009389671361502 0.7875 0.01564945226917058 0.05462962962962963
0 0.02112676056338028 0.41388888888888886 0.04225352112676056 0.05
1 0.03755868544600939 0.6583333333333333 0.022430881585811163 0.04351851851851852
1 0.8200312989045383 0.8319444444444445 0.02556077203964528 0.06388888888888888
1 0.9113197704747 0.6439814814814815 0.030777256129368807 0.044444444444444446
1 0.04251434533124674 0.9458333333333333 0.016692749087115284 0.0712962962962963
1 0.20448617631716223 0.7171296296296297 0.0198226395409494 0.05092592592592592
1 0.6711006781429316 0.7662037037037037 0.019300991131977047 0.04814814814814815
1 0.1752738654147105 0.7731481481481481 0.018779342723004695 0.05648148148148148
1 0.13145539906103287 0.7842592592592592 0.018779342723004695 0.06018518518518518
1 0.7681272822117893 0.7430555555555556 0.02034428794992175 0.04537037037037037
1 0.15127803860198227 0.6833333333333333 0.020865936358894107 0.06759259259259259
1 0.014084507042253521 0.6166666666666667 0.025039123630672927 0.05185185185185185
1 0.752999478351591 0.7138888888888889 0.01773604590505999 0.046296296296296294
1 0.4491392801251956 0.24351851851851852 0.03286384976525822 0.04722222222222222
1 0.9869587897756912 0.7513888888888889 0.023995826812728223 0.062037037037037036
1 0.704225352112676 0.7643518518518518 0.029212310902451747 0.05
1 0.2368283776734481 0.8703703703703703 0.02556077203964528 0.06481481481481481
1 0.39932185706833595 0.7708333333333334 0.02608242044861763 0.05
1 0.9293166405842462 0.09537037037037037 0.03338549817423057 0.05185185185185185
1 0.38523735002608245 0.12175925925925926 0.036515388628064686 0.05462962962962963
1 0.16692749087115286 0.19074074074074074 0.03338549817423057 0.04537037037037037
1 0.47548252477829944 0.7319444444444444 0.024517475221700575 0.05092592592592592
1 0.2665623369848722 0.5675925925925925 0.0297339593114241 0.0787037037037037
0 0.02686489306207616 0.9115740740740741 0.030777256129368807 0.06481481481481481
1 0.47704747000521647 0.9449074074074074 0.0198226395409494 0.05925925925925926
0 0.021648408972352633 0.48148148148148145 0.04329681794470527 0.05555555555555555
1 0.17579551382368283 0.1388888888888889 0.03547209181011998 0.05555555555555555
1 0.6202399582681273 0.8337962962962963 0.017214397496087636 0.06111111111111111