1 0.9136671883150757 0.45092592592592595 0.03338549817423057 0.06111111111111111
1 0.2540427751695357 0.687037037037037 0.022952529994783515 0.05277777777777778
0 0.8646322378716745 0.562962962962963 0.04903495044340115 0.05
0 0.4697443922796036 0.4550925925925926 0.04590505998956703 0.053703703703703705
1 0.20031298904538342 0.8379629629629629 0.03599374021909233 0.062037037037037036
0 0.30907668231611896 0.4634259259259259 0.03129890453834116 0.05925925925925926
0 0.7065727699530516 0.5564814814814815 0.0505998956703182 0.05185185185185185
0 0.5811163275952008 0.5416666666666666 0.04903495044340115 0.044444444444444446
0 0.7905581637976005 0.5222222222222223 0.050078247261345854 0.046296296296296294
1 0.26473656755346897 0.8277777777777777 0.027125717266562335 0.06388888888888888
1 0.8794992175273866 0.43796296296296294 0.03599374021909233 0.06388888888888888
1 0.14188836724047993 0.3398148148148148 0.027125717266562335 0.062037037037037036
1 0.5766823161189358 0.4074074074074074 0.029212310902451747 0.06944444444444445
1 0.7983828899321858 0.42314814814814816 0.03495044340114763 0.06851851851851852
1 0.4316640584246218 0.362962962962963 0.028169014084507043 0.06388888888888888
1 0.8685446009389671 0.13657407407407407 0.0297339593114241 0.06851851851851852
1 0.5336463223787168 0.6328703703703704 0.029212310902451747 0.05740740740740741
1 0.6421491914449661 0.7444444444444445 0.023995826812728223 0.06481481481481481
1 0.018257694314032343 0.32546296296296295 0.03495044340114763 0.06666666666666667
0 0.27803860198226393 0.562962962962963 0.046948356807511735 0.07037037037037037
1 0.9394887845592071 0.36018518518518516 0.03182055294731351 0.06481481481481481
1 0.11528429838288994 0.9101851851851852 0.03755868544600939 0.0712962962962963
1 0.15023474178403756 0.5074074074074074 0.03442879499217527 0.08888888888888889
1 0.9300991131977048 0.21064814814814814 0.026604068857589983 0.062037037037037036
1 0.8487219613980177 0.9064814814814814 0.023995826812728223 0.041666666666666664
0 0.9507042253521126 0.6810185185185185 0.06155451225873761 0.05092592592592592
1 0.8974960876369327 0.34814814814814815 0.03338549817423057 0.062037037037037036
1 0.5633802816901409 0.26157407407407407 0.02764736567553469 0.06851851851851852
1 0.4061032863849765 0.325 0.027125717266562335 0.062037037037037036
1 0.45670318205529475 0.8606481481481482 0.022430881585811163 0.05555555555555555
1 0.9869587897756912 0.762962962962963 0.02608242044861763 0.05740740740740741
1 0.8993218570683359 0.17731481481481481 0.030777256129368807 0.06666666666666667
1 0.3364632237871675 0.3277777777777778 0.02764736567553469 0.062037037037037036
1 0.952529994783516 0.16527777777777777 0.024517475221700575 0.05555555555555555
1 0.4207094418362024 0.9041666666666667 0.03129890453834116 0.05
1 0.02190923317683881 0.1824074074074074 0.02764736567553469 0.06666666666666667
1 0.4924360980699009 0.7458333333333333 0.019300991131977047 0.053703703703703705
1 0.2644757433489828 0.6407407407407407 0.022952529994783515 0.049074074074074076
1 0.3755868544600939 0.3587962962962963 0.026604068857589983 0.06759259259259259
1 0.7284820031298904 0.42268518518518516 0.0297339593114241 0.06388888888888888
1 0.9478351591027647 0.12129629629629629 0.03025560772039645 0.062037037037037036
1 0.5996348461137193 0.6305555555555555 0.028169014084507043 0.06944444444444445
1 0.6158059467918623 0.3296296296296296 0.027125717266562335 0.06111111111111111
1 0.6888367240479917 0.9162037037037037 0.024517475221700575 0.05185185185185185
1 0.21622326551904017 0.975925925925926 0.029212310902451747 0.04259259259259259
1 0.607981220657277 0.21574074074074073 0.02556077203964528 0.06388888888888888
1 0.8403755868544601 0.17777777777777778 0.026604068857589983 0.06666666666666667
1 0.49295774647887325 0.23425925925925925 0.013562858633281168 0.06851851851851852
1 0.3109024517475222 0.2814814814814815 0.027125717266562335 0.062037037037037036
1 0.6538862806468441 0.0787037037037037 0.015127803860198226 0.06388888888888888
1 0.2300469483568075 0.2902777777777778 0.029212310902451747 0.06574074074074074
1 0.22013562858633282 0.20185185185185187 0.028169014084507043 0.0712962962962963
1 0.8677621283255086 0.26944444444444443 0.023995826812728223 0.06481481481481481
1 0.9619196661450182 0.35324074074074074 0.040166927490871154 0.05
1 0.8857589984350548 0.2972222222222222 0.022952529994783515 0.06388888888888888
1 0.6718831507563902 0.12175925925925926 0.02190923317683881 0.07222222222222222
1 0.13249869587897756 0.24351851851851852 0.029212310902451747 0.07222222222222222
1 0.08998435054773082 0.3416666666666667 0.03129890453834116 0.06018518518518518
1 0.7065727699530516 0.24722222222222223 0.027125717266562335 0.062037037037037036
1 0.4981742305685968 0.6921296296296297 0.019300991131977047 0.053703703703703705
1 0.9663536776212832 0.04490740740740741 0.016692749087115284 0.07037037037037037
1 0.7738654147104851 0.30277777777777776 0.02190923317683881 0.05925925925925926
1 0.5464267083985394 0.3023148148148148 0.020865936358894107 0.06111111111111111
1 0.22978612415232133 0.37453703703703706 0.01617110067814293 0.04537037037037037
1 0.9882629107981221 0.1699074074074074 0.02190923317683881 0.05092592592592592
1 0.5560772039645279 0.35462962962962963 0.015127803860198226 0.062037037037037036
1 0.45461658841940533 0.8171296296296297 0.02034428794992175 0.05092592592592592
1 0.4590505998956703 0.2898148148148148 0.023995826812728223 0.05277777777777778
1 0.2968179447052686 0.24768518518518517 0.017214397496087636 0.06111111111111111
1 0.4924360980699009 0.3194444444444444 0.01773604590505999 0.06018518518518518
1 0.03025560772039645 0.2847222222222222 0.038601982263954095 0.06481481481481481
1 0.8453312467396974 0.23472222222222222 0.028690662493479395 0.058333333333333334
1 0.3633281168492436 0.21342592592592594 0.01617110067814293 0.04722222222222222
1 0.7871674491392802 0.2351851851851852 0.02764736567553469 0.05
1 0.7227438706311946 0.11990740740740741 0.017214397496087636 0.07037037037037037
1 0.11371935315597287 0.1587962962962963 0.028690662493479395 0.058333333333333334
1 0.41992696922274386 0.6814814814814815 0.0297339593114241 0.05
1 0.5049556598852374 0.7222222222222222 0.019300991131977047 0.05555555555555555
1 0.2467396974439228 0.25972222222222224 0.03025560772039645 0.062037037037037036
1 0.2269170579029734 0.12083333333333333 0.02190923317683881 0.0712962962962963
1 0.5346896191966615 0.1962962962962963 0.01564945226917058 0.05185185185185185
1 0.9014084507042254 0.3050925925925926 0.0297339593114241 0.05925925925925926
1 0.7300469483568075 0.1865740740740741 0.016692749087115284 0.05462962962962963
1 0.30542514345331245 0.13657407407407407 0.022430881585811163 0.08611111111111111
1 0.6343244653103808 0.924537037037037 0.028690662493479395 0.05740740740740741
1 0.6137193531559729 0.8402777777777778 0.020865936358894107 0.05462962962962963
1 0.8539384454877412 0.7675925925925926 0.022430881585811163 0.046296296296296294
1 0.983828899321857 0.2708333333333333 0.029212310902451747 0.05648148148148148
1 0.672926447574335 0.29814814814814816 0.02608242044861763 0.05462962962962963
1 0.9447052686489307 0.3111111111111111 0.03182055294731351 0.040740740740740744
1 0.011737089201877934 0.5388888888888889 0.023474178403755867 0.05092592592592592
1 0.37037037037037035 0.2601851851851852 0.020865936358894107 0.05277777777777778
1 0.16823161189358374 0.20555555555555555 0.030777256129368807 0.07037037037037037
1 0.06651017214397496 0.21388888888888888 0.0297339593114241 0.05
1 0.2668231611893584 0.7685185185185185 0.02190923317683881 0.04814814814814815
1 0.08528951486697965 0.2675925925925926 0.030777256129368807 0.06481481481481481
0 0.5863328116849243 0.4925925925925926 0.0605112154407929 0.05092592592592592