0 0.6298828125 0.4372829861111111 0.044769287109375 0.0636935763888889
0 0.57568359375 0.5173611111111112 0.042388916015625 0.05504014756944445
0 0.4189453125 0.4717881944444444 0.051177978515625 0.04649522569444445
0 0.62646484375 0.5868055555555556 0.050506591796875 0.044677734375
0 0.69287109375 0.333984375 0.0460205078125 0.041802300347222224
0 0.60205078125 0.3020833333333333 0.041778564453125 0.05433485243055555
0 0.480712890625 0.3884548611111111 0.04248046875 0.04359266493055555
0 0.218017578125 0.4557291666666667 0.03704833984375 0.0666232638888889
0 0.63720703125 0.6532118055555556 0.052032470703125 0.04416232638888889
0 0.7763671875 0.5125868055555556 0.05450439453125 0.07112630208333333
0 0.202880859375 0.3663194444444444 0.032470703125 0.06488715277777778
0 0.65234375 0.7521701388888888 0.046295166015625 0.05360243055555555
0 0.1436767578125 0.6710069444444444 0.048309326171875 0.054117838541666664
0 0.7587890625 0.5872395833333334 0.034027099609375 0.04543728298611111
0 0.291259765625 0.318359375 0.046295166015625 0.025390625
0 0.02045440673828125 0.4008246527777778 0.0409088134765625 0.046332465277777776
0 0.3173363095238096 0.9371693121693125 0.048363095238095254 0.07804232804232798