0 0.53759765625 0.4631076388888889 0.04779052734375 0.04367404513888889
0 0.67236328125 0.4683159722222222 0.045257568359375 0.04416232638888889
0 0.239013671875 0.3548177083333333 0.04534912109375 0.04188368055555555
0 0.0526123046875 0.4535590277777778 0.052337646484375 0.04234483506944445
0 0.62939453125 0.5794270833333334 0.048126220703125 0.04307725694444445
0 0.336669921875 0.3938802083333333 0.04534912109375 0.040934244791666664
0 0.281982421875 0.7248263888888888 0.058135986328125 0.05495876736111111
0 0.9033203125 0.41015625 0.04931640625 0.048773871527777776
0 0.26513671875 0.63671875 0.052825927734375 0.04503038194444445
0 0.58154296875 0.3567708333333333 0.044097900390625 0.044243706597222224
0 0.1937255859375 0.5668402777777778 0.0531005859375 0.03917100694444445
0 0.2010498046875 0.5208333333333334 0.05291748046875 0.03805881076388889
0 0.06500244140625 0.3595920138888889 0.052703857421875 0.04503038194444445
0 0.12249755859375 0.4398871527777778 0.050811767578125 0.040473090277777776
0 0.74609375 0.5399305555555556 0.051177978515625 0.04359266493055555
0 0.9482421875 0.3168402777777778 0.046630859375 0.04283311631944445
0 0.154052734375 0.3051215277777778 0.046905517578125 0.05075412326388889
0 0.45361328125 0.2790798611111111 0.04083251953125 0.04031032986111111