0 0.3093375065206051 0.5513888888888889 0.050078247261345854 0.04537037037037037
0 0.8656755346896192 0.5541666666666667 0.05372978612415232 0.05648148148148148
0 0.4306207616066771 0.586574074074074 0.036515388628064686 0.06481481481481481
1 0.6724047991653626 0.47962962962962963 0.02034428794992175 0.06481481481481481
0 0.5391236306729265 0.5083333333333333 0.04225352112676056 0.07314814814814814
1 0.1298904538341158 0.3976851851851852 0.03234220135628586 0.06296296296296296
1 0.38367240479916537 0.37916666666666665 0.0198226395409494 0.06944444444444445
1 0.41236306729264477 0.399537037037037 0.017214397496087636 0.05925925925925926
0 0.27908189880020867 0.6060185185185185 0.05268648930620762 0.044444444444444446
1 0.8794992175273866 0.24166666666666667 0.023995826812728223 0.06944444444444445
1 0.905320813771518 0.4300925925925926 0.028690662493479395 0.06018518518518518
1 0.44235785080855505 0.3337962962962963 0.02190923317683881 0.06851851851851852
1 0.7749087115284299 0.3773148148148148 0.023995826812728223 0.06666666666666667
1 0.6147626499739176 0.9430555555555555 0.028690662493479395 0.05740740740740741
1 0.7313510693792384 0.3861111111111111 0.02556077203964528 0.08055555555555556
1 0.16562336984872197 0.32592592592592595 0.03025560772039645 0.05740740740740741
1 0.5151278038601982 0.38796296296296295 0.027125717266562335 0.06388888888888888
0 0.29577464788732394 0.4685185185185185 0.05112154407929056 0.04537037037037037
0 0.0505998956703182 0.5291666666666667 0.0297339593114241 0.058333333333333334
1 0.6551904016692749 0.45787037037037037 0.02608242044861763 0.06018518518518518
1 0.7128325508607198 0.2740740740740741 0.026604068857589983 0.06481481481481481
1 0.47965571205007823 0.29444444444444445 0.02034428794992175 0.05555555555555555
1 0.31507563901930097 0.3597222222222222 0.01773604590505999 0.06666666666666667
1 0.6763171622326551 0.32083333333333336 0.037037037037037035 0.09537037037037037
1 0.0936358894105373 0.28935185185185186 0.030777256129368807 0.06481481481481481
1 0.6030255607720396 0.16527777777777777 0.01564945226917058 0.06296296296296296
1 0.282472613458529 0.2949074074074074 0.02190923317683881 0.06296296296296296
1 0.8873239436619719 0.35509259259259257 0.029212310902451747 0.06759259259259259
1 0.49269692227438705 0.34675925925925927 0.022430881585811163 0.06481481481481481
1 0.7196139801773604 0.18611111111111112 0.026604068857589983 0.06944444444444445
1 0.5855503390714658 0.25046296296296294 0.01773604590505999 0.08148148148148149
1 0.5263432446531038 0.850462962962963 0.023474178403755867 0.05555555555555555
1 0.3854981742305686 0.3282407407407407 0.018257694314032343 0.06111111111111111
1 0.942357850808555 0.35833333333333334 0.03442879499217527 0.07592592592592592
1 0.6314553990610329 0.40879629629629627 0.020865936358894107 0.062037037037037036
1 0.06520605112154408 0.35462962962962963 0.03234220135628586 0.06296296296296296
1 0.418622848200313 0.7337962962962963 0.030777256129368807 0.05277777777777778
1 0.2190923317683881 0.3143518518518518 0.022952529994783515 0.053703703703703705
1 0.13302034428794993 0.3050925925925926 0.023995826812728223 0.05925925925925926
1 0.05894627021387585 0.34675925925925927 0.016692749087115284 0.02962962962962963
1 0.7832550860719875 0.20879629629629629 0.017214397496087636 0.06666666666666667
1 0.9820031298904538 0.23287037037037037 0.0297339593114241 0.062037037037037036
1 0.017475221700573813 0.3449074074074074 0.030777256129368807 0.07222222222222222
1 0.5135628586332812 0.8157407407407408 0.022952529994783515 0.05092592592592592
1 0.8794992175273866 0.32175925925925924 0.02556077203964528 0.05648148148148148
1 0.9227960354720918 0.27824074074074073 0.03495044340114763 0.08518518518518518
1 0.4478351591027647 0.2708333333333333 0.02138758476786646 0.05277777777777778
1 0.33907146583202924 0.9263888888888889 0.03599374021909233 0.05925925925925926
1 0.5628586332811685 0.300462962962963 0.019300991131977047 0.06481481481481481
1 0.014345331246739697 0.38055555555555554 0.02764736567553469 0.06481481481481481
1 0.1630151278038602 0.3162037037037037 0.016692749087115284 0.030555555555555555
1 0.22196139801773604 0.26944444444444443 0.025039123630672927 0.058333333333333334
1 0.059989567031820554 0.30092592592592593 0.023474178403755867 0.06388888888888888
1 0.8828899321857069 0.9291666666666667 0.020865936358894107 0.03611111111111111
1 0.5477308294209703 0.16574074074074074 0.01773604590505999 0.06759259259259259
1 0.9619196661450182 0.30324074074074076 0.020865936358894107 0.05648148148148148
1 0.5 0.9032407407407408 0.020865936358894107 0.07407407407407407