0 0.51171875 0.41064814814814815 0.041666666666666664 0.04537037037037037
0 0.72421875 0.49953703703703706 0.04791666666666667 0.044444444444444446
0 0.46145833333333336 0.3537037037037037 0.04479166666666667 0.044444444444444446
0 0.6143229166666667 0.4388888888888889 0.034895833333333334 0.06296296296296296
0 0.6830729166666667 0.6333333333333333 0.04583333333333333 0.04722222222222222
0 0.15052083333333333 0.3597222222222222 0.051041666666666666 0.05092592592592592
0 0.29322916666666665 0.3125 0.04583333333333333 0.03981481481481482
0 0.9786458333333333 0.5995370370370371 0.0328125 0.05925925925925926
0 0.6161458333333333 0.34120370370370373 0.04583333333333333 0.04537037037037037
0 0.19036458333333334 0.31851851851851853 0.04583333333333333 0.04259259259259259
0 0.2955729166666667 0.46435185185185185 0.028125 0.05462962962962963
0 0.7677083333333333 0.41064814814814815 0.03802083333333333 0.041666666666666664
0 0.6088541666666667 0.5458333333333333 0.0296875 0.06018518518518518
0 0.5385416666666667 0.9532407407407407 0.0546875 0.07685185185185185
0 0.8955729166666667 0.6231481481481481 0.03958333333333333 0.05277777777777778
0 0.44375 0.4546296296296296 0.05 0.040740740740740744
0 0.4125 0.6768518518518518 0.057291666666666664 0.046296296296296294