1 0.18239806314740292 0.3470883324032738 0.04997679035730586 0.09396037147158667
0 0.303955078125 0.65089111328125 0.057373046875 0.04704551696777344
1 0.60205078125 0.21678314208984376 0.022979736328125 0.06223983764648437
1 0.7890625 0.283810941504423 0.0222015380859375 0.08619434013568542
0 0.448486328125 0.451116943359375 0.04876708984375 0.048968505859375
1 0.01763916015625 0.34061279296875 0.033782958984375 0.07962799072265625
1 0.171875 0.273876953125 0.03204345703125 0.04661216735839844
0 0.640625 0.668658447265625 0.050048828125 0.06727752685546876
0 0.3193359375 0.58675537109375 0.0552978515625 0.04877891540527344
1 0.51806640625 0.356646728515625 0.01763916015625 0.060506439208984374
1 0.40478515625 0.9759033203125 0.0289764404296875 0.04766845703125
1 0.53125 0.2957611083984375 0.02947998046875 0.04988937377929688
0 0.365966796875 0.51395263671875 0.0526123046875 0.04712677001953125
1 0.21533203125 0.40648193359375 0.02880859375 0.059423065185546874
0 0.6725538415679261 0.5337301587301588 0.06781429316640585 0.059523809523809465
0 0.6802402959423205 0.48884106186962645 0.054717783334847184 0.05373535156250003
1 0.8388671875 0.4088653564453125 0.034698486328125 0.061914825439453126
0 0.089599609375 0.57462158203125 0.056121826171875 0.05424995422363281
0 0.1251220703125 0.6465576171875 0.05645751953125 0.04219741821289062
1 0.418701171875 0.39088134765625 0.0322265625 0.06418991088867188
0 0.3720703125 0.453717041015625 0.0272216796875 0.052814483642578125
0 0.3798828125 0.737127685546875 0.02838134765625 0.06007308959960937
1 0.9814453125 0.3414794921875 0.03460693359375 0.09322433471679688
1 0.708984375 0.384814453125 0.017913818359375 0.06944427490234376
1 0.78759765625 0.3629302978515625 0.02191162109375 0.06749420166015625
1 0.116943359375 0.3928314208984375 0.03167724609375 0.06321487426757813
1 0.728515625 0.2493927001953125 0.030792236328125 0.060398101806640625
1 0.853515625 0.239208984375 0.0310821533203125 0.07020263671875
1 0.471435546875 0.328045654296875 0.021484375 0.06418991088867188
1 0.42236328125 0.3130950927734375 0.0255584716796875 0.063702392578125
1 0.91845703125 0.452850341796875 0.0345458984375 0.061914825439453126
1 0.055816650390625 0.3720306396484375 0.03240966796875 0.06440658569335937
0 0.019500732421875 0.768328857421875 0.03155517578125 0.04972686767578125
1 0.2379150390625 0.329345703125 0.03216552734375 0.0572021484375
1 0.544921875 0.23314208984375 0.0187225341796875 0.05517082214355469
1 0.564453125 0.4188323974609375 0.02423095703125 0.06467742919921875
1 0.73974609375 0.3620635986328125 0.0225067138671875 0.06381072998046874
1 0.07501220703125 0.2749603271484375 0.034027099609375 0.0556854248046875
1 0.310302734375 0.32501220703125 0.0205230712890625 0.061102294921875
1 0.8388671875 0.792596435546875 0.037750244140625 0.05384368896484375
1 0.66015625 0.320245361328125 0.0197601318359375 0.0656524658203125
0 0.456787109375 0.606689453125 0.04779052734375 0.06662750244140625
1 0.3330078125 0.3577301025390625 0.0227203369140625 0.06359405517578125
1 0.037811279296875 0.2957611083984375 0.0246124267578125 0.06099395751953125
1 0.80029296875 0.2220916748046875 0.02423095703125 0.070635986328125
1 0.386962890625 0.3449462890625 0.0293731689453125 0.06635665893554688
1 0.861328125 0.30594482421875 0.03338623046875 0.059748077392578126
1 0.219482421875 0.27734375 0.020965576171875 0.07486114501953126
1 0.55712890625 0.15156402587890624 0.0156707763671875 0.059856414794921875
1 0.88232421875 0.9377685546875 0.03582763671875 0.058502197265625
1 0.90673828125 0.2550262451171875 0.0259552001953125 0.059423065185546874
1 0.326171875 0.283843994140625 0.021331787109375 0.059856414794921875
1 0.7353515625 0.95596923828125 0.0210418701171875 0.056768798828125
1 0.89892578125 0.11407928466796875 0.02203369140625 0.07247772216796874
1 0.00812530517578125 0.269110107421875 0.015777587890625 0.061102294921875
1 0.1629638671875 0.20616607666015624 0.02386474609375 0.054358291625976565
1 0.90380859375 0.89703369140625 0.03594970703125 0.056768798828125
0 0.8515625 0.674725341796875 0.055419921875 0.05752716064453125
1 0.880859375 0.8580322265625 0.042572021484375 0.0537353515625
1 0.990234375 0.462384033203125 0.01666259765625 0.06321487426757813
1 0.01483917236328125 0.2359588623046875 0.01374053955078125 0.035480499267578125
1 0.6941649899396378 0.4107142857142858 0.02459199642298232 0.06481481481481481
1 0.8637007228556525 0.37169312169312174 0.026827632461435227 0.0608465608465608
1 0.7232282584395261 0.3154761904761905 0.02608242044861763 0.06216931216931214
1 0.2563529324092705 0.3088624338624339 0.02980848051270585 0.06746031746031739