0 0.8677621283255086 0.5064814814814815 0.05372978612415232 0.040740740740740744
1 0.769170579029734 0.6180555555555556 0.028169014084507043 0.06481481481481481
1 0.30229525299947835 0.6185185185185185 0.027125717266562335 0.06666666666666667
1 0.15466875326030255 0.13935185185185187 0.03390714658320292 0.06388888888888888
1 0.09285341679707877 0.3453703703703704 0.024517475221700575 0.05277777777777778
0 0.04094940010432968 0.42916666666666664 0.0605112154407929 0.05
1 0.198226395409494 0.5574074074074075 0.024517475221700575 0.07037037037037037
1 0.9238393322900366 0.3435185185185185 0.03025560772039645 0.06574074074074074
1 0.7412623891497131 0.6893518518518519 0.028690662493479395 0.062037037037037036
1 0.09181011997913406 0.6171296296296296 0.0297339593114241 0.062037037037037036
0 0.17344809598330724 0.4393518518518518 0.05268648930620762 0.05092592592592592
1 0.5151278038601982 0.5935185185185186 0.02138758476786646 0.05925925925925926
1 0.2621283255086072 0.6129629629629629 0.026604068857589983 0.06388888888888888
1 0.701095461658842 0.8277777777777777 0.02034428794992175 0.06111111111111111
1 0.7076160667709963 0.4861111111111111 0.023995826812728223 0.06759259259259259
1 0.44679186228482004 0.700925925925926 0.017214397496087636 0.05740740740740741
1 0.8667188315075639 0.337037037037037 0.03129890453834116 0.05925925925925926
1 0.6353677621283255 0.6680555555555555 0.019300991131977047 0.06666666666666667
1 0.2652582159624413 0.7837962962962963 0.02138758476786646 0.062037037037037036
1 0.1596244131455399 0.17685185185185184 0.03442879499217527 0.05555555555555555
1 0.21570161711006783 0.6370370370370371 0.0198226395409494 0.05925925925925926
1 0.9066249347939489 0.6768518518518518 0.027125717266562335 0.06481481481481481
1 0.14945226917057902 0.3439814814814815 0.03182055294731351 0.058333333333333334
1 0.31011997913406364 0.6921296296296297 0.016692749087115284 0.04259259259259259
0 0.8630672926447575 0.43194444444444446 0.05372978612415232 0.05462962962962963
1 0.014084507042253521 0.7023148148148148 0.023474178403755867 0.06666666666666667
1 0.041471048513302036 0.5106481481481482 0.038601982263954095 0.06481481481481481
1 0.038601982263954095 0.6171296296296296 0.027125717266562335 0.062037037037037036
1 0.8359415753781951 0.8240740740740741 0.013041210224308816 0.04814814814814815
1 0.18153364632237873 0.6967592592592593 0.022430881585811163 0.06018518518518518
1 0.4360980699008868 0.05092592592592592 0.03025560772039645 0.053703703703703705
1 0.040166927490871154 0.7125 0.02764736567553469 0.06296296296296296
1 0.3534167970787689 0.7902777777777777 0.022952529994783515 0.06388888888888888
1 0.09181011997913406 0.4773148148148148 0.028690662493479395 0.04722222222222222
1 0.051643192488262914 0.8064814814814815 0.023995826812728223 0.06111111111111111
1 0.636150234741784 0.34629629629629627 0.022952529994783515 0.0712962962962963
1 0.4394887845592071 0.12962962962962962 0.018257694314032343 0.058333333333333334
1 0.17031820552947313 0.8412037037037037 0.017214397496087636 0.06481481481481481
1 0.2994261867501304 0.2884259259259259 0.026604068857589983 0.06388888888888888
1 0.29551382368283774 0.3277777777777778 0.020865936358894107 0.05462962962962963
1 0.1484089723526343 0.7648148148148148 0.02190923317683881 0.04814814814814815
1 0.025821596244131457 0.5541666666666667 0.046948356807511735 0.075
1 0.8401147626499739 0.16018518518518518 0.029212310902451747 0.053703703703703705
1 0.32629107981220656 0.7578703703703704 0.023474178403755867 0.07222222222222222
1 0.1752738654147105 0.6606481481481481 0.026604068857589983 0.06388888888888888
1 0.3111632759520083 0.03194444444444444 0.03182055294731351 0.05092592592592592
1 0.587376108502869 0.612037037037037 0.019300991131977047 0.06851851851851852
1 0.41366718831507565 0.6884259259259259 0.018779342723004695 0.044444444444444446
1 0.4535732916014606 0.7893518518518519 0.022952529994783515 0.07037037037037037
1 0.21830985915492956 0.7291666666666666 0.02556077203964528 0.058333333333333334
1 0.08242044861763172 0.7828703703703703 0.02034428794992175 0.04537037037037037
1 0.7798643714136672 0.8319444444444445 0.02138758476786646 0.06111111111111111
1 0.36384976525821594 0.8379629629629629 0.019300991131977047 0.05925925925925926
1 0.10876369327073553 0.5587962962962963 0.028690662493479395 0.058333333333333334
1 0.04877412623891497 0.9467592592592593 0.01617110067814293 0.06851851851851852
1 0.31846635367762127 0.8972222222222223 0.02034428794992175 0.06481481481481481
1 0.12310902451747523 0.825462962962963 0.023474178403755867 0.06851851851851852
1 0.6823161189358372 0.7689814814814815 0.022952529994783515 0.06851851851851852
1 0.4981742305685968 0.6643518518518519 0.022952529994783515 0.04351851851851852
1 0.9295774647887324 0.7939814814814815 0.024517475221700575 0.06944444444444445
1 0.54434011476265 0.7314814814814815 0.020865936358894107 0.06388888888888888
1 0.6726656233698487 0.1814814814814815 0.024517475221700575 0.05277777777777778
1 0.01069379238393323 0.5884259259259259 0.020865936358894107 0.05185185185185185
1 0.30907668231611896 0.649074074074074 0.017214397496087636 0.06111111111111111
1 0.3252477829942619 0.825462962962963 0.022430881585811163 0.05648148148148148
1 0.5667709963484612 0.6430555555555556 0.02034428794992175 0.06944444444444445
1 0.8750652060511216 0.6402777777777777 0.03495044340114763 0.06388888888888888
1 0.8268127282211789 0.7689814814814815 0.03442879499217527 0.0712962962962963
1 0.08581116327595201 0.6907407407407408 0.03286384976525822 0.06111111111111111
1 0.6163275952008347 0.7291666666666666 0.02764736567553469 0.062037037037037036
1 0.49113197704747 0.7356481481481482 0.022952529994783515 0.05925925925925926
1 0.21439749608763695 0.8643518518518518 0.023995826812728223 0.06296296296296296
1 0.9773082942097027 0.762962962962963 0.02556077203964528 0.06018518518518518
1 0.8873239436619719 0.7444444444444445 0.03912363067292645 0.06388888888888888
1 0.6546687532603026 0.7328703703703704 0.03129890453834116 0.07222222222222222
1 0.2537819509650496 0.8800925925925925 0.024517475221700575 0.06666666666666667
1 0.11580594679186229 0.7231481481481481 0.028690662493479395 0.044444444444444446
1 0.07850808555033907 0.32314814814814813 0.03599374021909233 0.07777777777777778
1 0.4887845592070944 0.5902777777777778 0.016692749087115284 0.02962962962962963
1 0.2149191444966093 0.7726851851851851 0.017214397496087636 0.046296296296296294
1 0.9859154929577465 0.15462962962962962 0.028169014084507043 0.05740740740740741
0 0.014084507042253521 0.3527777777777778 0.028169014084507043 0.06666666666666667
1 0.04042775169535733 0.8731481481481481 0.01564945226917058 0.04814814814814815