1 0.63623046875 0.90916748046875 0.033203125 0.06500244140625
1 0.7841796875 0.92650146484375 0.0309600830078125 0.057635498046875
1 0.1007080078125 0.2615264892578125 0.0301513671875 0.05644378662109375
1 0.252685546875 0.36834716796875 0.025421142578125 0.060398101806640625
0 0.220703125 0.5425537109375 0.05633544921875 0.04504127502441406
1 0.1300048828125 0.2303253173828125 0.0236053466796875 0.05752716064453125
1 0.51708984375 0.3806976318359375 0.0219879150390625 0.07415695190429687
1 0.74462890625 0.74622802734375 0.036346435546875 0.05465621948242187
0 0.54833984375 0.509185791015625 0.04779052734375 0.04292869567871094
1 0.1396484375 0.2870941162109375 0.0272216796875 0.0608856201171875
1 0.943359375 0.74622802734375 0.036285400390625 0.0561187744140625
1 0.7666015625 0.8129638671875 0.024383544921875 0.0591522216796875
0 0.11968994140625 0.447650146484375 0.0489501953125 0.045122528076171876
0 0.52734375 0.31114501953125 0.043853759765625 0.03650970458984375
1 0.01751708984375 0.237908935546875 0.0299835205078125 0.06917343139648438
1 0.316162109375 0.256109619140625 0.0247039794921875 0.05362701416015625
1 0.88671875 0.728460693359375 0.02691650390625 0.06603164672851562
1 0.1829833984375 0.2671600341796875 0.0189361572265625 0.044689178466796875
1 0.12213134765625 0.3941314697265625 0.027008056640625 0.05601043701171875
1 0.2047119140625 0.3343292236328125 0.0192413330078125 0.052435302734375
1 0.466552734375 0.329779052734375 0.018157958984375 0.06310653686523438
1 0.20654296875 0.87449951171875 0.029754638671875 0.06917343139648438
1 0.202880859375 0.2433258056640625 0.0211181640625 0.06381072998046874
1 0.27685546875 0.25047607421875 0.0225830078125 0.05311241149902344
1 0.2410888671875 0.80863037109375 0.0318603515625 0.056768798828125
1 0.07696533203125 0.354046630859375 0.03448486328125 0.058935546875
1 0.345458984375 0.2545928955078125 0.023101806640625 0.05926055908203125
1 0.398681640625 0.2350921630859375 0.0171051025390625 0.0578521728515625
0 0.0615234375 0.53388671875 0.055206298828125 0.0400848388671875
1 0.8125 0.688592529296875 0.030670166015625 0.0608856201171875
1 0.2919921875 0.3468963623046875 0.023956298828125 0.05622711181640625
1 0.62255859375 0.395648193359375 0.0225372314453125 0.06841506958007812
1 0.87646484375 0.445916748046875 0.02880859375 0.048399734497070315
1 0.1634521484375 0.807330322265625 0.03179931640625 0.05251655578613281
1 0.10357666015625 0.2080078125 0.0223236083984375 0.060398101806640625
1 0.72998046875 0.4593505859375 0.0303802490234375 0.05113525390625
1 0.54931640625 0.650457763671875 0.0205230712890625 0.05953140258789062
1 0.716796875 0.3009613037109375 0.0199127197265625 0.0565521240234375
1 0.50341796875 0.259576416015625 0.017181396484375 0.06429824829101563
1 0.427734375 0.3845977783203125 0.0174407958984375 0.05192070007324219
1 0.1658935546875 0.2199249267578125 0.0257110595703125 0.0535186767578125
1 0.0938720703125 0.2998779296875 0.0257568359375 0.07220687866210937
1 0.92333984375 0.9204345703125 0.0241851806640625 0.058935546875
1 0.239501953125 0.19511566162109376 0.017852783203125 0.05465621948242187
1 0.595703125 0.2719268798828125 0.015899658203125 0.07047348022460938
1 0.362060546875 0.35101318359375 0.015960693359375 0.0496185302734375
1 0.3134765625 0.79649658203125 0.0272674560546875 0.0418182373046875
1 0.7568359375 0.292510986328125 0.018157958984375 0.06765670776367187
1 0.59912109375 0.357080078125 0.0224609375 0.06635665893554688
1 0.218505859375 0.758795166015625 0.0301513671875 0.0613189697265625
1 0.54052734375 0.21234130859375 0.022247314453125 0.05839385986328125
1 0.74365234375 0.2576263427734375 0.01861572265625 0.046341323852539064
1 0.80859375 0.649591064453125 0.02630615234375 0.0582855224609375
1 0.68115234375 0.1802734375 0.0163421630859375 0.060289764404296876
1 0.55419921875 0.618389892578125 0.023193359375 0.0561187744140625
1 0.81787109375 0.1388885498046875 0.019500732421875 0.0639190673828125
1 0.853515625 0.282110595703125 0.0197601318359375 0.048968505859375
1 0.92626953125 0.181573486328125 0.03265380859375 0.07090682983398437
1 0.93603515625 0.3096282958984375 0.021453857421875 0.06332321166992187
1 0.05889892578125 0.1930572509765625 0.0289306640625 0.05752716064453125
1 0.89794921875 0.3018280029296875 0.024658203125 0.04401206970214844
1 0.875 0.354913330078125 0.0290374755859375 0.05882720947265625
1 0.70263671875 0.12209625244140625 0.015777587890625 0.06489410400390624
1 0.428466796875 0.223175048828125 0.017578125 0.05527915954589844
1 0.84326171875 0.3616302490234375 0.021942138671875 0.07426528930664063
1 0.95458984375 0.44461669921875 0.03271484375 0.06018142700195313
1 0.98291015625 0.231842041015625 0.02886962890625 0.05251655578613281
1 0.01016998291015625 0.2860107421875 0.0202484130859375 0.056768798828125
1 0.2091064453125 0.2086578369140625 0.0179901123046875 0.06272735595703124
1 0.379638671875 0.6569580078125 0.0247955322265625 0.06451492309570313
1 0.6083984375 0.2229583740234375 0.0153656005859375 0.06180648803710938
1 0.96728515625 0.15676422119140626 0.0228424072265625 0.07182769775390625
1 0.337890625 0.328912353515625 0.0165252685546875 0.03734931945800781
1 0.662109375 0.33714599609375 0.01519012451171875 0.07209854125976563
1 0.92138671875 0.87796630859375 0.0265045166015625 0.05303115844726562
1 0.419921875 0.3486297607421875 0.0295867919921875 0.04284744262695313