0 0.5653645833333333 0.4685185185185185 0.051041666666666666 0.04351851851851852
1 0.7895833333333333 0.4439814814814815 0.022916666666666665 0.06111111111111111
0 0.53671875 0.37546296296296294 0.03854166666666667 0.041666666666666664
0 0.22213541666666667 0.2662037037037037 0.04635416666666667 0.03888888888888889
0 0.5580729166666667 0.4064814814814815 0.04479166666666667 0.04537037037037037
0 0.76015625 0.375 0.05 0.04537037037037037
0 0.0515625 0.3449074074074074 0.04791666666666667 0.03796296296296296
0 0.12447916666666667 0.45 0.04739583333333333 0.06296296296296296
0 0.79453125 0.549074074074074 0.04583333333333333 0.05185185185185185
0 0.9598958333333333 0.23842592592592593 0.046875 0.04537037037037037
0 0.0171875 0.26157407407407407 0.03177083333333333 0.05
0 0.4609375 0.6481481481481481 0.025 0.03888888888888889
1 0.7682291666666666 0.4273148148148148 0.0203125 0.07685185185185185