1 0.9326171875000001 0.26468680245535714 0.02207946777343764 0.09026216779436383
1 0.2208251953125 0.329345703125 0.0313720703125 0.06018142700195313
1 0.3146722493525971 0.32571998878761577 0.03876158039636836 0.07539565474898727
1 0.939453125 0.3447296142578125 0.0352783203125 0.06381072998046874
1 0.66064453125 0.2860107421875 0.025909423828125 0.07859878540039063
1 0.85986328125 0.24041922433035715 0.027175903320312566 0.08619951520647323
1 0.307348030602597 0.25951965977905933 0.03955503742761826 0.05447180409910812
1 0.927734375 0.18839874267578124 0.0261993408203125 0.06429824829101563
1 0.873046875 0.3932647705078125 0.026153564453125 0.063702392578125
1 0.450927734375 0.2617431640625 0.0243377685546875 0.06624832153320312
1 0.87646484375 0.3178619384765625 0.0287017822265625 0.0699859619140625
1 0.1646728515625 0.35968017578125 0.03179931640625 0.06272735595703124
1 0.64501953125 0.20724945068359374 0.0238189697265625 0.06142730712890625
1 0.205322265625 0.2433258056640625 0.0247955322265625 0.06489410400390624
0 0.1990966796875 0.651324462890625 0.0535888671875 0.04823722839355469
1 0.12548828125 0.2476593017578125 0.02801513671875 0.06272735595703124
1 0.708984375 0.2333587646484375 0.024932861328125 0.06381072998046874
1 0.34912109375 0.25654296875 0.0196380615234375 0.05817718505859375
1 0.568359375 0.213641357421875 0.0210113525390625 0.05806884765625
1 0.474365234375 0.3299957275390625 0.023773193359375 0.062023162841796875
1 0.8486328125 0.37181396484375 0.0276336669921875 0.06673583984375
1 0.366943359375 0.298577880859375 0.0203399658203125 0.04766845703125
1 0.58837890625 0.93516845703125 0.0333251953125 0.06142730712890625
1 0.8271484375 0.3009613037109375 0.0279083251953125 0.07209854125976563
1 0.375732421875 0.3819976806640625 0.0251312255859375 0.06169815063476562
1 0.27197265625 0.3746307373046875 0.023956298828125 0.06007308959960937
1 0.7529296875 0.4032318115234375 0.0287628173828125 0.0639190673828125
0 0.1048583984375 0.499652099609375 0.050994873046875 0.050756072998046874
0 0.4023181697243647 0.7229189595217429 0.05706787109375 0.05241418666940519
0 0.7646484375 0.453717041015625 0.070556640625 0.053437423706054685
1 0.677734375 0.1410552978515625 0.01837158203125 0.0608856201171875
1 0.56982421875 0.2853607177734375 0.0196380615234375 0.06180648803710938
1 0.10107421875 0.325445556640625 0.028594970703125 0.06814422607421874
1 0.1629638671875 0.21916656494140624 0.0234222412109375 0.0556854248046875
1 0.91162109375 0.932568359375 0.029144287109375 0.05124359130859375
0 0.5771484375 0.737127685546875 0.052703857421875 0.05105400085449219
0 0.853515625 0.702459716796875 0.0574951171875 0.054547882080078124
1 0.7392578125 0.1774566650390625 0.02508544921875 0.06429824829101563
0 0.66796875 0.629656982421875 0.05108642578125 0.052922821044921874
1 0.6142578125 0.3148284912109375 0.0252685546875 0.065869140625
0 0.76806640625 0.509185791015625 0.0531005859375 0.0496185302734375
0 0.2919921875 0.54168701171875 0.054595947265625 0.047397613525390625
0 0.69677734375 0.571588134765625 0.0526123046875 0.04869766235351562
1 0.5244140625 0.3269622802734375 0.0274810791015625 0.06321487426757813
1 0.4736328125 0.2686767578125 0.0169830322265625 0.07036514282226562
0 0.40869140625 0.454150390625 0.050140380859375 0.05202903747558594
0 0.266357421875 0.60582275390625 0.051177978515625 0.04650382995605469
0 0.81298828125 0.614056396484375 0.038177490234375 0.06321487426757813
1 0.023773193359375 0.2623931884765625 0.0287628173828125 0.06548995971679687
1 0.497802734375 0.2181915283203125 0.019561767578125 0.06418991088867188
0 0.474609375 0.618389892578125 0.050323486328125 0.05251655578613281
1 0.1561279296875 0.305511474609375 0.022674560546875 0.06402740478515626
1 0.5908203125 0.3715972900390625 0.027374267578125 0.06538162231445313
0 0.286865234375 0.47928466796875 0.05389404296875 0.051839447021484374
0 0.9140625 0.625323486328125 0.057281494140625 0.06662750244140625
1 0.900390625 0.08260726928710938 0.0235595703125 0.06917343139648438
1 0.451904296875 0.09376602172851563 0.0177154541015625 0.06516494750976562
1 0.0125732421875 0.2142913818359375 0.0232391357421875 0.04869766235351562
1 0.6759072956256055 0.337962962962963 0.017885088307623486 0.06481481481481492
1 0.5384156792607497 0.2605820105820106 0.02608242044861769 0.07142857142857142
1 0.98876953125 0.189373779296875 0.0210418701171875 0.043524551391601565
1 0.46277665995975864 0.9728835978835979 0.023846784410164606 0.05423280423280411
1 0.1922646993069529 0.2757936507936508 0.019375512333258797 0.06216931216931214
1 0.4445189656457263 0.2896825396825397 0.02161114837171176 0.06878306878306872