0 0.905320813771518 0.6111111111111112 0.05894627021387585 0.049074074074074076
1 0.3667188315075639 0.6129629629629629 0.03286384976525822 0.05092592592592592
1 0.6275430359937402 0.8134259259259259 0.03390714658320292 0.06018518518518518
0 0.4791340636411059 0.5935185185185186 0.050078247261345854 0.04351851851851852
1 0.5185185185185185 0.8944444444444445 0.03547209181011998 0.062037037037037036
1 0.9619196661450182 0.31296296296296294 0.03234220135628586 0.06574074074074074
1 0.22717788210745957 0.8287037037037037 0.03599374021909233 0.06111111111111111
1 0.7709963484611372 0.8722222222222222 0.022952529994783515 0.05740740740740741
0 0.8959311424100157 0.549074074074074 0.056859676577986434 0.044444444444444446
1 0.3286384976525822 0.6296296296296297 0.03442879499217527 0.05925925925925926
1 0.3513302034428795 0.6851851851851852 0.03338549817423057 0.05277777777777778
0 0.21570161711006783 0.48935185185185187 0.04903495044340115 0.04351851851851852
0 0.6820552947313511 0.5472222222222223 0.05112154407929056 0.046296296296296294
1 0.495565988523735 0.6837962962962963 0.028690662493479395 0.06018518518518518
1 0.409754825247783 0.7796296296296297 0.02190923317683881 0.05925925925925926
0 0.6244131455399061 0.5046296296296297 0.050078247261345854 0.03981481481481482
0 0.49921752738654146 0.5226851851851851 0.044861763171622326 0.05462962962962963
1 0.35002608242044864 0.23287037037037037 0.02138758476786646 0.05925925925925926
1 0.7871674491392802 0.8143518518518519 0.03025560772039645 0.06481481481481481
1 0.760302556077204 0.29259259259259257 0.02034428794992175 0.06666666666666667
1 0.0912884715701617 0.3347222222222222 0.037037037037037035 0.06759259259259259
1 0.2699530516431925 0.9601851851851851 0.03755868544600939 0.053703703703703705
1 0.7793427230046949 0.9074074074074074 0.03129890453834116 0.05740740740740741
1 0.10198226395409495 0.6087962962962963 0.03234220135628586 0.06018518518518518
1 0.6197183098591549 0.19212962962962962 0.02190923317683881 0.05462962962962963
0 0.013302034428794992 0.3958333333333333 0.026604068857589983 0.05277777777777778
1 0.38523735002608245 0.7430555555555556 0.02764736567553469 0.06296296296296296
1 0.6045905059989567 0.24768518518518517 0.02034428794992175 0.05185185185185185
1 0.9306207616066771 0.38935185185185184 0.02556077203964528 0.062037037037037036
1 0.4480959833072509 0.2935185185185185 0.022952529994783515 0.062037037037037036
1 0.23082942097026604 0.28564814814814815 0.02138758476786646 0.06296296296296296
1 0.2829942618675013 0.9055555555555556 0.028169014084507043 0.05462962962962963
1 0.23448095983307252 0.18009259259259258 0.023995826812728223 0.05740740740740741
1 0.564945226917058 0.7194444444444444 0.02190923317683881 0.06018518518518518
1 0.275169535732916 0.36898148148148147 0.028169014084507043 0.05555555555555555
1 0.6734480959833072 0.09259259259259259 0.018779342723004695 0.06759259259259259
1 0.3555033907146583 0.3490740740740741 0.027125717266562335 0.05
0 0.19300991131977047 0.4263888888888889 0.03390714658320292 0.05185185185185185
1 0.4061032863849765 0.8611111111111112 0.02138758476786646 0.05555555555555555
1 0.5625978090766823 0.4199074074074074 0.02608242044861763 0.06018518518518518
1 0.792905581637976 0.3287037037037037 0.029212310902451747 0.06574074074074074
1 0.2743870631194575 0.6101851851851852 0.0297339593114241 0.06018518518518518
1 0.8974960876369327 0.18009259259259258 0.02190923317683881 0.07037037037037037
1 0.47078768909754826 0.3509259259259259 0.018779342723004695 0.06481481481481481
1 0.18153364632237873 0.2337962962962963 0.022430881585811163 0.06296296296296296
0 0.6353677621283255 0.5763888888888888 0.046426708398539386 0.04537037037037037
1 0.4937402190923318 0.29907407407407405 0.02764736567553469 0.062037037037037036
1 0.6465832029212311 0.9541666666666667 0.038601982263954095 0.06388888888888888
1 0.6264997391757955 0.9333333333333333 0.03182055294731351 0.05462962962962963
1 0.6244131455399061 0.4115740740740741 0.02608242044861763 0.05740740740740741
1 0.7962962962962963 0.14351851851851852 0.020865936358894107 0.06388888888888888
1 0.6421491914449661 0.24074074074074073 0.019300991131977047 0.05555555555555555
1 0.8041210224308816 0.2574074074074074 0.026604068857589983 0.06574074074074074
1 0.3226395409494001 0.3055555555555556 0.027125717266562335 0.06388888888888888
1 0.4144496609285342 0.37175925925925923 0.028690662493479395 0.06481481481481481
1 0.6053729786124152 0.3337962962962963 0.02138758476786646 0.05092592592592592
1 0.5704225352112676 0.2777777777777778 0.02190923317683881 0.08055555555555556
1 0.9887845592070944 0.20092592592592592 0.02190923317683881 0.08055555555555556
1 0.6776212832550861 0.3199074074074074 0.01773604590505999 0.06481481481481481
1 0.9227960354720918 0.32546296296296295 0.028169014084507043 0.05
1 0.2952529994783516 0.25555555555555554 0.023995826812728223 0.04814814814814815
1 0.01773604590505999 0.30833333333333335 0.03234220135628586 0.0787037037037037
1 0.8862806468440271 0.3287037037037037 0.018779342723004695 0.058333333333333334
1 0.08998435054773082 0.26666666666666666 0.03547209181011998 0.06851851851851852
1 0.4001043296817945 0.3333333333333333 0.020865936358894107 0.05925925925925926
1 0.859415753781951 0.37962962962962965 0.03129890453834116 0.07037037037037037
1 0.0406885758998435 0.16527777777777777 0.02190923317683881 0.05925925925925926
1 0.6210224308815858 0.4708333333333333 0.020865936358894107 0.041666666666666664
1 0.5712050078247262 0.7717592592592593 0.029212310902451747 0.06296296296296296
1 0.647887323943662 0.36435185185185187 0.020865936358894107 0.04537037037037037
1 0.07068335941575378 0.21064814814814814 0.024517475221700575 0.06388888888888888
1 0.19483568075117372 0.20416666666666666 0.02608242044861763 0.06018518518518518
1 0.7290036515388628 0.6814814814814815 0.0297339593114241 0.08055555555555556
1 0.1233698487219614 0.20601851851851852 0.030777256129368807 0.06666666666666667
1 0.37715179968701096 0.2851851851851852 0.02608242044861763 0.06851851851851852
1 0.017996870109546165 0.25 0.03547209181011998 0.0712962962962963
1 0.8847157016171101 0.475462962962963 0.022952529994783515 0.05925925925925926
1 0.755868544600939 0.175 0.02190923317683881 0.08425925925925926
1 0.3082942097026604 0.20601851851851852 0.0198226395409494 0.049074074074074076
1 0.6249347939488784 0.09537037037037037 0.019300991131977047 0.053703703703703705
0 0.015127803860198226 0.513425925925926 0.029212310902451747 0.053703703703703705
1 0.6431924882629108 0.3236111111111111 0.03338549817423057 0.04722222222222222
1 0.702660406885759 0.3731481481481482 0.014606155451225874 0.06388888888888888
1 0.5555555555555556 0.3837962962962963 0.0297339593114241 0.03981481481481482
1 0.9848721961398018 0.07268518518518519 0.01773604590505999 0.07037037037037037
1 0.6528429838288993 0.28425925925925927 0.018257694314032343 0.044444444444444446
1 0.257433489827856 0.33194444444444443 0.028690662493479395 0.040740740740740744