1 0.9439227960354721 0.4074074074074074 0.0297339593114241 0.06666666666666667
0 0.09624413145539906 0.5078703703703704 0.05112154407929056 0.04351851851851852
1 0.8471570161711007 0.3800925925925926 0.03025560772039645 0.06481481481481481
1 0.017214397496087636 0.33611111111111114 0.03286384976525822 0.058333333333333334
1 0.2720396452790819 0.3685185185185185 0.016692749087115284 0.07037037037037037
0 0.3865414710485133 0.5069444444444444 0.05112154407929056 0.04537037037037037
1 0.4966092853416797 0.3416666666666667 0.022952529994783515 0.06388888888888888
0 0.9825247782994262 0.5925925925925926 0.03234220135628586 0.049074074074074076
1 0.5174752217005738 0.4375 0.023474178403755867 0.06666666666666667
1 0.967396974439228 0.8592592592592593 0.03234220135628586 0.06574074074074074
1 0.29551382368283774 0.3976851851851852 0.019300991131977047 0.06759259259259259
1 0.591810119979134 0.35185185185185186 0.02556077203964528 0.062037037037037036
0 0.10198226395409495 0.449537037037037 0.03547209181011998 0.05185185185185185
1 0.1374543557642149 0.3194444444444444 0.023995826812728223 0.049074074074074076
1 0.6220657276995305 0.17685185185185184 0.023474178403755867 0.07407407407407407
1 0.4094940010432968 0.4361111111111111 0.0198226395409494 0.06296296296296296
1 0.7295252999478351 0.8666666666666667 0.037037037037037035 0.05740740740740741
1 0.8607198748043818 0.16018518518518518 0.02138758476786646 0.06759259259259259
1 0.747000521648409 0.7907407407407407 0.03286384976525822 0.058333333333333334
1 0.7402190923317684 0.36527777777777776 0.018257694314032343 0.06388888888888888
1 0.752999478351591 0.525 0.03129890453834116 0.06481481481481481
1 0.8768909754825248 0.8231481481481482 0.037037037037037035 0.046296296296296294
1 0.744131455399061 0.45231481481481484 0.03129890453834116 0.06851851851851852
1 0.5751173708920188 0.09907407407407408 0.023995826812728223 0.06388888888888888
1 0.8886280646844027 0.9125 0.023995826812728223 0.05
1 0.44105372978612417 0.8629629629629629 0.03755868544600939 0.06111111111111111
1 0.5790297339593115 0.2337962962962963 0.02138758476786646 0.06666666666666667
0 0.46087636932707354 0.5486111111111112 0.046948356807511735 0.04722222222222222
1 0.41992696922274386 0.33194444444444443 0.02556077203964528 0.062037037037037036
1 0.8375065206051121 0.7444444444444445 0.022952529994783515 0.06018518518518518
1 0.7798643714136672 0.3902777777777778 0.025039123630672927 0.06111111111111111
0 0.8286384976525821 0.600462962962963 0.054773082942097026 0.06851851851851852
1 0.17657798643714137 0.29074074074074074 0.03599374021909233 0.06018518518518518
1 0.25482524778299426 0.28425925925925927 0.026604068857589983 0.06574074074074074
1 0.3192488262910798 0.7689814814814815 0.027125717266562335 0.05277777777777778
1 0.7845592070944184 0.9314814814814815 0.028169014084507043 0.06574074074074074
1 0.6802295252999478 0.3699074074074074 0.02190923317683881 0.08333333333333333
1 0.9877412623891497 0.24259259259259258 0.02138758476786646 0.07592592592592592
1 0.08659363588941053 0.26296296296296295 0.020865936358894107 0.05648148148148148
1 0.9076682316118936 0.3837962962962963 0.023995826812728223 0.06388888888888888
1 0.06546687532603025 0.19814814814814816 0.02190923317683881 0.04814814814814815
1 0.24282733437663015 0.22175925925925927 0.023474178403755867 0.06018518518518518
1 0.905320813771518 0.7087962962962963 0.03547209181011998 0.05185185185185185
1 0.7050078247261345 0.324537037037037 0.022430881585811163 0.06666666666666667
1 0.323943661971831 0.32685185185185184 0.02190923317683881 0.053703703703703705
1 0.2016171100678143 0.2125 0.018257694314032343 0.05925925925925926
1 0.6786645800730308 0.24305555555555555 0.026604068857589983 0.06481481481481481
1 0.4426186750130412 0.7018518518518518 0.02190923317683881 0.05648148148148148
1 0.2981220657276995 0.2462962962962963 0.019300991131977047 0.075
1 0.6220657276995305 0.2759259259259259 0.016692749087115284 0.05740740740740741
1 0.9121022430881586 0.2967592592592593 0.030777256129368807 0.05
1 0.909754825247783 0.1912037037037037 0.02190923317683881 0.06666666666666667
1 0.6460615545122588 0.23287037037037037 0.022430881585811163 0.044444444444444446
1 0.6948356807511737 0.1884259259259259 0.02034428794992175 0.05092592592592592
0 0.42566510172143973 0.6074074074074074 0.030777256129368807 0.05740740740740741
1 0.3967136150234742 0.9611111111111111 0.023995826812728223 0.05555555555555555
1 0.5239958268127283 0.2449074074074074 0.028169014084507043 0.05555555555555555
1 0.436358894105373 0.275 0.02034428794992175 0.05555555555555555
1 0.020083463745435577 0.2199074074074074 0.025039123630672927 0.058333333333333334
1 0.14606155451225875 0.9810185185185185 0.028690662493479395 0.03796296296296296
1 0.7089201877934272 0.9768518518518519 0.029212310902451747 0.04537037037037037
1 0.7616066770996348 0.24166666666666667 0.02190923317683881 0.06111111111111111
1 0.7788210745957225 0.30648148148148147 0.027125717266562335 0.058333333333333334
1 0.647887323943662 0.46296296296296297 0.01564945226917058 0.041666666666666664
0 0.949660928534168 0.09768518518518518 0.03182055294731351 0.06851851851851852
1 0.09937402190923318 0.018518518518518517 0.01617110067814293 0.03611111111111111