1 0.77587890625 0.407781982421875 0.031982421875 0.0682525634765625
0 0.1759033203125 0.45068359375 0.0316162109375 0.06538162231445313
1 0.6298828125 0.3312957763671875 0.0279083251953125 0.06489410400390624
1 0.576171875 0.2537261962890625 0.02386474609375 0.06944427490234376
1 0.94482421875 0.2181915283203125 0.03253173828125 0.06852340698242188
1 0.93896484375 0.3997650146484375 0.03875732421875 0.06635665893554688
1 0.61962890625 0.18514862060546874 0.023193359375 0.07074432373046875
1 0.0213623046875 0.298577880859375 0.034698486328125 0.0855865478515625
1 0.06683349609375 0.718060302734375 0.034820556640625 0.061102294921875
0 0.96337890625 0.526953125 0.03448486328125 0.0639190673828125
0 0.7802734375 0.58328857421875 0.055206298828125 0.05094566345214844
1 0.434814453125 0.789996337890625 0.027587890625 0.053924942016601564
1 0.08477783203125 0.2888275146484375 0.028656005859375 0.06018142700195313
0 0.8798828125 0.59715576171875 0.033599853515625 0.05579376220703125
1 0.77783203125 0.858465576171875 0.031982421875 0.0582855224609375
1 0.57958984375 0.3828643798828125 0.017852783203125 0.063702392578125
1 0.38623046875 0.3585968017578125 0.0207672119140625 0.0606689453125
0 0.728515625 0.515252685546875 0.04681396484375 0.047316360473632815
1 0.2158203125 0.2894775390625 0.0345458984375 0.07946548461914063
1 0.6376953125 0.805596923828125 0.0261077880859375 0.060289764404296876
1 0.389892578125 0.260009765625 0.02801513671875 0.0686859130859375
1 0.412109375 0.3286956787109375 0.0252685546875 0.06251068115234375
1 0.73046875 0.3356292724609375 0.02288818359375 0.0613189697265625
1 0.962890625 0.286444091796875 0.03155517578125 0.06402740478515626
0 0.321044921875 0.466717529296875 0.0280609130859375 0.06169815063476562
1 0.387451171875 0.89443359375 0.033660888671875 0.05232696533203125
1 0.814453125 0.3568634033203125 0.0300445556640625 0.062023162841796875
1 0.2459716796875 0.34927978515625 0.0287628173828125 0.07599868774414062
1 0.410888671875 0.3863311767578125 0.0255126953125 0.0647857666015625
1 0.765625 0.2012908935546875 0.021575927734375 0.06841506958007812
1 0.8447265625 0.69595947265625 0.0284881591796875 0.0626190185546875
1 0.96240234375 0.68382568359375 0.03179931640625 0.06142730712890625
1 0.2646484375 0.25914306640625 0.0215301513671875 0.0556854248046875
1 0.357666015625 0.2238250732421875 0.017578125 0.05666046142578125
1 0.291259765625 0.2853607177734375 0.0190887451171875 0.06906509399414062
1 0.98681640625 0.13856353759765624 0.0232391357421875 0.0673858642578125
1 0.234619140625 0.7401611328125 0.0312042236328125 0.08434066772460938
1 0.88427734375 0.39434814453125 0.0328369140625 0.058935546875
1 0.271240234375 0.806463623046875 0.02947998046875 0.08260726928710938
1 0.50146484375 0.748394775390625 0.03265380859375 0.054872894287109376
1 0.2919921875 0.1258880615234375 0.0139007568359375 0.0448516845703125
1 0.8623046875 0.22880859375 0.0310211181640625 0.0639190673828125
1 0.31494140625 0.166839599609375 0.0177764892578125 0.06251068115234375
1 0.9878921508789062 0.437249755859375 0.0242156982421875 0.07220687866210937
1 0.66748046875 0.181573486328125 0.0247039794921875 0.06451492309570313
1 0.5810546875 0.601922607421875 0.024932861328125 0.06944427490234376
1 0.4716796875 0.232708740234375 0.0269622802734375 0.05963973999023438
1 0.74169921875 0.280810546875 0.01898193359375 0.0565521240234375
1 0.51904296875 0.1943572998046875 0.0219879150390625 0.060289764404296876
1 0.36865234375 0.322412109375 0.019378662109375 0.06359405517578125
1 0.050994873046875 0.2433258056640625 0.029144287109375 0.05687713623046875
1 0.488037109375 0.821630859375 0.03271484375 0.04869766235351562
1 0.96240234375 0.034938812255859375 0.017242431640625 0.065869140625
1 0.6943359375 0.09999542236328125 0.01812744140625 0.08434066772460938
0 0.650390625 0.486651611328125 0.03338623046875 0.07220687866210937
1 0.499267578125 0.307244873046875 0.0253753662109375 0.0535186767578125
1 0.90625 0.2714935302734375 0.0289764404296875 0.05666046142578125
1 0.55810546875 0.625323486328125 0.025177001953125 0.06440658569335937
1 0.274169921875 0.20833282470703124 0.0163421630859375 0.0504852294921875
1 0.77392578125 0.2849273681640625 0.03021240234375 0.05806884765625
0 0.2183837890625 0.5529541015625 0.04876708984375 0.050566482543945315
1 0.133544921875 0.2463592529296875 0.016021728515625 0.03241996765136719
1 0.87890625 0.3221954345703125 0.03240966796875 0.0673858642578125
1 0.6982421875 0.2047576904296875 0.017242431640625 0.06251068115234375
1 0.85400390625 0.2888275146484375 0.0276336669921875 0.06343154907226563
0 0.015277862548828125 0.4524169921875 0.03055572509765625 0.03499298095703125
1 0.004795074462890625 0.1133209228515625 0.00959014892578125 0.04496002197265625
0 0.978515625 0.06635665893554688 0.030670166015625 0.06852340698242188
1 0.98388671875 0.39434814453125 0.029876708984375 0.0426849365234375
1 0.385498046875 0.113970947265625 0.01056671142578125 0.026041603088378905
1 0.84130859375 0.2186248779296875 0.0222015380859375 0.048047637939453124
1 0.030731201171875 0.2194915771484375 0.0221099853515625 0.06776504516601563