0 0.19765625 0.44166666666666665 0.05 0.04814814814814815
0 0.38567708333333334 0.5805555555555556 0.04739583333333333 0.041666666666666664
0 0.96171875 0.5939814814814814 0.036458333333333336 0.053703703703703705
0 0.7755208333333333 0.7148148148148148 0.044270833333333336 0.05
0 0.609375 0.4564814814814815 0.051041666666666666 0.05648148148148148
0 0.30963541666666666 0.6907407407407408 0.04479166666666667 0.04351851851851852
0 0.11328125 0.6537037037037037 0.044270833333333336 0.04351851851851852
0 0.0234375 0.44814814814814813 0.04583333333333333 0.04259259259259259
0 0.7731770833333333 0.5277777777777778 0.04739583333333333 0.04814814814814815
0 0.64453125 0.5305555555555556 0.034375 0.03981481481481482
0 0.6708333333333333 0.6513888888888889 0.04583333333333333 0.03981481481481482
0 0.7234375 0.40185185185185185 0.049479166666666664 0.04351851851851852
0 0.047135416666666666 0.5953703703703703 0.0484375 0.06111111111111111