1 0.42864583333333334 0.25972222222222224 0.0203125 0.06388888888888888
0 0.35442708333333334 0.624537037037037 0.04635416666666667 0.05925925925925926
0 0.65625 0.42453703703703705 0.0484375 0.044444444444444446
0 0.40078125 0.5412037037037037 0.050520833333333334 0.041666666666666664
0 0.459375 0.6092592592592593 0.04114583333333333 0.06851851851851852
1 0.17916666666666667 0.2740740740740741 0.023958333333333335 0.06666666666666667
0 0.275 0.46805555555555556 0.04895833333333333 0.04814814814814815
1 0.08802083333333334 0.2310185185185185 0.0296875 0.06481481481481481
0 0.9557291666666666 0.42916666666666664 0.050520833333333334 0.05462962962962963
0 0.37265625 0.36574074074074076 0.03802083333333333 0.062037037037037036
0 0.21302083333333333 0.4398148148148148 0.050520833333333334 0.049074074074074076
1 0.33098958333333334 0.2949074074074074 0.026041666666666668 0.0712962962962963
0 0.8328125 0.3453703703703704 0.051041666666666666 0.040740740740740744
0 0.05260416666666667 0.41805555555555557 0.04739583333333333 0.040740740740740744
0 0.484375 0.7138888888888889 0.05677083333333333 0.03796296296296296
0 0.49895833333333334 0.4861111111111111 0.0484375 0.04537037037037037
0 0.69609375 0.6314814814814815 0.05 0.06296296296296296
0 0.09479166666666666 0.35138888888888886 0.043229166666666666 0.040740740740740744
1 0.78203125 0.28888888888888886 0.021875 0.06759259259259259
0 0.19973958333333333 0.5726851851851852 0.050520833333333334 0.05