1 0.3095703125 0.3884979248046875 0.0208892822265625 0.06689834594726562
0 0.86181640625 0.602789306640625 0.0633544921875 0.059964752197265624
1 0.057281494140625 0.3204620361328125 0.037811279296875 0.06343154907226563
1 0.2117919921875 0.703326416015625 0.04345703125 0.0613189697265625
0 0.61328125 0.45328369140625 0.043212890625 0.04108695983886719
0 0.123046875 0.47061767578125 0.05389404296875 0.052922821044921874
0 0.429443359375 0.47061767578125 0.038818359375 0.06332321166992187
1 0.67431640625 0.3867645263671875 0.021942138671875 0.07247772216796874
1 0.0457763671875 0.4088653564453125 0.0304412841796875 0.06359405517578125
0 0.405517578125 0.568121337890625 0.05224609375 0.050674819946289064
1 0.484375 0.3880645751953125 0.024932861328125 0.060506439208984374
1 0.8984375 0.238775634765625 0.026153564453125 0.060398101806640625
1 0.472412109375 0.309844970703125 0.0248870849609375 0.06489410400390624
0 0.76318359375 0.364447021484375 0.049224853515625 0.043768310546875
1 0.423583984375 0.2840606689453125 0.02630615234375 0.06310653686523438
0 0.802734375 0.642657470703125 0.05389404296875 0.0457183837890625
1 0.7822265625 0.2790771484375 0.0265045166015625 0.06007308959960937
1 0.833984375 0.3588134765625 0.02606201171875 0.06852340698242188
1 0.30859375 0.276043701171875 0.0216522216796875 0.06613998413085938
1 0.1083984375 0.859765625 0.0325927734375 0.05414161682128906
1 0.646484375 0.22880859375 0.029144287109375 0.0426849365234375
1 0.88427734375 0.40648193359375 0.033538818359375 0.07486114501953126
1 0.55419921875 0.31634521484375 0.0185089111328125 0.06180648803710938
0 0.83935546875 0.522186279296875 0.054901123046875 0.04409332275390625
1 0.276123046875 0.211907958984375 0.022979736328125 0.06689834594726562
1 0.1904296875 0.2545928955078125 0.0216522216796875 0.0496185302734375
1 0.69775390625 0.21244964599609376 0.0220794677734375 0.059964752197265624
1 0.493408203125 0.8961669921875 0.0310821533203125 0.054358291625976565
1 0.97509765625 0.20334930419921876 0.0214080810546875 0.0686859130859375
1 0.7412109375 0.2340087890625 0.025665283203125 0.0606689453125
1 0.68994140625 0.13683013916015624 0.022796630859375 0.06489410400390624
1 0.016021728515625 0.2697601318359375 0.0299224853515625 0.06381072998046874
1 0.445556640625 0.36661376953125 0.0263519287109375 0.08022384643554688
1 0.25732421875 0.3395294189453125 0.029876708984375 0.06982345581054687
1 0.75927734375 0.1354217529296875 0.0289306640625 0.07009429931640625
1 0.9794921875 0.90223388671875 0.04083251953125 0.07264022827148438
1 0.892578125 0.3022613525390625 0.0255126953125 0.06489410400390624
1 0.94189453125 0.167706298828125 0.0225830078125 0.07827377319335938
1 0.94091796875 0.2983612060546875 0.0257568359375 0.06500244140625
1 0.71728515625 0.3269622802734375 0.0282745361328125 0.062023162841796875
1 0.98388671875 0.292510986328125 0.0247955322265625 0.059964752197265624
1 0.027435302734375 0.21873321533203124 0.0264129638671875 0.042522430419921875
1 0.7919921875 0.4179656982421875 0.0297088623046875 0.062023162841796875
1 0.76171875 0.3065948486328125 0.0185089111328125 0.05839385986328125
1 0.90234375 0.161639404296875 0.0210113525390625 0.06624832153320312
0 0.354248046875 0.812530517578125 0.05389404296875 0.07155685424804688
1 0.8359375 0.2894775390625 0.0260009765625 0.05709381103515625