1 0.43244653103808034 0.8870370370370371 0.03599374021909233 0.062037037037037036
1 0.0495565988523735 0.5740740740740741 0.040166927490871154 0.05648148148148148
1 0.16536254564423578 0.8097222222222222 0.036515388628064686 0.06111111111111111
0 0.3539384454877413 0.4587962962962963 0.0495565988523735 0.04814814814814815
0 0.2962962962962963 0.5337962962962963 0.05112154407929056 0.04814814814814815
1 0.2798643714136672 0.6226851851851852 0.03338549817423057 0.05185185185185185
1 0.8375065206051121 0.3685185185185185 0.02608242044861763 0.06388888888888888
0 0.8325508607198748 0.6134259259259259 0.05581637976004173 0.07407407407407407
1 0.19718309859154928 0.5708333333333333 0.03286384976525822 0.05648148148148148
1 0.23995826812728221 0.6453703703703704 0.022952529994783515 0.06296296296296296
0 0.7123109024517476 0.5412037037037037 0.05372978612415232 0.044444444444444446
1 0.7743870631194575 0.36666666666666664 0.02190923317683881 0.06851851851851852
0 0.7094418362023995 0.5944444444444444 0.05372978612415232 0.05092592592592592
1 0.2939488784559207 0.674537037037037 0.03338549817423057 0.04814814814814815
1 0.9791340636411059 0.31574074074074077 0.028690662493479395 0.06388888888888888
0 0.5498174230568597 0.5601851851851852 0.050078247261345854 0.041666666666666664
1 0.49739175795513824 0.711574074074074 0.02138758476786646 0.05740740740740741
1 0.12597809076682315 0.22361111111111112 0.020865936358894107 0.05092592592592592
1 0.17136150234741784 0.2773148148148148 0.028169014084507043 0.06111111111111111
1 0.6964006259780907 0.8643518518518518 0.025039123630672927 0.053703703703703705
1 0.3302034428794992 0.7814814814814814 0.03338549817423057 0.06574074074074074
1 0.8056859676577987 0.44675925925925924 0.02138758476786646 0.0712962962962963
0 0.02112676056338028 0.4148148148148148 0.04225352112676056 0.044444444444444446
1 0.5537297861241524 0.8138888888888889 0.03599374021909233 0.06296296296296296
1 0.7240479916536254 0.2523148148148148 0.023474178403755867 0.05925925925925926
0 0.45018257694314034 0.5592592592592592 0.04538341158059468 0.049074074074074076
1 0.6557120500782473 0.6662037037037037 0.029212310902451747 0.06574074074074074
1 0.20787689097548254 0.899537037037037 0.030777256129368807 0.05925925925925926
0 0.5459050599895671 0.48935185185185187 0.0505998956703182 0.041666666666666664
1 0.42644757433489827 0.6875 0.02608242044861763 0.05462962962962963
1 0.24413145539906103 0.19212962962962962 0.02138758476786646 0.05092592592592592
1 0.24960876369327073 0.29444444444444445 0.023995826812728223 0.05740740740740741
0 0.9248826291079812 0.5254629629629629 0.05425143453312467 0.05648148148148148
1 0.7005738132498696 0.7976851851851852 0.026604068857589983 0.06481481481481481
1 0.23735002608242045 0.24027777777777778 0.023474178403755867 0.053703703703703705
1 0.18701095461658843 0.9490740740740741 0.036515388628064686 0.05648148148148148
1 0.5396452790818989 0.4615740740740741 0.022952529994783515 0.04259259259259259
1 0.5028690662493479 0.27175925925925926 0.018257694314032343 0.075
1 0.013562858633281168 0.3300925925925926 0.02556077203964528 0.06481481481481481
1 0.809076682316119 0.2972222222222222 0.02034428794992175 0.08518518518518518
1 0.4953051643192488 0.40046296296296297 0.02138758476786646 0.05925925925925926
1 0.6932707355242567 0.15462962962962962 0.023995826812728223 0.08518518518518518
1 0.5482524778299426 0.9203703703703704 0.03286384976525822 0.05648148148148148
1 0.32759520083463745 0.8490740740740741 0.028690662493479395 0.06388888888888888
1 0.9311424100156495 0.1726851851851852 0.016692749087115284 0.06388888888888888
1 0.4303599374021909 0.29768518518518516 0.022430881585811163 0.05185185185185185
1 0.4981742305685968 0.7689814814814815 0.02190923317683881 0.05648148148148148
1 0.32446531038080334 0.31574074074074077 0.017214397496087636 0.049074074074074076
1 0.9736567553468962 0.18796296296296297 0.01564945226917058 0.05185185185185185
1 0.6734480959833072 0.2212962962962963 0.02190923317683881 0.06666666666666667
1 0.023995826812728223 0.26990740740740743 0.03025560772039645 0.06759259259259259
1 0.34507042253521125 0.3300925925925926 0.01617110067814293 0.05277777777777778
1 0.13954094940010434 0.20324074074074075 0.0297339593114241 0.04814814814814815
1 0.20500782472613457 0.35185185185185186 0.023995826812728223 0.05462962962962963
1 0.38836724047991655 0.2865740740740741 0.02034428794992175 0.05740740740740741
1 0.27803860198226393 0.33796296296296297 0.02764736567553469 0.04814814814814815
1 0.32290036515388626 0.7342592592592593 0.019300991131977047 0.05277777777777778
1 0.9707876890975482 0.9231481481481482 0.030777256129368807 0.058333333333333334
1 0.9115805946791862 0.2222222222222222 0.02764736567553469 0.062037037037037036
1 0.3268127282211789 0.20787037037037037 0.025039123630672927 0.04351851851851852
1 0.6126760563380281 0.08611111111111111 0.017214397496087636 0.06759259259259259
1 0.6752738654147105 0.30462962962962964 0.017214397496087636 0.06759259259259259
1 0.022170057381324985 0.2074074074074074 0.03234220135628586 0.062037037037037036
1 0.2887323943661972 0.21851851851851853 0.017214397496087636 0.05092592592592592
0 0.009389671361502348 0.4708333333333333 0.018779342723004695 0.03611111111111111
1 0.5239958268127283 0.3212962962962963 0.025039123630672927 0.04351851851851852
1 0.8192488262910798 0.1527777777777778 0.026604068857589983 0.0712962962962963
1 0.05712050078247261 0.18935185185185185 0.028690662493479395 0.06111111111111111
1 0.7261345852895149 0.12546296296296297 0.02556077203964528 0.06666666666666667
1 0.37219613980177363 0.25046296296296294 0.02764736567553469 0.05648148148148148
1 0.967396974439228 0.2689814814814815 0.024517475221700575 0.07222222222222222
0 0.9687010954616588 0.6134259259259259 0.06259780907668232 0.1037037037037037
1 0.7044861763171623 0.9013888888888889 0.02608242044861763 0.05185185185185185
1 0.5185185185185185 0.2814814814814815 0.03286384976525822 0.046296296296296294
1 0.6504955659885238 0.2935185185185185 0.0198226395409494 0.028703703703703703
1 0.33307250912884717 0.3625 0.019300991131977047 0.06296296296296296
1 0.3930620761606677 0.33194444444444443 0.0198226395409494 0.06666666666666667
1 0.48930620761606675 0.36157407407407405 0.0297339593114241 0.037037037037037035
1 0.6186750130412102 0.36712962962962964 0.02190923317683881 0.06574074074074074
1 0.4220135628586333 0.22685185185185186 0.019300991131977047 0.041666666666666664
0 0.9848721961398018 0.45787037037037037 0.025039123630672927 0.03333333333333333
1 0.5665101721439749 0.3101851851851852 0.03182055294731351 0.04537037037037037
1 0.5678142931664059 0.3527777777777778 0.0297339593114241 0.05
1 0.5706833594157538 0.18981481481481483 0.015127803860198226 0.058333333333333334
1 0.8505477308294209 0.2671296296296296 0.028169014084507043 0.03888888888888889
1 0.6001564945226917 0.31296296296296294 0.022952529994783515 0.06018518518518518
1 0.30333854981742303 0.2708333333333333 0.02764736567553469 0.06944444444444445
1 0.8461137193531559 0.3055555555555556 0.029212310902451747 0.04814814814814815
1 0.5341679707876891 0.42453703703703705 0.03182055294731351 0.03611111111111111
1 0.5492957746478874 0.9652777777777778 0.037037037037037035 0.06296296296296296
1 0.983828899321857 0.07083333333333333 0.01773604590505999 0.0712962962962963
1 0.9366197183098591 0.31527777777777777 0.0198226395409494 0.028703703703703703
0 0.038601982263954095 0.25092592592592594 0.04747000521648409 0.03981481481481482
1 0.31351069379238394 0.17453703703703705 0.029212310902451747 0.03796296296296296
1 0.8828899321857069 0.2722222222222222 0.022952529994783515 0.06574074074074074
1 0.7104851330203443 0.3189814814814815 0.027125717266562335 0.06018518518518518
1 0.18909754825247782 0.31342592592592594 0.03025560772039645 0.037037037037037035
1 0.025039123630672927 0.15092592592592594 0.024517475221700575 0.05185185185185185