1 0.2490871152842984 0.6203703703703703 0.022430881585811163 0.07407407407407407
1 0.7162232655190401 0.6152777777777778 0.0297339593114241 0.0712962962962963
0 0.8711528429838289 0.42685185185185187 0.03182055294731351 0.05648148148148148
1 0.2764736567553469 0.6902777777777778 0.025039123630672927 0.06666666666666667
1 0.8218570683359415 0.5527777777777778 0.02608242044861763 0.06944444444444445
1 0.8622848200312989 0.13796296296296295 0.03495044340114763 0.062037037037037036
1 0.8035993740219093 0.6319444444444444 0.018257694314032343 0.062037037037037036
1 0.31533646322378717 0.5037037037037037 0.02190923317683881 0.07037037037037037
1 0.9032342201356286 0.7287037037037037 0.02608242044861763 0.05925925925925926
1 0.43766301512780387 0.6282407407407408 0.0406885758998435 0.10185185185185185
1 0.9306207616066771 0.475 0.023474178403755867 0.05185185185185185
1 0.1752738654147105 0.825 0.01564945226917058 0.05740740740740741
1 0.8578508085550339 0.1763888888888889 0.03547209181011998 0.06111111111111111
0 0.9760041731872717 0.42407407407407405 0.04381846635367762 0.046296296296296294
1 0.09389671361502347 0.3435185185185185 0.03234220135628586 0.06481481481481481
1 0.19483568075117372 0.8527777777777777 0.018779342723004695 0.05462962962962963
1 0.9243609806990088 0.3402777777777778 0.02138758476786646 0.05555555555555555
0 0.17788210745957225 0.5078703703703704 0.05112154407929056 0.04722222222222222
1 0.37871674491392804 0.6625 0.026604068857589983 0.06388888888888888
1 0.07120500782472614 0.30648148148148147 0.03025560772039645 0.06759259259259259
1 0.9820031298904538 0.5305555555555556 0.03390714658320292 0.06574074074074074
1 0.11684924360980699 0.6787037037037037 0.0297339593114241 0.06759259259259259
1 0.912623891497131 0.5587962962962963 0.028690662493479395 0.062037037037037036
1 0.6591027647365676 0.7925925925925926 0.02138758476786646 0.06018518518518518
1 0.5010432968179447 0.5884259259259259 0.02138758476786646 0.05925925925925926
1 0.49921752738654146 0.6902777777777778 0.028690662493479395 0.06944444444444445
1 0.9637454355764214 0.7236111111111111 0.029212310902451747 0.06296296296296296
1 0.7172665623369848 0.28888888888888886 0.03442879499217527 0.05925925925925926
1 0.396452790818988 0.7291666666666666 0.02034428794992175 0.06388888888888888
1 0.08502869066249348 0.8537037037037037 0.016692749087115284 0.06759259259259259
1 0.07094418362023996 0.7180555555555556 0.0396452790818988 0.06759259259259259
1 0.9637454355764214 0.8037037037037037 0.02190923317683881 0.05555555555555555
1 0.7044861763171623 0.6884259259259259 0.016692749087115284 0.044444444444444446
1 0.3129890453834116 0.8222222222222222 0.014084507042253521 0.04722222222222222
1 0.8690662493479395 0.34074074074074073 0.02764736567553469 0.058333333333333334
1 0.5610328638497653 0.7861111111111111 0.024517475221700575 0.05740740740740741
1 0.8359415753781951 0.6555555555555556 0.03234220135628586 0.06296296296296296
1 0.9697443922796035 0.8611111111111112 0.027125717266562335 0.05648148148148148
1 0.863849765258216 0.7597222222222222 0.028169014084507043 0.04537037037037037
1 0.8335941575378195 0.700462962962963 0.026604068857589983 0.06481481481481481
1 0.35654668753260305 0.7319444444444444 0.020865936358894107 0.06759259259259259
1 0.3800208659363589 0.3194444444444444 0.03025560772039645 0.05462962962962963
1 0.892018779342723 0.8222222222222222 0.022952529994783515 0.062037037037037036
1 0.17736045905059988 0.1587962962962963 0.026604068857589983 0.05462962962962963
0 0.1906624934793949 0.4361111111111111 0.0495565988523735 0.06481481481481481
1 0.9598330725091289 0.6712962962962963 0.03286384976525822 0.062037037037037036
1 0.9165362545644236 0.662962962962963 0.03338549817423057 0.053703703703703705
1 0.7083985393844549 0.6462962962962963 0.018257694314032343 0.06944444444444445
1 0.6859676577986437 0.7462962962962963 0.018257694314032343 0.05740740740740741
1 0.3479394887845592 0.17685185185185184 0.03442879499217527 0.05555555555555555
1 0.9747000521648409 0.6148148148148148 0.03495044340114763 0.06388888888888888
1 0.7266562336984872 0.32685185185185184 0.023474178403755867 0.05092592592592592
1 0.7490871152842984 0.7865740740740741 0.01773604590505999 0.06111111111111111
1 0.6943140323422013 0.8907407407407407 0.016692749087115284 0.07407407407407407
1 0.28012519561815336 0.8583333333333333 0.014606155451225874 0.05185185185185185
1 0.5704225352112676 0.7078703703703704 0.028690662493479395 0.075
1 0.9287949921752738 0.6134259259259259 0.023995826812728223 0.06018518518518518
1 0.9517475221700574 0.9458333333333333 0.01617110067814293 0.0712962962962963
1 0.6489306207616067 0.8388888888888889 0.018779342723004695 0.06296296296296296
1 0.760302556077204 0.6143518518518518 0.02190923317683881 0.06666666666666667
1 0.14606155451225875 0.3337962962962963 0.02764736567553469 0.053703703703703705
1 0.9321857068335941 0.3148148148148148 0.03390714658320292 0.06388888888888888
1 0.3335941575378195 0.7652777777777777 0.018779342723004695 0.06481481481481481
1 0.7996870109546166 0.725462962962963 0.018779342723004695 0.06018518518518518
1 0.5208659363588941 0.7449074074074075 0.020865936358894107 0.05925925925925926
1 0.8012519561815337 0.862037037037037 0.02190923317683881 0.05740740740740741
1 0.7613458528951487 0.8759259259259259 0.024517475221700575 0.06481481481481481
1 0.1872717788210746 0.7712962962962963 0.023995826812728223 0.06759259259259259
1 0.08346374543557643 0.788425925925926 0.03025560772039645 0.05740740740740741
1 0.7334376630151278 0.712037037037037 0.022430881585811163 0.04537037037037037
1 0.03729786124152321 0.1986111111111111 0.027125717266562335 0.05
1 0.46870109546165883 0.7333333333333333 0.015127803860198226 0.06111111111111111
1 0.03938445487741262 0.7606481481481482 0.023474178403755867 0.058333333333333334
1 0.6932707355242567 0.8319444444444445 0.015127803860198226 0.046296296296296294
1 0.5839853938445487 0.05092592592592592 0.022952529994783515 0.05277777777777778
1 0.017996870109546165 0.15416666666666667 0.03390714658320292 0.05555555555555555
1 0.8408972352634324 0.8347222222222223 0.02556077203964528 0.06666666666666667
1 0.9327073552425665 0.6967592592592593 0.02556077203964528 0.049074074074074076
1 0.14136671883150756 0.6421296296296296 0.023474178403755867 0.06574074074074074
1 0.5073030777256129 0.7939814814814815 0.02190923317683881 0.062037037037037036
1 0.27673448095983305 0.8222222222222222 0.02190923317683881 0.05277777777777778
1 0.5816379760041732 0.13055555555555556 0.02138758476786646 0.05925925925925926
1 0.9345331246739698 0.7819444444444444 0.02034428794992175 0.044444444444444446
1 0.2334376630151278 0.8296296296296296 0.02138758476786646 0.05
1 0.5967657798643714 0.7087962962962963 0.0297339593114241 0.0824074074074074
1 0.5247782994261867 0.5925925925925926 0.030777256129368807 0.03981481481481482
1 0.6885758998435054 0.8055555555555556 0.012519561815336464 0.041666666666666664
1 0.7117892540427752 0.027777777777777776 0.023995826812728223 0.05277777777777778
1 0.12754303599374023 0.7416666666666667 0.020865936358894107 0.06018518518518518
0 0.9687010954616588 0.9148148148148149 0.03442879499217527 0.06666666666666667
1 0.3828899321857068 0.7662037037037037 0.03129890453834116 0.058333333333333334
1 0.788471570161711 0.7574074074074074 0.018779342723004695 0.044444444444444446
1 0.707094418362024 0.7287037037037037 0.0297339593114241 0.05555555555555555