0 0.31666666666666665 0.5273148148148148 0.04114583333333333 0.06759259259259259
0 0.9458333333333333 0.524074074074074 0.05260416666666667 0.06574074074074074
0 0.6815104166666667 0.5787037037037037 0.05 0.05925925925925926
0 0.2796875 0.4439814814814815 0.049479166666666664 0.04259259259259259
0 0.8505208333333333 0.5546296296296296 0.05416666666666667 0.041666666666666664
0 0.8020833333333334 0.5976851851851852 0.044270833333333336 0.05740740740740741
1 0.11510416666666666 0.6958333333333333 0.03697916666666667 0.07222222222222222
0 0.05130208333333333 0.4935185185185185 0.05 0.06851851851851852
0 0.4359375 0.42685185185185187 0.04895833333333333 0.041666666666666664
0 0.9515625 0.6847222222222222 0.049479166666666664 0.03796296296296296
1 0.08255208333333333 0.6527777777777778 0.030729166666666665 0.05740740740740741
0 0.57578125 0.17546296296296296 0.053125 0.053703703703703705
1 0.76015625 0.6916666666666667 0.0265625 0.05092592592592592
0 0.7296875 0.2564814814814815 0.04635416666666667 0.05925925925925926
1 0.84609375 0.7342592592592593 0.035416666666666666 0.05277777777777778
1 0.44973958333333336 0.7513888888888889 0.027604166666666666 0.06666666666666667
1 0.34270833333333334 0.7236111111111111 0.021875 0.06111111111111111
0 0.22994791666666667 0.32407407407407407 0.05260416666666667 0.058333333333333334
0 0.984375 0.3990740740740741 0.030208333333333334 0.05462962962962963
1 0.07213541666666666 0.6046296296296296 0.025520833333333333 0.07685185185185185