1 0.8309859154929577 0.7027777777777777 0.030777256129368807 0.06018518518518518
0 0.3612415232133542 0.44814814814814813 0.03129890453834116 0.06666666666666667
0 0.19718309859154928 0.4134259259259259 0.029212310902451747 0.05925925925925926
1 0.8169014084507042 0.6138888888888889 0.028690662493479395 0.07685185185185185
1 0.6040688575899843 0.7763888888888889 0.0198226395409494 0.08425925925925926
1 0.27021387584767864 0.5986111111111111 0.03338549817423057 0.062037037037037036
1 0.7777777777777778 0.5328703703703703 0.03129890453834116 0.05555555555555555
1 0.892018779342723 0.6087962962962963 0.03338549817423057 0.06666666666666667
1 0.5516431924882629 0.6657407407407407 0.02556077203964528 0.06481481481481481
1 0.4890453834115806 0.6263888888888889 0.018257694314032343 0.06851851851851852
1 0.24152321335419927 0.6875 0.02608242044861763 0.06388888888888888
1 0.4016692749087115 0.6851851851851852 0.022430881585811163 0.053703703703703705
0 0.08163797600417319 0.475462962962963 0.05268648930620762 0.04537037037037037
1 0.6371935315597287 0.6083333333333333 0.026604068857589983 0.06111111111111111
1 0.6069379238393323 0.6462962962962963 0.023995826812728223 0.05740740740740741
0 0.5795513823682837 0.49027777777777776 0.044861763171622326 0.049074074074074076
0 0.4394887845592071 0.40925925925925927 0.028690662493479395 0.05555555555555555
1 0.5464267083985394 0.6212962962962963 0.01564945226917058 0.03333333333333333
1 0.7373500260824204 0.575462962962963 0.022430881585811163 0.062037037037037036
1 0.4337506520605112 0.6393518518518518 0.02764736567553469 0.06388888888888888
1 0.5772039645279082 0.7064814814814815 0.01617110067814293 0.05925925925925926
1 0.8768909754825248 0.7958333333333333 0.029212310902451747 0.06388888888888888
1 0.11658841940532082 0.6449074074074074 0.03025560772039645 0.06296296296296296
0 0.5795513823682837 0.4263888888888889 0.03755868544600939 0.04814814814814815
1 0.986697965571205 0.7555555555555555 0.022952529994783515 0.06759259259259259
1 0.46270213875847677 0.05694444444444444 0.024517475221700575 0.053703703703703705
1 0.19092331768388107 0.7240740740740741 0.027125717266562335 0.06388888888888888
1 0.04564423578508085 0.6731481481481482 0.0297339593114241 0.062037037037037036
1 0.5365153886280647 0.7277777777777777 0.023474178403755867 0.058333333333333334
0 0.10302556077203964 0.5226851851851851 0.05372978612415232 0.04722222222222222
0 0.7193531559728743 0.41435185185185186 0.053208137715179966 0.04351851851851852
1 0.7996870109546166 0.5106481481481482 0.02556077203964528 0.06111111111111111
1 0.13954094940010434 0.6162037037037037 0.03025560772039645 0.062037037037037036
1 0.8242044861763171 0.7828703703703703 0.022952529994783515 0.06759259259259259
1 0.2806468440271257 0.6689814814814815 0.02764736567553469 0.06296296296296296
1 0.10328638497652583 0.060648148148148145 0.044861763171622326 0.05555555555555555
1 0.643453312467397 0.7888888888888889 0.02608242044861763 0.07685185185185185
1 0.17240479916536255 0.6902777777777778 0.023995826812728223 0.05648148148148148
1 0.10615545122587376 0.6800925925925926 0.024517475221700575 0.062037037037037036
1 0.6864893062076161 0.825 0.018779342723004695 0.06018518518518518
0 0.6734480959833072 0.36203703703703705 0.04381846635367762 0.05277777777777778
1 0.6888367240479917 0.7453703703703703 0.018257694314032343 0.07962962962962963
0 0.8169014084507042 0.43194444444444446 0.04225352112676056 0.05555555555555555
1 0.05738132498695879 0.7125 0.028169014084507043 0.08333333333333333
1 0.7543035993740219 0.040740740740740744 0.02608242044861763 0.058333333333333334
1 0.3236828377673448 0.6916666666666667 0.027125717266562335 0.05092592592592592
0 0.05581637976004173 0.36574074074074076 0.0505998956703182 0.062037037037037036
1 0.10693792383933229 0.7199074074074074 0.02034428794992175 0.06666666666666667
1 0.16875326030255608 0.6472222222222223 0.02556077203964528 0.062037037037037036
1 0.6577986437141367 0.7185185185185186 0.02190923317683881 0.06388888888888888
1 0.7715179968701096 0.6787037037037037 0.03808033385498174 0.08611111111111111
1 0.8223787167449139 0.8115740740740741 0.01564945226917058 0.05555555555555555
1 0.5023474178403756 0.6717592592592593 0.016692749087115284 0.06111111111111111
1 0.8954094940010433 0.8902777777777777 0.02138758476786646 0.07222222222222222
1 0.1442357850808555 0.7379629629629629 0.03025560772039645 0.0712962962962963
1 0.5508607198748043 0.2351851851851852 0.027125717266562335 0.05092592592592592
1 0.9877412623891497 0.6689814814814815 0.023474178403755867 0.06296296296296296
1 0.12623891497130935 0.7620370370370371 0.016692749087115284 0.05925925925925926
1 0.6181533646322379 0.09074074074074075 0.02138758476786646 0.062037037037037036
1 0.651017214397496 0.12962962962962962 0.014084507042253521 0.06574074074074074
1 0.6298904538341158 0.16666666666666666 0.022430881585811163 0.053703703703703705