1 0.23969744392279604 0.6402777777777777 0.022952529994783515 0.06759259259259259
1 0.17188315075639019 0.7620370370370371 0.03129890453834116 0.06666666666666667
0 0.7501304121022431 0.42407407407407405 0.05425143453312467 0.05740740740740741
1 0.29003651538862807 0.7379629629629629 0.03286384976525822 0.07777777777777778
1 0.23761085028690662 0.7217592592592592 0.02764736567553469 0.09074074074074075
1 0.15675534689619197 0.6884259259259259 0.03234220135628586 0.058333333333333334
1 0.7811684924360981 0.6782407407407407 0.026604068857589983 0.062037037037037036
0 0.7044861763171623 0.2675925925925926 0.0495565988523735 0.05648148148148148
1 0.8505477308294209 0.7268518518518519 0.03129890453834116 0.044444444444444446
1 0.31690140845070425 0.6203703703703703 0.026604068857589983 0.06388888888888888
1 0.2827334376630151 0.6375 0.0198226395409494 0.06574074074074074
1 0.8135106937923839 0.5995370370370371 0.023995826812728223 0.062037037037037036
1 0.21883150756390193 0.7759259259259259 0.02190923317683881 0.058333333333333334
1 0.9494001043296818 0.7268518518518519 0.03390714658320292 0.06388888888888888
1 0.30672926447574334 0.6773148148148148 0.029212310902451747 0.06944444444444445
1 0.5086071987480438 0.6481481481481481 0.0198226395409494 0.05925925925925926
1 0.11032863849765258 0.55 0.03390714658320292 0.06666666666666667
0 0.9684402712571727 0.33287037037037037 0.058424621804903494 0.04259259259259259
0 0.6134585289514867 0.5462962962962963 0.0495565988523735 0.04351851851851852
0 0.9587897756911842 0.4027777777777778 0.05738132498695879 0.05555555555555555
1 0.1914449660928534 0.5912037037037037 0.023995826812728223 0.06111111111111111
1 0.1651017214397496 0.6268518518518519 0.022952529994783515 0.06574074074074074
1 0.48148148148148145 0.7305555555555555 0.020865936358894107 0.053703703703703705
1 0.46087636932707354 0.8537037037037037 0.01773604590505999 0.05925925925925926
1 0.9752217005738133 0.6273148148148148 0.0297339593114241 0.06574074074074074
1 0.5555555555555556 0.6712962962962963 0.027125717266562335 0.06296296296296296
1 0.0341679707876891 0.5421296296296296 0.03755868544600939 0.06574074074074074
1 0.9739175795513824 0.749537037037037 0.02190923317683881 0.05185185185185185
0 0.3800208659363589 0.5143518518518518 0.05529473135106938 0.05
1 0.414188836724048 0.7782407407407408 0.02138758476786646 0.06018518518518518
0 0.689358372456964 0.5337962962962963 0.051643192488262914 0.04259259259259259
0 0.7827334376630152 0.3662037037037037 0.05216484089723526 0.053703703703703705
1 0.33437663015127805 0.5949074074074074 0.017214397496087636 0.06759259259259259
1 0.7097026604068858 0.6708333333333333 0.02138758476786646 0.06481481481481481
1 0.6105894627021388 0.6092592592592593 0.026604068857589983 0.06759259259259259
1 0.6006781429316641 0.6782407407407407 0.0297339593114241 0.05740740740740741
1 0.3677621283255086 0.6796296296296296 0.018779342723004695 0.07407407407407407
1 0.684924360980699 0.6986111111111111 0.03129890453834116 0.06574074074074074
1 0.9087115284298383 0.611574074074074 0.03599374021909233 0.06388888888888888
0 0.627282211789254 0.3763888888888889 0.047991653625456446 0.06666666666666667
1 0.6904016692749088 0.6430555555555556 0.022952529994783515 0.06481481481481481
1 0.9864371413667188 0.7032407407407407 0.026604068857589983 0.05555555555555555
1 0.4647887323943662 0.587037037037037 0.01773604590505999 0.07037037037037037
1 0.634585289514867 0.6546296296296297 0.028690662493479395 0.06296296296296296
0 0.6977047470005217 0.4935185185185185 0.04590505998956703 0.058333333333333334
1 0.14397496087636932 0.7935185185185185 0.020865936358894107 0.06018518518518518
1 0.14553990610328638 0.0699074074074074 0.0297339593114241 0.05740740740740741
1 0.040166927490871154 0.6615740740740741 0.02608242044861763 0.09814814814814815
1 0.8041210224308816 0.7143518518518519 0.02034428794992175 0.06944444444444445
1 0.19327073552425664 0.2074074074074074 0.02764736567553469 0.05277777777777778
1 0.7939488784559207 0.6291666666666667 0.028690662493479395 0.06296296296296296
0 0.4428794992175274 0.3375 0.05268648930620762 0.07222222222222222
1 0.12832550860719874 0.10555555555555556 0.0406885758998435 0.05462962962962963
1 0.1011997913406364 0.8861111111111111 0.022952529994783515 0.07037037037037037
1 0.62415232133542 0.02824074074074074 0.037037037037037035 0.049074074074074076
1 0.1465832029212311 0.1449074074074074 0.0406885758998435 0.05
1 0.2983828899321857 0.0412037037037037 0.028690662493479395 0.05648148148148148
1 0.9903495044340115 0.7555555555555555 0.01773604590505999 0.03148148148148148
1 0.22561293688054251 0.3296296296296296 0.02034428794992175 0.058333333333333334
1 0.11632759520083463 0.7305555555555555 0.03025560772039645 0.08611111111111111
1 0.7876890975482524 0.8861111111111111 0.012519561815336464 0.03888888888888889
0 0.38967136150234744 0.47824074074074074 0.05529473135106938 0.05462962962962963
1 0.844548774126239 0.65 0.04277516953573292 0.10185185185185185
1 0.48956703182055294 0.6902777777777778 0.03286384976525822 0.08425925925925926