0 0.12604166666666666 0.6481481481481481 0.05 0.03796296296296296
0 0.11901041666666666 0.5444444444444444 0.050520833333333334 0.04259259259259259
0 0.5731770833333333 0.6435185185185185 0.0453125 0.03796296296296296
0 0.2989583333333333 0.6222222222222222 0.04583333333333333 0.04537037037037037
0 0.36041666666666666 0.5481481481481482 0.0515625 0.04259259259259259
0 0.41041666666666665 0.6138888888888889 0.0453125 0.03888888888888889
0 0.8091145833333333 0.6935185185185185 0.04479166666666667 0.040740740740740744
0 0.7203125 0.20555555555555555 0.051041666666666666 0.05462962962962963
0 0.1859375 0.45046296296296295 0.030729166666666665 0.05462962962962963
0 0.4901041666666667 0.37453703703703706 0.05677083333333333 0.075
0 0.57265625 0.875 0.018229166666666668 0.06481481481481481