0 0.7205729166666667 0.42268518518518516 0.049479166666666664 0.06111111111111111
0 0.64296875 0.6541666666666667 0.03177083333333333 0.046296296296296294
0 0.8161458333333333 0.5680555555555555 0.043229166666666666 0.05648148148148148
0 0.3338541666666667 0.5953703703703703 0.049479166666666664 0.06018518518518518
0 0.22291666666666668 0.3523148148148148 0.04375 0.06018518518518518
0 0.2557291666666667 0.6462962962962963 0.03958333333333333 0.06666666666666667
0 0.24947916666666667 0.587037037037037 0.052083333333333336 0.06296296296296296
1 0.69921875 0.7416666666666667 0.027083333333333334 0.06296296296296296
1 0.8916666666666667 0.7222222222222222 0.027604166666666666 0.062037037037037036
0 0.4083333333333333 0.44074074074074077 0.049479166666666664 0.037037037037037035
0 0.8950520833333333 0.5398148148148149 0.0453125 0.03981481481481482
1 0.5356770833333333 0.7069444444444445 0.028645833333333332 0.07592592592592592
0 0.9041666666666667 0.39675925925925926 0.05260416666666667 0.05740740740740741
1 0.10364583333333334 0.7092592592592593 0.0375 0.06481481481481481
0 0.6494791666666667 0.5921296296296297 0.04635416666666667 0.041666666666666664
0 0.6890625 0.27175925925925926 0.0546875 0.06481481481481481
1 0.80078125 0.7601851851851852 0.028125 0.06388888888888888
0 0.12682291666666667 0.44212962962962965 0.05 0.0712962962962963
1 0.44375 0.7356481481481482 0.015625 0.05925925925925926
0 0.1234375 0.5481481481481482 0.05260416666666667 0.06296296296296296
0 0.21901041666666668 0.5263888888888889 0.0546875 0.05648148148148148
0 0.94375 0.4726851851851852 0.05260416666666667 0.05555555555555555