0 0.9019300991131977 0.5861111111111111 0.06103286384976526 0.046296296296296294
1 0.843244653103808 0.36712962962962964 0.026604068857589983 0.049074074074074076
1 0.08189880020865936 0.36157407407407405 0.03495044340114763 0.05740740740740741
0 0.2149191444966093 0.43148148148148147 0.03129890453834116 0.06111111111111111
1 0.594679186228482 0.3111111111111111 0.026604068857589983 0.06574074074074074
0 0.33124673969744395 0.4652777777777778 0.0505998956703182 0.04351851851851852
1 0.297339593114241 0.32685185185185184 0.024517475221700575 0.05555555555555555
1 0.769170579029734 0.2875 0.030777256129368807 0.06481481481481481
1 0.5365153886280647 0.325 0.022952529994783515 0.06388888888888888
0 0.8857589984350548 0.5231481481481481 0.05738132498695879 0.04814814814814815
1 0.6353677621283255 0.1986111111111111 0.017214397496087636 0.06296296296296296
1 0.4527908189880021 0.2916666666666667 0.02556077203964528 0.058333333333333334
1 0.015910276473656754 0.38472222222222224 0.026604068857589983 0.06851851851851852
1 0.7271778821074596 0.3736111111111111 0.027125717266562335 0.058333333333333334
1 0.9178403755868545 0.40324074074074073 0.030777256129368807 0.06574074074074074
1 0.1178925404277517 0.30324074074074076 0.029212310902451747 0.06759259259259259
1 0.3646322378716745 0.2828703703703704 0.023474178403755867 0.05185185185185185
1 0.41471048513302033 0.3337962962962963 0.022430881585811163 0.062037037037037036
1 0.8163797600417319 0.29259259259259257 0.03025560772039645 0.05740740740740741
1 0.7128325508607198 0.18564814814814815 0.01773604590505999 0.06111111111111111
1 0.2136150234741784 0.35509259259259257 0.02556077203964528 0.07222222222222222
1 0.6718831507563902 0.11018518518518519 0.022430881585811163 0.06851851851851852
1 0.7968179447052687 0.9064814814814814 0.03338549817423057 0.06111111111111111
1 0.949660928534168 0.33194444444444443 0.028169014084507043 0.06481481481481481
1 0.9561815336463224 0.4273148148148148 0.0297339593114241 0.062037037037037036
1 0.5135628586332812 0.26435185185185184 0.018779342723004695 0.05277777777777778
1 0.6661450182576943 0.18472222222222223 0.024517475221700575 0.06018518518518518
1 0.05894627021387585 0.30277777777777776 0.022430881585811163 0.05
1 0.1233698487219614 0.22685185185185186 0.029212310902451747 0.062037037037037036
1 0.9121022430881586 0.31851851851851853 0.03338549817423057 0.06574074074074074
1 0.20657276995305165 0.8842592592592593 0.03129890453834116 0.06296296296296296
1 0.594679186228482 0.20092592592592592 0.017214397496087636 0.06388888888888888
1 0.8208137715179968 0.17916666666666667 0.022430881585811163 0.075
1 0.19666145018257694 0.24675925925925926 0.023474178403755867 0.06111111111111111
1 0.7279603547209181 0.30787037037037035 0.020865936358894107 0.05648148148148148
1 0.9194053208137715 0.21574074074074073 0.02608242044861763 0.05092592592592592
1 0.8695878977569118 0.15694444444444444 0.018257694314032343 0.06296296296296296
1 0.46087636932707354 0.8435185185185186 0.028169014084507043 0.05462962962962963
1 0.0099113197704747 0.24537037037037038 0.0198226395409494 0.06851851851851852
1 0.27699530516431925 0.18564814814814815 0.024517475221700575 0.06574074074074074
0 0.47078768909754826 0.5976851851851852 0.05738132498695879 0.05185185185185185
1 0.8925404277516954 0.14814814814814814 0.020865936358894107 0.058333333333333334
1 0.5028690662493479 0.07777777777777778 0.0198226395409494 0.06388888888888888
1 0.2668231611893584 0.9162037037037037 0.027125717266562335 0.06481481481481481
1 0.20213875847678664 0.3101851851851852 0.02556077203964528 0.04351851851851852
1 0.7803860198226396 0.13333333333333333 0.023474178403755867 0.07592592592592592
1 0.45774647887323944 0.975 0.020865936358894107 0.046296296296296294
1 0.15701617110067814 0.1824074074074074 0.01773604590505999 0.058333333333333334
1 0.23943661971830985 0.25462962962962965 0.022952529994783515 0.05648148148148148
1 0.06651017214397496 0.8518518518518519 0.0406885758998435 0.07962962962962963
1 0.8779342723004695 0.975925925925926 0.027125717266562335 0.046296296296296294
1 0.0714658320292123 0.2439814814814815 0.026604068857589983 0.049074074074074076
1 0.03625456442357851 0.19768518518518519 0.022952529994783515 0.04537037037037037
1 0.9371413667188315 0.055092592592592596 0.01617110067814293 0.06944444444444445
1 0.2858633281168492 0.28703703703703703 0.03025560772039645 0.03796296296296296
1 0.99113197704747 0.30648148148148147 0.015127803860198226 0.04814814814814815