0 0.20318205529473135 0.7041666666666667 0.04538341158059468 0.05462962962962963
1 0.4507042253521127 0.42916666666666664 0.03234220135628586 0.06759259259259259
0 0.2895148669796557 0.7245370370370371 0.03599374021909233 0.05462962962962963
1 0.43453312467396976 0.3138888888888889 0.023995826812728223 0.05648148148148148
0 0.4076682316118936 0.4898148148148148 0.0406885758998435 0.05092592592592592
1 0.5226917057902973 0.3416666666666667 0.028169014084507043 0.07685185185185185
1 0.46870109546165883 0.2708333333333333 0.020865936358894107 0.05462962962962963
0 0.0980699008868023 0.5703703703703704 0.03182055294731351 0.053703703703703705
0 0.13484611371935315 0.6615740740740741 0.059989567031820554 0.05
0 0.41705790297339596 0.5314814814814814 0.04903495044340115 0.04351851851851852
0 0.24621804903495045 0.525 0.05268648930620762 0.04722222222222222
1 0.17475221700573812 0.4097222222222222 0.029212310902451747 0.06666666666666667
0 0.6833594157537819 0.45740740740740743 0.050078247261345854 0.04259259259259259
1 0.33437663015127805 0.6458333333333334 0.0198226395409494 0.05740740740740741
1 0.2524778299426187 0.44537037037037036 0.03129890453834116 0.062037037037037036
1 0.3617631716223266 0.3282407407407407 0.026604068857589983 0.06481481481481481
1 0.0980699008868023 0.3050925925925926 0.025039123630672927 0.07222222222222222
0 0.29551382368283774 0.5444444444444444 0.05268648930620762 0.04351851851851852
1 0.4350547730829421 0.2074074074074074 0.01617110067814293 0.05277777777777778
1 0.4042775169535733 0.2537037037037037 0.016692749087115284 0.06111111111111111
1 0.37741262389149716 0.8009259259259259 0.028690662493479395 0.062037037037037036
1 0.2994261867501304 0.12916666666666668 0.0198226395409494 0.06481481481481481
1 0.3359415753781951 0.38842592592592595 0.025039123630672927 0.06018518518518518
1 0.6199791340636411 0.28055555555555556 0.026604068857589983 0.06574074074074074
1 0.023474178403755867 0.24351851851851852 0.040166927490871154 0.09166666666666666
1 0.3124673969744392 0.2152777777777778 0.019300991131977047 0.04814814814814815
1 0.8265519040166928 0.3541666666666667 0.03442879499217527 0.06944444444444445
1 0.35785080855503393 0.13194444444444445 0.0198226395409494 0.06481481481481481
0 0.26369327073552423 0.5930555555555556 0.03338549817423057 0.03888888888888889
1 0.5469483568075117 0.6759259259259259 0.04225352112676056 0.10740740740740741
1 0.2939488784559207 0.25 0.019300991131977047 0.06111111111111111
1 0.3369848721961398 0.4736111111111111 0.03025560772039645 0.05462962962962963
1 0.751434533124674 0.2 0.022430881585811163 0.07037037037037037
1 0.2709963484611372 0.2986111111111111 0.025039123630672927 0.05185185185185185
1 0.4637454355764215 0.3731481481481482 0.023474178403755867 0.06388888888888888
1 0.044861763171622326 0.16296296296296298 0.018779342723004695 0.058333333333333334
1 0.13484611371935315 0.20555555555555555 0.02556077203964528 0.06296296296296296
1 0.865414710485133 0.22870370370370371 0.02764736567553469 0.06944444444444445
1 0.07616066770996348 0.21435185185185185 0.02608242044861763 0.07314814814814814
1 0.41158059467918623 0.08518518518518518 0.01564945226917058 0.06759259259259259
1 0.3735002608242045 0.22592592592592592 0.016692749087115284 0.05277777777777778
1 0.2537819509650496 0.32546296296296295 0.02034428794992175 0.06296296296296296
1 0.29447052686489306 0.3837962962962963 0.028690662493479395 0.06759259259259259
1 0.26160667709963487 0.2101851851851852 0.018779342723004695 0.05277777777777778
1 0.04825247782994262 0.06157407407407407 0.016692749087115284 0.07037037037037037
1 0.2811684924360981 0.4324074074074074 0.030777256129368807 0.06296296296296296
1 0.7962962962962963 0.27175925925925926 0.02764736567553469 0.06388888888888888
1 0.2631716223265519 0.6509259259259259 0.030777256129368807 0.05648148148148148
1 0.7185706833594158 0.3958333333333333 0.03129890453834116 0.05740740740740741
0 0.5761606677099634 0.5712962962962963 0.037037037037037035 0.04814814814814815
1 0.3539384454877413 0.27175925925925926 0.018779342723004695 0.06666666666666667
1 0.7279603547209181 0.2518518518518518 0.02190923317683881 0.06666666666666667
1 0.17736045905059988 0.30787037037037035 0.024517475221700575 0.07314814814814814
1 0.8354199269692227 0.2569444444444444 0.0297339593114241 0.0712962962962963
1 0.14606155451225875 0.3074074074074074 0.02190923317683881 0.06944444444444445
1 0.013302034428794992 0.37546296296296294 0.022952529994783515 0.05092592592592592
1 0.5412102243088158 0.20324074074074075 0.018257694314032343 0.05925925925925926
1 0.1664058424621805 0.2152777777777778 0.022952529994783515 0.06666666666666667
1 0.7704747000521649 0.33935185185185185 0.03547209181011998 0.08148148148148149
1 0.9540949400104329 0.29583333333333334 0.03286384976525822 0.06296296296296296
1 0.656755346896192 0.24166666666666667 0.028169014084507043 0.06574074074074074
1 0.9115805946791862 0.15601851851851853 0.02608242044861763 0.08703703703703704
1 0.21231090245174752 0.41574074074074074 0.02764736567553469 0.06944444444444445
1 0.6810119979134064 0.3351851851851852 0.019300991131977047 0.06111111111111111
1 0.8393322900365154 0.3194444444444444 0.02034428794992175 0.06759259259259259
1 0.07459572248304643 0.14953703703703702 0.022952529994783515 0.06666666666666667
1 0.23865414710485133 0.37083333333333335 0.02764736567553469 0.06666666666666667
1 0.22665623369848723 0.18564814814814815 0.018257694314032343 0.06574074074074074
1 0.4981742305685968 0.28055555555555556 0.027125717266562335 0.03888888888888889
1 0.022430881585811163 0.9324074074074075 0.03182055294731351 0.06481481481481481
1 0.5852895148669797 0.29212962962962963 0.022952529994783515 0.049074074074074076
1 0.19979134063641105 0.7773148148148148 0.037037037037037035 0.07592592592592592
1 0.198226395409494 0.33796296296296297 0.023995826812728223 0.06666666666666667
1 0.29003651538862807 0.3138888888888889 0.01617110067814293 0.044444444444444446
1 0.17475221700573812 0.17592592592592593 0.023995826812728223 0.06388888888888888
1 0.8622848200312989 0.8037037037037037 0.04329681794470527 0.05925925925925926
1 0.18466353677621283 0.36712962962962964 0.027125717266562335 0.06111111111111111
1 0.23135106937923838 0.3023148148148148 0.017214397496087636 0.06296296296296296
1 0.19327073552425664 0.2712962962962963 0.01564945226917058 0.03148148148148148
1 0.6935315597287428 0.2773148148148148 0.02764736567553469 0.05925925925925926
1 0.035211267605633804 0.4634259259259259 0.03599374021909233 0.08333333333333333
1 0.8474178403755869 0.6569444444444444 0.04277516953573292 0.09907407407407408
1 0.013562858633281168 0.5861111111111111 0.027125717266562335 0.05185185185185185
1 0.21178925404277518 0.1310185185185185 0.017214397496087636 0.06111111111111111
1 0.8098591549295775 0.23657407407407408 0.03129890453834116 0.05277777777777778
1 0.5169535732916014 0.10925925925925926 0.011997913406364111 0.026851851851851852
1 0.9611371935315597 0.7828703703703703 0.037037037037037035 0.07222222222222222