0 0.6987480438184663 0.4736111111111111 0.048513302034428794 0.05
0 0.3114241001564945 0.4736111111111111 0.05581637976004173 0.05277777777777778
1 0.6098069900886802 0.5842592592592593 0.023995826812728223 0.058333333333333334
0 0.1825769431403234 0.48148148148148145 0.05268648930620762 0.04351851851851852
0 0.23056859676577987 0.4148148148148148 0.05372978612415232 0.05092592592592592
0 0.14945226917057902 0.31574074074074077 0.058424621804903494 0.046296296296296294
1 0.7157016171100679 0.15138888888888888 0.0297339593114241 0.05925925925925926
1 0.6275430359937402 0.6421296296296296 0.028690662493479395 0.06481481481481481
0 0.7978612415232134 0.5430555555555555 0.03129890453834116 0.05648148148148148
0 0.7931664058424622 0.46064814814814814 0.05216484089723526 0.03888888888888889
1 0.19248826291079812 0.6796296296296296 0.03129890453834116 0.07037037037037037
1 0.2994261867501304 0.5560185185185185 0.023995826812728223 0.062037037037037036
1 0.49165362545644237 0.7430555555555556 0.016692749087115284 0.06481481481481481
1 0.9147104851330203 0.7282407407407407 0.029212310902451747 0.06851851851851852
1 0.8192488262910798 0.7111111111111111 0.03599374021909233 0.062037037037037036
1 0.927490871152843 0.6328703703703704 0.03808033385498174 0.06018518518518518
1 0.8659363588941054 0.6518518518518519 0.036515388628064686 0.06481481481481481
1 0.041471048513302036 0.8245370370370371 0.03286384976525822 0.07777777777777778
1 0.3735002608242045 0.7958333333333333 0.023995826812728223 0.06481481481481481
1 0.32968179447052687 0.687037037037037 0.023474178403755867 0.06574074074074074
1 0.7869066249347939 0.6305555555555555 0.023474178403755867 0.07777777777777778
1 0.08581116327595201 0.799074074074074 0.03547209181011998 0.07592592592592592
1 0.29160146061554515 0.7101851851851851 0.018779342723004695 0.06388888888888888
1 0.6836202399582681 0.16666666666666666 0.02138758476786646 0.05555555555555555
1 0.22404799165362546 0.7939814814814815 0.019300991131977047 0.062037037037037036
1 0.2334376630151278 0.8439814814814814 0.02764736567553469 0.058333333333333334
1 0.6794470526864893 0.7222222222222222 0.030777256129368807 0.06574074074074074
1 0.8914971309337506 0.36064814814814816 0.03442879499217527 0.05462962962962963
1 0.8862806468440271 0.7013888888888888 0.028169014084507043 0.06481481481481481
1 0.9694835680751174 0.7032407407407407 0.02764736567553469 0.06574074074074074
1 0.7785602503912363 0.6819444444444445 0.0297339593114241 0.06018518518518518
1 0.3755868544600939 0.7013888888888888 0.023474178403755867 0.07962962962962963
1 0.6048513302034428 0.5574074074074075 0.03025560772039645 0.058333333333333334
1 0.5359937402190923 0.7064814814814815 0.024517475221700575 0.05092592592592592
1 0.32629107981220656 0.7972222222222223 0.025039123630672927 0.05740740740740741
1 0.7037037037037037 0.1912037037037037 0.025039123630672927 0.05277777777777778
1 0.32655190401669276 0.2412037037037037 0.03495044340114763 0.06296296296296296
1 0.29551382368283774 0.7662037037037037 0.029212310902451747 0.06388888888888888
1 0.18753260302556077 0.6912037037037037 0.01617110067814293 0.026851851851851852
1 0.715962441314554 0.06388888888888888 0.0297339593114241 0.05740740740740741
1 0.9856546687532604 0.12962962962962962 0.026604068857589983 0.06111111111111111
1 0.03755868544600939 0.0587962962962963 0.04434011476264997 0.05648148148148148
1 0.4613980177360459 0.10740740740740741 0.024517475221700575 0.05277777777777778
1 0.24960876369327073 0.6916666666666667 0.0198226395409494 0.06481481481481481
1 0.3236828377673448 0.7194444444444444 0.01617110067814293 0.058333333333333334
1 0.12597809076682315 0.6851851851851852 0.0198226395409494 0.07592592592592592
1 0.0605112154407929 0.7351851851851852 0.036515388628064686 0.07222222222222222
0 0.07511737089201878 0.8898148148148148 0.030777256129368807 0.06666666666666667
1 0.4736567553468962 0.6171296296296296 0.02190923317683881 0.05277777777777778
1 0.32629107981220656 0.5893518518518519 0.014084507042253521 0.049074074074074076