1 0.40062597809076683 0.2111111111111111 0.027125717266562335 0.06481481481481481
1 0.0341679707876891 0.17175925925925925 0.03338549817423057 0.058333333333333334
1 0.4032342201356286 0.2587962962962963 0.0297339593114241 0.06481481481481481
1 0.31846635367762127 0.6439814814814815 0.02190923317683881 0.06759259259259259
1 0.2871674491392801 0.6143518518518518 0.02608242044861763 0.06851851851851852
0 0.45331246739697445 0.45416666666666666 0.046948356807511735 0.04537037037037037
0 0.400886802295253 0.5125 0.048513302034428794 0.04259259259259259
1 0.42357850808555036 0.5935185185185186 0.028690662493479395 0.05740740740740741
0 0.18127282211789253 0.5300925925925926 0.05216484089723526 0.04814814814814815
0 0.5688575899843505 0.49074074074074076 0.047991653625456446 0.04537037037037037
1 0.05894627021387585 0.6375 0.0297339593114241 0.05648148148148148
1 0.1825769431403234 0.34444444444444444 0.03338549817423057 0.06666666666666667
1 0.6964006259780907 0.7333333333333333 0.020865936358894107 0.06759259259259259
1 0.19666145018257694 0.3768518518518518 0.040166927490871154 0.05925925925925926
0 0.31820552947313513 0.42962962962962964 0.04381846635367762 0.049074074074074076
0 0.36254564423578506 0.3699074074074074 0.05425143453312467 0.04537037037037037
1 0.8085550339071466 0.6106481481481482 0.02764736567553469 0.06388888888888888
1 0.5884194053208138 0.6106481481481482 0.02764736567553469 0.07407407407407407
1 0.7044861763171623 0.8481481481481481 0.02034428794992175 0.07592592592592592
1 0.9327073552425665 0.5935185185185186 0.022952529994783515 0.06944444444444445
0 0.3380281690140845 0.48657407407407405 0.051643192488262914 0.04537037037037037
1 0.6092853416797078 0.6902777777777778 0.022952529994783515 0.07407407407407407
1 0.08346374543557643 0.09768518518518518 0.03808033385498174 0.049074074074074076
1 0.26369327073552423 0.6805555555555556 0.030777256129368807 0.05925925925925926
1 0.47052686489306206 0.600462962962963 0.029212310902451747 0.05740740740740741
1 0.3382889932185707 0.712037037037037 0.02556077203964528 0.062037037037037036
1 0.9321857068335941 0.7064814814814815 0.026604068857589983 0.06666666666666667
1 0.11319770474700053 0.6981481481481482 0.028690662493479395 0.06574074074074074
1 0.5057381324986959 0.6027777777777777 0.026604068857589983 0.06111111111111111
0 0.2433489827856025 0.4476851851851852 0.0505998956703182 0.04722222222222222
1 0.6773604590505999 0.8203703703703704 0.017214397496087636 0.06296296296296296
1 0.9692227438706312 0.5828703703703704 0.03912363067292645 0.06388888888888888
0 0.5855503390714658 0.3060185185185185 0.05216484089723526 0.05648148148148148
0 0.3471570161711007 0.5337962962962963 0.04747000521648409 0.046296296296296294
1 0.7793427230046949 0.7902777777777777 0.03129890453834116 0.058333333333333334
1 0.8359415753781951 0.6467592592592593 0.028690662493479395 0.05925925925925926
1 0.6304121022430882 0.6064814814814815 0.02764736567553469 0.06851851851851852
1 0.09598330725091289 0.6449074074074074 0.02034428794992175 0.04814814814814815
1 0.4441836202399583 0.6666666666666666 0.02556077203964528 0.06018518518518518
1 0.8818466353677621 0.8074074074074075 0.01773604590505999 0.0712962962962963
1 0.18518518518518517 0.8291666666666667 0.020865936358894107 0.06481481481481481
1 0.08868022952529994 0.7824074074074074 0.02608242044861763 0.06388888888888888
1 0.028951486697965573 0.6648148148148149 0.02608242044861763 0.04722222222222222
1 0.5239958268127283 0.8111111111111111 0.014606155451225874 0.05185185185185185
1 0.18857589984350548 0.7393518518518518 0.027125717266562335 0.06111111111111111
1 0.62415232133542 0.6527777777777778 0.018779342723004695 0.05925925925925926
1 0.7816901408450704 0.6620370370370371 0.020865936358894107 0.04814814814814815
1 0.5654668753260302 0.3861111111111111 0.02556077203964528 0.03981481481481482
1 0.5101721439749609 0.6699074074074074 0.02556077203964528 0.07037037037037037
0 0.41158059467918623 0.3125 0.04590505998956703 0.062037037037037036
1 0.4538341158059468 0.7087962962962963 0.02556077203964528 0.06851851851851852
1 0.30333854981742303 0.7625 0.017214397496087636 0.04722222222222222
1 0.24100156494522693 0.7430555555555556 0.02556077203964528 0.04814814814814815
1 0.5678142931664059 0.7842592592592592 0.028169014084507043 0.0712962962962963
0 0.9332290036515388 0.7393518518518518 0.053208137715179966 0.04814814814814815
1 0.8393322900365154 0.023148148148148147 0.03234220135628586 0.041666666666666664
1 0.15284298382889933 0.7870370370370371 0.02608242044861763 0.062037037037037036
1 0.4694835680751174 0.7606481481481482 0.02764736567553469 0.05648148148148148
1 0.8184663536776213 0.6865740740740741 0.03129890453834116 0.06296296296296296
1 0.550339071465832 0.7106481481481481 0.02556077203964528 0.06574074074074074
1 0.8422013562858633 0.09351851851851851 0.040166927490871154 0.06574074074074074
1 0.5693792383933229 0.6606481481481481 0.022430881585811163 0.062037037037037036
1 0.21283255086071987 0.8194444444444444 0.022430881585811163 0.05925925925925926
1 0.645018257694314 0.7175925925925926 0.02034428794992175 0.062037037037037036
1 0.8393322900365154 0.19027777777777777 0.03442879499217527 0.040740740740740744
1 0.4702660406885759 0.40555555555555556 0.022430881585811163 0.05925925925925926
1 0.645018257694314 0.8305555555555556 0.017214397496087636 0.06296296296296296
1 0.856546687532603 0.6810185185185185 0.02556077203964528 0.062037037037037036
1 0.25508607198748046 0.7097222222222223 0.016692749087115284 0.05
1 0.5839853938445487 0.7023148148148148 0.022952529994783515 0.0712962962962963
1 0.8330725091288471 0.7722222222222223 0.0297339593114241 0.05740740740740741
1 0.7733437663015128 0.8625 0.017214397496087636 0.05555555555555555
1 0.8359415753781951 0.1412037037037037 0.03129890453834116 0.05648148148148148
1 0.014606155451225874 0.7583333333333333 0.027125717266562335 0.05277777777777778
1 0.33724569640062596 0.7722222222222223 0.016692749087115284 0.03611111111111111
1 0.8448095983307251 0.7129629629629629 0.025039123630672927 0.06944444444444445
1 0.9765258215962441 0.8347222222222223 0.03286384976525822 0.05925925925925926
1 0.6288471570161711 0.12314814814814815 0.023995826812728223 0.058333333333333334
1 0.9887845592070944 0.6523148148148148 0.02034428794992175 0.06944444444444445
1 0.8035993740219093 0.712037037037037 0.02034428794992175 0.05277777777777778
1 0.6411058946270214 0.8787037037037037 0.015127803860198226 0.06296296296296296
1 0.12441314553990611 0.7439814814814815 0.037037037037037035 0.07407407407407407
1 0.5907668231611893 0.9097222222222222 0.015127803860198226 0.03981481481481482
1 0.956964006259781 0.9467592592592593 0.01617110067814293 0.0712962962962963
1 0.5323422013562858 0.7291666666666666 0.015127803860198226 0.053703703703703705
0 0.9736567553468962 0.912962962962963 0.03129890453834116 0.06574074074074074
1 0.9687010954616588 0.6578703703703703 0.03182055294731351 0.046296296296296294
1 0.025039123630672927 0.700925925925926 0.024517475221700575 0.044444444444444446
1 0.28482003129890454 0.8199074074074074 0.015127803860198226 0.027777777777777776
1 0.3865414710485133 0.8481481481481481 0.016692749087115284 0.03611111111111111
1 0.6964006259780907 0.062037037037037036 0.037037037037037035 0.08703703703703704