0 0.4658203125 0.486651611328125 0.0535888671875 0.04915809631347656
1 0.8916015625 0.3195953369140625 0.026763916015625 0.06879425048828125
1 0.734375 0.4058319091796875 0.02484130859375 0.0578521728515625
1 0.62646484375 0.1570892333984375 0.02191162109375 0.06299819946289062
1 0.447021484375 0.35968017578125 0.0293731689453125 0.061102294921875
1 0.386962890625 0.9204345703125 0.0273284912109375 0.0561187744140625
1 0.163330078125 0.269110107421875 0.03424072265625 0.06982345581054687
1 0.254638671875 0.292510986328125 0.03143310546875 0.06359405517578125
0 0.3993069140149538 0.5322062927999613 0.048409398463140865 0.048589324951171894
0 0.92626953125 0.546453857421875 0.060760498046875 0.05303115844726562
1 0.78564453125 0.2909942626953125 0.0203704833984375 0.06917343139648438
1 0.79248046875 0.4248992919921875 0.0234222412109375 0.06787338256835937
1 0.1656494140625 0.3763641357421875 0.0276947021484375 0.06099395751953125
1 0.2054443359375 0.3399627685546875 0.0309600830078125 0.07074432373046875
1 0.580078125 0.2836273193359375 0.017913818359375 0.06440658569335937
0 0.484375 0.551654052734375 0.05023193359375 0.04054527282714844
1 0.09930419921875 0.87103271484375 0.0310821533203125 0.0574188232421875
1 0.58251953125 0.3754974365234375 0.0230255126953125 0.059748077392578126
1 0.304443359375 0.3741973876953125 0.02215576171875 0.06700668334960938
1 0.68798828125 0.2875274658203125 0.0254669189453125 0.05476455688476563
1 0.7001953125 0.207574462890625 0.0192413330078125 0.06673583984375
1 0.11181640625 0.3052947998046875 0.0316162109375 0.06451492309570313
1 0.8251953125 0.305511474609375 0.023773193359375 0.0673858642578125
1 0.52490234375 0.2974945068359375 0.0271759033203125 0.04942893981933594
1 0.78515625 0.77742919921875 0.03753662109375 0.062835693359375
1 0.296630859375 0.3061614990234375 0.0174407958984375 0.047235107421875
1 0.39208984375 0.2753936767578125 0.02191162109375 0.05774383544921875
1 0.308349609375 0.275177001953125 0.0272216796875 0.061589813232421874
1 0.9697265625 0.314178466796875 0.021820068359375 0.062131500244140624
1 0.7470703125 0.31114501953125 0.0265045166015625 0.06516494750976562
1 0.19287109375 0.2966278076171875 0.0285491943359375 0.060289764404296876
1 0.8330078125 0.207574462890625 0.0282135009765625 0.06240234375
1 0.389892578125 0.8233642578125 0.024139404296875 0.05882720947265625
0 0.08587646484375 0.455450439453125 0.048858642578125 0.07036514282226562
1 0.1981201171875 0.646124267578125 0.0360107421875 0.058935546875
1 0.63427734375 0.8996337890625 0.035003662109375 0.051731109619140625
1 0.74169921875 0.2080078125 0.0237274169921875 0.0569854736328125
1 0.70068359375 0.32154541015625 0.020843505859375 0.065869140625
1 0.03424072265625 0.287310791015625 0.019561767578125 0.05403327941894531
1 0.36572265625 0.801263427734375 0.0279083251953125 0.054439544677734375
1 0.8505859375 0.164239501953125 0.024383544921875 0.058502197265625
1 0.30078125 0.3425628662109375 0.0225372314453125 0.06711502075195312
1 0.044097900390625 0.2428924560546875 0.03167724609375 0.062023162841796875
1 0.35791015625 0.858465576171875 0.030670166015625 0.04401206970214844
1 0.0809326171875 0.22100830078125 0.023101806640625 0.0496185302734375
1 0.5556640625 0.11906280517578124 0.015899658203125 0.07724456787109375
1 0.4742653451573638 0.4436728395061728 0.01651886628412454 0.05709876543209873
1 0.4677447400452094 0.4104938271604938 0.019127108328986304 0.05555555555555555