0 0.33880208333333334 0.8064814814814815 0.0546875 0.053703703703703705
0 0.1546875 0.4097222222222222 0.03802083333333333 0.05092592592592592
0 0.030208333333333334 0.4203703703703704 0.05364583333333333 0.04351851851851852
0 0.9 0.5370370370370371 0.053125 0.044444444444444446
0 0.24609375 0.6194444444444445 0.050520833333333334 0.03981481481481482
0 0.34713541666666664 0.5796296296296296 0.0515625 0.041666666666666664
0 0.20885416666666667 0.5273148148148148 0.05260416666666667 0.041666666666666664
0 0.4630208333333333 0.8361111111111111 0.0546875 0.04259259259259259
0 0.12161458333333333 0.6148148148148148 0.052083333333333336 0.03981481481481482
0 0.390625 0.37083333333333335 0.041666666666666664 0.04537037037037037
0 0.26328125 0.44305555555555554 0.04895833333333333 0.04814814814814815
0 0.7541666666666667 0.4412037037037037 0.05260416666666667 0.03888888888888889
0 0.8684895833333334 0.4375 0.05260416666666667 0.03796296296296296
0 0.7109375 0.5064814814814815 0.03333333333333333 0.053703703703703705
0 0.22447916666666667 0.3625 0.0453125 0.046296296296296294
0 0.9104166666666667 0.3421296296296296 0.0390625 0.05277777777777778
0 0.029166666666666667 0.6921296296296297 0.05572916666666667 0.05462962962962963
0 0.8231770833333333 0.34444444444444444 0.046875 0.040740740740740744
0 0.12890625 0.325 0.04635416666666667 0.04537037037037037
0 0.6591145833333333 0.6398148148148148 0.0515625 0.04722222222222222