0 0.5864583333333333 0.4203703703703704 0.05 0.04537037037037037
0 0.08177083333333333 0.5375 0.034375 0.06018518518518518
0 0.6841145833333333 0.6583333333333333 0.043229166666666666 0.041666666666666664
0 0.69140625 0.38425925925925924 0.04895833333333333 0.044444444444444446
0 0.8286458333333333 0.4685185185185185 0.050520833333333334 0.04537037037037037
0 0.0484375 0.45694444444444443 0.0515625 0.05925925925925926
0 0.340625 0.5981481481481481 0.04583333333333333 0.044444444444444446
0 0.4703125 0.6574074074074074 0.04583333333333333 0.03981481481481482
0 0.9541666666666667 0.4351851851851852 0.04791666666666667 0.05277777777777778
0 0.89296875 0.5398148148148149 0.049479166666666664 0.04351851851851852
0 0.6802083333333333 0.5800925925925926 0.046875 0.04537037037037037
0 0.08098958333333334 0.6435185185185185 0.04791666666666667 0.041666666666666664