0 0.3609375 0.41944444444444445 0.04583333333333333 0.04537037037037037
0 0.6489583333333333 0.34074074074074073 0.044270833333333336 0.05277777777777778
0 0.09270833333333334 0.3476851851851852 0.0453125 0.040740740740740744
0 0.69140625 0.5861111111111111 0.046875 0.05555555555555555
0 0.28671875 0.3106481481481482 0.0453125 0.03796296296296296
0 0.01875 0.4027777777777778 0.0375 0.06481481481481481
0 0.17526041666666667 0.5597222222222222 0.0515625 0.049074074074074076
0 0.9330729166666667 0.40555555555555556 0.0421875 0.05185185185185185
0 0.5786458333333333 0.5444444444444444 0.051041666666666666 0.05092592592592592
0 0.615625 0.46620370370370373 0.034895833333333334 0.05185185185185185
0 0.7552083333333334 0.2833333333333333 0.0390625 0.046296296296296294
0 0.9859375 0.3439814814814815 0.0265625 0.06666666666666667
0 0.7463541666666667 0.4740740740740741 0.046875 0.041666666666666664