0 0.416015625 0.451116943359375 0.027435302734375 0.06180648803710938
1 0.76708984375 0.64222412109375 0.033721923828125 0.0730194091796875
1 0.666015625 0.8060302734375 0.02423095703125 0.06251068115234375
1 0.576171875 0.3702972412109375 0.0252227783203125 0.054872894287109376
1 0.595703125 0.1991241455078125 0.0218658447265625 0.06381072998046874
1 0.51611328125 0.3356292724609375 0.0196380615234375 0.06500244140625
1 0.56884765625 0.2766937255859375 0.0243377685546875 0.04886016845703125
1 0.31982421875 0.3893646240234375 0.027008056640625 0.05904388427734375
1 0.6025390625 0.426416015625 0.030853271484375 0.06500244140625
1 0.67822265625 0.12751312255859376 0.0209197998046875 0.06467742919921875
0 0.6962890625 0.510052490234375 0.037750244140625 0.051839447021484374
0 0.89306640625 0.68035888671875 0.050323486328125 0.0561187744140625
1 0.51904296875 0.23140869140625 0.021453857421875 0.07074432373046875
1 0.89404296875 0.3078948974609375 0.023193359375 0.06787338256835937
1 0.94287109375 0.2979278564453125 0.02630615234375 0.06776504516601563
1 0.69970703125 0.644390869140625 0.028167724609375 0.05861053466796875
1 0.1739501953125 0.80169677734375 0.03314208984375 0.06451492309570313
1 0.7958984375 0.44981689453125 0.0328369140625 0.06576080322265625
0 0.8193359375 0.539520263671875 0.053192138671875 0.05384368896484375
0 0.9745559692382812 0.572454833984375 0.0508880615234375 0.04444541931152344
1 0.77294921875 0.2080078125 0.019195556640625 0.0504852294921875
1 0.0257568359375 0.370947265625 0.033843994140625 0.06749420166015625
1 0.7421875 0.2532928466796875 0.0177154541015625 0.05953140258789062
1 0.60302734375 0.3345458984375 0.021331787109375 0.0608856201171875
0 0.798828125 0.731060791015625 0.0574951171875 0.050756072998046874
1 0.7080078125 0.3949981689453125 0.02880859375 0.0565521240234375
1 0.296630859375 0.2112579345703125 0.022674560546875 0.06418991088867188
1 0.9521484375 0.05557708740234375 0.0154266357421875 0.0673858642578125
1 0.0784912109375 0.17626495361328126 0.0192718505859375 0.05105400085449219
1 0.86328125 0.4027984619140625 0.0299835205078125 0.0673858642578125
1 0.87109375 0.2134246826171875 0.0240478515625 0.06321487426757813
1 0.65478515625 0.10644149780273438 0.0171051025390625 0.06538162231445313
0 0.66650390625 0.536053466796875 0.050994873046875 0.045203781127929686
1 0.76416015625 0.4378997802734375 0.03277587890625 0.0699859619140625
1 0.97607421875 0.12707977294921874 0.023193359375 0.06251068115234375
1 0.87548828125 0.3206787109375 0.026763916015625 0.06944427490234376
1 0.7666015625 0.2935943603515625 0.0229339599609375 0.057635498046875
1 0.67626953125 0.3312957763671875 0.0258026123046875 0.06500244140625
1 0.3583984375 0.3345458984375 0.0264129638671875 0.061102294921875
1 0.02069091796875 0.22089996337890624 0.035675048828125 0.070635986328125
0 0.97265625 0.63875732421875 0.051544189453125 0.053924942016601564
1 0.90283203125 0.20551605224609376 0.025909423828125 0.06299819946289062
1 0.669921875 0.843731689453125 0.029541015625 0.062023162841796875
1 0.371826171875 0.2277252197265625 0.02044677734375 0.0639190673828125
0 0.7685501026995305 0.5471752025462964 0.03653871061656397 0.054121752138490915
1 0.2384033203125 0.2658599853515625 0.0246124267578125 0.063702392578125
1 0.72119140625 0.21764984130859374 0.0258636474609375 0.04661216735839844
1 0.089599609375 0.2944610595703125 0.03228759765625 0.06272735595703124
1 0.8427734375 0.271710205078125 0.0244293212890625 0.04409332275390625
1 0.67822265625 0.273876953125 0.0229339599609375 0.0656524658203125
1 0.250244140625 0.20053253173828126 0.0256195068359375 0.065869140625
1 0.82958984375 0.4166656494140625 0.021331787109375 0.07626953125
1 0.6328125 0.255242919921875 0.017578125 0.061589813232421874
1 0.415283203125 0.2827606201171875 0.0236968994140625 0.05806884765625
1 0.97998046875 0.190673828125 0.035736083984375 0.11754608154296875
0 0.5792531156266302 0.6391906738281249 0.0466705704332332 0.052624893188476504
1 0.2017822265625 0.2563262939453125 0.0310821533203125 0.07144851684570312
1 0.85302734375 0.3598968505859375 0.02886962890625 0.059748077392578126
1 0.8369140625 0.328912353515625 0.0261077880859375 0.05403327941894531
1 0.814453125 0.303778076171875 0.0224609375 0.06727752685546876
1 0.179443359375 0.19674072265625 0.018341064453125 0.05465621948242187
1 0.09503173828125 0.726727294921875 0.0345458984375 0.06852340698242188
1 0.79931640625 0.37181396484375 0.0310821533203125 0.0682525634765625
1 0.37158203125 0.92650146484375 0.03167724609375 0.05476455688476563
1 0.30810546875 0.252642822265625 0.024658203125 0.0587188720703125
1 0.53955078125 0.2825439453125 0.02423095703125 0.03553466796875
1 0.2012939453125 0.3165618896484375 0.0280609130859375 0.05953140258789062
1 0.8095703125 0.18189849853515624 0.01898193359375 0.058502197265625
1 0.71435546875 0.47408447265625 0.0271148681640625 0.053437423706054685
1 0.74560546875 0.386114501953125 0.024139404296875 0.05926055908203125
1 0.499267578125 0.695526123046875 0.034423828125 0.06548995971679687
1 0.448974609375 0.2957611083984375 0.02386474609375 0.04344329833984375
1 0.2012939453125 0.6361572265625 0.032470703125 0.05861053466796875
1 0.73681640625 0.1336883544921875 0.0207672119140625 0.05731048583984375
1 0.78271484375 0.3256622314453125 0.021697998046875 0.06381072998046874
1 0.217529296875 0.3533966064453125 0.028594970703125 0.06018142700195313
1 0.8193359375 0.13639678955078124 0.0186920166015625 0.057635498046875
1 0.191650390625 0.676458740234375 0.03173828125 0.0565521240234375
1 0.3427734375 0.285577392578125 0.0257110595703125 0.06332321166992187
1 0.84912109375 0.770928955078125 0.037750244140625 0.06879425048828125
1 0.3544921875 0.8545654296875 0.02630615234375 0.05687713623046875
1 0.0386962890625 0.18709869384765626 0.0217742919921875 0.03499298095703125
0 0.8006052446041992 0.5936889648437498 0.049383602231880985 0.051622772216796765