1 0.12754303599374023 0.30925925925925923 0.027125717266562335 0.062037037037037036
1 0.48148148148148145 0.37777777777777777 0.02764736567553469 0.06759259259259259
1 0.2323943661971831 0.43194444444444446 0.03338549817423057 0.06388888888888888
1 0.4081898800208659 0.7773148148148148 0.03025560772039645 0.05092592592592592
0 0.19092331768388107 0.5916666666666667 0.054773082942097026 0.04259259259259259
1 0.6890975482524778 0.40324074074074073 0.02190923317683881 0.06666666666666667
0 0.8309859154929577 0.6518518518518519 0.053208137715179966 0.06481481481481481
1 0.16458007303077726 0.5013888888888889 0.03234220135628586 0.06666666666666667
1 0.35654668753260305 0.36018518518518516 0.01617110067814293 0.06296296296296296
1 0.2081377151799687 0.9629629629629629 0.03912363067292645 0.058333333333333334
1 0.49113197704747 0.3060185185185185 0.026604068857589983 0.06851851851851852
0 0.513302034428795 0.5638888888888889 0.028690662493479395 0.05555555555555555
0 0.10015649452269171 0.5814814814814815 0.05112154407929056 0.062037037037037036
1 0.563641105894627 0.31296296296296294 0.022430881585811163 0.062037037037037036
0 0.6734480959833072 0.5935185185185186 0.05372978612415232 0.05
1 0.7243088158581117 0.31342592592592594 0.026604068857589983 0.062037037037037036
1 0.414188836724048 0.38287037037037036 0.017214397496087636 0.032407407407407406
1 0.31690140845070425 0.3087962962962963 0.02190923317683881 0.062037037037037036
1 0.17970787689097548 0.4666666666666667 0.027125717266562335 0.06018518518518518
1 0.684924360980699 0.33611111111111114 0.02764736567553469 0.06018518518518518
1 0.0649452269170579 0.3939814814814815 0.02556077203964528 0.06388888888888888
1 0.9684402712571727 0.35324074074074074 0.028690662493479395 0.06111111111111111
0 0.4444444444444444 0.6273148148148148 0.047991653625456446 0.044444444444444446
1 0.33776734480959836 0.836574074074074 0.03547209181011998 0.049074074074074076
1 0.2811684924360981 0.2601851851851852 0.027125717266562335 0.07777777777777778
0 0.3192488262910798 0.5060185185185185 0.030777256129368807 0.04814814814814815
0 0.8322900365153886 0.5263888888888889 0.05268648930620762 0.04259259259259259
1 0.36958789775691187 0.21388888888888888 0.022430881585811163 0.07777777777777778
1 0.8505477308294209 0.3560185185185185 0.028169014084507043 0.06111111111111111
1 0.34167970787689095 0.9162037037037037 0.024517475221700575 0.058333333333333334
1 0.5297339593114241 0.3662037037037037 0.019300991131977047 0.06666666666666667
1 0.45957224830464266 0.33240740740740743 0.02556077203964528 0.06296296296296296
1 0.14345331246739698 0.22685185185185186 0.028169014084507043 0.06944444444444445
1 0.8568075117370892 0.950925925925926 0.03495044340114763 0.062037037037037036
1 0.8202921231090246 0.38333333333333336 0.026604068857589983 0.06111111111111111
1 0.3202921231090245 0.42685185185185187 0.02764736567553469 0.06759259259259259
1 0.3941053729786124 0.2935185185185185 0.027125717266562335 0.058333333333333334
1 0.495565988523735 0.9439814814814815 0.02608242044861763 0.053703703703703705
0 0.34220135628586335 0.5768518518518518 0.03234220135628586 0.032407407407407406
0 0.8171622326551904 0.4828703703703704 0.0297339593114241 0.06759259259259259
1 0.927490871152843 0.32731481481481484 0.0297339593114241 0.062037037037037036
1 0.8012519561815337 0.3509259259259259 0.03129890453834116 0.06296296296296296
1 0.7829942618675013 0.2777777777777778 0.02138758476786646 0.06296296296296296
1 0.8646322378716745 0.3148148148148148 0.022430881585811163 0.049074074074074076
1 0.09233176838810642 0.2023148148148148 0.02138758476786646 0.062037037037037036
1 0.8322900365153886 0.262037037037037 0.023995826812728223 0.06574074074074074
1 0.3252477829942619 0.22037037037037038 0.018779342723004695 0.0787037037037037
1 0.4131455399061033 0.33564814814814814 0.019300991131977047 0.06481481481481481
1 0.7918622848200313 0.30925925925925923 0.02556077203964528 0.06574074074074074
1 0.8794992175273866 0.2439814814814815 0.020865936358894107 0.06481481481481481
1 0.3202921231090245 0.875462962962963 0.03286384976525822 0.05277777777777778
1 0.8555033907146583 0.2833333333333333 0.028690662493479395 0.06481481481481481
1 0.19718309859154928 0.35 0.0198226395409494 0.03518518518518519
1 0.28821074595722485 0.18333333333333332 0.02608242044861763 0.06111111111111111
0 0.20031298904538342 0.6472222222222223 0.0495565988523735 0.04722222222222222
1 0.4360980699008868 0.26851851851851855 0.015127803860198226 0.05277777777777778