1 0.37402190923317685 0.6041666666666666 0.026604068857589983 0.06759259259259259
1 0.9480959833072509 0.6129629629629629 0.02764736567553469 0.06666666666666667
1 0.8291601460615545 0.6407407407407407 0.028690662493479395 0.062037037037037036
0 0.6984872196139802 0.55 0.04903495044340115 0.041666666666666664
1 0.26917057902973396 0.7231481481481481 0.028169014084507043 0.09166666666666666
0 0.832811684924361 0.425 0.05529473135106938 0.04814814814814815
0 0.4825247782994262 0.47175925925925927 0.04329681794470527 0.044444444444444446
1 0.5057381324986959 0.5893518518518519 0.02556077203964528 0.06851851851851852
1 0.2368283776734481 0.5962962962962963 0.03182055294731351 0.06018518518518518
1 0.6708398539384455 0.03194444444444444 0.03025560772039645 0.05740740740740741
1 0.8794992175273866 0.7314814814814815 0.03129890453834116 0.04351851851851852
1 0.31794470526864893 0.7425925925925926 0.02608242044861763 0.08425925925925926
1 0.7389149713093375 0.6763888888888889 0.023474178403755867 0.06388888888888888
0 0.7488262910798122 0.3662037037037037 0.04590505998956703 0.06759259259259259
1 0.18596765779864372 0.0699074074074074 0.03442879499217527 0.05555555555555555
1 0.40714658320292124 0.6851851851851852 0.023474178403755867 0.0712962962962963
1 0.7154407929055816 0.7032407407407407 0.023995826812728223 0.06296296296296296
1 0.86697965571205 0.6435185185185185 0.020865936358894107 0.06296296296296296
1 0.6476264997391757 0.6129629629629629 0.0198226395409494 0.06481481481481481
1 0.7157016171100679 0.6467592592592593 0.0297339593114241 0.06388888888888888
1 0.2764736567553469 0.6449074074074074 0.03025560772039645 0.06574074074074074
1 0.5412102243088158 0.6560185185185186 0.02138758476786646 0.06018518518518518
1 0.23630672926447574 0.2050925925925926 0.03390714658320292 0.053703703703703705
1 0.6692749087115284 0.6597222222222222 0.022430881585811163 0.06666666666666667
1 0.9848721961398018 0.7305555555555555 0.027125717266562335 0.07407407407407407
1 0.07068335941575378 0.5449074074074074 0.026604068857589983 0.062037037037037036
0 0.8938445487741262 0.38935185185185184 0.05268648930620762 0.05
1 0.6377151799687011 0.6856481481481481 0.018779342723004695 0.058333333333333334
1 0.3158581116327595 0.6375 0.027125717266562335 0.06666666666666667
0 0.36071987480438183 0.3439814814814815 0.04381846635367762 0.06296296296296296
1 0.33437663015127805 0.04490740740740741 0.02034428794992175 0.053703703703703705
0 0.4624413145539906 0.5203703703703704 0.04277516953573292 0.053703703703703705
1 0.15049556598852373 0.5532407407407407 0.0297339593114241 0.06574074074074074
1 0.20500782472613457 0.6300925925925925 0.028169014084507043 0.06296296296296296
1 0.1807511737089202 0.15 0.024517475221700575 0.053703703703703705
1 0.18805425143453314 0.6949074074074074 0.023474178403755867 0.06018518518518518
1 0.06964006259780908 0.6680555555555555 0.038601982263954095 0.09074074074074075
1 0.346113719353156 0.6324074074074074 0.018779342723004695 0.06759259259259259
1 0.33776734480959836 0.6851851851851852 0.018257694314032343 0.07037037037037037
1 0.14893062076160668 0.7337962962962963 0.02608242044861763 0.07962962962962963
1 0.20031298904538342 0.7680555555555556 0.020865936358894107 0.0712962962962963
1 0.7454355764214919 0.7384259259259259 0.02764736567553469 0.06296296296296296
0 0.8124673969744393 0.2689814814814815 0.054773082942097026 0.040740740740740744
1 0.17344809598330724 0.7958333333333333 0.028169014084507043 0.062037037037037036
1 0.8309859154929577 0.7064814814814815 0.022952529994783515 0.06388888888888888
1 0.6541471048513302 0.7236111111111111 0.02190923317683881 0.05555555555555555
1 0.795774647887324 0.7013888888888888 0.0198226395409494 0.06481481481481481
0 0.7762128325508607 0.538425925925926 0.0495565988523735 0.040740740740740744
1 0.24804381846635368 0.7777777777777778 0.019300991131977047 0.06851851851851852
1 0.5858111632759521 0.675 0.02190923317683881 0.06111111111111111
0 0.7858633281168492 0.4925925925925926 0.05268648930620762 0.04537037037037037
1 0.16118935837245696 0.11064814814814815 0.024517475221700575 0.058333333333333334
0 0.1011997913406364 0.31527777777777777 0.057902973395931145 0.04814814814814815
1 0.10146061554512259 0.888425925925926 0.02190923317683881 0.07037037037037037
1 0.4473135106937924 0.7768518518518519 0.0198226395409494 0.06481481481481481
1 0.9616588419405321 0.7652777777777777 0.02556077203964528 0.05648148148148148
1 0.5224308815858112 0.7046296296296296 0.030777256129368807 0.0787037037037037
1 0.01278038601982264 0.7523148148148148 0.02034428794992175 0.07962962962962963
1 0.04825247782994262 0.5805555555555556 0.02764736567553469 0.04722222222222222
0 0.5513823682837767 0.3472222222222222 0.057902973395931145 0.05925925925925926
1 0.8823682837767345 0.6837962962962963 0.03338549817423057 0.046296296296296294
1 0.010172143974960876 0.5060185185185185 0.018257694314032343 0.06851851851851852
1 0.8513302034428795 0.6013888888888889 0.03182055294731351 0.06759259259259259