0 0.47021484375 0.3680555555555556 0.044677734375 0.04196506076388889
0 0.6845703125 0.6362847222222222 0.051849365234375 0.04641384548611111
0 0.57275390625 0.3606770833333333 0.04595947265625 0.04283311631944445
0 0.66015625 0.4704861111111111 0.04620361328125 0.04258897569444445
0 0.53662109375 0.6675347222222222 0.051666259765625 0.043158637152777776
0 0.464111328125 0.4084201388888889 0.044189453125 0.04942491319444445
0 0.15625 0.4969618055555556 0.050323486328125 0.04847547743055555
0 0.8759765625 0.8068576388888888 0.053192138671875 0.051432291666666664
0 0.5703125 0.4605034722222222 0.04595947265625 0.04163953993055555
0 0.249755859375 0.5707465277777778 0.0521240234375 0.04391818576388889
0 0.7275390625 0.3908420138888889 0.0469970703125 0.04258897569444445
0 0.93017578125 0.3687065972222222 0.048858642578125 0.04123263888888889
0 0.1943359375 0.3049045138888889 0.04559326171875 0.04212782118055555
0 0.50244140625 0.4830729166666667 0.042572021484375 0.03976779513888889
0 0.8642578125 0.4796006944444444 0.047698974609375 0.04383680555555555
0 0.55615234375 0.3023003472222222 0.04217529296875 0.04416232638888889
0 0.02352142333984375 0.5399305555555556 0.0470428466796875 0.04307725694444445
0 0.0153656005859375 0.3810763888888889 0.0301513671875 0.04359266493055555
0 0.205322265625 0.4548611111111111 0.049041748046875 0.044759114583333336
0 0.93896484375 0.6818576388888888 0.052520751953125 0.04641384548611111
0 0.28050595238095255 0.36640211640211645 0.04613095238095237 0.0714285714285714
0 0.5450148809523813 0.5496031746031748 0.054315476190476275 0.06746031746031748