0 0.25234375 0.6069444444444444 0.0484375 0.044444444444444446
0 0.5096354166666667 0.5625 0.049479166666666664 0.03981481481481482
0 0.33828125 0.5296296296296297 0.0484375 0.04259259259259259
0 0.48333333333333334 0.43148148148148147 0.04791666666666667 0.062037037037037036
1 0.12005208333333334 0.7060185185185185 0.03229166666666667 0.07407407407407407
0 0.04088541666666667 0.562962962962963 0.044270833333333336 0.03796296296296296
0 0.05416666666666667 0.2412037037037037 0.05520833333333333 0.06574074074074074
0 0.97109375 0.6537037037037037 0.05 0.07222222222222222
0 0.96015625 0.7337962962962963 0.04635416666666667 0.040740740740740744
1 0.22890625 0.7444444444444445 0.026041666666666668 0.06111111111111111
1 0.59609375 0.7240740740740741 0.021354166666666667 0.07777777777777778
0 0.4473958333333333 0.6314814814814815 0.025 0.06759259259259259
0 0.48723958333333334 0.6064814814814815 0.05520833333333333 0.05462962962962963