1 0.5803338549817423 0.40555555555555556 0.026604068857589983 0.06296296296296296
1 0.31846635367762127 0.2902777777777778 0.0198226395409494 0.05740740740740741
1 0.08972352634324465 0.39305555555555555 0.0297339593114241 0.08333333333333333
1 0.30855503390714656 0.7888888888888889 0.03390714658320292 0.05277777777777778
1 0.5993740219092332 0.3449074074074074 0.028169014084507043 0.062037037037037036
1 0.7297861241523214 0.3365740740740741 0.0198226395409494 0.053703703703703705
0 0.08581116327595201 0.5425925925925926 0.03755868544600939 0.05277777777777778
1 0.24621804903495045 0.9231481481481482 0.02034428794992175 0.058333333333333334
1 0.099113197704747 0.9689814814814814 0.04277516953573292 0.05555555555555555
0 0.8528951486697965 0.4300925925925926 0.029212310902451747 0.05277777777777778
1 0.8583724569640062 0.3236111111111111 0.027125717266562335 0.06296296296296296
0 0.5581637976004173 0.6560185185185186 0.048513302034428794 0.06018518518518518
1 0.13928012519561817 0.4412037037037037 0.03390714658320292 0.0712962962962963
1 0.6431924882629108 0.31574074074074077 0.029212310902451747 0.06574074074074074
1 0.702660406885759 0.30648148148148147 0.019300991131977047 0.07037037037037037
0 0.34533124673969745 0.6273148148148148 0.047991653625456446 0.046296296296296294
1 0.2681272822117893 0.3685185185185185 0.027125717266562335 0.06296296296296296
1 0.40245174752217006 0.37037037037037035 0.028169014084507043 0.06759259259259259
1 0.12206572769953052 0.32731481481481484 0.040166927490871154 0.08703703703703704
1 0.4747000521648409 0.3101851851851852 0.02608242044861763 0.06481481481481481
1 0.24700052164840897 0.8384259259259259 0.03442879499217527 0.053703703703703705
1 0.0782472613458529 0.47824074074074074 0.030777256129368807 0.06111111111111111
1 0.30568596765779865 0.38796296296296295 0.017214397496087636 0.02962962962962963
1 0.24413145539906103 0.30277777777777776 0.028169014084507043 0.062037037037037036
1 0.8862806468440271 0.3537037037037037 0.026604068857589983 0.06851851851851852
1 0.7994261867501304 0.25092592592592594 0.018779342723004695 0.06111111111111111
1 0.7490871152842984 0.9629629629629629 0.028690662493479395 0.06018518518518518
1 0.7196139801773604 0.38055555555555554 0.022430881585811163 0.06851851851851852
0 0.9381846635367762 0.5027777777777778 0.05372978612415232 0.04259259259259259
1 0.21961398017736045 0.4356481481481482 0.02608242044861763 0.07222222222222222
0 0.7433489827856025 0.6291666666666667 0.04329681794470527 0.06111111111111111
0 0.6103286384976526 0.4828703703703704 0.0505998956703182 0.044444444444444446
1 0.2962962962962963 0.20601851851851852 0.02190923317683881 0.06851851851851852
1 0.2279603547209181 0.8861111111111111 0.03234220135628586 0.053703703703703705
1 0.3369848721961398 0.3435185185185185 0.025039123630672927 0.06759259259259259
1 0.40245174752217006 0.3055555555555556 0.02608242044861763 0.06666666666666667
0 0.12258737610850287 0.6685185185185185 0.03025560772039645 0.06111111111111111
1 0.4394887845592071 0.3787037037037037 0.028690662493479395 0.06388888888888888
1 0.07172665623369849 0.21851851851851853 0.02764736567553469 0.05092592592592592
1 0.8453312467396974 0.27175925925925926 0.024517475221700575 0.06666666666666667
1 0.37506520605112154 0.34120370370370373 0.018257694314032343 0.06574074074074074
0 0.6202399582681273 0.5152777777777777 0.05372978612415232 0.06388888888888888
1 0.06259780907668232 0.23796296296296296 0.03234220135628586 0.06296296296296296
1 0.20422535211267606 0.26064814814814813 0.03129890453834116 0.08148148148148149
0 0.21439749608763695 0.6324074074074074 0.054773082942097026 0.04537037037037037
1 0.02686489306207616 0.3333333333333333 0.02764736567553469 0.06018518518518518
1 0.2576943140323422 0.22870370370370371 0.02764736567553469 0.06851851851851852
0 0.9306207616066771 0.4564814814814815 0.050078247261345854 0.04351851851851852
1 0.027386541471048513 0.2074074074074074 0.03182055294731351 0.06018518518518518
1 0.8422013562858633 0.3074074074074074 0.02764736567553469 0.06666666666666667
1 0.4014084507042254 0.9402777777777778 0.02556077203964528 0.053703703703703705
0 0.12597809076682315 0.5916666666666667 0.05372978612415232 0.058333333333333334
1 0.7636932707355243 0.2638888888888889 0.024517475221700575 0.06388888888888888
1 0.37167449139280123 0.24675925925925926 0.028690662493479395 0.07037037037037037
1 0.21935315597287428 0.1962962962962963 0.017214397496087636 0.062037037037037036
1 0.775169535732916 0.35324074074074074 0.026604068857589983 0.06388888888888888
1 0.9314032342201356 0.3527777777777778 0.02556077203964528 0.04814814814814815
1 0.9162754303599374 0.3837962962962963 0.037037037037037035 0.062037037037037036
1 0.2005738132498696 0.24351851851851852 0.018779342723004695 0.02962962962962963
1 0.7900365153886281 0.31203703703703706 0.0198226395409494 0.05
1 0.775169535732916 0.2962962962962963 0.027125717266562335 0.06481481481481481
1 0.2631716223265519 0.35324074074074074 0.011997913406364111 0.02962962962962963
1 0.8792383933229003 0.2810185185185185 0.014606155451225874 0.05462962962962963
1 0.06155451225873761 0.5120370370370371 0.027125717266562335 0.06574074074074074
1 0.7545644235785081 0.2388888888888889 0.018257694314032343 0.06851851851851852
0 0.9783515910276473 0.6333333333333333 0.04121022430881586 0.06574074074074074