0 0.7880859375 0.3474392361111111 0.047088623046875 0.04139539930555555
0 0.69384765625 0.3322482638888889 0.044921875 0.04307725694444445
1 0.8583984375 0.9149305555555556 0.0287628173828125 0.0773654513888889
0 0.7890625 0.3943142361111111 0.048492431640625 0.043511284722222224
0 0.7578125 0.4609375 0.044921875 0.04275173611111111
0 0.05718994140625 0.3767361111111111 0.049591064453125 0.03955078125
0 0.193603515625 0.3552517361111111 0.047882080078125 0.040473090277777776
0 0.48583984375 0.291015625 0.045684814453125 0.04052734375
0 0.9813308715820312 0.5221354166666666 0.0373382568359375 0.05211046006944445
0 0.2890625 0.7842881944444444 0.055206298828125 0.07552083333333333
0 0.857421875 0.8324652777777778 0.05889892578125 0.048394097222222224
0 0.9892234802246094 0.3923611111111111 0.02155303955078125 0.03917100694444445
1 0.8828125000000002 0.9179894179894182 0.018601190476190393 0.0714285714285714