1 0.8818359375 0.16218109130859376 0.03143310546875 0.061102294921875
1 0.380126953125 0.585455322265625 0.0284423828125 0.059423065185546874
0 0.2235107421875 0.47841796875 0.034759521484375 0.06440658569335937
0 0.76025390625 0.523919677734375 0.054901123046875 0.04563713073730469
0 0.08538818359375 0.57288818359375 0.0341796875 0.06180648803710938
1 0.29345703125 0.767462158203125 0.0236968994140625 0.06879425048828125
1 0.389892578125 0.3776641845703125 0.03277587890625 0.06613998413085938
0 0.32763671875 0.6534912109375 0.05145263671875 0.07681121826171874
1 0.086181640625 0.96116943359375 0.04296875 0.048508071899414064
1 0.337890625 0.3152618408203125 0.0257110595703125 0.06500244140625
1 0.53955078125 0.3588134765625 0.02044677734375 0.05839385986328125
1 0.06982421875 0.620123291015625 0.03594970703125 0.06852340698242188
1 0.411376953125 0.3533966064453125 0.0248870849609375 0.06310653686523438
1 0.91357421875 0.417315673828125 0.023101806640625 0.0639190673828125
0 0.150634765625 0.63182373046875 0.0374755859375 0.07415695190429687
0 0.246337890625 0.5494873046875 0.049224853515625 0.048047637939453124
1 0.78271484375 0.37701416015625 0.0306243896484375 0.06516494750976562
1 0.44384765625 0.267376708984375 0.019866943359375 0.05546875
1 0.962890625 0.3867645263671875 0.029144287109375 0.07144851684570312
1 0.6884765625 0.3806976318359375 0.02630615234375 0.062023162841796875
0 0.33251953125 0.510052490234375 0.0289306640625 0.054954147338867186
0 0.6259765625 0.48795166015625 0.0457763671875 0.044607925415039065
1 0.71728515625 0.3260955810546875 0.0302734375 0.060398101806640625
1 0.454345703125 0.28427734375 0.027069091796875 0.06727752685546876
1 0.73681640625 0.3568634033203125 0.018768310546875 0.05557708740234375
1 0.490966796875 0.3830810546875 0.0289764404296875 0.06906509399414062
1 0.063232421875 0.19847412109375 0.024139404296875 0.055062484741210935
1 0.53662109375 0.3941314697265625 0.0207672119140625 0.060506439208984374
1 0.8466796875 0.396514892578125 0.03192138671875 0.06603164672851562
0 0.7021484375 0.5910888671875 0.0265045166015625 0.051622772216796876
1 0.5478515625 0.27041015625 0.028656005859375 0.06841506958007812
1 0.6103515625 0.10167465209960938 0.0169219970703125 0.06879425048828125
1 0.4794921875 0.334979248046875 0.0194244384765625 0.06673583984375
1 0.35546875 0.3798309326171875 0.0230712890625 0.0574188232421875
1 0.1580810546875 0.3588134765625 0.029876708984375 0.063702392578125
1 0.681640625 0.321978759765625 0.020294189453125 0.05213737487792969
1 0.70751953125 0.953369140625 0.0272674560546875 0.05774383544921875
1 0.94287109375 0.169873046875 0.0204925537109375 0.06440658569335937
1 0.054107666015625 0.64742431640625 0.0345458984375 0.0665191650390625
1 0.69873046875 0.08964920043945312 0.01282501220703125 0.065869140625
1 0.89404296875 0.3772308349609375 0.0264129638671875 0.05414161682128906
1 0.75537109375 0.311578369140625 0.026458740234375 0.06624832153320312
1 0.9814453125 0.1488555908203125 0.027374267578125 0.06310653686523438
1 0.6064453125 0.224908447265625 0.0180206298828125 0.04777679443359375
1 0.5146484375 0.2307586669921875 0.01473236083984375 0.042061996459960935
1 0.30029296875 0.165106201171875 0.0184783935546875 0.065869140625
1 0.36669921875 0.2836273193359375 0.0248870849609375 0.06299819946289062
1 0.94873046875 0.9655029296875 0.0262603759765625 0.05633544921875
1 0.91748046875 0.245709228515625 0.032470703125 0.0738861083984375
1 0.1871337890625 0.159906005859375 0.02276611328125 0.059964752197265624
1 0.96533203125 0.3286956787109375 0.033843994140625 0.062835693359375
1 0.7158203125 0.9135009765625 0.025909423828125 0.05861053466796875
1 0.68994140625 0.1098541259765625 0.01483917236328125 0.06223983764648437
1 0.7421875 0.26260986328125 0.022979736328125 0.06500244140625
0 0.98046875 0.563787841796875 0.041473388671875 0.04812889099121094
1 0.2313232421875 0.2658599853515625 0.02752685546875 0.050566482543945315
1 0.919921875 0.3174285888671875 0.029815673828125 0.06944427490234376
0 0.161865234375 0.471484375 0.0300445556640625 0.0587188720703125
1 0.49365234375 0.2860107421875 0.021240234375 0.07182769775390625
1 0.309814453125 0.3726806640625 0.033599853515625 0.06906509399414062
1 0.0144500732421875 0.2836273193359375 0.02801513671875 0.06765670776367187
1 0.036224365234375 0.2548095703125 0.036834716796875 0.06548995971679687
1 0.7119140625 0.2901275634765625 0.021087646484375 0.0457183837890625
1 0.2156982421875 0.3399627685546875 0.0295867919921875 0.06576080322265625
1 0.83154296875 0.253509521484375 0.02691650390625 0.06879425048828125
1 0.693359375 0.1995574951171875 0.023651123046875 0.07193603515625
1 0.77587890625 0.20941619873046874 0.0235595703125 0.05633544921875
0 0.021240234375 0.529119873046875 0.039337158203125 0.044689178466796875
1 0.2017822265625 0.2420257568359375 0.019378662109375 0.049537277221679686
1 0.9599609375 0.055062484741210935 0.0163421630859375 0.0693359375
1 0.296142578125 0.726727294921875 0.02215576171875 0.06251068115234375
1 0.720703125 0.790863037109375 0.0328369140625 0.050078964233398436
1 0.09234619140625 0.2480926513671875 0.0261993408203125 0.0561187744140625
1 0.92529296875 0.90050048828125 0.035064697265625 0.051622772216796876
1 0.5205078125 0.3126617431640625 0.0293121337890625 0.07155685424804688
1 0.720703125 0.854998779296875 0.0266571044921875 0.06727752685546876
1 0.1727294921875 0.4248992919921875 0.02886962890625 0.0535186767578125
1 0.85986328125 0.3503631591796875 0.0305633544921875 0.046774673461914065
1 0.318115234375 0.2030242919921875 0.0230712890625 0.0587188720703125
1 0.5810546875 0.95423583984375 0.0309600830078125 0.0461517333984375
1 0.72705078125 0.2376922607421875 0.01483917236328125 0.0613189697265625
1 0.48291015625 0.569854736328125 0.0289764404296875 0.08401565551757813
1 0.375732421875 0.2112579345703125 0.023773193359375 0.04923934936523437
1 0.1519775390625 0.293377685546875 0.0325927734375 0.06787338256835937
1 0.64013671875 0.4365997314453125 0.0194549560546875 0.048589324951171874
1 0.468017578125 0.863232421875 0.0352783203125 0.05666046142578125
1 0.2073974609375 0.18124847412109374 0.0177154541015625 0.061914825439453126
0 0.974609375 0.09051589965820313 0.032958984375 0.06635665893554688
1 0.88330078125 0.249609375 0.0247955322265625 0.07009429931640625
1 0.10797119140625 0.1666229248046875 0.01971435546875 0.06121063232421875