1 0.6953125 0.8198974609375 0.022796630859375 0.0565521240234375
1 0.13232421875 0.720660400390625 0.045440673828125 0.06121063232421875
0 0.1591796875 0.440716552734375 0.03662109375 0.05796051025390625
0 0.9345703125 0.597589111328125 0.056854248046875 0.043687057495117185
1 0.9609375 0.03466796875 0.0169830322265625 0.0665191650390625
1 0.63330078125 0.60582275390625 0.0191192626953125 0.05644378662109375
1 0.6748046875 0.1913238525390625 0.0227203369140625 0.06332321166992187
0 0.916015625 0.529119873046875 0.03216552734375 0.05232696533203125
1 0.8525390625 0.416015625 0.032470703125 0.0673858642578125
0 0.80859375 0.483184814453125 0.03167724609375 0.06673583984375
0 0.47216796875 0.480584716796875 0.05419921875 0.044689178466796875
0 0.348388671875 0.484051513671875 0.051361083984375 0.04536628723144531
1 0.8369140625 0.8614990234375 0.033599853515625 0.054954147338867186
1 0.4482421875 0.90916748046875 0.021575927734375 0.058502197265625
1 0.267578125 0.2814605712890625 0.0228424072265625 0.061914825439453126
0 0.126220703125 0.5113525390625 0.054595947265625 0.040464019775390624
1 0.296142578125 0.726727294921875 0.035491943359375 0.04923934936523437
1 0.0304412841796875 0.713726806640625 0.038604736328125 0.06776504516601563
0 0.037261962890625 0.405615234375 0.03448486328125 0.05476455688476563
1 0.037200927734375 0.79302978515625 0.029754638671875 0.052435302734375
1 0.5732421875 0.762261962890625 0.0278472900390625 0.052435302734375
1 0.91015625 0.701593017578125 0.028167724609375 0.06169815063476562
1 0.74951171875 0.2134246826171875 0.024932861328125 0.059423065185546874
1 0.48095703125 0.383514404296875 0.0313720703125 0.06007308959960937
1 0.6376953125 0.3776641845703125 0.025421142578125 0.07036514282226562
1 0.7216796875 0.18124847412109374 0.0258026123046875 0.065869140625
1 0.404296875 0.2229583740234375 0.0257568359375 0.058935546875
1 0.327880859375 0.81903076171875 0.025665283203125 0.084503173828125
1 0.693359375 0.3325958251953125 0.015960693359375 0.07074432373046875
1 0.87841796875 0.3585968017578125 0.023284912109375 0.05731048583984375
1 0.1400146484375 0.2918609619140625 0.02752685546875 0.06359405517578125
1 0.79248046875 0.34234619140625 0.0188751220703125 0.06121063232421875
1 0.34423828125 0.2883941650390625 0.0303802490234375 0.06576080322265625
1 0.486083984375 0.786962890625 0.0235137939453125 0.05557708740234375
1 0.307373046875 0.3126617431640625 0.0211639404296875 0.06548995971679687
1 0.493896484375 0.2086578369140625 0.0185089111328125 0.055902099609375
1 0.65478515625 0.2961944580078125 0.0295867919921875 0.07074432373046875
1 0.52880859375 0.225341796875 0.0252227783203125 0.058935546875
1 0.446533203125 0.2597930908203125 0.025177001953125 0.06381072998046874
1 0.07574462890625 0.31461181640625 0.04083251953125 0.0673858642578125
1 0.78564453125 0.2749603271484375 0.03125 0.07209854125976563
1 0.962890625 0.2753936767578125 0.0258636474609375 0.06343154907226563
0 0.46240234375 0.55902099609375 0.0517578125 0.04555587768554688
1 0.1585693359375 0.195440673828125 0.017181396484375 0.0613189697265625
1 0.4248046875 0.32154541015625 0.0196380615234375 0.0569854736328125
1 0.84033203125 0.33021240234375 0.026763916015625 0.06749420166015625
1 0.74072265625 0.0994537353515625 0.023101806640625 0.05806884765625
1 0.44482421875 0.364013671875 0.0322265625 0.05666046142578125
1 0.55419921875 0.83203125 0.028167724609375 0.044255828857421874
1 0.09686279296875 0.2485260009765625 0.0295867919921875 0.053329086303710936
1 0.88720703125 0.2129913330078125 0.0312042236328125 0.0639190673828125
1 0.55419921875 0.313311767578125 0.026763916015625 0.04972686767578125
1 0.0120086669921875 0.627056884765625 0.023651123046875 0.05094566345214844
1 0.81982421875 0.2069244384765625 0.023468017578125 0.05579376220703125
1 0.4228515625 0.7956298828125 0.038818359375 0.0695526123046875
1 0.192138671875 0.14788055419921875 0.017852783203125 0.053437423706054685
1 0.036895751953125 0.2524261474609375 0.0309600830078125 0.0639190673828125
1 0.3134765625 0.2580596923828125 0.0164642333984375 0.05709381103515625
1 0.9482421875 0.397381591796875 0.0255126953125 0.05953140258789062
1 0.93115234375 0.3221954345703125 0.028167724609375 0.06418991088867188
1 0.02484130859375 0.19706573486328124 0.01763916015625 0.0457183837890625
1 0.82568359375 0.288177490234375 0.0233306884765625 0.0565521240234375
1 0.99169921875 0.22620849609375 0.0165863037109375 0.0537353515625
1 0.6328125 0.693359375 0.02423095703125 0.06429824829101563
1 0.9267578125 0.24354248046875 0.0226287841796875 0.06440658569335937
1 0.630859375 0.2582763671875 0.02337646484375 0.05687713623046875
1 0.5703125 0.19576568603515626 0.0182647705078125 0.0587188720703125
1 0.00989532470703125 0.3172119140625 0.0197906494140625 0.04393081665039063
1 0.18212890625 0.250042724609375 0.0238189697265625 0.03350334167480469
1 0.90087890625 0.303778076171875 0.03131103515625 0.0613189697265625
1 0.89306640625 0.11023330688476562 0.01049041748046875 0.026447868347167967
1 0.318603515625 0.19847412109375 0.024383544921875 0.04165573120117187
1 0.0782470703125 0.17940673828125 0.02069091796875 0.04988937377929688