1 0.33307291666666666 0.17453703703703705 0.019270833333333334 0.06481481481481481
0 0.4979166666666667 0.44907407407407407 0.043229166666666666 0.05
0 0.6619791666666667 0.7490740740740741 0.052083333333333336 0.07592592592592592
0 0.43072916666666666 0.5791666666666667 0.04114583333333333 0.06944444444444445
0 0.30234375 0.36898148148148147 0.04739583333333333 0.044444444444444446
0 0.8046875 0.4134259259259259 0.028125 0.07037037037037037
0 0.7705729166666667 0.46620370370370373 0.05364583333333333 0.049074074074074076
0 0.0234375 0.2791666666666667 0.0265625 0.05185185185185185
0 0.8315104166666667 0.2814814814814815 0.041666666666666664 0.04351851851851852
0 0.2984375 0.32407407407407407 0.043229166666666666 0.041666666666666664
0 0.09088541666666666 0.5861111111111111 0.05520833333333333 0.053703703703703705
0 0.22708333333333333 0.5101851851851852 0.05260416666666667 0.04814814814814815
0 0.8078125 0.24953703703703703 0.046875 0.03611111111111111
0 0.9395833333333333 0.549074074074074 0.0328125 0.06111111111111111
0 0.04895833333333333 0.33611111111111114 0.05260416666666667 0.05
0 0.5895833333333333 0.31574074074074077 0.04114583333333333 0.041666666666666664
1 0.31328125 0.17083333333333334 0.016145833333333335 0.04722222222222222