0 0.60302734375 0.490985107421875 0.029815673828125 0.05882720947265625
0 0.54296875 0.500518798828125 0.027801513671875 0.059964752197265624
0 0.07891845703125 0.406915283203125 0.030914306640625 0.060289764404296876
1 0.74072265625 0.405181884765625 0.0220794677734375 0.07291107177734375
0 0.48828125 0.66995849609375 0.047515869140625 0.055062484741210935
1 0.8046875 0.28427734375 0.0306243896484375 0.06603164672851562
1 0.18212890625 0.3744140625 0.033203125 0.05774383544921875
1 0.93310546875 0.3187286376953125 0.035003662109375 0.06635665893554688
1 0.56591796875 0.3633636474609375 0.0208892822265625 0.061589813232421874
1 0.437255859375 0.3789642333984375 0.019195556640625 0.06142730712890625
1 0.6552734375 0.623590087890625 0.031982421875 0.0855865478515625
1 0.69970703125 0.4108154296875 0.0174407958984375 0.0730194091796875
0 0.56689453125 0.558154296875 0.048583984375 0.04300994873046875
0 0.40625 0.510919189453125 0.053314208984375 0.044689178466796875
1 0.96533203125 0.93516845703125 0.039276123046875 0.061914825439453126
1 0.66162109375 0.20334930419921876 0.0202178955078125 0.05622711181640625
0 0.5693359375 0.68382568359375 0.042633056640625 0.0578521728515625
1 0.5576171875 0.447216796875 0.0225372314453125 0.05882720947265625
1 0.89599609375 0.3598968505859375 0.03021240234375 0.047316360473632815
0 0.84814453125 0.689459228515625 0.057373046875 0.0591522216796875
1 0.95263671875 0.403448486328125 0.0311431884765625 0.08141555786132812
1 0.463623046875 0.305511474609375 0.02484130859375 0.054439544677734375
1 0.5556640625 0.3100616455078125 0.020721435546875 0.05953140258789062
1 0.386962890625 0.3434295654296875 0.02838134765625 0.0522186279296875
1 0.65380859375 0.3172119140625 0.022979736328125 0.061914825439453126
0 0.640625 0.6812255859375 0.03662109375 0.05687713623046875
1 0.89013671875 0.230108642578125 0.0271148681640625 0.063702392578125
1 0.140869140625 0.334112548828125 0.037811279296875 0.07334442138671875
0 0.85888671875 0.53128662109375 0.053314208984375 0.0457183837890625
1 0.7802734375 0.19674072265625 0.021820068359375 0.06099395751953125
1 0.6015625 0.4296661376953125 0.0272674560546875 0.05644378662109375
1 0.61669921875 0.1128875732421875 0.0179901123046875 0.06099395751953125
1 0.2315673828125 0.3208953857421875 0.0279083251953125 0.05926055908203125
1 0.63916015625 0.42208251953125 0.0194244384765625 0.06343154907226563
1 0.2178955078125 0.38394775390625 0.0202178955078125 0.04915809631347656
1 0.86865234375 0.15676422119140626 0.0295867919921875 0.07784042358398438
1 0.67578125 0.35968017578125 0.0194549560546875 0.06516494750976562
1 0.6865234375 0.1549224853515625 0.0189361572265625 0.05861053466796875
1 0.7548828125 0.3031280517578125 0.0302734375 0.0656524658203125
1 0.97509765625 0.3364959716796875 0.0306243896484375 0.07020263671875
1 0.5498046875 0.1960906982421875 0.019683837890625 0.07486114501953126
0 0.52490234375 0.809063720703125 0.0213623046875 0.06169815063476562
1 0.51953125 0.773095703125 0.0165863037109375 0.05384368896484375
1 0.7333984375 0.3588134765625 0.0163421630859375 0.05953140258789062
1 0.3388671875 0.660858154296875 0.04534912109375 0.09322433471679688
1 0.061767578125 0.3464630126953125 0.03656005859375 0.07074432373046875
1 0.71533203125 0.335845947265625 0.02532958984375 0.068902587890625
1 0.378662109375 0.3033447265625 0.0174407958984375 0.050078964233398436
1 0.0704345703125 0.294677734375 0.035675048828125 0.05601043701171875
0 0.69580078125 0.574188232421875 0.0531005859375 0.04536628723144531
1 0.6201171875 0.24180908203125 0.0252227783203125 0.0569854736328125
1 0.193115234375 0.2398590087890625 0.034942626953125 0.06381072998046874
1 0.81494140625 0.90050048828125 0.0310211181640625 0.05476455688476563
1 0.3037109375 0.18644866943359376 0.0205230712890625 0.07009429931640625
1 0.98583984375 0.2181915283203125 0.024932861328125 0.07090682983398437
1 0.953125 0.060398101806640625 0.0164031982421875 0.06576080322265625
1 0.57666015625 0.62662353515625 0.0199127197265625 0.05384368896484375
1 0.29150390625 0.2749603271484375 0.019989013671875 0.05311241149902344
1 0.0455322265625 0.788262939453125 0.04296875 0.06251068115234375
1 0.6201171875 0.34061279296875 0.0240020751953125 0.0608856201171875
1 0.81689453125 0.19403228759765626 0.027801513671875 0.06917343139648438
1 0.9541015625 0.25220947265625 0.031494140625 0.060398101806640625
1 0.4443359375 0.2571929931640625 0.0209197998046875 0.042441177368164065
1 0.56640625 0.2437591552734375 0.01554107666015625 0.06180648803710938
1 0.97607421875 0.87623291015625 0.044281005859375 0.06007308959960937
1 0.7412109375 0.1683563232421875 0.02630615234375 0.06018142700195313
1 0.6904296875 0.3026947021484375 0.0215301513671875 0.0695526123046875
1 0.0830078125 0.2433258056640625 0.0328369140625 0.07117767333984375
1 0.2158203125 0.91610107421875 0.0259552001953125 0.05202903747558594
1 0.712890625 0.101837158203125 0.0221099853515625 0.068035888671875
1 0.90673828125 0.273876953125 0.0262603759765625 0.04934768676757813
1 0.045013427734375 0.661724853515625 0.0302734375 0.052814483642578125
1 0.71484375 0.262176513671875 0.0276947021484375 0.05601043701171875
1 0.2568359375 0.2355255126953125 0.0271148681640625 0.06121063232421875
1 0.2208251953125 0.2576263427734375 0.0245208740234375 0.05154151916503906
1 0.410888671875 0.2645599365234375 0.0212860107421875 0.04336204528808594
1 0.043212890625 0.2259918212890625 0.031982421875 0.07036514282226562
1 0.341064453125 0.2775604248046875 0.021820068359375 0.044770431518554685
1 0.51171875 0.06635665893554688 0.024566650390625 0.07767791748046875
1 0.607421875 0.3932647705078125 0.0237274169921875 0.048508071899414064
0 0.720703125 0.702459716796875 0.050140380859375 0.061102294921875
1 0.178955078125 0.85543212890625 0.0265045166015625 0.06240234375
1 0.2322998046875 0.282110595703125 0.02508544921875 0.0578521728515625
1 0.0233306884765625 0.19576568603515626 0.022796630859375 0.054872894287109376
1 0.6142578125 0.20053253173828126 0.0190887451171875 0.04563713073730469
1 0.11199951171875 0.2528594970703125 0.0247955322265625 0.047316360473632815
0 0.29150390625 0.477117919921875 0.03533935546875 0.055902099609375
1 0.049041748046875 0.62489013671875 0.0310821533203125 0.05384368896484375
1 0.27197265625 0.189373779296875 0.021240234375 0.054439544677734375
1 0.861328125 0.477984619140625 0.0316162109375 0.05251655578613281
1 0.97998046875 0.7193603515625 0.033966064453125 0.0673858642578125
0 0.048126220703125 0.530853271484375 0.05126953125 0.04661216735839844
1 0.62255859375 0.3083282470703125 0.018798828125 0.047939300537109375
1 0.34326171875 0.9759033203125 0.02685546875 0.04823722839355469
1 0.7470703125 0.12794647216796876 0.01666259765625 0.04300994873046875
1 0.12322998046875 0.2775604248046875 0.0257568359375 0.0426849365234375
1 0.429443359375 0.4123321533203125 0.0169219970703125 0.05806884765625
1 0.9775390625 0.799530029296875 0.041534423828125 0.08233642578125
1 0.64013671875 0.285577392578125 0.017913818359375 0.05362701416015625