1 0.6846635367762128 0.4513888888888889 0.024517475221700575 0.05462962962962963
1 0.07511737089201878 0.39490740740740743 0.03912363067292645 0.06111111111111111
1 0.7323943661971831 0.9171296296296296 0.02608242044861763 0.058333333333333334
1 0.08998435054773082 0.22546296296296298 0.028169014084507043 0.05648148148148148
0 0.07068335941575378 0.5375 0.054773082942097026 0.04351851851851852
0 0.35837245696400627 0.49953703703703706 0.050078247261345854 0.04351851851851852
1 0.46896191966614503 0.3736111111111111 0.026604068857589983 0.06759259259259259
1 0.19848721961398016 0.3625 0.02190923317683881 0.06111111111111111
1 0.15675534689619197 0.8796296296296297 0.03808033385498174 0.062037037037037036
1 0.704225352112676 0.7444444444444445 0.03547209181011998 0.05185185185185185
1 0.3568075117370892 0.2449074074074074 0.018257694314032343 0.049074074074074076
1 0.6708398539384455 0.1162037037037037 0.01564945226917058 0.06388888888888888
1 0.056859676577986434 0.2638888888888889 0.03129890453834116 0.06388888888888888
1 0.3800208659363589 0.37777777777777777 0.027125717266562335 0.05462962962962963
1 0.5039123630672926 0.6472222222222223 0.02034428794992175 0.05185185185185185
1 0.04094940010432968 0.29814814814814816 0.03808033385498174 0.0712962962962963
1 0.8226395409494001 0.7203703703703703 0.03547209181011998 0.06018518518518518
1 0.7279603547209181 0.8037037037037037 0.02138758476786646 0.06018518518518518
1 0.594679186228482 0.9023148148148148 0.03338549817423057 0.06944444444444445
1 0.8721961398017736 0.18333333333333332 0.02190923317683881 0.06759259259259259
1 0.23187271778821075 0.24675925925925926 0.018257694314032343 0.05462962962962963
1 0.6327595200834637 0.19212962962962962 0.020865936358894107 0.062037037037037036
1 0.8834115805946792 0.7305555555555555 0.036515388628064686 0.05555555555555555
1 0.15466875326030255 0.33101851851851855 0.030777256129368807 0.06481481481481481
1 0.711528429838289 0.2902777777777778 0.023474178403755867 0.06481481481481481
1 0.27595200834637457 0.2518518518518518 0.023474178403755867 0.05462962962962963
1 0.6147626499739176 0.33935185185185185 0.018779342723004695 0.07592592592592592
1 0.8667188315075639 0.9111111111111111 0.03129890453834116 0.05555555555555555
1 0.25482524778299426 0.34074074074074073 0.02556077203964528 0.05555555555555555
1 0.2970787689097548 0.3189814814814815 0.018779342723004695 0.05
1 0.5712050078247262 0.3921296296296296 0.02034428794992175 0.07222222222222222
1 0.10745957224830464 0.8097222222222222 0.0297339593114241 0.05185185185185185
1 0.0892018779342723 0.2824074074074074 0.03442879499217527 0.06851851851851852
1 0.50886802295253 0.6175925925925926 0.0198226395409494 0.05277777777777778
1 0.6651017214397497 0.30324074074074076 0.02556077203964528 0.058333333333333334
1 0.8085550339071466 0.27824074074074073 0.022430881585811163 0.05092592592592592
1 0.15936358894105374 0.23935185185185184 0.028690662493479395 0.06759259259259259
1 0.7563901930099113 0.6777777777777778 0.03129890453834116 0.058333333333333334
1 0.42357850808555036 0.32222222222222224 0.02608242044861763 0.06296296296296296
1 0.3030777256129369 0.24444444444444444 0.025039123630672927 0.062037037037037036
0 0.912623891497131 0.6189814814814815 0.05581637976004173 0.05555555555555555
1 0.9530516431924883 0.7388888888888889 0.027125717266562335 0.06018518518518518
1 0.3348982785602504 0.6537037037037037 0.0297339593114241 0.06296296296296296
1 0.1254564423578508 0.21805555555555556 0.020865936358894107 0.04814814814814815
1 0.022952529994783515 0.35138888888888886 0.03234220135628586 0.07222222222222222
1 0.5659885237350026 0.22314814814814815 0.02608242044861763 0.06388888888888888
1 0.9872196139801773 0.3143518518518518 0.02556077203964528 0.05648148148148148
1 0.8242044861763171 0.21388888888888888 0.01773604590505999 0.044444444444444446
1 0.3226395409494001 0.3435185185185185 0.02034428794992175 0.05185185185185185
1 0.18596765779864372 0.8106481481481481 0.03547209181011998 0.05462962962962963
1 0.0748565466875326 0.20462962962962963 0.023995826812728223 0.05185185185185185
1 0.6971830985915493 0.2523148148148148 0.023474178403755867 0.05
1 0.1684924360980699 0.2152777777777778 0.022952529994783515 0.05740740740740741
1 0.7845592070944184 0.1287037037037037 0.016692749087115284 0.06759259259259259
1 0.8646322378716745 0.32916666666666666 0.029212310902451747 0.05555555555555555
1 0.39254042775169534 0.21296296296296297 0.027125717266562335 0.05740740740740741
1 0.9389671361502347 0.30416666666666664 0.02190923317683881 0.04722222222222222
1 0.9110589462702139 0.412962962962963 0.018779342723004695 0.05740740740740741
1 0.7582159624413145 0.6421296296296296 0.022952529994783515 0.05925925925925926
1 0.22769953051643194 0.2726851851851852 0.01773604590505999 0.05740740740740741
1 0.14267083985393844 0.8435185185185186 0.03599374021909233 0.05
1 0.8531559728742827 0.29212962962962963 0.025039123630672927 0.044444444444444446
1 0.1729264475743349 0.762962962962963 0.0297339593114241 0.062037037037037036
1 0.061293688054251436 0.20462962962962963 0.01773604590505999 0.04814814814814815
1 0.917057902973396 0.3421296296296296 0.02608242044861763 0.05092592592592592
1 0.8599374021909233 0.1550925925925926 0.02034428794992175 0.06666666666666667
1 0.8646322378716745 0.861574074074074 0.03234220135628586 0.049074074074074076
1 0.9564423578508086 0.425 0.036515388628064686 0.06296296296296296
1 0.4593114241001565 0.26064814814814813 0.01564945226917058 0.05648148148148148
1 0.9853938445487741 0.26990740740740743 0.02190923317683881 0.06296296296296296
1 0.7895148669796557 0.3416666666666667 0.025039123630672927 0.06851851851851852
1 0.5571205007824727 0.33796296296296297 0.018257694314032343 0.062037037037037036
1 0.24856546687532602 0.19537037037037036 0.016692749087115284 0.06111111111111111
1 0.9658320292123109 0.19768518518518519 0.019300991131977047 0.05925925925925926
1 0.20005216484089725 0.1962962962962963 0.01617110067814293 0.05740740740740741
1 0.2597809076682316 0.20601851851851852 0.022952529994783515 0.06018518518518518
1 0.8192488262910798 0.43148148148148147 0.027125717266562335 0.04537037037037037
1 0.9916536254564423 0.7560185185185185 0.015127803860198226 0.053703703703703705
1 0.8969744392279604 0.44027777777777777 0.03547209181011998 0.062037037037037036
1 0.4731351069379238 0.30833333333333335 0.02190923317683881 0.06481481481481481
0 0.9848721961398018 0.5805555555555556 0.02764736567553469 0.044444444444444446
1 0.019561815336463225 0.18611111111111112 0.029212310902451747 0.06388888888888888
1 0.25925925925925924 0.7907407407407407 0.029212310902451747 0.06018518518518518