0 0.68203125 0.36898148148148147 0.046875 0.041666666666666664
0 0.8057291666666667 0.4134259259259259 0.04739583333333333 0.044444444444444446
0 0.36223958333333334 0.5587962962962963 0.051041666666666666 0.044444444444444446
0 0.6088541666666667 0.4930555555555556 0.04791666666666667 0.04537037037037037
0 0.20989583333333334 0.5606481481481481 0.051041666666666666 0.03981481481481482
0 0.06875 0.4925925925925926 0.0515625 0.041666666666666664
0 0.36875 0.39305555555555555 0.046875 0.040740740740740744
0 0.8890625 0.4583333333333333 0.051041666666666666 0.03981481481481482
0 0.32135416666666666 0.6185185185185185 0.05625 0.03981481481481482
0 0.5825520833333333 0.3939814814814815 0.04791666666666667 0.04537037037037037
0 0.67578125 0.5587962962962963 0.0421875 0.05740740740740741
0 0.040364583333333336 0.41064814814814815 0.027083333333333334 0.049074074074074076
0 0.15729166666666666 0.5277777777777778 0.051041666666666666 0.041666666666666664
0 0.14453125 0.8791666666666667 0.0578125 0.058333333333333334
0 0.05260416666666667 0.3282407407407407 0.0453125 0.03148148148148148