0 0.44001043296817943 0.5263888888888889 0.04329681794470527 0.06111111111111111
1 0.5790297339593115 0.625 0.024517475221700575 0.05740740740740741
0 0.3794992175273865 0.4648148148148148 0.05268648930620762 0.04537037037037037
1 0.37819509650495564 0.0837962962962963 0.03495044340114763 0.05740740740740741
1 0.6163275952008347 0.8472222222222222 0.01564945226917058 0.062037037037037036
1 0.4381846635367762 0.638425925925926 0.020865936358894107 0.06481481481481481
1 0.6898800208659364 0.6810185185185185 0.028169014084507043 0.06296296296296296
1 0.7295252999478351 0.5935185185185186 0.028690662493479395 0.05462962962962963
1 0.8808033385498174 0.6782407407407407 0.03129890453834116 0.07222222222222222
1 0.2443922796035472 0.7083333333333334 0.02556077203964528 0.06388888888888888
1 0.09546165884194054 0.13148148148148148 0.04225352112676056 0.053703703703703705
1 0.15832029212310902 0.6236111111111111 0.03495044340114763 0.06296296296296296
1 0.6888367240479917 0.7935185185185185 0.024517475221700575 0.06666666666666667
1 0.35811163275952007 0.2 0.023474178403755867 0.05648148148148148
1 0.9713093375065206 0.7962962962962963 0.03338549817423057 0.0712962962962963
1 0.7782994261867501 0.5703703703703704 0.03129890453834116 0.06666666666666667
1 0.15571205007824726 0.7314814814814815 0.02608242044861763 0.06666666666666667
1 0.3455920709441836 0.14814814814814814 0.025039123630672927 0.05740740740740741
1 0.7749087115284299 0.7087962962962963 0.027125717266562335 0.06851851851851852
1 0.29447052686489306 0.6259259259259259 0.025039123630672927 0.06759259259259259
1 0.5179968701095462 0.7037037037037037 0.02034428794992175 0.04814814814814815
1 0.3857589984350548 0.17777777777777778 0.03338549817423057 0.05462962962962963
1 0.1969222743870631 0.6587962962962963 0.024517475221700575 0.06666666666666667
1 0.6825769431403235 0.7152777777777778 0.018779342723004695 0.05648148148148148
0 0.4637454355764215 0.4476851851851852 0.053208137715179966 0.04351851851851852
1 0.07355242566510173 0.7833333333333333 0.025039123630672927 0.06296296296296296
1 0.18518518518518517 0.35509259259259257 0.027125717266562335 0.058333333333333334
1 0.8135106937923839 0.6925925925925925 0.03025560772039645 0.06666666666666667
1 0.1011997913406364 0.6972222222222222 0.028169014084507043 0.06666666666666667
1 0.028951486697965573 0.7143518518518519 0.028690662493479395 0.05092592592592592
1 0.5704225352112676 0.7212962962962963 0.02764736567553469 0.062037037037037036
1 0.6283255086071987 0.1037037037037037 0.02556077203964528 0.05092592592592592
1 0.3813249869587898 0.7222222222222222 0.02190923317683881 0.058333333333333334
1 0.9371413667188315 0.6231481481481481 0.028690662493479395 0.03518518518518519
1 0.8309859154929577 0.7921296296296296 0.028169014084507043 0.06481481481481481
1 0.9613980177360459 0.6972222222222222 0.01773604590505999 0.046296296296296294
1 0.7417840375586855 0.7050925925925926 0.028690662493479395 0.06944444444444445
1 0.7764736567553469 0.22916666666666666 0.02556077203964528 0.06388888888888888
1 0.5174752217005738 0.8013888888888889 0.024517475221700575 0.05185185185185185
1 0.550339071465832 0.8787037037037037 0.019300991131977047 0.07962962962962963
1 0.0297339593114241 0.7592592592592593 0.03234220135628586 0.06111111111111111
1 0.4603547209181012 0.5847222222222223 0.01564945226917058 0.06018518518518518
1 0.28821074595722485 0.6861111111111111 0.027125717266562335 0.058333333333333334
1 0.3873239436619718 0.7430555555555556 0.0198226395409494 0.058333333333333334
1 0.7378716744913928 0.7939814814814815 0.01773604590505999 0.06111111111111111
1 0.3028169014084507 0.7268518518518519 0.023474178403755867 0.062037037037037036
1 0.843244653103808 0.837037037037037 0.01773604590505999 0.06296296296296296
0 0.06416275430359937 0.538425925925926 0.05268648930620762 0.07037037037037037
1 0.18022952529994785 0.7041666666666667 0.028169014084507043 0.05740740740740741
1 0.34872196139801775 0.7685185185185185 0.015127803860198226 0.05648148148148148
0 0.8977569118414189 0.4615740740740741 0.06416275430359937 0.053703703703703705