0 0.7532603025560772 0.5481481481481482 0.05425143453312467 0.06388888888888888
1 0.6880542514345331 0.6763888888888889 0.022952529994783515 0.075
1 0.45200834637454357 0.6 0.02034428794992175 0.07037037037037037
1 0.25013041210224307 0.7041666666666667 0.018257694314032343 0.06388888888888888
1 0.14501825769431403 0.8791666666666667 0.020865936358894107 0.06851851851851852
1 0.7738654147104851 0.31712962962962965 0.02138758476786646 0.05555555555555555
1 0.6165884194053208 0.3388888888888889 0.03390714658320292 0.058333333333333334
0 0.47417840375586856 0.46805555555555556 0.04747000521648409 0.049074074074074076
0 0.4692227438706312 0.5115740740740741 0.050078247261345854 0.05
0 0.03808033385498174 0.4935185185185185 0.056859676577986434 0.04259259259259259
0 0.12310902451747523 0.350462962962963 0.03755868544600939 0.05925925925925926
1 0.07276995305164319 0.8865740740740741 0.026604068857589983 0.05740740740740741
1 0.2279603547209181 0.5833333333333334 0.028690662493479395 0.07314814814814814
1 0.8664580073030778 0.4962962962962963 0.03390714658320292 0.08703703703703704
1 0.7120500782472613 0.7189814814814814 0.028169014084507043 0.058333333333333334
0 0.21935315597287428 0.4300925925925926 0.0505998956703182 0.044444444444444446
1 0.7629107981220657 0.17175925925925925 0.02764736567553469 0.06111111111111111
1 0.8307250912884716 0.16898148148148148 0.0297339593114241 0.06388888888888888
1 0.4287949921752739 0.37916666666666665 0.02764736567553469 0.05740740740740741
1 0.4144496609285342 0.7837962962962963 0.02556077203964528 0.06296296296296296
0 0.5792905581637976 0.5569444444444445 0.04747000521648409 0.049074074074074076
1 0.12441314553990611 0.8523148148148149 0.023995826812728223 0.06851851851851852
1 0.4981742305685968 0.37407407407407406 0.020865936358894107 0.06296296296296296
1 0.7900365153886281 0.35 0.03495044340114763 0.05462962962962963
1 0.6499739175795514 0.6513888888888889 0.0297339593114241 0.06481481481481481
1 0.8805425143453313 0.6648148148148149 0.028690662493479395 0.06388888888888888
1 0.2996870109546166 0.8888888888888888 0.01773604590505999 0.06944444444444445
1 0.8022952529994783 0.7194444444444444 0.024517475221700575 0.06574074074074074
1 0.02634324465310381 0.7351851851851852 0.027125717266562335 0.053703703703703705
0 0.03625456442357851 0.42962962962962964 0.037037037037037035 0.06296296296296296
1 0.5712050078247262 0.14907407407407408 0.025039123630672927 0.05648148148148148
1 0.6001564945226917 0.6444444444444445 0.027125717266562335 0.06388888888888888
1 0.29160146061554515 0.5777777777777777 0.023995826812728223 0.062037037037037036
1 0.39149713093375066 0.8495370370370371 0.02138758476786646 0.05925925925925926
1 0.0396452790818988 0.24351851851851852 0.03912363067292645 0.05462962962962963
1 0.08242044861763172 0.6467592592592593 0.02764736567553469 0.06111111111111111
1 0.6178925404277517 0.6787037037037037 0.02138758476786646 0.05925925925925926
1 0.15049556598852373 0.5625 0.02764736567553469 0.06666666666666667
1 0.656755346896192 0.7356481481481482 0.023474178403755867 0.05555555555555555
1 0.7788210745957225 0.7481481481481481 0.027125717266562335 0.06481481481481481
1 0.06259780907668232 0.8444444444444444 0.027125717266562335 0.0787037037037037
1 0.9321857068335941 0.12314814814814815 0.0396452790818988 0.06018518518518518
1 0.6017214397496088 0.09675925925925925 0.0297339593114241 0.05648148148148148
1 0.37506520605112154 0.7930555555555555 0.02556077203964528 0.05925925925925926
1 0.804642670839854 0.8013888888888889 0.02138758476786646 0.07037037037037037
1 0.35159102764736566 0.8939814814814815 0.0198226395409494 0.06944444444444445
1 0.9121022430881586 0.08981481481481482 0.0396452790818988 0.05277777777777778
1 0.17475221700573812 0.09861111111111111 0.02034428794992175 0.03981481481481482
1 0.18153364632237873 0.825462962962963 0.028169014084507043 0.06666666666666667
1 0.11424100156494522 0.5462962962962963 0.028690662493479395 0.06111111111111111
0 0.3448095983307251 0.4652777777777778 0.03442879499217527 0.041666666666666664
1 0.8539384454877412 0.787962962962963 0.03025560772039645 0.07592592592592592
1 0.39123630672926446 0.2625 0.03025560772039645 0.058333333333333334
1 0.4859154929577465 0.3972222222222222 0.028690662493479395 0.06296296296296296
0 0.7657798643714137 0.45185185185185184 0.054773082942097026 0.06018518518518518
1 0.48148148148148145 0.7087962962962963 0.023995826812728223 0.06759259259259259
1 0.3492436098069901 0.7087962962962963 0.028690662493479395 0.05555555555555555
1 0.7183098591549296 0.8333333333333334 0.023474178403755867 0.049074074074074076
1 0.5305164319248826 0.6833333333333333 0.018257694314032343 0.062037037037037036
1 0.9885237350026083 0.8203703703703704 0.022952529994783515 0.07037037037037037
1 0.1674491392801252 0.24074074074074073 0.0297339593114241 0.05092592592592592
1 0.09285341679707877 0.7925925925925926 0.023474178403755867 0.06018518518518518
1 0.44966092853416795 0.7134259259259259 0.02764736567553469 0.05740740740740741
1 0.7608242044861763 0.3662037037037037 0.02190923317683881 0.04722222222222222
1 0.4726134585289515 0.6550925925925926 0.01564945226917058 0.06851851851851852
1 0.9329681794470527 0.6657407407407407 0.036515388628064686 0.06296296296296296
1 0.5333854981742305 0.2569444444444444 0.02556077203964528 0.05740740740740741
1 0.31351069379238394 0.7611111111111111 0.023474178403755867 0.06018518518518518
1 0.7921231090245174 0.6273148148148148 0.018257694314032343 0.04722222222222222
1 0.8894105372978612 0.7712962962962963 0.029212310902451747 0.06111111111111111
1 0.7490871152842984 0.20185185185185187 0.03495044340114763 0.05740740740740741
1 0.4825247782994262 0.8101851851851852 0.014606155451225874 0.05925925925925926
1 0.056598852373500264 0.65 0.026604068857589983 0.03796296296296296
1 0.5172143974960877 0.2833333333333333 0.02138758476786646 0.06111111111111111
1 0.5620761606677099 0.7148148148148148 0.0198226395409494 0.04814814814814815
1 0.17736045905059988 0.7731481481481481 0.029212310902451747 0.06388888888888888
1 0.025821596244131457 0.8356481481481481 0.028690662493479395 0.05555555555555555
1 0.45461658841940533 0.7560185185185185 0.022952529994783515 0.05
1 0.7269170579029735 0.7569444444444444 0.022430881585811163 0.05092592592592592
1 0.7916014606155451 0.8194444444444444 0.027125717266562335 0.05462962962962963
1 0.12702138758476786 0.6583333333333333 0.03547209181011998 0.06851851851851852
1 0.11424100156494522 0.7268518518518519 0.019300991131977047 0.06018518518518518
1 0.5730307772561294 0.19953703703703704 0.019300991131977047 0.05740740740740741
1 0.29107981220657275 0.8152777777777778 0.017214397496087636 0.05925925925925926
1 0.9861763171622326 0.7240740740740741 0.02764736567553469 0.07777777777777778
1 0.03234220135628586 0.9578703703703704 0.01617110067814293 0.0712962962962963
1 0.1366718831507564 0.7087962962962963 0.02190923317683881 0.06944444444444445
1 0.9553990610328639 0.7902777777777777 0.02764736567553469 0.05185185185185185
1 0.02686489306207616 0.6175925925925926 0.0297339593114241 0.041666666666666664
1 0.21335419926969224 0.6050925925925926 0.027125717266562335 0.049074074074074076
1 0.405320813771518 0.6782407407407407 0.023995826812728223 0.06018518518518518
1 0.39149713093375066 0.08148148148148149 0.02138758476786646 0.05185185185185185
1 0.6150234741784038 0.8185185185185185 0.011476264997391758 0.03518518518518519
1 0.34167970787689095 0.10046296296296296 0.022430881585811163 0.05462962962962963
1 0.903755868544601 0.8453703703703703 0.020865936358894107 0.05740740740740741
1 0.8179447052686489 0.023148148148148147 0.022952529994783515 0.03981481481481482
1 0.07668231611893583 0.6981481481481482 0.03025560772039645 0.044444444444444446
1 0.15284298382889933 0.7319444444444444 0.02034428794992175 0.06296296296296296
1 0.704225352112676 0.8916666666666667 0.023474178403755867 0.058333333333333334
0 0.2741262389149713 0.4986111111111111 0.06416275430359937 0.06851851851851852
1 0.1674491392801252 0.28055555555555556 0.03390714658320292 0.049074074074074076
1 0.4144496609285342 0.16712962962962963 0.024517475221700575 0.05648148148148148
1 0.6134585289514867 0.1412037037037037 0.03808033385498174 0.06111111111111111