1 0.790625 0.700462962962963 0.03229166666666667 0.07407407407407407
0 0.49713541666666666 0.6189814814814815 0.0453125 0.040740740740740744
0 0.9510416666666667 0.42824074074074076 0.05625 0.049074074074074076
0 0.40729166666666666 0.5337962962962963 0.0515625 0.03888888888888889
0 0.18932291666666667 0.5814814814814815 0.053125 0.03796296296296296
0 0.0296875 0.44583333333333336 0.05625 0.04259259259259259
0 0.8421875 0.46574074074074073 0.05 0.04351851851851852
0 0.5838541666666667 0.25046296296296294 0.05364583333333333 0.03888888888888889
0 0.7046875 0.5689814814814815 0.0375 0.05555555555555555
0 0.3026041666666667 0.6550925925925926 0.043229166666666666 0.05092592592592592
1 0.3260416666666667 0.7 0.025520833333333333 0.04722222222222222
0 0.9736979166666667 0.6013888888888889 0.05 0.06296296296296296
0 0.8432291666666667 0.25324074074074077 0.05572916666666667 0.041666666666666664
0 0.24609375 0.6328703703703704 0.04375 0.046296296296296294
1 0.6919270833333333 0.7356481481481482 0.016666666666666666 0.06574074074074074
1 0.0453125 0.9384259259259259 0.019791666666666666 0.062037037037037036
1 0.93203125 0.7217592592592592 0.03125 0.06296296296296296
0 0.9317708333333333 0.33935185185185185 0.052083333333333336 0.049074074074074076