0 0.3555033907146583 0.3731481481481482 0.0495565988523735 0.05
1 0.5618153364632238 0.37407407407407406 0.03338549817423057 0.049074074074074076
1 0.40245174752217006 0.10740740740740741 0.03547209181011998 0.06111111111111111
1 0.301773604590506 0.18611111111111112 0.03495044340114763 0.05925925925925926
0 0.35785080855503393 0.4361111111111111 0.046948356807511735 0.04537037037037037
1 0.5972874282733438 0.37407407407407406 0.029212310902451747 0.06481481481481481
0 0.301773604590506 0.48518518518518516 0.053208137715179966 0.044444444444444446
1 0.1585811163275952 0.11296296296296296 0.027125717266562335 0.05555555555555555
1 0.37845592070944184 0.5717592592592593 0.027125717266562335 0.06574074074074074
1 0.046426708398539386 0.6587962962962963 0.028169014084507043 0.06111111111111111
1 0.37219613980177363 0.27314814814814814 0.02190923317683881 0.075
1 0.6536254564423578 0.4097222222222222 0.023995826812728223 0.08518518518518518
1 0.7157016171100679 0.16574074074074074 0.03547209181011998 0.06296296296296296
0 0.7996870109546166 0.46944444444444444 0.05112154407929056 0.04351851851851852
1 0.8307250912884716 0.40046296296296297 0.03495044340114763 0.08055555555555556
0 0.16953573291601462 0.4425925925925926 0.054773082942097026 0.04814814814814815
0 0.86697965571205 0.5083333333333333 0.051643192488262914 0.040740740740740744
1 0.6591027647365676 0.03287037037037037 0.030777256129368807 0.053703703703703705
1 0.012258737610850287 0.6574074074074074 0.022952529994783515 0.053703703703703705
0 0.7386541471048513 0.5254629629629629 0.04121022430881586 0.06296296296296296
1 0.4793948878455921 0.9402777777777778 0.014606155451225874 0.062037037037037036
1 0.11580594679186229 0.7421296296296296 0.02190923317683881 0.06851851851851852
1 0.4371413667188315 0.31527777777777777 0.027125717266562335 0.05462962962962963
1 0.5639019300991132 0.24675925925925926 0.024517475221700575 0.06018518518518518
1 0.1332811684924361 0.6689814814814815 0.03129890453834116 0.062037037037037036
0 0.6536254564423578 0.5361111111111111 0.04381846635367762 0.041666666666666664
1 0.058163797600417316 0.6087962962962963 0.028169014084507043 0.06018518518518518
1 0.8351591027647366 0.6587962962962963 0.036515388628064686 0.06574074074074074
1 0.035211267605633804 0.8106481481481481 0.022430881585811163 0.07037037037037037
1 0.2918622848200313 0.7587962962962963 0.017214397496087636 0.06296296296296296
1 0.04303599374021909 0.5277777777777778 0.028169014084507043 0.06574074074074074
1 0.30333854981742303 0.062037037037037036 0.03599374021909233 0.05740740740740741
1 0.6484089723526343 0.09444444444444444 0.026604068857589983 0.06111111111111111
1 0.22404799165362546 0.6273148148148148 0.026604068857589983 0.06481481481481481
1 0.7078768909754826 0.8050925925925926 0.025039123630672927 0.044444444444444446
1 0.1332811684924361 0.16666666666666666 0.03599374021909233 0.06018518518518518
1 0.3745435576421492 0.8694444444444445 0.016692749087115284 0.062037037037037036
1 0.6061554512258738 0.6824074074074075 0.0297339593114241 0.06759259259259259
1 0.5944183620239958 0.7555555555555555 0.025039123630672927 0.05925925925925926
1 0.5839853938445487 0.6361111111111111 0.024517475221700575 0.049074074074074076
1 0.19979134063641105 0.3106481481481482 0.029212310902451747 0.08148148148148149
1 0.912623891497131 0.663425925925926 0.018779342723004695 0.04259259259259259
1 0.2652582159624413 0.05277777777777778 0.03755868544600939 0.05925925925925926
1 0.7681272822117893 0.7384259259259259 0.020865936358894107 0.06481481481481481
1 0.6697965571205008 0.6263888888888889 0.027125717266562335 0.05925925925925926
1 0.45018257694314034 0.7222222222222222 0.01773604590505999 0.06018518518518518
1 0.9773082942097027 0.07962962962962963 0.03129890453834116 0.05648148148148148
0 0.5972874282733438 0.475 0.0505998956703182 0.04259259259259259
1 0.28169014084507044 0.6236111111111111 0.023995826812728223 0.046296296296296294
1 0.7496087636932708 0.7893518518518519 0.024517475221700575 0.05925925925925926
1 0.7125717266562337 0.7087962962962963 0.019300991131977047 0.06481481481481481
1 0.4603547209181012 0.6430555555555556 0.018257694314032343 0.06759259259259259
1 0.30672926447574334 0.575925925925926 0.018779342723004695 0.07592592592592592
1 0.5563380281690141 0.7064814814814815 0.025039123630672927 0.06574074074074074
1 0.1674491392801252 0.7087962962962963 0.023474178403755867 0.06574074074074074
1 0.9212310902451748 0.7476851851851852 0.03286384976525822 0.06388888888888888
1 0.8839332290036516 0.7865740740740741 0.028169014084507043 0.06296296296296296
1 0.856546687532603 0.7208333333333333 0.02190923317683881 0.06388888888888888
1 0.9486176317162233 0.7875 0.02190923317683881 0.058333333333333334
1 0.49165362545644237 0.7 0.022952529994783515 0.058333333333333334
1 0.8135106937923839 0.7856481481481481 0.028690662493479395 0.05648148148148148
1 0.2715179968701095 0.9018518518518519 0.01773604590505999 0.07222222222222222
1 0.5086071987480438 0.6481481481481481 0.017214397496087636 0.06296296296296296
1 0.257433489827856 0.6717592592592593 0.02556077203964528 0.06296296296296296
1 0.5299947835159102 0.6583333333333333 0.01773604590505999 0.06018518518518518
1 0.18544600938967137 0.7481481481481481 0.02190923317683881 0.06018518518518518
0 0.19431403234220135 0.38564814814814813 0.0505998956703182 0.05
1 0.3907146583202921 0.7856481481481481 0.025039123630672927 0.06944444444444445
1 0.32316118935837246 0.6574074074074074 0.026604068857589983 0.04722222222222222
1 0.33881064162754304 0.7287037037037037 0.022430881585811163 0.06759259259259259
1 0.3813249869587898 0.6018518518518519 0.0297339593114241 0.03981481481481482
1 0.22509128847157017 0.6773148148148148 0.023995826812728223 0.046296296296296294
1 0.1411058946270214 0.8273148148148148 0.02190923317683881 0.06574074074074074
1 0.5247782994261867 0.14305555555555555 0.020865936358894107 0.05740740740740741
1 0.32968179447052687 0.7949074074074074 0.024517475221700575 0.0712962962962963
1 0.18753260302556077 0.8217592592592593 0.025039123630672927 0.0787037037037037
1 0.9775691184141888 0.7476851851851852 0.029212310902451747 0.05740740740740741
1 0.5834637454355764 0.3023148148148148 0.027125717266562335 0.05277777777777778
1 0.6491914449660928 0.7388888888888889 0.027125717266562335 0.05
1 0.5252999478351591 0.21574074074074073 0.03129890453834116 0.05925925925925926
1 0.45800730307772564 0.7592592592592593 0.02138758476786646 0.044444444444444446
1 0.4859154929577465 0.7574074074074074 0.01773604590505999 0.044444444444444446
1 0.3304642670839854 0.8606481481481482 0.01773604590505999 0.05555555555555555
1 0.5096504955659885 0.7833333333333333 0.020865936358894107 0.08703703703703704
1 0.3208137715179969 0.8986111111111111 0.018779342723004695 0.04537037037037037
1 0.6812728221178925 0.6578703703703703 0.027125717266562335 0.041666666666666664