0 0.6815336463223787 0.7675925925925926 0.041731872717788214 0.03796296296296296
1 0.35811163275952007 0.4583333333333333 0.03025560772039645 0.08796296296296297
1 0.23291601460615546 0.42824074074074076 0.03025560772039645 0.05555555555555555
0 0.20996348461137193 0.5222222222222223 0.0505998956703182 0.041666666666666664
1 0.13797600417318728 0.28564814814814815 0.0396452790818988 0.06296296296296296
0 0.09285341679707877 0.5587962962962963 0.047991653625456446 0.04351851851851852
1 0.21726656233698488 0.6699074074074074 0.03234220135628586 0.06296296296296296
1 0.6697965571205008 0.6314814814814815 0.02556077203964528 0.06481481481481481
0 0.8622848200312989 0.4148148148148148 0.056338028169014086 0.07314814814814814
1 0.8544600938967136 0.8643518518518518 0.019300991131977047 0.06666666666666667
0 0.22717788210745957 0.3731481481481482 0.05372978612415232 0.04537037037037037
1 0.9178403755868545 0.55 0.03442879499217527 0.062037037037037036
0 0.35941575378195095 0.5291666666666667 0.03025560772039645 0.05277777777777778
1 0.7402190923317684 0.8740740740740741 0.01773604590505999 0.06018518518518518
1 0.392018779342723 0.6328703703703704 0.02608242044861763 0.07037037037037037
1 0.9877412623891497 0.8217592592592593 0.024517475221700575 0.08425925925925926
1 0.5127803860198227 0.07592592592592592 0.03129890453834116 0.05555555555555555
1 0.8583724569640062 0.6995370370370371 0.03182055294731351 0.06018518518518518
1 0.7535211267605634 0.06898148148148148 0.026604068857589983 0.05648148148148148
1 0.7021387584767866 0.6069444444444444 0.0297339593114241 0.06388888888888888
1 0.26604068857589985 0.6578703703703703 0.02556077203964528 0.07222222222222222
1 0.1298904538341158 0.6453703703703704 0.028690662493479395 0.05462962962962963
1 0.751434533124674 0.5967592592592592 0.03599374021909233 0.06759259259259259
1 0.516171100678143 0.6675925925925926 0.023474178403755867 0.06851851851851852
1 0.7720396452790819 0.7777777777777778 0.029212310902451747 0.07222222222222222
1 0.14241001564945227 0.3375 0.03755868544600939 0.05925925925925926
1 0.7060511215440793 0.6532407407407408 0.023995826812728223 0.05092592592592592
1 0.1763171622326552 0.8092592592592592 0.02034428794992175 0.06296296296296296
1 0.7222222222222222 0.8296296296296296 0.020865936358894107 0.06388888888888888
1 0.053468961919666144 0.6842592592592592 0.03234220135628586 0.06574074074074074
1 0.8226395409494001 0.6458333333333334 0.02138758476786646 0.06481481481481481
1 0.3844548774126239 0.7310185185185185 0.028690662493479395 0.06759259259259259
1 0.45539906103286387 0.7555555555555555 0.026604068857589983 0.05740740740740741
1 0.41027647365675535 0.05 0.02556077203964528 0.05185185185185185
1 0.18518518518518517 0.8513888888888889 0.020865936358894107 0.05462962962962963
1 0.9447052686489307 0.2828703703703704 0.03234220135628586 0.06018518518518518
1 0.7871674491392802 0.8449074074074074 0.02556077203964528 0.06481481481481481
1 0.8954094940010433 0.10833333333333334 0.023474178403755867 0.05648148148148148
1 0.8114241001564946 0.7064814814814815 0.03234220135628586 0.06851851851851852
1 0.5352112676056338 0.7125 0.0198226395409494 0.06481481481481481
1 0.8740219092331768 0.587037037037037 0.03390714658320292 0.06388888888888888
1 0.6807511737089202 0.7328703703703704 0.02556077203964528 0.06851851851851852
1 0.6426708398539385 0.8333333333333334 0.01564945226917058 0.06759259259259259
1 0.22822117892540428 0.7393518518518518 0.028690662493479395 0.06111111111111111
1 0.40062597809076683 0.7592592592592593 0.02138758476786646 0.06388888888888888
1 0.5863328116849243 0.6523148148148148 0.019300991131977047 0.062037037037037036
0 0.4856546687532603 0.49722222222222223 0.04381846635367762 0.05555555555555555
1 0.5620761606677099 0.6828703703703703 0.023474178403755867 0.06296296296296296
1 0.5782472613458529 0.7398148148148148 0.0198226395409494 0.053703703703703705
1 0.5396452790818989 0.11481481481481481 0.03025560772039645 0.05925925925925926
1 0.23448095983307252 0.18101851851851852 0.04381846635367762 0.058333333333333334
1 0.37219613980177363 0.8009259259259259 0.02556077203964528 0.058333333333333334
1 0.17866458007303077 0.6638888888888889 0.03182055294731351 0.06759259259259259
1 0.09859154929577464 0.7791666666666667 0.027125717266562335 0.05740740740740741
1 0.6053729786124152 0.7083333333333334 0.023995826812728223 0.06481481481481481
1 0.3158581116327595 0.7421296296296296 0.02556077203964528 0.06388888888888888
1 0.3393322900365154 0.6333333333333333 0.0198226395409494 0.06944444444444445
1 0.2537819509650496 0.8231481481481482 0.02034428794992175 0.06851851851851852
1 0.3236828377673448 0.6856481481481481 0.023474178403755867 0.058333333333333334
1 0.9355764214919144 0.8217592592592593 0.02034428794992175 0.06759259259259259
1 0.26917057902973396 0.2851851851851852 0.02034428794992175 0.04537037037037037
1 0.6064162754303599 0.7527777777777778 0.018257694314032343 0.06296296296296296
1 0.9585289514866979 0.7773148148148148 0.024517475221700575 0.06851851851851852
1 0.8789775691184142 0.30185185185185187 0.03912363067292645 0.05740740740740741
1 0.32133541992696923 0.8162037037037037 0.015127803860198226 0.06851851851851852
1 0.05268648930620762 0.7652777777777777 0.023995826812728223 0.053703703703703705
1 0.5477308294209703 0.28703703703703703 0.022430881585811163 0.04537037037037037
0 0.9697443922796035 0.449537037037037 0.054773082942097026 0.05462962962962963
1 0.7616066770996348 0.19583333333333333 0.03129890453834116 0.06111111111111111
1 0.0605112154407929 0.7356481481481482 0.025039123630672927 0.049074074074074076
1 0.747000521648409 0.7217592592592592 0.023995826812728223 0.06388888888888888
1 0.0639019300991132 0.8148148148148148 0.022952529994783515 0.058333333333333334
1 0.7104851330203443 0.037037037037037035 0.03338549817423057 0.040740740740740744
1 0.9629629629629629 0.9481481481481482 0.017214397496087636 0.06851851851851852
1 0.8789775691184142 0.7564814814814815 0.023474178403755867 0.05555555555555555
1 0.3536776212832551 0.725462962962963 0.02138758476786646 0.06666666666666667
1 0.9590505998956703 0.7018518518518518 0.03495044340114763 0.06111111111111111
1 0.2996870109546166 0.7657407407407407 0.018779342723004695 0.05092592592592592
1 0.27595200834637457 0.7180555555555556 0.02608242044861763 0.05740740740740741
1 0.5401669274908711 0.23703703703703705 0.02034428794992175 0.05277777777777778
1 0.1794470526864893 0.7208333333333333 0.02190923317683881 0.04722222222222222
1 0.7368283776734481 0.6449074074074074 0.027125717266562335 0.05185185185185185
1 0.9178403755868545 0.6550925925925926 0.029212310902451747 0.05185185185185185
1 0.9332290036515388 0.7212962962962963 0.022430881585811163 0.03518518518518519
1 0.559207094418362 0.023148148148148147 0.03547209181011998 0.03981481481481482
1 0.4840897235263432 0.587037037037037 0.016692749087115284 0.03981481481481482
1 0.8881064162754304 0.33796296296296297 0.026604068857589983 0.05
1 0.7138758476786646 0.31296296296296294 0.03495044340114763 0.07962962962962963
1 0.013562858633281168 0.7648148148148148 0.02608242044861763 0.05
0 0.9791340636411059 0.9143518518518519 0.03129890453834116 0.06851851851851852
1 0.5459050599895671 0.1787037037037037 0.02190923317683881 0.049074074074074076
1 0.40271257172665625 0.7935185185185185 0.011997913406364111 0.037037037037037035
1 0.5464267083985394 0.8175925925925925 0.018779342723004695 0.06759259259259259