0 0.8486328125 0.529986572265625 0.052520751953125 0.04712677001953125
1 0.86572265625 0.3178619384765625 0.02484130859375 0.06527328491210938
1 0.353759765625 0.9204345703125 0.035552978515625 0.0561187744140625
1 0.79638671875 0.30941162109375 0.03125 0.06749420166015625
1 0.423583984375 0.357080078125 0.0292510986328125 0.062023162841796875
1 0.71630859375 0.405181884765625 0.0238189697265625 0.06332321166992187
1 0.6728515625 0.318511962890625 0.028167724609375 0.06359405517578125
1 0.92041015625 0.3785308837890625 0.0153656005859375 0.027165603637695313
1 0.2305908203125 0.2896942138671875 0.027435302734375 0.06527328491210938
0 0.3403856054925229 0.52955322265625 0.03867664977252592 0.06088562011718745
1 0.1380615234375 0.3711639404296875 0.038543701171875 0.06007308959960937
1 0.76318359375 0.29207763671875 0.0203399658203125 0.0693359375
1 0.1669921875 0.2948944091796875 0.0262603759765625 0.0587188720703125
1 0.07305908203125 0.869732666015625 0.03424072265625 0.05322074890136719
1 0.347412109375 0.80169677734375 0.0263519287109375 0.0569854736328125
1 0.1678466796875 0.638323974609375 0.0333251953125 0.052435302734375
1 0.67724609375 0.20508270263671874 0.0174407958984375 0.06982345581054687
1 0.140380859375 0.267376708984375 0.0311431884765625 0.0647857666015625
1 0.93798828125 0.3078948974609375 0.0236053466796875 0.052733230590820315
1 0.0831298828125 0.30247802734375 0.0259552001953125 0.0673858642578125
1 0.1319580078125 0.364447021484375 0.0204925537109375 0.030036544799804686
1 0.1822509765625 0.3434295654296875 0.026763916015625 0.06727752685546876
1 0.5009765625 0.19879913330078125 0.023956298828125 0.0608856201171875
0 0.96875 0.578955078125 0.0592041015625 0.04401206970214844
1 0.33203125 0.84849853515625 0.0276947021484375 0.052922821044921874
1 0.76171875 0.433782958984375 0.027374267578125 0.063702392578125
1 0.564453125 0.37354736328125 0.0259552001953125 0.06613998413085938
1 0.0247955322265625 0.46888427734375 0.0460205078125 0.06700668334960938
0 0.427734375 0.55555419921875 0.05242919921875 0.04062652587890625
1 0.275390625 0.3726806640625 0.020294189453125 0.06711502075195312
1 0.2880859375 0.2662933349609375 0.0301055908203125 0.07654037475585937
1 0.7529296875 0.77049560546875 0.035736083984375 0.05622711181640625
1 0.60693359375 0.89530029296875 0.03265380859375 0.04923934936523437
1 0.81689453125 0.20616607666015624 0.0295867919921875 0.06180648803710938
1 0.72216796875 0.2012908935546875 0.0222015380859375 0.061102294921875
1 0.96044921875 0.2008575439453125 0.027740478515625 0.07459030151367188
1 0.446044921875 0.4404998779296875 0.0256195068359375 0.06467742919921875
1 0.72265625 0.308111572265625 0.0254669189453125 0.06971511840820313
1 0.50634765625 0.2931610107421875 0.0247955322265625 0.0457183837890625
1 0.36767578125 0.824664306640625 0.0293731689453125 0.05622711181640625
1 0.0124053955078125 0.268243408203125 0.024810791015625 0.08591156005859375
1 0.366943359375 0.27994384765625 0.0199432373046875 0.055062484741210935
1 0.276123046875 0.3122283935546875 0.0258636474609375 0.0647857666015625
1 0.66796875 0.2875274658203125 0.0182647705078125 0.05963973999023438
1 0.0526123046875 0.21548309326171874 0.021820068359375 0.05953140258789062
1 0.822265625 0.16456451416015624 0.0260009765625 0.06776504516601563
0 0.3878024609850459 0.46585083007812494 0.03587004346985174 0.056443786621093686