0 0.423095703125 0.4605034722222222 0.049407958984375 0.041558159722222224
0 0.1805419921875 0.3528645833333333 0.050994873046875 0.033881293402777776
0 0.8505859375 0.3049045138888889 0.0455322265625 0.04226345486111111
0 0.1771240234375 0.4600694444444444 0.05072021484375 0.047309027777777776
0 0.344482421875 0.3793402777777778 0.048309326171875 0.046061197916666664
0 0.455810546875 0.3893229166666667 0.04742431640625 0.042182074652777776
0 0.625 0.3559027777777778 0.046539306640625 0.041802300347222224
0 0.24560546875 0.5503472222222222 0.03240966796875 0.0537109375
0 0.65625 0.8077256944444444 0.043853759765625 0.05311414930555555
0 0.5791015625 0.6158854166666666 0.056640625 0.06282552083333333
0 0.5712890625 0.1254340277777778 0.0185394287109375 0.0661349826388889