1 0.9483568075117371 0.07083333333333333 0.017214397496087636 0.07037037037037037
1 0.35315597287428274 0.38287037037037036 0.025039123630672927 0.06666666666666667
1 0.5419926969222744 0.42083333333333334 0.027125717266562335 0.06574074074074074
0 0.5521648408972353 0.5625 0.05372978612415232 0.040740740740740744
0 0.7373500260824204 0.5435185185185185 0.03129890453834116 0.05185185185185185
1 0.8907146583202922 0.8703703703703703 0.03286384976525822 0.05
0 0.5219092331768388 0.624537037037037 0.05112154407929056 0.03981481481481482
1 0.8729786124152321 0.30185185185185187 0.028169014084507043 0.0712962962962963
0 0.693792383933229 0.49537037037037035 0.04747000521648409 0.041666666666666664
1 0.9752217005738133 0.8916666666666667 0.04121022430881586 0.06018518518518518
1 0.7143974960876369 0.7898148148148149 0.02034428794992175 0.05925925925925926
1 0.11632759520083463 0.4027777777777778 0.03025560772039645 0.05740740740740741
1 0.9389671361502347 0.3574074074074074 0.028690662493479395 0.06574074074074074
1 0.7767344809598331 0.23148148148148148 0.018257694314032343 0.06018518518518518
1 0.6249347939488784 0.17962962962962964 0.018257694314032343 0.062037037037037036
1 0.16223265519040167 0.7393518518518518 0.036515388628064686 0.05277777777777778
1 0.582942097026604 0.22361111111111112 0.018257694314032343 0.06944444444444445
1 0.5639019300991132 0.37962962962962965 0.01617110067814293 0.06574074074074074
1 0.2167449139280125 0.43333333333333335 0.028169014084507043 0.06481481481481481
1 0.9681794470526864 0.2199074074074074 0.028169014084507043 0.06296296296296296
0 0.38601982263954093 0.5166666666666667 0.05216484089723526 0.04537037037037037
1 0.5821596244131455 0.35 0.017214397496087636 0.06481481481481481
1 0.39123630672926446 0.7981481481481482 0.02608242044861763 0.06574074074074074
1 0.08789775691184142 0.15416666666666667 0.014606155451225874 0.04259259259259259
1 0.017475221700573813 0.29444444444444445 0.028690662493479395 0.06666666666666667
1 0.323943661971831 0.35509259259259257 0.03234220135628586 0.06296296296296296
0 0.5498174230568597 0.5097222222222222 0.056338028169014086 0.044444444444444446
1 0.3888888888888889 0.33564814814814814 0.018257694314032343 0.062037037037037036
0 0.9462702138758476 0.6083333333333333 0.06103286384976526 0.044444444444444446
1 0.755868544600939 0.4078703703703704 0.024517475221700575 0.06574074074074074
1 0.8661971830985915 0.8009259259259259 0.036515388628064686 0.06296296296296296
1 0.9585289514866979 0.16620370370370371 0.02138758476786646 0.07037037037037037
1 0.24047991653625456 0.6990740740740741 0.03338549817423057 0.05925925925925926
1 0.5704225352112676 0.8861111111111111 0.025039123630672927 0.075
1 0.8901930099113198 0.4148148148148148 0.03390714658320292 0.06018518518518518
1 0.14058424621804905 0.7902777777777777 0.03599374021909233 0.06018518518518518
1 0.9848721961398018 0.39675925925925926 0.03025560772039645 0.06759259259259259
1 0.7923839332290037 0.1814814814814815 0.019300991131977047 0.06296296296296296
0 0.594679186228482 0.4652777777777778 0.04747000521648409 0.04351851851851852
1 0.6888367240479917 0.12731481481481483 0.016692749087115284 0.07592592592592592
0 0.730829420970266 0.6194444444444445 0.056338028169014086 0.04537037037037037
1 0.30229525299947835 0.8736111111111111 0.03547209181011998 0.05092592592592592
1 0.051904016692749085 0.9004629629629629 0.04747000521648409 0.06018518518518518
1 0.3077725612936881 0.2462962962962963 0.02764736567553469 0.06759259259259259
1 0.7003129890453834 0.4152777777777778 0.028169014084507043 0.06296296296296296
1 0.554773082942097 0.7893518518518519 0.0297339593114241 0.09259259259259259
1 0.6624934793948879 0.38472222222222224 0.023995826812728223 0.06296296296296296
1 0.31324986958789774 0.7560185185185185 0.0396452790818988 0.06574074074074074
0 0.3865414710485133 0.5736111111111111 0.04329681794470527 0.040740740740740744
1 0.3539384454877413 0.2949074074074074 0.0297339593114241 0.06481481481481481
1 0.8607198748043818 0.7240740740740741 0.04225352112676056 0.08148148148148149
1 0.21205007824726135 0.35185185185185186 0.02608242044861763 0.05648148148148148
1 0.9204486176317163 0.2537037037037037 0.025039123630672927 0.06388888888888888
1 0.6846635367762128 0.30462962962962964 0.02608242044861763 0.06111111111111111
1 0.7021387584767866 0.25787037037037036 0.01773604590505999 0.053703703703703705
1 0.2587376108502869 0.2967592592592593 0.02138758476786646 0.06759259259259259
1 0.5258215962441315 0.34120370370370373 0.018779342723004695 0.06481481481481481
1 0.1564945226917058 0.25046296296296294 0.024517475221700575 0.06574074074074074
0 0.014345331246739697 0.45416666666666666 0.02608242044861763 0.05092592592592592
1 0.9848721961398018 0.2708333333333333 0.027125717266562335 0.06296296296296296
1 0.14136671883150756 0.30416666666666664 0.024517475221700575 0.06666666666666667
1 0.10641627543035993 0.24027777777777778 0.029212310902451747 0.05740740740740741
1 0.4966092853416797 0.25833333333333336 0.017214397496087636 0.05555555555555555
1 0.25508607198748046 0.3662037037037037 0.03025560772039645 0.053703703703703705
1 0.03025560772039645 0.24675925925925926 0.030777256129368807 0.05740740740740741
1 0.11528429838288994 0.700462962962963 0.02034428794992175 0.046296296296296294
1 0.35602503912363065 0.24583333333333332 0.027125717266562335 0.05277777777777778
1 0.17970787689097548 0.33611111111111114 0.025039123630672927 0.06296296296296296
1 0.5362545644235786 0.29907407407407405 0.027125717266562335 0.05462962962962963
1 0.8262910798122066 0.03981481481481482 0.015127803860198226 0.04537037037037037
1 0.6249347939488784 0.2912037037037037 0.018257694314032343 0.058333333333333334
0 0.3792383933229004 0.44537037037037036 0.03129890453834116 0.04814814814814815
0 0.05242566510172144 0.5504629629629629 0.022430881585811163 0.05555555555555555
1 0.6992696922274387 0.21435185185185185 0.012519561815336464 0.03518518518518519
1 0.647887323943662 0.20972222222222223 0.022430881585811163 0.05
1 0.2918622848200313 0.6995370370370371 0.028169014084507043 0.04351851851851852
1 0.2436098069900887 0.2351851851851852 0.016692749087115284 0.03611111111111111
1 0.8364632237871674 0.9023148148148148 0.037037037037037035 0.03796296296296296
1 0.40688575899843504 0.2657407407407407 0.02190923317683881 0.06759259259259259
1 0.7905581637976005 0.37175925925925923 0.029212310902451747 0.03148148148148148
1 0.7016171100678142 0.8856481481481482 0.030777256129368807 0.06944444444444445
1 0.9942618675013041 0.21296296296296297 0.011476264997391758 0.06666666666666667
1 0.1585811163275952 0.18981481481481483 0.0297339593114241 0.03611111111111111
0 0.9634846113719353 0.10185185185185185 0.029212310902451747 0.06666666666666667