0 0.49947835159102766 0.44907407407407407 0.026604068857589983 0.06388888888888888
1 0.9327073552425665 0.8972222222222223 0.04277516953573292 0.075
0 0.7386541471048513 0.5745370370370371 0.05894627021387585 0.06018518518518518
0 0.8095983307250912 0.7074074074074074 0.05372978612415232 0.08425925925925926
1 0.38341158059467917 0.28425925925925927 0.02556077203964528 0.06388888888888888
1 0.5073030777256129 0.31527777777777777 0.028690662493479395 0.062037037037037036
0 0.2498695878977569 0.5407407407407407 0.05216484089723526 0.04722222222222222
0 0.16223265519040167 0.7800925925925926 0.0505998956703182 0.07037037037037037
0 0.6781429316640585 0.6259259259259259 0.03182055294731351 0.05648148148148148
1 0.15127803860198227 0.6962962962962963 0.044861763171622326 0.06111111111111111
1 0.7918622848200313 0.35833333333333334 0.02556077203964528 0.06759259259259259
0 0.31220657276995306 0.5162037037037037 0.0495565988523735 0.04259259259259259
1 0.4300991131977048 0.30925925925925923 0.02608242044861763 0.06296296296296296
1 0.22717788210745957 0.22361111111111112 0.03234220135628586 0.06388888888888888
1 0.0198226395409494 0.3300925925925926 0.037037037037037035 0.06388888888888888
0 0.908189880020866 0.5921296296296297 0.03234220135628586 0.06111111111111111
1 0.2605633802816901 0.38981481481481484 0.0198226395409494 0.06666666666666667
1 0.4332290036515389 0.40046296296296297 0.02034428794992175 0.05925925925925926
1 0.3161189358372457 0.28703703703703703 0.024517475221700575 0.06759259259259259
0 0.28977569118414187 0.4532407407407407 0.03912363067292645 0.05555555555555555
1 0.43870631194574855 0.8953703703703704 0.02608242044861763 0.05925925925925926
1 0.747000521648409 0.2763888888888889 0.028169014084507043 0.05925925925925926
1 0.2686489306207616 0.23981481481481481 0.018257694314032343 0.06111111111111111
1 0.8375065206051121 0.3712962962962963 0.026604068857589983 0.06666666666666667
1 0.949660928534168 0.29212962962962963 0.02608242044861763 0.06018518518518518
1 0.7201356285863328 0.12731481481481483 0.027125717266562335 0.06111111111111111
0 0.7284820031298904 0.512962962962963 0.05216484089723526 0.044444444444444446
1 0.058163797600417316 0.85 0.03755868544600939 0.05277777777777778
1 0.8560250391236307 0.30092592592592593 0.026604068857589983 0.06296296296296296
0 0.9702660406885759 0.6583333333333333 0.058424621804903494 0.049074074074074076
1 0.6572769953051644 0.21342592592592594 0.019300991131977047 0.058333333333333334
1 0.6113719353155973 0.22685185185185186 0.0297339593114241 0.04259259259259259
1 0.6836202399582681 0.8333333333333334 0.03547209181011998 0.09259259259259259
1 0.6786645800730308 0.3236111111111111 0.029212310902451747 0.06296296296296296
1 0.9024517475221701 0.1574074074074074 0.023474178403755867 0.06944444444444445
1 0.62415232133542 0.37546296296296294 0.023995826812728223 0.07962962962962963
1 0.9491392801251957 0.4486111111111111 0.03234220135628586 0.06666666666666667
0 0.7284820031298904 0.3541666666666667 0.04747000521648409 0.04814814814814815
1 0.7021387584767866 0.2361111111111111 0.027125717266562335 0.06481481481481481
1 0.7436098069900887 0.4125 0.0297339593114241 0.07037037037037037
1 0.9311424100156495 0.19398148148148148 0.026604068857589983 0.06666666666666667
1 0.903755868544601 0.29768518518518516 0.029212310902451747 0.06388888888888888
1 0.8651538862806468 0.15925925925925927 0.017214397496087636 0.05462962962962963
1 0.8818466353677621 0.21944444444444444 0.023995826812728223 0.06296296296296296
1 0.15571205007824726 0.2537037037037037 0.022952529994783515 0.049074074074074076
1 0.9887845592070944 0.19537037037037036 0.02190923317683881 0.07037037037037037
1 0.6186750130412102 0.1439814814814815 0.01773604590505999 0.06666666666666667
1 0.22274387063119458 0.33935185185185185 0.030777256129368807 0.06574074074074074
1 0.6596244131455399 0.12962962962962962 0.018257694314032343 0.062037037037037036