0 0.23098958333333333 0.4212962962962963 0.046875 0.046296296296296294
0 0.7984375 0.3351851851851852 0.0484375 0.04351851851851852
0 0.03619791666666667 0.5254629629629629 0.049479166666666664 0.03981481481481482
0 0.17864583333333334 0.35648148148148145 0.04791666666666667 0.04537037037037037
0 0.8471354166666667 0.4185185185185185 0.050520833333333334 0.03888888888888889
0 0.6544270833333333 0.6657407407407407 0.05572916666666667 0.04537037037037037
0 0.8005208333333333 0.6083333333333333 0.0515625 0.044444444444444446
0 0.6502604166666667 0.5523148148148148 0.05364583333333333 0.04351851851851852
0 0.04973958333333333 0.5949074074074074 0.050520833333333334 0.04259259259259259
0 0.9640625 0.33611111111111114 0.04739583333333333 0.041666666666666664
0 0.89375 0.5342592592592592 0.0515625 0.046296296296296294
0 0.50078125 0.5291666666666667 0.050520833333333334 0.04351851851851852
0 0.89921875 0.47175925925925927 0.050520833333333334 0.041666666666666664
0 0.44869791666666664 0.4550925925925926 0.0453125 0.046296296296296294
0 0.9580729166666667 0.4013888888888889 0.04895833333333333 0.041666666666666664
0 0.234375 0.5875 0.0453125 0.06296296296296296
0 0.6552083333333333 0.41203703703703703 0.03958333333333333 0.041666666666666664
0 0.8549479166666667 0.6777777777777778 0.0546875 0.04722222222222222
0 0.10833333333333334 0.3421296296296296 0.0453125 0.04259259259259259
0 0.053125 0.43425925925925923 0.041666666666666664 0.04722222222222222
0 0.4432291666666667 0.15833333333333333 0.01875 0.05555555555555555