1 0.9697443922796035 0.38055555555555554 0.03234220135628586 0.07037037037037037
0 0.5258215962441315 0.49027777777777776 0.029212310902451747 0.06111111111111111
0 0.37402190923317685 0.43287037037037035 0.030777256129368807 0.06388888888888888
0 0.1298904538341158 0.5634259259259259 0.053208137715179966 0.04259259259259259
1 0.603547209181012 0.3384259259259259 0.027125717266562335 0.05740740740740741
1 0.7446531038080334 0.4222222222222222 0.0297339593114241 0.062037037037037036
0 0.8375065206051121 0.6916666666666667 0.03755868544600939 0.07407407407407407
1 0.04094940010432968 0.26666666666666666 0.028690662493479395 0.05277777777777778
1 0.1674491392801252 0.37222222222222223 0.030777256129368807 0.06296296296296296
1 0.3899321857068336 0.300462962962963 0.018779342723004695 0.0712962962962963
1 0.07068335941575378 0.7888888888888889 0.03599374021909233 0.07314814814814814
1 0.26134585289514867 0.7342592592592593 0.03547209181011998 0.053703703703703705
0 0.2968179447052686 0.46435185185185185 0.05216484089723526 0.04351851851851852
0 0.34298382889932183 0.5398148148148149 0.05112154407929056 0.04351851851851852
1 0.4217527386541471 0.8050925925925926 0.02138758476786646 0.05925925925925926
1 0.6708398539384455 0.36157407407407405 0.020865936358894107 0.06296296296296296
1 0.647887323943662 0.22268518518518518 0.027125717266562335 0.0824074074074074
1 0.15258215962441316 0.850462962962963 0.03808033385498174 0.05555555555555555
1 0.5732916014606155 0.4064814814814815 0.02138758476786646 0.06666666666666667
0 0.24569640062597808 0.43425925925925923 0.04590505998956703 0.044444444444444446
1 0.695357329160146 0.4 0.02034428794992175 0.06666666666666667
1 0.050078247261345854 0.33611111111111114 0.03286384976525822 0.07037037037037037
0 0.8067292644757433 0.47314814814814815 0.03025560772039645 0.04722222222222222
1 0.3797600417318727 0.6671296296296296 0.028690662493479395 0.062037037037037036
1 0.11058946270213876 0.19212962962962962 0.028169014084507043 0.053703703703703705
1 0.3954094940010433 0.22870370370370371 0.0198226395409494 0.07407407407407407
1 0.5933750652060511 0.25787037037037036 0.02190923317683881 0.06111111111111111
1 0.3435054773082942 0.6171296296296296 0.018779342723004695 0.06388888888888888
1 0.5756390193009912 0.8273148148148148 0.027125717266562335 0.06018518518518518
0 0.8873239436619719 0.5736111111111111 0.027125717266562335 0.06018518518518518
1 0.9478351591027647 0.1398148148148148 0.030777256129368807 0.07314814814814814
1 0.5127803860198227 0.3143518518518518 0.017214397496087636 0.06018518518518518
0 0.4347939488784559 0.549537037037037 0.024517475221700575 0.05555555555555555
1 0.5200834637454356 0.37824074074074077 0.027125717266562335 0.06944444444444445
1 0.5117370892018779 0.18009259259259258 0.023474178403755867 0.06388888888888888
1 0.16040688575899845 0.7592592592592593 0.03338549817423057 0.05925925925925926
1 0.9024517475221701 0.25046296296296294 0.03390714658320292 0.07314814814814814
1 0.7725612936880543 0.11666666666666667 0.02764736567553469 0.0712962962962963
1 0.266301512780386 0.2337962962962963 0.025039123630672927 0.06296296296296296
1 0.011997913406364111 0.26342592592592595 0.023995826812728223 0.05648148148148148
1 0.7386541471048513 0.33935185185185185 0.029212310902451747 0.06666666666666667
1 0.9809598330725091 0.2263888888888889 0.022952529994783515 0.053703703703703705
1 0.08737610850286906 0.2763888888888889 0.02608242044861763 0.062037037037037036
1 0.7183098591549296 0.2449074074074074 0.02764736567553469 0.058333333333333334
1 0.01564945226917058 0.7046296296296296 0.030777256129368807 0.05092592592592592
1 0.30412102243088157 0.29583333333333334 0.02608242044861763 0.05462962962962963
1 0.9608763693270735 0.03148148148148148 0.01773604590505999 0.06296296296296296
1 0.8101199791340636 0.16203703703703703 0.030777256129368807 0.06944444444444445
1 0.5247782994261867 0.033796296296296297 0.013041210224308816 0.05925925925925926
1 0.9366197183098591 0.31157407407407406 0.03025560772039645 0.046296296296296294
1 0.6215440792905582 0.6888888888888889 0.028169014084507043 0.06111111111111111
1 0.081377151799687 0.22592592592592592 0.02190923317683881 0.049074074074074076
1 0.374282733437663 0.36064814814814816 0.02608242044861763 0.058333333333333334
1 0.9047991653625457 0.18055555555555555 0.0297339593114241 0.06759259259259259
1 0.7055294731351069 0.32037037037037036 0.027125717266562335 0.06388888888888888
0 0.15101721439749607 0.4842592592592593 0.053208137715179966 0.05092592592592592
1 0.18935837245696402 0.3398148148148148 0.03286384976525822 0.05740740740740741
1 0.23708920187793428 0.16296296296296298 0.024517475221700575 0.05462962962962963
1 0.7587376108502869 0.23055555555555557 0.028169014084507043 0.06666666666666667
1 0.9405320813771518 0.21342592592592594 0.025039123630672927 0.06666666666666667
1 0.24308815858111632 0.8268518518518518 0.02556077203964528 0.053703703703703705
0 0.6288471570161711 0.5703703703703704 0.0495565988523735 0.04537037037037037
1 0.36306729264475746 0.2810185185185185 0.01617110067814293 0.0712962962962963
1 0.8729786124152321 0.888425925925926 0.03390714658320292 0.058333333333333334
1 0.5639019300991132 0.18888888888888888 0.019300991131977047 0.07314814814814814
1 0.2741262389149713 0.8555555555555555 0.020865936358894107 0.04537037037037037
1 0.35837245696400627 0.1875 0.024517475221700575 0.041666666666666664
1 0.5542514345331246 0.26481481481481484 0.02764736567553469 0.06481481481481481
1 0.19092331768388107 0.21388888888888888 0.0198226395409494 0.044444444444444446
1 0.2717788210745957 0.16527777777777777 0.017214397496087636 0.04537037037037037
1 0.6737089201877934 0.19305555555555556 0.023995826812728223 0.05648148148148148
1 0.16040688575899845 0.30787037037037035 0.020865936358894107 0.06018518518518518
1 0.2842983828899322 0.12777777777777777 0.020865936358894107 0.058333333333333334
1 0.4780907668231612 0.1736111111111111 0.014084507042253521 0.03981481481481482
1 0.8067292644757433 0.2689814814814815 0.029212310902451747 0.04814814814814815
1 0.7686489306207616 0.3527777777777778 0.03338549817423057 0.04259259259259259
1 0.8672404799165363 0.2 0.025039123630672927 0.058333333333333334
1 0.06807511737089202 0.19398148148148148 0.030777256129368807 0.03611111111111111