1 0.8020344287949921 0.4922839506172838 0.023474178403755867 0.06790123456790122
0 0.89453125 0.5494873046875 0.0321044921875 0.05086441040039062
0 0.044281005859375 0.458050537109375 0.0526123046875 0.04384956359863281
1 0.783203125 0.86583251953125 0.036834716796875 0.0587188720703125
1 0.048583984375 0.81123046875 0.0394287109375 0.07962799072265625
0 0.467171894697661 0.492094967689043 0.03995838805377588 0.0639190673828125
0 0.72412109375 0.731494140625 0.050506591796875 0.04173698425292969
1 0.576171875 0.401715087890625 0.0239105224609375 0.06527328491210938
0 0.320854355492523 0.5148193359374998 0.046318607399969805 0.060777282714843776
1 0.343017578125 0.354913330078125 0.0250396728515625 0.05687713623046875
0 0.720703125 0.619256591796875 0.053192138671875 0.048968505859375
1 0.93798828125 0.19034881591796876 0.0230255126953125 0.06711502075195312
1 0.78369140625 0.4209991455078125 0.01971435546875 0.06451492309570313
1 0.281982421875 0.8649658203125 0.0290374755859375 0.059423065185546874
1 0.7490234375 0.367047119140625 0.02752685546875 0.06814422607421874
1 0.859375 0.1995574951171875 0.030853271484375 0.07469863891601562
1 0.67724609375 0.86236572265625 0.025177001953125 0.0591522216796875
1 0.83056640625 0.416448974609375 0.033843994140625 0.07144851684570312
1 0.71337890625 0.3637969970703125 0.0257568359375 0.059856414794921875
1 0.80224609375 0.193707275390625 0.0216217041015625 0.0587188720703125
1 0.60693359375 0.427716064453125 0.0251312255859375 0.06332321166992187
1 0.1270751953125 0.293377685546875 0.0222930908203125 0.0626190185546875
1 0.759765625 0.20443267822265626 0.0258636474609375 0.060398101806640625
1 0.386962890625 0.2922943115234375 0.021240234375 0.054547882080078124
1 0.181884765625 0.299444580078125 0.0284423828125 0.06538162231445313
1 0.6923828125 0.3065948486328125 0.02276611328125 0.053329086303710936
1 0.984375 0.477117919921875 0.0296478271484375 0.09354934692382813
1 0.8984375 0.13444671630859376 0.0228424072265625 0.055062484741210935
1 0.21435546875 0.3247955322265625 0.0266571044921875 0.06635665893554688
1 0.9765625 0.313311767578125 0.03240966796875 0.06440658569335937
1 0.65185546875 0.24527587890625 0.0256195068359375 0.059856414794921875
1 0.77978515625 0.800830078125 0.0282135009765625 0.06121063232421875
0 0.053192138671875 0.3889312744140625 0.0509033203125 0.04409332275390625
1 0.8994140625 0.343212890625 0.03289794921875 0.0608856201171875
1 0.66552734375 0.406915283203125 0.0154266357421875 0.05687713623046875
1 0.74072265625 0.90916748046875 0.021240234375 0.05731048583984375
1 0.0343017578125 0.2870941162109375 0.027069091796875 0.06077728271484375
1 0.50244140625 0.2680267333984375 0.02056884765625 0.0569854736328125
1 0.82568359375 0.2801605224609375 0.02752685546875 0.0730194091796875
1 0.46728515625 0.2792938232421875 0.0187225341796875 0.050187301635742185
1 0.08880615234375 0.2372589111328125 0.028656005859375 0.06359405517578125
1 0.53662109375 0.2357421875 0.0153045654296875 0.07247772216796874
1 0.2919921875 0.2008575439453125 0.023956298828125 0.062023162841796875
1 0.51953125 0.3442962646484375 0.01490020751953125 0.06576080322265625
0 0.59228515625 0.70289306640625 0.043853759765625 0.06711502075195312
1 0.58349609375 0.1133209228515625 0.0141143798828125 0.06982345581054687
1 0.017578125 0.974169921875 0.029541015625 0.045203781127929686
0 0.953125 0.68555908203125 0.06732177734375 0.06451492309570313
1 0.59521484375 0.321978759765625 0.0235595703125 0.06500244140625
1 0.9848365783691406 0.3928314208984375 0.03032684326171875 0.074969482421875
1 0.46240234375 0.34754638671875 0.0294189453125 0.049997711181640626
1 0.77734375 0.273876953125 0.0225830078125 0.05143318176269531
0 0.88623046875 0.610589599609375 0.042083740234375 0.05557708740234375
0 0.385986328125 0.697259521484375 0.050994873046875 0.05882720947265625
1 0.68896484375 0.98023681640625 0.0282745361328125 0.037078475952148436