1 0.7998046875 0.7131076388888888 0.0217742919921875 0.06944444444444445
0 0.03131103515625 0.4861111111111111 0.051666259765625 0.04001193576388889
0 0.8349609375 0.3878038194444444 0.047943115234375 0.04578993055555555
1 0.8154296875 0.7157118055555556 0.0224609375 0.06673177083333333
0 0.2421875 0.5169270833333334 0.051666259765625 0.03895399305555555
0 0.317138671875 0.3977864583333333 0.049591064453125 0.04234483506944445
0 0.1419677734375 0.5572916666666666 0.057373046875 0.040608723958333336
0 0.85888671875 0.5099826388888888 0.047607421875 0.047119140625
0 0.2452392578125 0.3224826388888889 0.045440673828125 0.038655598958333336
0 0.5302734375 0.5021701388888888 0.028167724609375 0.0615234375
0 0.69677734375 0.22374131944444445 0.04595947265625 0.048014322916666664
0 0.0180206298828125 0.3934461805555556 0.0293121337890625 0.057183159722222224
0 0.96240234375 0.6935763888888888 0.048675537109375 0.0671115451388889
0 0.01036834716796875 0.3213975694444444 0.0201416015625 0.06477864583333333
0 0.953125 0.5733506944444444 0.05877685546875 0.053412543402777776
0 0.2113037109375 0.8754340277777778 0.058135986328125 0.05577256944444445