1 0.12066650390625 0.634857177734375 0.032470703125 0.05796051025390625
1 0.88134765625 0.659124755859375 0.030731201171875 0.07811126708984376
0 0.496337890625 0.501385498046875 0.040679931640625 0.04886016845703125
0 0.08648681640625 0.533453369140625 0.033203125 0.061589813232421874
1 0.040313720703125 0.30421142578125 0.027801513671875 0.0578521728515625
0 0.89794921875 0.59542236328125 0.033538818359375 0.05251655578613281
0 0.314697265625 0.4524169921875 0.05145263671875 0.04590797424316406
1 0.132080078125 0.60408935546875 0.0294189453125 0.05644378662109375
0 0.1507568359375 0.4426666259765625 0.04949951171875 0.0461517333984375
0 0.311767578125 0.526519775390625 0.05224609375 0.04444541931152344
0 0.349853515625 0.585888671875 0.04986572265625 0.04712677001953125
1 0.5361328125 0.2506927490234375 0.0258636474609375 0.06673583984375
1 0.9638671875 0.4062652587890625 0.0247039794921875 0.06727752685546876
1 0.22607421875 0.56248779296875 0.030914306640625 0.06538162231445313
0 0.027587890625 0.421649169921875 0.050811767578125 0.042522430419921875
0 0.787109375 0.59368896484375 0.05450439453125 0.046774673461914065
1 0.04193115234375 0.668658447265625 0.0343017578125 0.05709381103515625
1 0.64306640625 0.409515380859375 0.02685546875 0.053924942016601564
0 0.669921875 0.599322509765625 0.057708740234375 0.05086441040039062
1 0.2413330078125 0.65089111328125 0.023193359375 0.06180648803710938
1 0.2042236328125 0.6985595703125 0.0321044921875 0.06613998413085938
1 0.185302734375 0.3793975830078125 0.0311431884765625 0.06727752685546876
1 0.25 0.2766937255859375 0.027435302734375 0.06440658569335937
1 0.32421875 0.2610931396484375 0.0207977294921875 0.05476455688476563
1 0.422119140625 0.35968017578125 0.0258026123046875 0.06240234375
0 0.66650390625 0.5009521484375 0.02838134765625 0.05384368896484375
0 0.5810546875 0.682525634765625 0.03302001953125 0.05311241149902344
1 0.78271484375 0.6812255859375 0.0230255126953125 0.062023162841796875
1 0.343505859375 0.20269927978515626 0.0245208740234375 0.0606689453125
0 0.403076171875 0.5044189453125 0.052520751953125 0.04758720397949219
1 0.1871337890625 0.334112548828125 0.0257110595703125 0.06673583984375
1 0.55126953125 0.412115478515625 0.02838134765625 0.0556854248046875
1 0.92724609375 0.1588226318359375 0.022796630859375 0.06310653686523438
1 0.1014404296875 0.30594482421875 0.0304412841796875 0.06077728271484375
1 0.59814453125 0.77569580078125 0.018157958984375 0.054358291625976565
1 0.64501953125 0.2285919189453125 0.026611328125 0.05796051025390625
1 0.6416015625 0.2966278076171875 0.0272674560546875 0.06418991088867188
0 0.82861328125 0.3414794921875 0.05340576171875 0.038649368286132815
1 0.163818359375 0.244842529296875 0.0199127197265625 0.044689178466796875
1 0.0171051025390625 0.2467926025390625 0.02752685546875 0.05633544921875
1 0.9736328125 0.3629302978515625 0.02880859375 0.07724456787109375
1 0.1707763671875 0.766162109375 0.0364990234375 0.0582855224609375
1 0.304443359375 0.87276611328125 0.036285400390625 0.05517082214355469
1 0.1187744140625 0.792596435546875 0.039947509765625 0.05465621948242187
1 0.259765625 0.231842041015625 0.02288818359375 0.061589813232421874
1 0.6376953125 0.86756591796875 0.020843505859375 0.058502197265625
1 0.39453125 0.2740936279296875 0.028106689453125 0.06007308959960937
1 0.67333984375 0.2593597412109375 0.0182342529296875 0.05527915954589844
1 0.91162109375 0.2264251708984375 0.0282745361328125 0.062835693359375
1 0.025909423828125 0.1449554443359375 0.0272674560546875 0.07155685424804688
1 0.53564453125 0.7609619140625 0.0322265625 0.05806884765625
1 0.81640625 0.39954833984375 0.018798828125 0.061102294921875
1 0.60791015625 0.3044281005859375 0.0279083251953125 0.0626190185546875
1 0.9404296875 0.433782958984375 0.03704833984375 0.058502197265625
1 0.50634765625 0.3321624755859375 0.0216217041015625 0.06548995971679687
0 0.5615234375 0.63355712890625 0.050048828125 0.046774673461914065
1 0.65478515625 0.12989654541015624 0.0162811279296875 0.06982345581054687
1 0.28076171875 0.8198974609375 0.022796630859375 0.05601043701171875
1 0.300537109375 0.2186248779296875 0.020965576171875 0.04712677001953125
1 0.58251953125 0.2389923095703125 0.0199432373046875 0.06787338256835937
1 0.2705078125 0.18709869384765626 0.0230255126953125 0.058502197265625
1 0.81787109375 0.28687744140625 0.0216217041015625 0.07009429931640625
1 0.1982421875 0.30074462890625 0.0207672119140625 0.05424995422363281
1 0.45361328125 0.3308624267578125 0.0217742919921875 0.07426528930664063
1 0.41796875 0.2303253173828125 0.0269622802734375 0.0582855224609375
1 0.62646484375 0.1570892333984375 0.0164642333984375 0.07193603515625
1 0.481201171875 0.28861083984375 0.02069091796875 0.06121063232421875
1 0.1279296875 0.2008575439453125 0.024658203125 0.051622772216796876
1 0.10577392578125 0.828997802734375 0.02947998046875 0.05622711181640625
1 0.75439453125 0.20053253173828126 0.0263519287109375 0.06700668334960938
1 0.7158203125 0.2411590576171875 0.0189361572265625 0.0561187744140625
1 0.06597900390625 0.3334625244140625 0.0374755859375 0.06814422607421874
1 0.06707763671875 0.92476806640625 0.04351806640625 0.06689834594726562
1 0.38720703125 0.20161590576171876 0.0189056396484375 0.036645126342773435
1 0.52099609375 0.426849365234375 0.01861572265625 0.06343154907226563
1 0.6171875 0.2350921630859375 0.017181396484375 0.05113525390625
0 0.035888671875 0.496185302734375 0.03271484375 0.060398101806640625
1 0.72998046875 0.11906280517578124 0.0207672119140625 0.0572021484375
1 0.9521484375 0.96376953125 0.0413818359375 0.06538162231445313
1 0.66455078125 0.3845977783203125 0.0265045166015625 0.054954147338867186
1 0.7841796875 0.1124542236328125 0.015899658203125 0.053924942016601564
1 0.8759765625 0.2030242919921875 0.0287017822265625 0.054358291625976565
1 0.282470703125 0.94556884765625 0.0301055908203125 0.0572021484375
1 0.06561279296875 0.20616607666015624 0.0203399658203125 0.03799934387207031
1 0.53271484375 0.8996337890625 0.03216552734375 0.04942893981933594
1 0.671875 0.809930419921875 0.0257568359375 0.050674819946289064
1 0.1925048828125 0.204107666015625 0.02484130859375 0.06451492309570313
1 0.8173828125 0.228375244140625 0.028656005859375 0.05666046142578125
1 0.06610107421875 0.2727935791015625 0.037261962890625 0.06917343139648438
1 0.65869140625 0.1809234619140625 0.01898193359375 0.0608856201171875
0 0.2103271484375 0.18124847412109374 0.036773681640625 0.03889312744140625
1 0.87890625 0.386114501953125 0.020416259765625 0.05232696533203125
1 0.6005859375 0.2706268310546875 0.0200653076171875 0.0626190185546875
1 0.82861328125 0.37874755859375 0.015777587890625 0.06121063232421875
1 0.52685546875 0.856732177734375 0.033477783203125 0.055902099609375
1 0.67578125 0.3380126953125 0.01422882080078125 0.04054527282714844
1 0.69091796875 0.0972869873046875 0.0238189697265625 0.08249893188476562
1 0.9912109375 0.1674896240234375 0.0161590576171875 0.0452850341796875
1 0.759765625 0.16283111572265624 0.0161590576171875 0.05796051025390625
1 0.107421875 0.16369781494140626 0.0274810791015625 0.040247344970703126
1 0.88134765625 0.16283111572265624 0.029144287109375 0.03526382446289063
1 0.52978515625 0.724993896484375 0.0333251953125 0.047316360473632815
1 0.728515625 0.0730194091796875 0.0293731689453125 0.0426849365234375
1 0.82177734375 0.18579864501953125 0.03192138671875 0.04124946594238281