0 0.4239583333333333 0.7430555555555556 0.05364583333333333 0.053703703703703705
0 0.10026041666666667 0.6685185185185185 0.0484375 0.041666666666666664
0 0.115625 0.48842592592592593 0.04791666666666667 0.04722222222222222
0 0.45364583333333336 0.4212962962962963 0.050520833333333334 0.04537037037037037
0 0.8151041666666666 0.4777777777777778 0.03802083333333333 0.05462962962962963
0 0.3078125 0.46111111111111114 0.0515625 0.04537037037037037
0 0.21822916666666667 0.49953703703703706 0.052083333333333336 0.04537037037037037
0 0.5356770833333333 0.8212962962962963 0.049479166666666664 0.05185185185185185
1 0.9666666666666667 0.3875 0.035416666666666666 0.07314814814814814
0 0.7192708333333333 0.5726851851851852 0.029166666666666667 0.05
0 0.8700520833333333 0.5638888888888889 0.05 0.049074074074074076
1 0.5893229166666667 0.24583333333333332 0.026041666666666668 0.06018518518518518
0 0.057291666666666664 0.37175925925925923 0.049479166666666664 0.041666666666666664
1 0.203125 0.2740740740740741 0.028125 0.03518518518518519
0 0.31640625 0.4064814814814815 0.03854166666666667 0.05462962962962963
0 0.029947916666666668 0.4587962962962963 0.05416666666666667 0.041666666666666664
1 0.6919270833333333 0.2777777777777778 0.022395833333333334 0.062037037037037036
0 0.15104166666666666 0.3143518518518518 0.046875 0.040740740740740744
0 0.15859375 0.5916666666666667 0.049479166666666664 0.05740740740740741
0 0.11380208333333333 0.7615740740740741 0.046875 0.06481481481481481
1 0.28046875 0.2986111111111111 0.0265625 0.07314814814814814
1 0.9263020833333333 0.31574074074074077 0.028125 0.05092592592592592