0 0.5907668231611893 0.5421296296296296 0.0495565988523735 0.058333333333333334
0 0.7490871152842984 0.512962962962963 0.050078247261345854 0.041666666666666664
0 0.40923317683881066 0.5537037037037037 0.059989567031820554 0.06111111111111111
0 0.9397496087636933 0.5152777777777777 0.053208137715179966 0.040740740740740744
0 0.36906624934793947 0.31574074074074077 0.04121022430881586 0.03611111111111111
0 0.5811163275952008 0.4550925925925926 0.0495565988523735 0.041666666666666664
0 0.8244653103808033 0.45740740740740743 0.053208137715179966 0.04722222222222222
0 0.8215962441314554 0.5574074074074075 0.05216484089723526 0.04537037037037037
1 0.36384976525821594 0.4009259259259259 0.02034428794992175 0.07592592592592592
1 0.31194574856546686 0.19675925925925927 0.026604068857589983 0.05092592592592592
1 0.29160146061554515 0.30833333333333335 0.025039123630672927 0.0712962962962963
1 0.42331768388106417 0.3523148148148148 0.02190923317683881 0.06388888888888888
1 0.0980699008868023 0.1300925925925926 0.025039123630672927 0.06296296296296296
1 0.37219613980177363 0.21342592592592594 0.0198226395409494 0.05462962962962963
1 0.30125195618153366 0.3939814814814815 0.026604068857589983 0.06388888888888888
1 0.3935837245696401 0.26666666666666666 0.02138758476786646 0.06018518518518518
1 0.24074074074074073 0.34953703703703703 0.020865936358894107 0.0787037037037037
1 0.5409494001043297 0.3587962962962963 0.01564945226917058 0.05092592592592592
1 0.45174752217005737 0.3990740740740741 0.024517475221700575 0.05185185185185185
1 0.34376630151278037 0.6444444444444445 0.019300991131977047 0.06666666666666667
1 0.25639019300991134 0.40694444444444444 0.028690662493479395 0.06574074074074074
1 0.5002608242044861 0.6564814814814814 0.020865936358894107 0.06574074074074074
1 0.19666145018257694 0.3226851851851852 0.03025560772039645 0.05185185185185185
1 0.5127803860198227 0.24166666666666667 0.02034428794992175 0.05092592592592592
1 0.42931664058424623 0.19953703703703704 0.02034428794992175 0.06018518518518518
1 0.6841418883672404 0.3490740740740741 0.02556077203964528 0.06111111111111111
1 0.29003651538862807 0.22453703703703703 0.014606155451225874 0.06018518518518518
1 0.48043818466353677 0.060648148148148145 0.02034428794992175 0.06296296296296296
1 0.14945226917057902 0.2912037037037037 0.02190923317683881 0.06111111111111111
1 0.5709441836202399 0.8157407407407408 0.0297339593114241 0.04537037037037037
1 0.9697443922796035 0.2967592592592593 0.022952529994783515 0.06481481481481481
1 0.4760041731872718 0.225 0.024517475221700575 0.053703703703703705
1 0.6293688054251435 0.8143518518518519 0.026604068857589983 0.06574074074074074
1 0.6768388106416275 0.7472222222222222 0.03182055294731351 0.06574074074074074
1 0.9715701617110067 0.8828703703703704 0.03390714658320292 0.05648148148148148
1 0.9415753781950965 0.8083333333333333 0.037037037037037035 0.05740740740740741
1 0.9747000521648409 0.9560185185185185 0.03442879499217527 0.05925925925925926
1 0.7003129890453834 0.7939814814814815 0.024517475221700575 0.046296296296296294
1 0.6880542514345331 0.8814814814814815 0.026604068857589983 0.06851851851851852
1 0.04590505998956703 0.7041666666666667 0.030777256129368807 0.06759259259259259
1 0.5876369327073553 0.274537037037037 0.02190923317683881 0.06018518518518518
1 0.8129890453834115 0.3800925925925926 0.03338549817423057 0.05092592592592592
1 0.8865414710485133 0.2875 0.03390714658320292 0.058333333333333334
1 0.6218049034950444 0.3819444444444444 0.02034428794992175 0.05277777777777778
1 0.8056859676577987 0.3523148148148148 0.028690662493479395 0.058333333333333334
1 0.027386541471048513 0.41805555555555557 0.03495044340114763 0.062037037037037036
1 0.09181011997913406 0.937962962962963 0.03234220135628586 0.075
1 0.14397496087636932 0.8148148148148148 0.024517475221700575 0.06388888888888888
1 0.054773082942097026 0.674074074074074 0.03338549817423057 0.06296296296296296
1 0.26134585289514867 0.937037037037037 0.028690662493479395 0.07314814814814814
1 0.1640584246218049 0.763425925925926 0.03599374021909233 0.075
1 0.7475221700573813 0.40185185185185185 0.03025560772039645 0.06944444444444445
1 0.7381324986958789 0.2986111111111111 0.023474178403755867 0.06944444444444445
1 0.9752217005738133 0.22407407407407406 0.02764736567553469 0.06388888888888888
1 0.7123109024517476 0.26851851851851855 0.028690662493479395 0.05925925925925926
1 0.6872717788210746 0.2412037037037037 0.02556077203964528 0.07222222222222222
1 0.9715701617110067 0.15787037037037038 0.030777256129368807 0.07962962962962963
1 0.7822117892540428 0.3 0.026604068857589983 0.0712962962962963
1 0.6755346896191967 0.1986111111111111 0.0297339593114241 0.05925925925925926
1 0.15284298382889933 0.4583333333333333 0.027125717266562335 0.08148148148148149
1 0.18466353677621283 0.31157407407407406 0.023474178403755867 0.04722222222222222
1 0.15049556598852373 0.2574074074074074 0.02556077203964528 0.044444444444444446
1 0.041992696922274385 0.2875 0.025039123630672927 0.044444444444444446
1 0.7803860198226396 0.2199074074074074 0.03129890453834116 0.06481481481481481
1 0.8054251434533125 0.26296296296296295 0.023995826812728223 0.053703703703703705
1 0.8022952529994783 0.1986111111111111 0.02034428794992175 0.05092592592592592
1 0.8865414710485133 0.2574074074074074 0.02556077203964528 0.04351851851851852
1 0.5568596765779864 0.2662037037037037 0.013562858633281168 0.03518518518518519
1 0.6173708920187794 0.3509259259259259 0.02608242044861763 0.05555555555555555
1 0.8982785602503912 0.20324074074074075 0.03129890453834116 0.07037037037037037
1 0.017475221700573813 0.36527777777777776 0.03286384976525822 0.053703703703703705
1 0.7185706833594158 0.19074074074074074 0.019300991131977047 0.049074074074074076
1 0.7443922796035473 0.21435185185185185 0.025039123630672927 0.05555555555555555
1 0.8429838288993219 0.19953703703703704 0.03025560772039645 0.03888888888888889
1 0.21335419926969224 0.15787037037037038 0.018779342723004695 0.05462962962962963
1 0.22717788210745957 0.13148148148148148 0.02608242044861763 0.05555555555555555
1 0.043557642149191445 0.25092592592592594 0.03025560772039645 0.06111111111111111