0 0.3029791666666667 0.9210092592592594 0.050416666666666665 0.0738425925925926
0 0.39721875 0.471787037037037 0.050505208333333336 0.04812037037037037
0 0.5463854166666666 0.5156296296296297 0.04113541666666667 0.05496296296296296
0 0.18835416666666666 0.45573148148148146 0.04303125 0.06510185185185186
0 0.6020520833333334 0.442712962962963 0.046114583333333334 0.07075
0 0.4631354166666667 0.38910185185185187 0.04534895833333333 0.040935185185185186
0 0.6079114583333334 0.6532129629629629 0.05203125 0.04812037037037037
0 0.5961927083333334 0.5889722222222222 0.051270833333333335 0.04367592592592593
0 0.6669947916666668 0.33312037037037034 0.045869791666666666 0.04061111111111111
0 0.17822395833333332 0.37065740740740744 0.047942708333333334 0.04492592592592593
0 0.5747083333333334 0.3051203703703703 0.043854166666666666 0.04492592592592593
0 0.09076041666666666 0.6697037037037037 0.05560416666666667 0.05750925925925926
0 0.7387708333333334 0.5169259259259259 0.053984375 0.049805555555555554
0 0.6215833333333334 0.7552129629629629 0.0533125 0.04451851851851852
0 0.27441666666666664 0.3198796296296297 0.045197916666666664 0.024333333333333335
0 0.7310260416666666 0.5826759259259259 0.03199479166666667 0.051583333333333335