0 0.946875 0.5842592592592593 0.0484375 0.04722222222222222
0 0.7671875 0.612037037037037 0.04583333333333333 0.04351851851851852
0 0.14348958333333334 0.4134259259259259 0.049479166666666664 0.06851851851851852
0 0.4661458333333333 0.44351851851851853 0.0515625 0.044444444444444446
1 0.625 0.6884259259259259 0.025520833333333333 0.05
0 0.40520833333333334 0.3787037037037037 0.052083333333333336 0.046296296296296294
0 0.37109375 0.5722222222222222 0.042708333333333334 0.05277777777777778
0 0.5161458333333333 0.5976851851851852 0.0453125 0.058333333333333334
0 0.5888020833333333 0.3587962962962963 0.049479166666666664 0.04814814814814815
0 0.459375 0.5217592592592593 0.04739583333333333 0.044444444444444446
0 0.19609375 0.6013888888888889 0.044270833333333336 0.044444444444444446
0 0.0203125 0.7384259259259259 0.04010416666666667 0.040740740740740744
0 0.35885416666666664 0.6625 0.04479166666666667 0.03611111111111111
1 0.6268229166666667 0.7300925925925926 0.01875 0.05555555555555555