1 0.4405320813771518 0.42083333333333334 0.03025560772039645 0.06851851851851852
0 0.4209702660406886 0.5115740740740741 0.05268648930620762 0.044444444444444446
1 0.3445487741262389 0.6625 0.03755868544600939 0.09166666666666666
0 0.7188315075639019 0.5648148148148148 0.03286384976525822 0.053703703703703705
0 0.09728742827334376 0.4083333333333333 0.026604068857589983 0.058333333333333334
0 0.5868544600938967 0.6916666666666667 0.04277516953573292 0.05277777777777778
1 0.8789775691184142 0.14907407407407408 0.023474178403755867 0.05925925925925926
1 0.18779342723004694 0.37453703703703706 0.02608242044861763 0.05648148148148148
0 0.5516431924882629 0.5041666666666667 0.03808033385498174 0.062037037037037036
1 0.661189358372457 0.6148148148148148 0.03129890453834116 0.0712962962962963
1 0.9637454355764214 0.27824074074074073 0.024517475221700575 0.06018518518518518
1 0.06781429316640585 0.35 0.028690662493479395 0.07222222222222222
1 0.9634846113719353 0.4185185185185185 0.028690662493479395 0.06111111111111111
1 0.1499739175795514 0.3416666666666667 0.023995826812728223 0.06574074074074074
1 0.6661450182576943 0.19768518518518519 0.019300991131977047 0.062037037037037036
0 0.8847157016171101 0.5199074074074074 0.03234220135628586 0.05092592592592592
1 0.7081377151799687 0.4115740740740741 0.02556077203964528 0.07962962962962963
1 0.4480959833072509 0.3587962962962963 0.03025560772039645 0.06296296296296296
1 0.0495565988523735 0.22546296296296298 0.030777256129368807 0.07314814814814814
1 0.693792383933229 0.15555555555555556 0.020865936358894107 0.062037037037037036
1 0.7871674491392802 0.19768518518518519 0.02190923317683881 0.06111111111111111
0 0.6533646322378717 0.6782407407407407 0.036515388628064686 0.05740740740740741
1 0.6465832029212311 0.4222222222222222 0.028690662493479395 0.06388888888888888
1 0.557642149191445 0.21388888888888888 0.016692749087115284 0.058333333333333334
1 0.30073030777256127 0.27037037037037037 0.027125717266562335 0.07407407407407407
1 0.8135106937923839 0.28564814814814815 0.028169014084507043 0.0712962962962963
1 0.9580073030777256 0.37083333333333335 0.026604068857589983 0.058333333333333334
1 0.07511737089201878 0.2962962962962963 0.0297339593114241 0.062037037037037036
1 0.6948356807511737 0.7703703703703704 0.03442879499217527 0.07592592592592592
1 0.5839853938445487 0.6273148148148148 0.023995826812728223 0.05277777777777778
1 0.9859154929577465 0.33796296296296297 0.023474178403755867 0.06666666666666667
1 0.5307772561293688 0.8101851851851852 0.03338549817423057 0.058333333333333334
1 0.4736567553468962 0.3050925925925926 0.015127803860198226 0.05925925925925926
0 0.5826812728221179 0.5504629629629629 0.04277516953573292 0.05185185185185185
0 0.5039123630672926 0.6703703703703704 0.03390714658320292 0.05555555555555555
1 0.31194574856546686 0.1884259259259259 0.023995826812728223 0.06851851851851852
1 0.38706311945748567 0.31203703703703706 0.019300991131977047 0.06296296296296296
1 0.6630151278038602 0.3162037037037037 0.016692749087115284 0.06759259259259259
1 0.7548252477829943 0.1962962962962963 0.018779342723004695 0.05740740740740741
1 0.9864371413667188 0.22268518518518518 0.02556077203964528 0.06574074074074074
1 0.9770474700052165 0.8726851851851852 0.04121022430881586 0.06296296296296296
0 0.8633281168492436 0.6884259259259259 0.05529473135106938 0.05740740740740741
1 0.5639019300991132 0.45 0.027125717266562335 0.05555555555555555
1 0.5151278038601982 0.23796296296296296 0.013041210224308816 0.05740740740740741
1 0.6455399061032864 0.2865740740740741 0.019300991131977047 0.05
1 0.9047991653625457 0.36064814814814816 0.0297339593114241 0.05185185185185185
1 0.8309859154929577 0.17824074074074073 0.020865936358894107 0.0787037037037037
1 0.011215440792905582 0.16111111111111112 0.022430881585811163 0.08425925925925926
1 0.8236828377673449 0.9041666666666667 0.03912363067292645 0.05555555555555555
1 0.8946270213875848 0.23425925925925925 0.03390714658320292 0.06851851851851852
1 0.5732916014606155 0.3685185185185185 0.028169014084507043 0.06018518518518518
1 0.744131455399061 0.41203703703703703 0.0297339593114241 0.0712962962962963
1 0.5615545122587376 0.31157407407407406 0.026604068857589983 0.06759259259259259
1 0.9530516431924883 0.06157407407407407 0.01617110067814293 0.06481481481481481
1 0.18753260302556077 0.8569444444444444 0.044861763171622326 0.05555555555555555
1 0.19770474700052165 0.24351851851851852 0.02764736567553469 0.06759259259259259
1 0.7347417840375586 0.3578703703703704 0.02608242044861763 0.05648148148148148
1 0.45096504955659883 0.2574074074074074 0.027125717266562335 0.05
1 0.7211789254042775 0.10231481481481482 0.017214397496087636 0.06481481481481481
1 0.6293688054251435 0.2375 0.015127803860198226 0.06018518518518518
1 0.2683881064162754 0.20324074074074075 0.022952529994783515 0.05277777777777778
1 0.2269170579029734 0.9171296296296296 0.03599374021909233 0.05
1 0.7110067814293166 0.275 0.023995826812728223 0.06944444444444445
1 0.26134585289514867 0.24027777777777778 0.02034428794992175 0.05555555555555555
1 0.6231090245174752 0.3731481481481482 0.022430881585811163 0.0712962962962963
1 0.6205007824726134 0.20694444444444443 0.01773604590505999 0.05277777777777778
1 0.05425143453312467 0.6638888888888889 0.03390714658320292 0.053703703703703705
1 0.7509128847157016 0.14027777777777778 0.02034428794992175 0.06481481481481481
1 0.08685446009389672 0.2412037037037037 0.028690662493479395 0.06759259259259259
1 0.9428794992175273 0.3148148148148148 0.02608242044861763 0.06111111111111111
1 0.04903495044340115 0.7912037037037037 0.036515388628064686 0.058333333333333334
1 0.23448095983307252 0.3148148148148148 0.023474178403755867 0.07685185185185185
1 0.9791340636411059 0.9300925925925926 0.03808033385498174 0.06759259259259259
1 0.6205007824726134 0.1125 0.014084507042253521 0.06481481481481481
1 0.12623891497130935 0.26435185185185184 0.023474178403755867 0.04814814814814815
1 0.6836202399582681 0.36018518518518516 0.02764736567553469 0.06296296296296296
1 0.6131977047470005 0.42083333333333334 0.022430881585811163 0.062037037037037036
1 0.06442357850808555 0.6259259259259259 0.03808033385498174 0.05277777777777778
1 0.7250912884715701 0.3333333333333333 0.0198226395409494 0.06944444444444445
1 0.1278038601982264 0.19305555555555556 0.02190923317683881 0.04537037037037037
1 0.42123109024517474 0.2625 0.018779342723004695 0.04259259259259259
1 0.5704225352112676 0.26851851851851855 0.018779342723004695 0.05277777777777778
1 0.8701095461658842 0.4787037037037037 0.028690662493479395 0.04814814814814815
1 0.699791340636411 0.30787037037037035 0.02190923317683881 0.07037037037037037
1 0.030777256129368807 0.19398148148148148 0.020865936358894107 0.053703703703703705
1 0.7681272822117893 0.3060185185185185 0.02034428794992175 0.062037037037037036
0 0.07798643714136672 0.5351851851851852 0.04538341158059468 0.05
0 0.3208137715179969 0.4777777777777778 0.04121022430881586 0.06018518518518518
0 0.7462180490349505 0.7041666666666667 0.037037037037037035 0.06851851851851852
1 0.22874282733437662 0.3888888888888889 0.02190923317683881 0.03888888888888889
0 0.6105894627021388 0.4912037037037037 0.040166927490871154 0.06574074074074074