1 0.20761606677099634 0.4861111111111111 0.027125717266562335 0.08333333333333333
0 0.8834115805946792 0.4097222222222222 0.05529473135106938 0.044444444444444446
1 0.328377673448096 0.29444444444444445 0.02764736567553469 0.05648148148148148
1 0.46270213875847677 0.6268518518518519 0.028169014084507043 0.06574074074074074
1 0.33854981742305684 0.15601851851851853 0.022430881585811163 0.062037037037037036
1 0.7715179968701096 0.02824074074074074 0.030777256129368807 0.05277777777777778
1 0.28377673448095986 0.12916666666666668 0.028690662493479395 0.06111111111111111
0 0.7456964006259781 0.48842592592592593 0.05581637976004173 0.05
1 0.6236306729264476 0.34305555555555556 0.020865936358894107 0.058333333333333334
0 0.49426186750130413 0.47314814814814815 0.05112154407929056 0.05277777777777778
0 0.5985915492957746 0.5199074074074074 0.04225352112676056 0.04351851851851852
0 0.7576943140323422 0.4263888888888889 0.05268648930620762 0.041666666666666664
0 0.4139280125195618 0.40185185185185185 0.050078247261345854 0.07314814814814814
1 0.5972874282733438 0.7902777777777777 0.019300991131977047 0.05740740740740741
1 0.06311945748565467 0.7675925925925926 0.028169014084507043 0.06296296296296296
1 0.5341679707876891 0.10925925925925926 0.03129890453834116 0.05277777777777778
1 0.5581637976004173 0.6722222222222223 0.02556077203964528 0.06481481481481481
1 0.9306207616066771 0.874537037037037 0.023995826812728223 0.06018518518518518
1 0.7871674491392802 0.8643518518518518 0.028690662493479395 0.06481481481481481
1 0.4269692227438706 0.711574074074074 0.028169014084507043 0.06666666666666667
1 0.5633802816901409 0.21712962962962962 0.026604068857589983 0.05462962962962963
1 0.7368283776734481 0.2310185185185185 0.03755868544600939 0.05740740740740741
1 0.9204486176317163 0.07268518518518519 0.030777256129368807 0.04722222222222222
1 0.3435054773082942 0.22314814814814815 0.03599374021909233 0.04722222222222222
1 0.7378716744913928 0.850925925925926 0.019300991131977047 0.06851851851851852
1 0.08607198748043818 0.6662037037037037 0.03912363067292645 0.06296296296296296
0 0.9786124152321335 0.4625 0.04277516953573292 0.04537037037037037
1 0.6661450182576943 0.5777777777777777 0.02190923317683881 0.06666666666666667
1 0.9676577986437142 0.6421296296296296 0.028169014084507043 0.06018518518518518
1 0.6517996870109546 0.7013888888888888 0.022952529994783515 0.06296296296296296
1 0.7055294731351069 0.9046296296296297 0.018257694314032343 0.06296296296296296
1 0.6885758998435054 0.13287037037037036 0.02764736567553469 0.05185185185185185
1 0.6914449660928534 0.3453703703703704 0.019300991131977047 0.06388888888888888
1 0.9736567553468962 0.5856481481481481 0.03025560772039645 0.062037037037037036
1 0.8873239436619719 0.5791666666666667 0.020865936358894107 0.07037037037037037
0 0.5151278038601982 0.7842592592592592 0.0406885758998435 0.040740740740740744
1 0.6382368283776735 0.6236111111111111 0.02034428794992175 0.06018518518518518
1 0.9668753260302556 0.8148148148148148 0.03234220135628586 0.06759259259259259
1 0.9087115284298383 0.812037037037037 0.03182055294731351 0.075
1 0.7694314032342201 0.7388888888888889 0.03129890453834116 0.06481481481481481
1 0.6118935837245696 0.850925925925926 0.02034428794992175 0.06851851851851852
1 0.6757955138236829 0.774537037037037 0.020865936358894107 0.06574074074074074
1 0.3148148148148148 0.7199074074074074 0.020865936358894107 0.06111111111111111
1 0.28012519561815336 0.7833333333333333 0.02764736567553469 0.075
1 0.838810641627543 0.674537037037037 0.030777256129368807 0.062037037037037036
1 0.31690140845070425 0.6805555555555556 0.026604068857589983 0.06296296296296296
1 0.6859676577986437 0.6546296296296297 0.02034428794992175 0.053703703703703705
1 0.6142410015649452 0.6796296296296296 0.0198226395409494 0.06296296296296296
1 0.9300991131977048 0.20925925925925926 0.02608242044861763 0.04814814814814815
1 0.15362545644235784 0.6611111111111111 0.03234220135628586 0.058333333333333334
1 0.06338028169014084 0.4537037037037037 0.036515388628064686 0.06388888888888888
1 0.5581637976004173 0.7560185185185185 0.0198226395409494 0.06851851851851852
1 0.9178403755868545 0.7472222222222222 0.03234220135628586 0.05740740740740741
1 0.21648408972352634 0.649074074074074 0.03025560772039645 0.05925925925925926
1 0.810641627543036 0.562962962962963 0.022952529994783515 0.06851851851851852
1 0.37715179968701096 0.7041666666666667 0.024517475221700575 0.06481481481481481
1 0.1961398017736046 0.08055555555555556 0.027125717266562335 0.06851851851851852
1 0.9522691705790297 0.5805555555555556 0.027125717266562335 0.06111111111111111
1 0.00782472613458529 0.7356481481481482 0.01564945226917058 0.053703703703703705
1 0.8690662493479395 0.5939814814814814 0.03286384976525822 0.049074074074074076
1 0.34533124673969745 0.18055555555555555 0.03025560772039645 0.05277777777777778
1 0.7916014606155451 0.799537037037037 0.023995826812728223 0.06388888888888888
1 0.9374021909233177 0.7143518518518519 0.02138758476786646 0.05925925925925926
1 0.94679186228482 0.8513888888888889 0.026604068857589983 0.06574074074074074
1 0.9530516431924883 0.6884259259259259 0.028169014084507043 0.062037037037037036
1 0.6343244653103808 0.3680555555555556 0.026604068857589983 0.05555555555555555
1 0.5224308815858112 0.7402777777777778 0.029212310902451747 0.10925925925925926
1 0.7143974960876369 0.04490740740740741 0.03234220135628586 0.05555555555555555
1 0.6327595200834637 0.7222222222222222 0.02608242044861763 0.06018518518518518
1 0.532603025560772 0.15925925925925927 0.029212310902451747 0.06481481481481481
1 0.08163797600417319 0.7962962962962963 0.02764736567553469 0.05925925925925926
1 0.3411580594679186 0.337037037037037 0.03025560772039645 0.05648148148148148
1 0.09598330725091289 0.7314814814814815 0.02190923317683881 0.05555555555555555
1 0.1664058424621805 0.7208333333333333 0.03599374021909233 0.06851851851851852
1 0.5010432968179447 0.08657407407407407 0.03182055294731351 0.04722222222222222
1 0.3015127803860198 0.6203703703703703 0.02556077203964528 0.04814814814814815
1 0.1343244653103808 0.7023148148148148 0.024517475221700575 0.05925925925925926
1 0.9647887323943662 0.9518518518518518 0.017214397496087636 0.0712962962962963
1 0.44366197183098594 0.7486111111111111 0.0198226395409494 0.05925925925925926
1 0.2005738132498696 0.7351851851851852 0.018779342723004695 0.06481481481481481
1 0.7363067292644757 0.6856481481481481 0.029212310902451747 0.053703703703703705
1 0.5678142931664059 0.29305555555555557 0.020865936358894107 0.04722222222222222
1 0.06364110589462701 0.3194444444444444 0.02138758476786646 0.05092592592592592
1 0.3745435576421492 0.7944444444444444 0.025039123630672927 0.04814814814814815
1 0.12754303599374023 0.7777777777777778 0.025039123630672927 0.05462962962962963
1 0.2081377151799687 0.8143518518518519 0.018257694314032343 0.046296296296296294
1 0.01486697965571205 0.8356481481481481 0.02764736567553469 0.06851851851851852
1 0.9204486176317163 0.6518518518518519 0.03129890453834116 0.06388888888888888
1 0.4207094418362024 0.7513888888888889 0.022430881585811163 0.044444444444444446
1 0.9780907668231612 0.7041666666666667 0.02138758476786646 0.049074074074074076
1 0.1729264475743349 0.8263888888888888 0.025039123630672927 0.05092592592592592
1 0.707094418362024 0.7856481481481481 0.020865936358894107 0.06388888888888888
1 0.23395931142410015 0.7847222222222222 0.03234220135628586 0.07962962962962963
1 0.49582681272822116 0.3143518518518518 0.020865936358894107 0.03796296296296296
1 0.3586332811684924 0.7361111111111112 0.01773604590505999 0.05555555555555555
1 0.7616066770996348 0.7722222222222223 0.023474178403755867 0.040740740740740744
1 0.31038080333854984 0.031018518518518518 0.016692749087115284 0.041666666666666664
1 0.2874282733437663 0.8388888888888889 0.020865936358894107 0.03981481481481482