0 0.58740234375 0.498785400390625 0.027435302734375 0.05622711181640625
1 0.389404296875 0.796929931640625 0.035003662109375 0.06018142700195313
0 0.6826171875 0.54168701171875 0.039642333984375 0.06787338256835937
1 0.71435546875 0.21396636962890625 0.0224609375 0.06418991088867188
0 0.318603515625 0.577655029296875 0.052032470703125 0.054358291625976565
0 0.2371826171875 0.478851318359375 0.044921875 0.047235107421875
0 0.321533203125 0.52261962890625 0.0296478271484375 0.047939300537109375
0 0.0226287841796875 0.3893646240234375 0.0455322265625 0.04536628723144531
1 0.252197265625 0.867132568359375 0.036285400390625 0.05861053466796875
0 0.374267578125 0.46541748046875 0.050994873046875 0.03932647705078125
1 0.037689208984375 0.755328369140625 0.037811279296875 0.060506439208984374
1 0.34423828125 0.726727294921875 0.030853271484375 0.0686859130859375
0 0.448974609375 0.569854736328125 0.042877197265625 0.07524032592773437
1 0.09027099609375 0.63875732421875 0.033660888671875 0.05086441040039062
1 0.0242767333984375 0.5425537109375 0.0352783203125 0.0587188720703125
1 0.50634765625 0.625323486328125 0.0289764404296875 0.06538162231445313
0 0.56005859375 0.57808837890625 0.045013427734375 0.0565521240234375
1 0.74951171875 0.20551605224609376 0.0241851806640625 0.06467742919921875
1 0.65185546875 0.2558929443359375 0.02423095703125 0.06310653686523438
1 0.273193359375 0.7020263671875 0.0369873046875 0.0574188232421875
0 0.5068359375 0.505718994140625 0.041839599609375 0.05796051025390625
1 0.65673828125 0.406915283203125 0.017852783203125 0.062131500244140624
1 0.06683349609375 0.606689453125 0.0272674560546875 0.061102294921875
1 0.52099609375 0.731927490234375 0.019378662109375 0.05579376220703125
1 0.1026611328125 0.2290252685546875 0.0278472900390625 0.049537277221679686
1 0.7958984375 0.95770263671875 0.040985107421875 0.05806884765625
1 0.0489501953125 0.854132080078125 0.035614013671875 0.05752716064453125
1 0.88818359375 0.747528076171875 0.03302001953125 0.05202903747558594
1 0.169921875 0.193707275390625 0.0229339599609375 0.05213737487792969
1 0.35498046875 0.3512298583984375 0.0213623046875 0.06018142700195313
1 0.165283203125 0.823797607421875 0.0313720703125 0.05953140258789062
1 0.164306640625 0.65435791015625 0.0271148681640625 0.05546875
1 0.369384765625 0.237908935546875 0.0251312255859375 0.060398101806640625
1 0.208984375 0.70635986328125 0.033203125 0.060398101806640625
1 0.88330078125 0.804730224609375 0.039276123046875 0.05557708740234375
1 0.77880859375 0.8580322265625 0.0230712890625 0.07654037475585937
1 0.00916290283203125 0.18839874267578124 0.0182342529296875 0.05953140258789062
1 0.787109375 0.1462554931640625 0.0256195068359375 0.06787338256835937
1 0.35498046875 0.2823272705078125 0.020965576171875 0.04650382995605469
0 0.865234375 0.3646636962890625 0.04638671875 0.046341323852539064
1 0.94580078125 0.16109771728515626 0.0261993408203125 0.063702392578125
1 0.5537109375 0.253076171875 0.0160980224609375 0.06613998413085938
1 0.6962890625 0.94903564453125 0.040924072265625 0.06776504516601563
1 0.59619140625 0.3414794921875 0.015838623046875 0.06906509399414062
1 0.4091796875 0.3174285888671875 0.0216217041015625 0.04988937377929688
1 0.89892578125 0.14311370849609376 0.027374267578125 0.06603164672851562
1 0.0235137939453125 0.918701171875 0.045013427734375 0.05904388427734375
1 0.18408203125 0.7540283203125 0.03656005859375 0.0673858642578125
1 0.5458984375 0.8476318359375 0.0189056396484375 0.042603683471679685
1 0.0880126953125 0.27301025390625 0.029876708984375 0.06169815063476562
1 0.65185546875 0.347113037109375 0.0231475830078125 0.050078964233398436
1 0.255615234375 0.24180908203125 0.0197601318359375 0.052814483642578125
1 0.94970703125 0.36834716796875 0.0328369140625 0.043091201782226564
1 0.84765625 0.16109771728515626 0.0263519287109375 0.06917343139648438
1 0.19775390625 0.1744232177734375 0.018768310546875 0.04934768676757813
1 0.448974609375 0.3425628662109375 0.03143310546875 0.05882720947265625
1 0.064208984375 0.3200286865234375 0.0258636474609375 0.06603164672851562
1 0.39990234375 0.3919647216796875 0.03521728515625 0.059423065185546874
1 0.3017578125 0.2662933349609375 0.024749755859375 0.06299819946289062
1 0.46044921875 0.2790771484375 0.024993896484375 0.06321487426757813
1 0.2080078125 0.2298919677734375 0.0287628173828125 0.05622711181640625
1 0.92626953125 0.9204345703125 0.04248046875 0.0587188720703125
1 0.0309600830078125 0.18969879150390626 0.0294189453125 0.06516494750976562
1 0.400146484375 0.211907958984375 0.025177001953125 0.0556854248046875
1 0.53173828125 0.20941619873046874 0.01898193359375 0.050078964233398436
1 0.353271484375 0.92130126953125 0.037689208984375 0.05839385986328125
1 0.18505859375 0.3137451171875 0.028106689453125 0.06776504516601563
1 0.2293701171875 0.2979278564453125 0.0301513671875 0.0656524658203125
1 0.494384765625 0.2827606201171875 0.017303466796875 0.06689834594726562
1 0.1483154296875 0.236175537109375 0.0293731689453125 0.063702392578125
1 0.98193359375 0.2901275634765625 0.03271484375 0.04626007080078125
1 0.2958984375 0.20269927978515626 0.0221099853515625 0.0452850341796875
1 0.3466796875 0.669525146484375 0.02056884765625 0.04393081665039063
1 0.85205078125 0.2966278076171875 0.0279083251953125 0.05806884765625
1 0.81201171875 0.225775146484375 0.0273284912109375 0.05154151916503906
1 0.6923828125 0.2580596923828125 0.02191162109375 0.04823722839355469
1 0.98388671875 0.9447021484375 0.03216552734375 0.08022384643554688
1 0.87939453125 0.4309661865234375 0.027008056640625 0.06077728271484375
1 0.389404296875 0.8996337890625 0.0272674560546875 0.055902099609375
1 0.67626953125 0.1120208740234375 0.0162200927734375 0.0695526123046875
1 0.85400390625 0.94210205078125 0.04046630859375 0.06321487426757813
1 0.947265625 0.84156494140625 0.033538818359375 0.0587188720703125
1 0.5419921875 0.3161285400390625 0.019500732421875 0.0647857666015625
1 0.98974609375 0.72109375 0.018829345703125 0.07442779541015625
1 0.8828125 0.86063232421875 0.03875732421875 0.06077728271484375
1 0.367431640625 0.4305328369140625 0.0206451416015625 0.04590797424316406
1 0.9814453125 0.3276123046875 0.0197906494140625 0.03743057250976563
1 0.12176513671875 0.2992279052734375 0.0284423828125 0.048047637939453124
1 0.548828125 0.88836669921875 0.0263519287109375 0.054872894287109376
1 0.98095703125 0.0613189697265625 0.0169219970703125 0.07090682983398437
1 0.96875 0.6708251953125 0.036285400390625 0.05601043701171875
1 0.8876953125 0.282977294921875 0.0274810791015625 0.05113525390625
1 0.0304412841796875 0.2654266357421875 0.033599853515625 0.06944427490234376
1 0.81982421875 0.273443603515625 0.029876708984375 0.07090682983398437
1 0.98974609375 0.811663818359375 0.0167236328125 0.07626953125
1 0.252685546875 0.20226593017578126 0.017303466796875 0.038811874389648435
1 0.1636962890625 0.288177490234375 0.020721435546875 0.04712677001953125
1 0.0230255126953125 0.12296295166015625 0.025177001953125 0.05839385986328125
1 0.83837890625 0.42381591796875 0.02691650390625 0.03894729614257812
1 0.399658203125 0.278643798828125 0.03253173828125 0.043768310546875
1 0.86669921875 0.89703369140625 0.0265045166015625 0.050566482543945315