0 0.27595200834637457 0.6458333333333334 0.04225352112676056 0.05925925925925926
0 0.1484089723526343 0.5907407407407408 0.050078247261345854 0.06759259259259259
0 0.3985393844548774 0.5851851851851851 0.0505998956703182 0.04537037037037037
0 0.45305164319248825 0.5138888888888888 0.047991653625456446 0.040740740740740744
0 0.3398539384454877 0.5268518518518519 0.050078247261345854 0.04351851851851852
1 0.3868022952529995 0.7402777777777778 0.025039123630672927 0.062037037037037036
1 0.6658841940532081 0.34814814814814815 0.03025560772039645 0.06296296296296296
0 0.9653103808033385 0.45740740740740743 0.048513302034428794 0.053703703703703705
1 0.103547209181012 0.25601851851851853 0.038601982263954095 0.075
1 0.18362023995826812 0.3013888888888889 0.03129890453834116 0.06574074074074074
1 0.2368283776734481 0.3111111111111111 0.02556077203964528 0.06759259259259259
0 0.8124673969744393 0.4976851851851852 0.050078247261345854 0.04351851851851852
0 0.9149713093375065 0.5333333333333333 0.05425143453312467 0.06111111111111111
1 0.4154929577464789 0.19675925925925927 0.01617110067814293 0.06759259259259259
1 0.9087115284298383 0.33796296296296297 0.0297339593114241 0.06018518518518518
1 0.8362023995826813 0.3699074074074074 0.03442879499217527 0.06666666666666667
1 0.652321335419927 0.42453703703703705 0.027125717266562335 0.08518518518518518
1 0.3414188836724048 0.2777777777777778 0.028169014084507043 0.06666666666666667
1 0.5344287949921753 0.2412037037037037 0.02764736567553469 0.05555555555555555
1 0.25586854460093894 0.1935185185185185 0.01773604590505999 0.062037037037037036
1 0.9587897756911842 0.2689814814814815 0.03390714658320292 0.06944444444444445
1 0.41653625456442356 0.30324074074074076 0.023995826812728223 0.06388888888888888
1 0.8615023474178404 0.2810185185185185 0.037037037037037035 0.06481481481481481
1 0.07720396452790819 0.16527777777777777 0.02556077203964528 0.0712962962962963
1 0.9856546687532604 0.3611111111111111 0.027125717266562335 0.06481481481481481
1 0.42331768388106417 0.27546296296296297 0.022952529994783515 0.06111111111111111
1 0.5164319248826291 0.875 0.03338549817423057 0.05277777777777778
1 0.11711006781429317 0.2013888888888889 0.03338549817423057 0.06666666666666667
1 0.7430881585811163 0.22546296296296298 0.023474178403755867 0.0712962962962963
1 0.17370892018779344 0.36064814814814816 0.028690662493479395 0.027777777777777776
1 0.7217005738132499 0.2759259259259259 0.025039123630672927 0.06388888888888888
1 0.940792905581638 0.624537037037037 0.03390714658320292 0.05462962962962963
1 0.9300991131977048 0.29212962962962963 0.03286384976525822 0.06018518518518518
1 0.10067814293166406 0.9291666666666667 0.03025560772039645 0.05740740740740741
1 0.7743870631194575 0.9333333333333333 0.040166927490871154 0.05925925925925926
1 0.5073030777256129 0.37453703703703706 0.015127803860198226 0.03333333333333333
1 0.8252477829942618 0.31203703703703706 0.022430881585811163 0.06296296296296296
1 0.3612415232133542 0.19953703703703704 0.01773604590505999 0.06111111111111111
1 0.29447052686489306 0.30277777777777776 0.022952529994783515 0.06296296296296296
1 0.3534167970787689 0.44675925925925924 0.019300991131977047 0.062037037037037036
1 0.36384976525821594 0.40879629629629627 0.01564945226917058 0.05740740740740741
1 0.030777256129368807 0.17962962962962964 0.02764736567553469 0.06666666666666667
1 0.3677621283255086 0.2972222222222222 0.0198226395409494 0.06851851851851852
1 0.2733437663015128 0.13333333333333333 0.03025560772039645 0.06851851851851852
1 0.3252477829942619 0.2523148148148148 0.016692749087115284 0.05277777777777778
1 0.7511737089201878 0.8439814814814814 0.03442879499217527 0.06574074074074074
1 0.5691184141888367 0.287962962962963 0.028690662493479395 0.044444444444444446
1 0.8095983307250912 0.23981481481481481 0.01773604590505999 0.05
1 0.7965571205007824 0.27361111111111114 0.03025560772039645 0.06296296296296296
1 0.724830464267084 0.825 0.03442879499217527 0.05648148148148148
1 0.014606155451225874 0.3162037037037037 0.026604068857589983 0.0787037037037037