0 0.21935315597287428 0.5055555555555555 0.041731872717788214 0.05462962962962963
0 0.8085550339071466 0.5842592592592593 0.030777256129368807 0.062037037037037036
1 0.5912884715701617 0.36574074074074076 0.018257694314032343 0.0712962962962963
0 0.12493479394887845 0.5273148148148148 0.05425143453312467 0.04814814814814815
1 0.22587376108502868 0.39166666666666666 0.03599374021909233 0.06481481481481481
0 0.400886802295253 0.4583333333333333 0.050078247261345854 0.04537037037037037
0 0.5709441836202399 0.6097222222222223 0.04277516953573292 0.053703703703703705
1 0.12962962962962962 0.2490740740740741 0.023995826812728223 0.053703703703703705
1 0.5845070422535211 0.2273148148148148 0.0297339593114241 0.044444444444444446
1 0.6875326030255607 0.1125 0.018257694314032343 0.07037037037037037
1 0.10459050599895671 0.6930555555555555 0.036515388628064686 0.06111111111111111
1 0.707094418362024 0.4097222222222222 0.03182055294731351 0.0787037037037037
1 0.1904016692749087 0.22685185185185186 0.030777256129368807 0.06944444444444445
1 0.4767866458007303 0.31574074074074077 0.020865936358894107 0.06388888888888888
1 0.6484089723526343 0.11712962962962963 0.016692749087115284 0.07037037037037037
1 0.7576943140323422 0.3587962962962963 0.03025560772039645 0.06759259259259259
1 0.6763171622326551 0.2351851851851852 0.018257694314032343 0.06388888888888888
1 0.352112676056338 0.2824074074074074 0.025039123630672927 0.06481481481481481
1 0.3907146583202921 0.3726851851851852 0.028169014084507043 0.06481481481481481
0 0.9827856025039123 0.6217592592592592 0.03182055294731351 0.04722222222222222
1 0.6473656755346896 0.2898148148148148 0.02556077203964528 0.08888888888888889
1 0.2423056859676578 0.26990740740740743 0.030777256129368807 0.058333333333333334
1 0.28664580073030776 0.2814814814814815 0.030777256129368807 0.06574074074074074
0 0.868283776734481 0.649074074074074 0.03547209181011998 0.05462962962962963
1 0.909754825247783 0.44027777777777777 0.0396452790818988 0.06666666666666667
1 0.7772561293688054 0.25555555555555554 0.01773604590505999 0.05925925925925926
1 0.9003651538862807 0.8953703703703704 0.03286384976525822 0.075
0 0.022952529994783515 0.7361111111111112 0.044861763171622326 0.06944444444444445
0 0.17188315075639019 0.449537037037037 0.04434011476264997 0.049074074074074076
1 0.9233176838810642 0.2912037037037037 0.025039123630672927 0.05740740740740741
0 0.6455399061032864 0.4912037037037037 0.028169014084507043 0.049074074074074076
0 0.6958789775691184 0.35185185185185186 0.04434011476264997 0.04722222222222222
1 0.9825247782994262 0.2861111111111111 0.026604068857589983 0.05740740740740741
1 0.39149713093375066 0.30648148148148147 0.020865936358894107 0.058333333333333334
1 0.827073552425665 0.3013888888888889 0.026604068857589983 0.06296296296296296
1 0.9003651538862807 0.1962962962962963 0.028690662493479395 0.06296296296296296
1 0.8028169014084507 0.39537037037037037 0.03234220135628586 0.09351851851851851
1 0.956964006259781 0.18472222222222223 0.030777256129368807 0.062037037037037036
1 0.018257694314032343 0.8412037037037037 0.03390714658320292 0.05462962962962963
1 0.8320292123109024 0.23657407407407408 0.022430881585811163 0.05925925925925926
1 0.19744392279603548 0.34305555555555556 0.03182055294731351 0.06666666666666667
0 0.652321335419927 0.5513888888888889 0.03808033385498174 0.05555555555555555
1 0.8534167970787689 0.21944444444444444 0.02138758476786646 0.06944444444444445
0 0.8797600417318727 0.7361111111111112 0.06103286384976526 0.05555555555555555
0 0.6585811163275952 0.7050925925925926 0.04590505998956703 0.06481481481481481
0 0.6455399061032864 0.8342592592592593 0.03599374021909233 0.08518518518518518
0 0.9760041731872717 0.5324074074074074 0.047991653625456446 0.062037037037037036
1 0.39462702138758476 0.8935185185185185 0.03129890453834116 0.07407407407407407
1 0.9316640584246219 0.38796296296296295 0.025039123630672927 0.06944444444444445
1 0.7157016171100679 0.24166666666666667 0.016692749087115284 0.06296296296296296
1 0.8690662493479395 0.16064814814814815 0.022952529994783515 0.06111111111111111
1 0.9697443922796035 0.3509259259259259 0.0198226395409494 0.04814814814814815