0 0.6502347417840375 0.7296296296296296 0.058424621804903494 0.05555555555555555
1 0.7143974960876369 0.25925925925925924 0.03390714658320292 0.05092592592592592
1 0.400886802295253 0.3143518518518518 0.022952529994783515 0.06481481481481481
1 0.15336463223787167 0.24768518518518517 0.02190923317683881 0.08055555555555556
1 0.8247261345852895 0.2763888888888889 0.02190923317683881 0.05185185185185185
1 0.38184663536776214 0.21203703703703702 0.023474178403755867 0.062037037037037036
1 0.014606155451225874 0.1875 0.022430881585811163 0.06018518518518518
1 0.8004694835680751 0.3314814814814815 0.03025560772039645 0.06388888888888888
1 0.8873239436619719 0.24675925925925926 0.03025560772039645 0.06759259259259259
1 0.4788732394366197 0.26805555555555555 0.02608242044861763 0.07222222222222222
1 0.12415232133541992 0.3472222222222222 0.023995826812728223 0.058333333333333334
1 0.08502869066249348 0.2675925925925926 0.026604068857589983 0.09074074074074075
1 0.07329160146061554 0.34629629629629627 0.027125717266562335 0.06759259259259259
1 0.8575899843505478 0.36203703703703705 0.036515388628064686 0.06111111111111111
1 0.6471048513302035 0.30092592592592593 0.02608242044861763 0.05925925925925926
1 0.6426708398539385 0.38564814814814813 0.02190923317683881 0.06481481481481481
0 0.8607198748043818 0.6430555555555556 0.05372978612415232 0.05
1 0.34220135628586335 0.2574074074074074 0.02034428794992175 0.05648148148148148
1 0.5699008868022952 0.2962962962962963 0.024517475221700575 0.062037037037037036
1 0.4295774647887324 0.3768518518518518 0.029212310902451747 0.06666666666666667
1 0.4306207616066771 0.9393518518518519 0.025039123630672927 0.05925925925925926
1 0.8450704225352113 0.22037037037037038 0.03025560772039645 0.06296296296296296
1 0.5412102243088158 0.32916666666666666 0.01773604590505999 0.06481481481481481
0 0.2876890975482525 0.4564814814814815 0.05112154407929056 0.05555555555555555
0 0.3935837245696401 0.6231481481481481 0.04903495044340115 0.044444444444444446
1 0.19483568075117372 0.3074074074074074 0.029212310902451747 0.06666666666666667
1 0.3109024517475222 0.2310185185185185 0.02138758476786646 0.06481481481481481
1 0.3369848721961398 0.1412037037037037 0.022430881585811163 0.06666666666666667
1 0.3448095983307251 0.34120370370370373 0.01617110067814293 0.05925925925925926
1 0.9136671883150757 0.325 0.026604068857589983 0.07037037037037037
1 0.1484089723526343 0.3958333333333333 0.029212310902451747 0.06296296296296296
0 0.7866458007303078 0.5958333333333333 0.04121022430881586 0.05648148148148148
0 0.9462702138758476 0.48657407407407405 0.0495565988523735 0.049074074074074076
0 0.7733437663015128 0.5393518518518519 0.05372978612415232 0.046296296296296294
0 0.2793427230046948 0.5060185185185185 0.05372978612415232 0.05092592592592592
1 0.0912884715701617 0.2 0.03182055294731351 0.0824074074074074
0 0.6291079812206573 0.4597222222222222 0.053208137715179966 0.05092592592592592
0 0.5821596244131455 0.6106481481481482 0.04903495044340115 0.04722222222222222
1 0.11085028690662493 0.937962962962963 0.03338549817423057 0.05185185185185185
1 0.4473135106937924 0.28935185185185186 0.017214397496087636 0.06481481481481481
0 0.347678664580073 0.5736111111111111 0.048513302034428794 0.046296296296296294
1 0.27725612936880545 0.18009259259259258 0.026604068857589983 0.062037037037037036
1 0.2655190401669275 0.4 0.02034428794992175 0.06574074074074074
0 0.2005738132498696 0.7023148148148148 0.054773082942097026 0.05092592592592592
1 0.49061032863849763 0.33194444444444443 0.020865936358894107 0.06296296296296296
0 0.48330725091288473 0.7472222222222222 0.05268648930620762 0.040740740740740744
1 0.99113197704747 0.26805555555555555 0.017214397496087636 0.06574074074074074
1 0.747000521648409 0.3787037037037037 0.02034428794992175 0.06759259259259259
1 0.806207616066771 0.23472222222222222 0.0297339593114241 0.08333333333333333
0 0.7723004694835681 0.47638888888888886 0.05268648930620762 0.053703703703703705
1 0.013823682837767345 0.28379629629629627 0.02764736567553469 0.08981481481481482
0 0.24960876369327073 0.6199074074074075 0.056338028169014086 0.05092592592592592
0 0.14162754303599373 0.6199074074074075 0.056338028169014086 0.06944444444444445
1 0.5589462702138759 0.08935185185185185 0.0198226395409494 0.07037037037037037
1 0.5529473135106938 0.9810185185185185 0.02556077203964528 0.03611111111111111
1 0.4447052686489306 0.2199074074074074 0.019300991131977047 0.05925925925925926
1 0.9454877412623891 0.06481481481481481 0.018779342723004695 0.03611111111111111
1 0.1011997913406364 0.08657407407407407 0.023474178403755867 0.06759259259259259
1 0.3513302034428795 0.2935185185185185 0.029212310902451747 0.06111111111111111
1 0.7000521648408973 0.3263888888888889 0.046948356807511735 0.08055555555555556
1 0.6731872717788211 0.25833333333333336 0.018257694314032343 0.06018518518518518
1 0.8599374021909233 0.3199074074074074 0.028169014084507043 0.05555555555555555
0 0.24804381846635368 0.4351851851851852 0.0505998956703182 0.06851851851851852