0 0.6361979166666667 0.45740740740740743 0.04739583333333333 0.04259259259259259
0 0.4864583333333333 0.6620370370370371 0.052083333333333336 0.03888888888888889
0 0.19947916666666668 0.5319444444444444 0.050520833333333334 0.04351851851851852
0 0.12864583333333332 0.39675925925925926 0.04895833333333333 0.04537037037037037
0 0.46015625 0.5675925925925925 0.050520833333333334 0.040740740740740744
0 0.27447916666666666 0.3388888888888889 0.04895833333333333 0.041666666666666664
0 0.28958333333333336 0.6092592592592593 0.0515625 0.04351851851851852
0 0.6427083333333333 0.549537037037037 0.0484375 0.040740740740740744
0 0.23723958333333334 0.4236111111111111 0.049479166666666664 0.04259259259259259
0 0.21640625 0.4759259259259259 0.04791666666666667 0.041666666666666664
0 0.9005208333333333 0.3625 0.04791666666666667 0.044444444444444446
0 0.11536458333333334 0.3351851851851852 0.04895833333333333 0.04259259259259259
0 0.8536458333333333 0.42777777777777776 0.04739583333333333 0.049074074074074076
0 0.4239583333333333 0.4013888888888889 0.030208333333333334 0.05277777777777778
0 0.0421875 0.45231481481481484 0.034895833333333334 0.06018518518518518
0 0.97421875 0.3398148148148148 0.024479166666666666 0.05555555555555555
0 0.88828125 0.5995370370370371 0.049479166666666664 0.05925925925925926
0 0.28515625 0.6828703703703703 0.052083333333333336 0.06111111111111111