1 0.45565988523735 0.3685185185185185 0.03390714658320292 0.05
0 0.6870109546165885 0.36666666666666664 0.05268648930620762 0.046296296296296294
0 0.25013041210224307 0.46620370370370373 0.0495565988523735 0.040740740740740744
1 0.6163275952008347 0.10555555555555556 0.03599374021909233 0.06296296296296296
0 0.7167449139280125 0.4842592592592593 0.056859676577986434 0.044444444444444446
1 0.4217527386541471 0.38101851851851853 0.027125717266562335 0.06111111111111111
0 0.18022952529994785 0.5009259259259259 0.0495565988523735 0.03981481481481482
0 0.6786645800730308 0.4217592592592593 0.04903495044340115 0.04351851851851852
1 0.645018257694314 0.2791666666666667 0.023474178403755867 0.06666666666666667
1 0.8901930099113198 0.15648148148148147 0.03025560772039645 0.06388888888888888
1 0.9775691184141888 0.8083333333333333 0.03025560772039645 0.06666666666666667
1 0.7172665623369848 0.18564814814814815 0.03599374021909233 0.058333333333333334
1 0.8873239436619719 0.6675925925925926 0.0297339593114241 0.06666666666666667
1 0.44835680751173707 0.24444444444444444 0.018779342723004695 0.06851851851851852
1 0.1807511737089202 0.6587962962962963 0.027125717266562335 0.07037037037037037
1 0.8555033907146583 0.10925925925925926 0.03547209181011998 0.05462962962962963
1 0.3030777256129369 0.7078703703703704 0.02764736567553469 0.06296296296296296
0 0.4475743348982786 0.47129629629629627 0.04903495044340115 0.03888888888888889
1 0.34820031298904536 0.6199074074074075 0.025039123630672927 0.05277777777777778
1 0.9720918101199791 0.6592592592592592 0.02556077203964528 0.06111111111111111
1 0.6815336463223787 0.7986111111111112 0.01773604590505999 0.05648148148148148
0 0.8729786124152321 0.4412037037037037 0.05738132498695879 0.044444444444444446
1 0.5785080855503391 0.30925925925925923 0.020865936358894107 0.05555555555555555
1 0.2983828899321857 0.1648148148148148 0.03547209181011998 0.06296296296296296
0 0.38393322900365157 0.5305555555555556 0.04277516953573292 0.041666666666666664
1 0.7193531559728743 0.7601851851851852 0.025039123630672927 0.05740740740740741
1 0.6366718831507564 0.8662037037037037 0.018779342723004695 0.06388888888888888
1 0.15884194053208137 0.7171296296296297 0.02190923317683881 0.058333333333333334
1 0.8724569640062598 0.8273148148148148 0.0297339593114241 0.06296296296296296
1 0.8531559728742827 0.7083333333333334 0.02190923317683881 0.06666666666666667
1 0.739697443922796 0.8944444444444445 0.02190923317683881 0.0712962962962963
1 0.3093375065206051 0.8 0.022430881585811163 0.05185185185185185
1 0.5790297339593115 0.7773148148148148 0.02034428794992175 0.05185185185185185
1 0.7162232655190401 0.06388888888888888 0.0297339593114241 0.053703703703703705
1 0.4074074074074074 0.6814814814814815 0.023995826812728223 0.06481481481481481
1 0.9624413145539906 0.6050925925925926 0.029212310902451747 0.06481481481481481
1 0.36906624934793947 0.09166666666666666 0.0297339593114241 0.058333333333333334
1 0.04121022430881586 0.07083333333333333 0.03234220135628586 0.053703703703703705
1 0.36619718309859156 0.387037037037037 0.03182055294731351 0.06296296296296296
1 0.9027125717266562 0.749537037037037 0.02190923317683881 0.058333333333333334
1 0.10589462702138759 0.6606481481481481 0.020865936358894107 0.04259259259259259
1 0.37245696400625977 0.7523148148148148 0.02034428794992175 0.06574074074074074
1 0.7089201877934272 0.5800925925925926 0.02190923317683881 0.05462962962962963
1 0.7543035993740219 0.05 0.03808033385498174 0.06388888888888888
1 0.266301512780386 0.7888888888888889 0.028169014084507043 0.058333333333333334
1 0.8184663536776213 0.3143518518518518 0.023995826812728223 0.0712962962962963
1 0.8841940532081377 0.1986111111111111 0.040166927490871154 0.049074074074074076
1 0.24517475221700574 0.7296296296296296 0.02034428794992175 0.06388888888888888
0 0.8544600938967136 0.37083333333333335 0.05372978612415232 0.05648148148148148
1 0.6489306207616067 0.2199074074074074 0.02556077203964528 0.06666666666666667
1 0.8262910798122066 0.8245370370370371 0.028690662493479395 0.06666666666666667
1 0.35837245696400627 0.031018518518518518 0.0297339593114241 0.05462962962962963
1 0.695357329160146 0.6546296296296297 0.025039123630672927 0.046296296296296294
1 0.5093896713615024 0.6430555555555556 0.017214397496087636 0.062037037037037036
1 0.1992696922274387 0.7819444444444444 0.03547209181011998 0.06944444444444445
1 0.1807511737089202 0.4083333333333333 0.02608242044861763 0.06296296296296296
0 0.3174230568596766 0.49074074074074076 0.044861763171622326 0.04722222222222222
1 0.4613980177360459 0.7013888888888888 0.019300991131977047 0.06944444444444445
1 0.5302556077203965 0.9356481481481481 0.02190923317683881 0.06944444444444445
1 0.9736567553468962 0.5407407407407407 0.03442879499217527 0.08703703703703704
1 0.4937402190923318 0.2152777777777778 0.023995826812728223 0.06018518518518518
1 0.3620239958268127 0.42453703703703705 0.019300991131977047 0.05
1 0.4887845592070944 0.6578703703703703 0.02138758476786646 0.06111111111111111
1 0.6864893062076161 0.8671296296296296 0.0198226395409494 0.05925925925925926
1 0.06624934793948878 0.7861111111111111 0.023995826812728223 0.06111111111111111
1 0.5633802816901409 0.7231481481481481 0.015127803860198226 0.049074074074074076
1 0.5273865414710485 0.7546296296296297 0.01773604590505999 0.04814814814814815
1 0.1332811684924361 0.7833333333333333 0.025039123630672927 0.06481481481481481
1 0.7363067292644757 0.6236111111111111 0.018779342723004695 0.05185185185185185
1 0.6338028169014085 0.5981481481481481 0.028169014084507043 0.03611111111111111
1 0.7949921752738655 0.625 0.022952529994783515 0.06388888888888888
1 0.414188836724048 0.32592592592592595 0.029212310902451747 0.05185185185185185
1 0.49269692227438705 0.15092592592592594 0.0198226395409494 0.06851851851851852
1 0.6742305685967658 0.7319444444444444 0.016692749087115284 0.05925925925925926
1 0.09833072509128847 0.7439814814814815 0.03547209181011998 0.06388888888888888
1 0.4350547730829421 0.6337962962962963 0.026604068857589983 0.04351851851851852
1 0.00782472613458529 0.7773148148148148 0.01564945226917058 0.05277777777777778
1 0.032081377151799685 0.7458333333333333 0.022952529994783515 0.05277777777777778
1 0.8881064162754304 0.7199074074074074 0.023474178403755867 0.06574074074074074
1 0.6244131455399061 0.774074074074074 0.0198226395409494 0.05185185185185185
1 0.5565988523735003 0.6388888888888888 0.01564945226917058 0.06574074074074074
1 0.7274387063119457 0.7106481481481481 0.019300991131977047 0.05
1 0.010172143974960876 0.6537037037037037 0.02034428794992175 0.05555555555555555
1 0.6392801251956182 0.5592592592592592 0.025039123630672927 0.05740740740740741
1 0.22848200312989045 0.8217592592592593 0.018779342723004695 0.05740740740740741
1 0.7621283255086072 0.6657407407407407 0.0198226395409494 0.06851851851851852
1 0.33437663015127805 0.6564814814814814 0.029212310902451747 0.03981481481481482
1 0.7939488784559207 0.6754629629629629 0.024517475221700575 0.03888888888888889
1 0.8257694314032342 0.7648148148148148 0.02034428794992175 0.053703703703703705
1 0.7313510693792384 0.6648148148148149 0.03390714658320292 0.04537037037037037
1 0.9864371413667188 0.9259259259259259 0.017214397496087636 0.07037037037037037
1 0.5542514345331246 0.7601851851851852 0.01617110067814293 0.04537037037037037
1 0.6465832029212311 0.6986111111111111 0.01773604590505999 0.05277777777777778
1 0.4937402190923318 0.8898148148148148 0.015127803860198226 0.037037037037037035
1 0.020083463745435577 0.7800925925925926 0.028690662493479395 0.03425925925925926
1 0.6927490871152843 0.6958333333333333 0.03129890453834116 0.041666666666666664
1 0.6210224308815858 0.8064814814814815 0.023995826812728223 0.03148148148148148
1 0.11606677099634846 0.8180555555555555 0.02764736567553469 0.044444444444444446
1 0.6870109546165885 0.9342592592592592 0.028169014084507043 0.03611111111111111