0 0.7407407407407407 0.48194444444444445 0.044861763171622326 0.06111111111111111
0 0.6191966614501826 0.47962962962962963 0.05268648930620762 0.04537037037037037
0 0.9376630151278038 0.38935185185185184 0.0505998956703182 0.05740740740740741
0 0.14580073030777257 0.4648148148148148 0.046948356807511735 0.06111111111111111
1 0.7592592592592593 0.799537037037037 0.02034428794992175 0.06666666666666667
1 0.7861241523213354 0.6837962962962963 0.029212310902451747 0.06666666666666667
1 0.6030255607720396 0.6916666666666667 0.027125717266562335 0.06574074074074074
1 0.2535211267605634 0.06157407407407407 0.040166927490871154 0.058333333333333334
0 0.11711006781429317 0.5444444444444444 0.04538341158059468 0.05648148148148148
1 0.7290036515388628 0.6912037037037037 0.02138758476786646 0.06388888888888888
1 0.35315597287428274 0.6458333333333334 0.029212310902451747 0.06388888888888888
1 0.26734480959833073 0.1537037037037037 0.03129890453834116 0.06018518518518518
0 0.24569640062597808 0.48935185185185187 0.0505998956703182 0.040740740740740744
1 0.29603547209181014 0.1685185185185185 0.02764736567553469 0.05277777777777778
1 0.8500260824204486 0.7097222222222223 0.018257694314032343 0.03981481481481482
1 0.6742305685967658 0.5527777777777778 0.018257694314032343 0.06388888888888888
1 0.5101721439749609 0.11805555555555555 0.03338549817423057 0.05
1 0.36932707355242567 0.5833333333333334 0.029212310902451747 0.05740740740740741
1 0.15988523735002608 0.7143518518518519 0.040166927490871154 0.06388888888888888
1 0.6455399061032864 0.25046296296296294 0.03495044340114763 0.05648148148148148
1 0.11476264997391758 0.6555555555555556 0.03390714658320292 0.06481481481481481
1 0.48852373500260826 0.750462962962963 0.02034428794992175 0.06388888888888888
1 0.04303599374021909 0.6328703703703704 0.03599374021909233 0.05925925925925926
1 0.06572769953051644 0.7291666666666666 0.029212310902451747 0.06388888888888888
1 0.8495044340114762 0.6578703703703703 0.03182055294731351 0.07962962962962963
1 0.08085550339071466 0.3625 0.029212310902451747 0.05462962962962963
1 0.27569118414188837 0.774537037037037 0.02138758476786646 0.06759259259259259
1 0.6494522691705791 0.6949074074074074 0.023995826812728223 0.06851851851851852
1 0.6113719353155973 0.8009259259259259 0.022430881585811163 0.06481481481481481
1 0.9178403755868545 0.7439814814814815 0.03912363067292645 0.0824074074074074
1 0.29760041731872716 0.7162037037037037 0.022430881585811163 0.06388888888888888
1 0.6538862806468441 0.5851851851851851 0.02190923317683881 0.062037037037037036
1 0.011997913406364111 0.7050925925925926 0.022430881585811163 0.06018518518518518
1 0.44679186228482004 0.7138888888888889 0.02556077203964528 0.05277777777777778
1 0.747000521648409 0.8560185185185185 0.028690662493479395 0.06481481481481481
1 0.6846635367762128 0.7148148148148148 0.02138758476786646 0.06296296296296296
1 0.19874804381846636 0.6842592592592592 0.028169014084507043 0.06388888888888888
1 0.18883672404799165 0.6273148148148148 0.023995826812728223 0.07037037037037037
1 0.5062597809076682 0.6351851851851852 0.02764736567553469 0.07037037037037037
1 0.9872196139801773 0.8138888888888889 0.02556077203964528 0.06111111111111111
1 0.8974960876369327 0.8055555555555556 0.037037037037037035 0.06759259259259259
1 0.5996348461137193 0.7199074074074074 0.018257694314032343 0.05462962962962963
1 0.08998435054773082 0.7050925925925926 0.029212310902451747 0.058333333333333334
1 0.6864893062076161 0.7648148148148148 0.030777256129368807 0.07314814814814814
1 0.2793427230046948 0.19027777777777777 0.023474178403755867 0.05648148148148148
1 0.9394887845592071 0.8203703703703704 0.023474178403755867 0.058333333333333334
1 0.22065727699530516 0.7185185185185186 0.025039123630672927 0.06111111111111111
0 0.9287949921752738 0.8935185185185185 0.03025560772039645 0.06666666666666667
0 0.6911841418883672 0.4152777777777778 0.046948356807511735 0.05740740740740741
0 0.7871674491392802 0.33611111111111114 0.050078247261345854 0.06574074074074074
1 0.9337506520605112 0.06018518518518518 0.036515388628064686 0.08981481481481482