1 0.54248046875 0.3551300048828125 0.022796630859375 0.062835693359375
1 0.92529296875 0.799530029296875 0.03704833984375 0.060398101806640625
1 0.70166015625 0.377880859375 0.017852783203125 0.060506439208984374
1 0.383544921875 0.583721923828125 0.025421142578125 0.05796051025390625
1 0.8916015625 0.16369781494140626 0.0221099853515625 0.062131500244140624
0 0.1083984375 0.573321533203125 0.033905029296875 0.0587188720703125
1 0.093994140625 0.9620361328125 0.0379638671875 0.050078964233398436
0 0.79296875 0.51568603515625 0.03033447265625 0.04704551696777344
1 0.487548828125 0.55555419921875 0.02001953125 0.05538749694824219
0 0.7255859375 0.58848876953125 0.0293731689453125 0.05538749694824219
1 0.79345703125 0.3785308837890625 0.0254669189453125 0.065869140625
0 0.2354736328125 0.47755126953125 0.0293731689453125 0.062835693359375
0 0.35107421875 0.5113525390625 0.0285491943359375 0.061914825439453126
1 0.396484375 0.38048095703125 0.024749755859375 0.06576080322265625
0 0.1761474609375 0.472784423828125 0.033538818359375 0.05202903747558594
1 0.60595703125 0.2576263427734375 0.0240020751953125 0.068035888671875
1 0.91943359375 0.419482421875 0.03448486328125 0.063702392578125
1 0.3056640625 0.77222900390625 0.03204345703125 0.0608856201171875
1 0.7421875 0.3546966552734375 0.0289764404296875 0.05953140258789062
1 0.06695556640625 0.648291015625 0.039703369140625 0.06343154907226563
0 0.2646484375 0.55382080078125 0.0517578125 0.0457183837890625
1 0.307861328125 0.727593994140625 0.027587890625 0.0578521728515625
1 0.1705322265625 0.3620635986328125 0.03460693359375 0.06359405517578125
1 0.7158203125 0.95076904296875 0.0345458984375 0.061102294921875
1 0.1651611328125 0.31287841796875 0.0236968994140625 0.059856414794921875
1 0.83544921875 0.282977294921875 0.0303802490234375 0.06402740478515626
1 0.85546875 0.3967315673828125 0.0295867919921875 0.06440658569335937
1 0.31494140625 0.3910980224609375 0.0302734375 0.05322074890136719
1 0.42041015625 0.353179931640625 0.0305633544921875 0.0606689453125
1 0.9716796875 0.3884979248046875 0.041534423828125 0.06673583984375
1 0.347412109375 0.31287841796875 0.0216522216796875 0.057635498046875
1 0.78076171875 0.21049957275390624 0.0265045166015625 0.055062484741210935
0 0.65283203125 0.49141845703125 0.042816162109375 0.041980743408203125
1 0.70068359375 0.19988250732421875 0.0221099853515625 0.063702392578125
1 0.44775390625 0.2610931396484375 0.0224151611328125 0.04915809631347656
1 0.3740234375 0.2836273193359375 0.0247039794921875 0.06516494750976562
1 0.0240478515625 0.284710693359375 0.037200927734375 0.06624832153320312
1 0.89111328125 0.253076171875 0.0262603759765625 0.06776504516601563
1 0.305908203125 0.164239501953125 0.0180511474609375 0.062835693359375
1 0.49169921875 0.59022216796875 0.0199432373046875 0.04988937377929688
1 0.5458984375 0.3958648681640625 0.022247314453125 0.060398101806640625
1 0.6875 0.321978759765625 0.0287017822265625 0.051839447021484374
1 0.50048828125 0.290777587890625 0.025421142578125 0.07020263671875
1 0.364013671875 0.3767974853515625 0.0218658447265625 0.06500244140625
0 0.1849365234375 0.426416015625 0.0321044921875 0.04942893981933594
0 0.03216552734375 0.528253173828125 0.05499267578125 0.049537277221679686
1 0.990234375 0.14473876953125 0.018157958984375 0.06906509399414062
1 0.32373046875 0.204107666015625 0.0193023681640625 0.0591522216796875
1 0.224853515625 0.336712646484375 0.02947998046875 0.06223983764648437
1 0.93896484375 0.855865478515625 0.034423828125 0.06841506958007812
0 0.1689453125 0.635723876953125 0.038970947265625 0.0780029296875
1 0.72705078125 0.3161285400390625 0.0244293212890625 0.06489410400390624
1 0.55224609375 0.27301025390625 0.0211639404296875 0.06538162231445313
1 0.947265625 0.16868133544921876 0.028167724609375 0.06077728271484375
1 0.4609375 0.2870941162109375 0.0216217041015625 0.06429824829101563
1 0.4853515625 0.864532470703125 0.02886962890625 0.06007308959960937
1 0.48779296875 0.3325958251953125 0.0179901123046875 0.06332321166992187
1 0.92919921875 0.318511962890625 0.0289306640625 0.06548995971679687
1 0.556640625 0.2350921630859375 0.0190582275390625 0.05154151916503906
1 0.8994140625 0.377880859375 0.02947998046875 0.052733230590820315
1 0.6953125 0.1137542724609375 0.0264129638671875 0.061102294921875
0 0.3486328125 0.65435791015625 0.050140380859375 0.07962799072265625
1 0.52783203125 0.3152618408203125 0.0235137939453125 0.07117767333984375
1 0.73583984375 0.2381256103515625 0.0189361572265625 0.05527915954589844
1 0.9296875 0.2411590576171875 0.0245208740234375 0.07020263671875
1 0.06951904296875 0.19879913330078125 0.0242767333984375 0.05546875
1 0.5234375 0.2281585693359375 0.02838134765625 0.04812889099121094
1 0.1910400390625 0.162506103515625 0.0199127197265625 0.06272735595703124
1 0.95361328125 0.96810302734375 0.03448486328125 0.05213737487792969
1 0.96728515625 0.294244384765625 0.03582763671875 0.0639190673828125
1 0.7236328125 0.852398681640625 0.033538818359375 0.058502197265625
0 0.0231475830078125 0.571588134765625 0.038238525390625 0.04886016845703125
1 0.59326171875 0.95250244140625 0.0150146484375 0.04504127502441406
1 0.1019287109375 0.2467926025390625 0.029541015625 0.06635665893554688
1 0.368896484375 0.343646240234375 0.024566650390625 0.05143318176269531
1 0.38427734375 0.239208984375 0.023651123046875 0.06299819946289062
1 0.7529296875 0.266510009765625 0.018646240234375 0.0682525634765625
1 0.496337890625 0.3694305419921875 0.0196380615234375 0.058935546875
1 0.010089874267578125 0.20334930419921876 0.02017974853515625 0.06402740478515626
1 0.1513671875 0.281243896484375 0.0205230712890625 0.052814483642578125
1 0.58935546875 0.1822235107421875 0.021087646484375 0.047939300537109375
1 0.2109375 0.240509033203125 0.02423095703125 0.04149322509765625
1 0.251953125 0.2290252685546875 0.021209716796875 0.04886016845703125
1 0.7392578125 0.883599853515625 0.0246124267578125 0.05774383544921875
1 0.873046875 0.347113037109375 0.0216217041015625 0.04661216735839844
1 0.7314453125 0.793463134765625 0.02447509765625 0.040464019775390624
1 0.95947265625 0.054954147338867186 0.0165252685546875 0.06944427490234376
1 0.21728515625 0.1874237060546875 0.0217742919921875 0.07074432373046875
1 0.64404296875 0.4404998779296875 0.0153656005859375 0.046774673461914065
1 0.13427734375 0.18449859619140624 0.019866943359375 0.044689178466796875
1 0.71044921875 0.17019805908203126 0.0171051025390625 0.05143318176269531
1 0.5205078125 0.05817718505859375 0.017242431640625 0.0591522216796875
1 0.2362060546875 0.2675933837890625 0.0194549560546875 0.05546875
1 0.087890625 0.1943572998046875 0.03204345703125 0.0569854736328125
1 0.158447265625 0.2548095703125 0.0199127197265625 0.04661216735839844
1 0.908203125 0.68902587890625 0.03753662109375 0.0673858642578125
1 0.72119140625 0.29034423828125 0.01490020751953125 0.043687057495117185
0 0.97412109375 0.08899917602539062 0.0310211181640625 0.06489410400390624
1 0.734375 0.729327392578125 0.017242431640625 0.029007339477539064