1 0.2681272822117893 0.3287037037037037 0.03286384976525822 0.06296296296296296
1 0.1739697443922796 0.20324074074074075 0.026604068857589983 0.062037037037037036
0 0.5234741784037559 0.46064814814814814 0.048513302034428794 0.05
1 0.34846113719353156 0.35324074074074074 0.022952529994783515 0.06944444444444445
1 0.5117370892018779 0.31157407407407406 0.026604068857589983 0.06018518518518518
0 0.12806468440271257 0.3680555555555556 0.041731872717788214 0.06944444444444445
1 0.014084507042253521 0.29768518518518516 0.026604068857589983 0.06851851851851852
1 0.22300469483568075 0.4050925925925926 0.026604068857589983 0.06481481481481481
1 0.1883150756390193 0.3662037037037037 0.025039123630672927 0.05555555555555555
1 0.4042775169535733 0.36944444444444446 0.023474178403755867 0.04351851851851852
1 0.07642149191444966 0.35185185185185186 0.036515388628064686 0.06574074074074074
0 0.17553468961919666 0.47314814814814815 0.05529473135106938 0.04814814814814815
1 0.1442357850808555 0.24861111111111112 0.022952529994783515 0.06481481481481481
1 0.5863328116849243 0.3523148148148148 0.023474178403755867 0.06111111111111111
1 0.24726134585289514 0.8768518518518519 0.03495044340114763 0.08333333333333333
0 0.1705790297339593 0.6300925925925925 0.053208137715179966 0.05
1 0.6927490871152843 0.350462962962963 0.019300991131977047 0.06388888888888888
1 0.38341158059467917 0.2611111111111111 0.023995826812728223 0.06018518518518518
1 0.4812206572769953 0.28425925925925927 0.023995826812728223 0.05740740740740741
1 0.21100678142931664 0.2462962962962963 0.020865936358894107 0.06111111111111111
1 0.4507042253521127 0.3384259259259259 0.022952529994783515 0.05462962962962963
1 0.5805946791862285 0.18333333333333332 0.023995826812728223 0.06388888888888888
1 0.4986958789775691 0.2263888888888889 0.019300991131977047 0.06666666666666667
1 0.4749608763693271 0.9254629629629629 0.03182055294731351 0.06388888888888888
1 0.9872196139801773 0.24675925925925926 0.023995826812728223 0.058333333333333334
1 0.3988002086593636 0.8842592592592593 0.03390714658320292 0.06481481481481481
1 0.7767344809598331 0.33935185185185185 0.020865936358894107 0.06574074074074074
1 0.26134585289514867 0.23842592592592593 0.0198226395409494 0.06666666666666667
1 0.9102764736567553 0.3990740740740741 0.03286384976525822 0.05740740740740741
1 0.6557120500782473 0.9648148148148148 0.03547209181011998 0.05555555555555555
1 0.3534167970787689 0.2875 0.019300991131977047 0.053703703703703705
1 0.7003129890453834 0.18564814814814815 0.02034428794992175 0.08055555555555556
1 0.9066249347939489 0.17453703703703705 0.022430881585811163 0.06388888888888888
1 0.6585811163275952 0.2675925925925926 0.0198226395409494 0.058333333333333334
1 0.5307772561293688 0.23842592592592593 0.023995826812728223 0.06296296296296296
1 0.9574856546687532 0.15046296296296297 0.02138758476786646 0.0712962962962963
1 0.6014606155451225 0.300462962962963 0.02608242044861763 0.06018518518518518
0 0.6178925404277517 0.48703703703703705 0.050078247261345854 0.058333333333333334
0 0.34872196139801775 0.6287037037037037 0.05112154407929056 0.06574074074074074