0 0.6322916666666667 0.6648148148148149 0.041666666666666664 0.041666666666666664
0 0.9408854166666667 0.6111111111111112 0.049479166666666664 0.04351851851851852
0 0.7388020833333333 0.6592592592592592 0.04635416666666667 0.04722222222222222
0 0.7203125 0.6060185185185185 0.0484375 0.03888888888888889
0 0.69140625 0.5328703703703703 0.04375 0.046296296296296294
0 0.97890625 0.5 0.0390625 0.04351851851851852
0 0.9145833333333333 0.47962962962962963 0.05260416666666667 0.05555555555555555
0 0.44375 0.7078703703703704 0.04375 0.03796296296296296
0 0.14270833333333333 0.6449074074074074 0.0484375 0.040740740740740744
0 0.8057291666666667 0.16944444444444445 0.034895833333333334 0.05555555555555555
1 0.8544270833333333 0.10833333333333334 0.029166666666666667 0.08055555555555556
0 0.015364583333333333 0.6157407407407407 0.030208333333333334 0.040740740740740744
0 0.35182291666666665 0.23148148148148148 0.0625 0.06851851851851852
1 0.8731770833333333 0.1050925925925926 0.021354166666666667 0.08611111111111111