0 0.4315104166666667 0.40694444444444444 0.043229166666666666 0.04351851851851852
0 0.5317708333333333 0.4393518518518518 0.0484375 0.04259259259259259
0 0.5184895833333333 0.5509259259259259 0.04739583333333333 0.04537037037037037
0 0.6010416666666667 0.625 0.04635416666666667 0.046296296296296294
0 0.9432291666666667 0.4425925925925926 0.04791666666666667 0.04351851851851852
0 0.6151041666666667 0.5046296296296297 0.044270833333333336 0.04351851851851852
0 0.8638020833333333 0.5995370370370371 0.05260416666666667 0.049074074074074076
0 0.07109375 0.36018518518518516 0.05 0.049074074074074076
0 0.54453125 0.33564814814814814 0.04583333333333333 0.046296296296296294
0 0.6958333333333333 0.4041666666666667 0.036458333333333336 0.04259259259259259
0 0.11432291666666666 0.31342592592592594 0.046875 0.041666666666666664
0 0.2109375 0.46620370370370373 0.05 0.04259259259259259
0 0.21979166666666666 0.30092592592592593 0.04583333333333333 0.044444444444444446
0 0.38958333333333334 0.3421296296296296 0.04739583333333333 0.04814814814814815
0 0.3609375 0.4513888888888889 0.0484375 0.041666666666666664
0 0.97734375 0.6537037037037037 0.0453125 0.046296296296296294
0 0.77890625 0.6574074074074074 0.034895833333333334 0.05555555555555555
0 0.26953125 0.6648148148148149 0.05677083333333333 0.05648148148148148
0 0.6385416666666667 0.9532407407407407 0.05 0.07777777777777778
0 0.5575520833333333 0.15231481481481482 0.018229166666666668 0.05