1 0.953125 0.8892333984375 0.03802490234375 0.058502197265625
0 0.55224609375 0.5182861328125 0.0280609130859375 0.05213737487792969
0 0.9130859375 0.54342041015625 0.035736083984375 0.059748077392578126
1 0.6357421875 0.4593505859375 0.027435302734375 0.059423065185546874
1 0.455322265625 0.30421142578125 0.0252685546875 0.06662750244140625
1 0.451416015625 0.389581298828125 0.0293121337890625 0.06429824829101563
1 0.61376953125 0.31634521484375 0.0205230712890625 0.06321487426757813
1 0.71728515625 0.453717041015625 0.035064697265625 0.06749420166015625
1 0.609375 0.863232421875 0.0215301513671875 0.05796051025390625
1 0.63525390625 0.7626953125 0.0263519287109375 0.05963973999023438
1 0.6494140625 0.867999267578125 0.03582763671875 0.06240234375
1 0.95849609375 0.3325958251953125 0.03155517578125 0.0626190185546875
1 0.58349609375 0.2641265869140625 0.019561767578125 0.06121063232421875
1 0.2109375 0.350146484375 0.0296478271484375 0.05527915954589844
1 0.92822265625 0.3737640380859375 0.0256195068359375 0.0673858642578125
1 0.66796875 0.386114501953125 0.0227203369140625 0.0656524658203125
1 0.09417724609375 0.31461181640625 0.0289306640625 0.06624832153320312
1 0.72265625 0.266943359375 0.0238189697265625 0.068035888671875
0 0.8935546875 0.71156005859375 0.054412841796875 0.07318191528320313
1 0.75830078125 0.1861236572265625 0.027008056640625 0.0647857666015625
1 0.9384765625 0.458050537109375 0.03021240234375 0.0673858642578125
1 0.65625 0.19338226318359375 0.0236053466796875 0.0626190185546875
1 0.72412109375 0.3655303955078125 0.027008056640625 0.060289764404296876
0 0.546875 0.5806884765625 0.04779052734375 0.044607925415039065
0 0.191162109375 0.537786865234375 0.04327392578125 0.058935546875
1 0.52392578125 0.797796630859375 0.0254669189453125 0.04942893981933594
1 0.6943359375 0.19511566162109376 0.0179901123046875 0.06852340698242188
1 0.102294921875 0.842431640625 0.0287628173828125 0.06142730712890625
1 0.37451171875 0.3135284423828125 0.01763916015625 0.06343154907226563
1 0.5234375 0.3624969482421875 0.0163421630859375 0.0572021484375
1 0.86181640625 0.325445556640625 0.033782958984375 0.059748077392578126
1 0.90966796875 0.265643310546875 0.0276947021484375 0.06321487426757813
1 0.490234375 0.391748046875 0.0190582275390625 0.06727752685546876
0 0.7138671875 0.70809326171875 0.05340576171875 0.041168212890625
0 0.4169921875 0.5841552734375 0.051177978515625 0.053437423706054685
1 0.9384765625 0.1334716796875 0.0217742919921875 0.060506439208984374
1 0.77880859375 0.322845458984375 0.0224151611328125 0.06662750244140625
1 0.09320068359375 0.237042236328125 0.025177001953125 0.05527915954589844
1 0.861328125 0.402581787109375 0.0299224853515625 0.065869140625
1 0.84716796875 0.482318115234375 0.0240020751953125 0.0572021484375
1 0.264404296875 0.2784271240234375 0.0247039794921875 0.05362701416015625
1 0.6513671875 0.96636962890625 0.037811279296875 0.05861053466796875
1 0.01233673095703125 0.4357330322265625 0.0245208740234375 0.06776504516601563
1 0.217529296875 0.19988250732421875 0.025421142578125 0.06007308959960937
1 0.026458740234375 0.2467926025390625 0.0271759033203125 0.0626190185546875
1 0.6318359375 0.2112579345703125 0.0180511474609375 0.06007308959960937
1 0.327880859375 0.3380126953125 0.015960693359375 0.05105400085449219
1 0.03192138671875 0.3100616455078125 0.0271759033203125 0.06440658569335937
1 0.4755859375 0.12913818359375 0.014007568359375 0.037078475952148436
1 0.1392822265625 0.225341796875 0.0300445556640625 0.050187301635742185
1 0.85693359375 0.22068328857421876 0.0241851806640625 0.0591522216796875
1 0.1810302734375 0.20616607666015624 0.03228759765625 0.06240234375
1 0.354248046875 0.2409423828125 0.0218658447265625 0.04869766235351562
1 0.6748046875 0.2684600830078125 0.02276611328125 0.054954147338867186
1 0.5029296875 0.249176025390625 0.01507568359375 0.05579376220703125