0 0.21875 0.34305555555555556 0.043229166666666666 0.06481481481481481
0 0.5880208333333333 0.32222222222222224 0.044270833333333336 0.04351851851851852
0 0.48802083333333335 0.41388888888888886 0.046875 0.044444444444444446
0 0.23203125 0.4689814814814815 0.04010416666666667 0.05185185185185185
0 0.7036458333333333 0.575 0.05 0.04814814814814815
0 0.959375 0.4986111111111111 0.05 0.06574074074074074
0 0.1171875 0.5986111111111111 0.049479166666666664 0.05925925925925926
0 0.23541666666666666 0.549537037037037 0.050520833333333334 0.05648148148148148
0 0.8471354166666667 0.5768518518518518 0.0515625 0.04259259259259259
0 0.7919270833333333 0.3472222222222222 0.0453125 0.041666666666666664
0 0.12708333333333333 0.2828703703703704 0.04114583333333333 0.06018518518518518
0 0.8236979166666667 0.425 0.0453125 0.04814814814814815
0 0.08854166666666667 0.4652777777777778 0.027604166666666666 0.05185185185185185