0 0.21513535180023033 0.35601840549045133 0.03500029249328918 0.07663794623480896
1 0.7626953125 0.3590301513671875 0.0265045166015625 0.06467742919921875
0 0.2230224609375 0.620989990234375 0.0592041015625 0.0734527587890625
1 0.52587890625 0.3434295654296875 0.025665283203125 0.050187301635742185
0 0.6608527151527995 0.46368408203124994 0.038524061881900856 0.06110229492187508
0 0.1494140625 0.44808349609375 0.051177978515625 0.04980812072753906
1 0.3349609375 0.3728973388671875 0.0225067138671875 0.0535186767578125
1 0.2142333984375 0.25047607421875 0.0279083251953125 0.061914825439453126
1 0.865234375 0.343212890625 0.0312042236328125 0.0673858642578125
1 0.41552734375 0.3325958251953125 0.0214080810546875 0.05311241149902344
0 0.51171875 0.652191162109375 0.046539306640625 0.04704551696777344
1 0.96875 0.15546417236328125 0.0272674560546875 0.06440658569335937
1 0.4833984375 0.3776641845703125 0.0246124267578125 0.043768310546875
1 0.271728515625 0.31807861328125 0.02001953125 0.0656524658203125
1 0.281005859375 0.256109619140625 0.0279083251953125 0.043091201782226564
1 0.80224609375 0.2251251220703125 0.0209197998046875 0.0665191650390625
1 0.1585693359375 0.2112579345703125 0.0303802490234375 0.04598922729492187
0 0.38720703125 0.481884765625 0.05059814453125 0.04704551696777344
1 0.4599609375 0.3230621337890625 0.02447509765625 0.061102294921875
1 0.58154296875 0.3096282958984375 0.018768310546875 0.061914825439453126
1 0.9862060546875 0.30767822265625 0.027587890625 0.07291107177734375
1 0.152587890625 0.3377960205078125 0.0279083251953125 0.06982345581054687
1 0.328857421875 0.2489593505859375 0.028106689453125 0.05622711181640625
1 0.53466796875 0.279510498046875 0.018585205078125 0.05557708740234375
1 0.44580078125 0.2693267822265625 0.0194549560546875 0.059964752197265624
1 0.70703125 0.2953277587890625 0.0211181640625 0.06711502075195312
1 0.66162109375 0.08401565551757813 0.018829345703125 0.06310653686523438
1 0.91552734375 0.2355255126953125 0.027435302734375 0.06765670776367187
1 0.9462890625 0.232275390625 0.0284423828125 0.06689834594726562
1 0.67041015625 0.353179931640625 0.017852783203125 0.06711502075195312
1 0.89599609375 0.1731231689453125 0.02880859375 0.06852340698242188
1 0.490966796875 0.880133056640625 0.0191192626953125 0.06467742919921875
1 0.64990234375 0.1765899658203125 0.01763916015625 0.06765670776367187
1 0.01490020751953125 0.227508544921875 0.028594970703125 0.065869140625
1 0.58837890625 0.22100830078125 0.024566650390625 0.06451492309570313
1 0.68408203125 0.22046661376953125 0.0162200927734375 0.07020263671875
1 0.239013671875 0.2129913330078125 0.017852783203125 0.05094566345214844
1 0.7626953125 0.2112579345703125 0.02606201171875 0.072369384765625
1 0.0872802734375 0.3217620849609375 0.03265380859375 0.061102294921875
1 0.84912109375 0.2212249755859375 0.0217742919921875 0.06944427490234376
1 0.56884765625 0.9308349609375 0.0272674560546875 0.06727752685546876
1 0.0987548828125 0.822064208984375 0.047515869140625 0.0812530517578125
0 0.6968353329855677 0.6543209876543209 0.06868370718135969 0.07098765432098762
0 0.7550848833355068 0.4792846679687499 0.04793570207898611 0.053437423706054726