0 0.4354166666666667 0.43287037037037035 0.051041666666666666 0.04351851851851852
0 0.6854166666666667 0.586574074074074 0.0453125 0.041666666666666664
0 0.35520833333333335 0.38425925925925924 0.050520833333333334 0.041666666666666664
0 0.5434895833333333 0.6407407407407407 0.0421875 0.041666666666666664
0 0.4359375 0.3296296296296296 0.052083333333333336 0.04351851851851852
0 0.69296875 0.38425925925925924 0.05 0.04351851851851852
0 0.4786458333333333 0.5666666666666667 0.04739583333333333 0.04259259259259259
0 0.4942708333333333 0.5046296296296297 0.043229166666666666 0.03611111111111111
0 0.9072916666666667 0.5236111111111111 0.04895833333333333 0.046296296296296294
0 0.32526041666666666 0.5694444444444444 0.040625 0.06388888888888888
0 0.8955729166666667 0.625462962962963 0.046875 0.04351851851851852
0 0.38177083333333334 0.6351851851851852 0.04791666666666667 0.041666666666666664
0 0.5658854166666667 0.425462962962963 0.049479166666666664 0.04259259259259259
0 0.37213541666666666 0.4777777777777778 0.0390625 0.06296296296296296
0 0.5653645833333333 0.4828703703703704 0.04739583333333333 0.03981481481481482
0 0.46484375 0.6907407407407408 0.04479166666666667 0.03888888888888889
0 0.7158854166666667 0.7217592592592592 0.043229166666666666 0.041666666666666664
0 0.8036458333333333 0.28055555555555556 0.05625 0.049074074074074076
0 0.334375 0.2439814814814815 0.05260416666666667 0.04537037037037037
0 0.303125 0.6675925925925926 0.04583333333333333 0.04259259259259259