0 0.35758998435054773 0.6648148148148149 0.05216484089723526 0.05925925925925926
0 0.5558163797600417 0.6064814814814815 0.046948356807511735 0.06296296296296296
0 0.17318727177882107 0.6226851851851852 0.05425143453312467 0.062037037037037036
0 0.08268127282211789 0.44166666666666665 0.05372978612415232 0.058333333333333334
0 0.31664058424621805 0.525 0.050078247261345854 0.049074074074074076
0 0.32655190401669276 0.4777777777777778 0.046426708398539386 0.06388888888888888
0 0.8085550339071466 0.5888888888888889 0.054773082942097026 0.05
0 0.695357329160146 0.6013888888888889 0.050078247261345854 0.06296296296296296
0 0.7728221178925404 0.6625 0.05216484089723526 0.044444444444444446
0 0.9608763693270735 0.5726851851851852 0.05425143453312467 0.04351851851851852
0 0.8408972352634324 0.5435185185185185 0.0396452790818988 0.04722222222222222
1 0.6601460615545123 0.3921296296296296 0.019300991131977047 0.05462962962962963
1 0.752999478351591 0.43148148148148147 0.020865936358894107 0.07314814814814814
1 0.8335941575378195 0.43842592592592594 0.0297339593114241 0.06018518518518518
0 0.9720918101199791 0.5518518518518518 0.03442879499217527 0.05185185185185185
1 0.8941053729786124 0.4722222222222222 0.023995826812728223 0.05925925925925926
1 0.9110589462702139 0.5074074074074074 0.02138758476786646 0.06111111111111111
1 0.7063119457485655 0.3597222222222222 0.017214397496087636 0.05740740740740741
1 0.7266562336984872 0.8416666666666667 0.027125717266562335 0.05277777777777778
0 0.7206572769953051 0.22777777777777777 0.027125717266562335 0.07037037037037037
0 0.7738654147104851 0.262037037037037 0.026604068857589983 0.07592592592592592
1 0.3868022952529995 0.4064814814814815 0.020865936358894107 0.07037037037037037
1 0.4966092853416797 0.31666666666666665 0.02556077203964528 0.07037037037037037
1 0.5717266562336984 0.30787037037037035 0.022430881585811163 0.06759259259259259
1 0.5745957224830465 0.36944444444444446 0.022952529994783515 0.06851851851851852
1 0.3338549817423057 0.31805555555555554 0.028169014084507043 0.06481481481481481
1 0.3732394366197183 0.33935185185185185 0.023995826812728223 0.06018518518518518
1 0.532603025560772 0.37453703703703706 0.02138758476786646 0.06944444444444445
1 0.20318205529473135 0.3527777777777778 0.0297339593114241 0.07222222222222222
1 0.25169535732916015 0.38657407407407407 0.0198226395409494 0.06388888888888888
1 0.17553468961919666 0.24861111111111112 0.0198226395409494 0.06388888888888888
1 0.056338028169014086 0.3814814814814815 0.03129890453834116 0.06388888888888888
1 0.6006781429316641 0.3384259259259259 0.01773604590505999 0.062037037037037036
1 0.6103286384976526 0.26666666666666666 0.019300991131977047 0.05925925925925926
1 0.6392801251956182 0.3435185185185185 0.026604068857589983 0.06666666666666667
1 0.6786645800730308 0.22592592592592592 0.022952529994783515 0.06759259259259259
1 0.6596244131455399 0.29444444444444445 0.018257694314032343 0.05648148148148148
1 0.7608242044861763 0.1925925925925926 0.019300991131977047 0.06388888888888888
1 0.9071465832029212 0.21666666666666667 0.018779342723004695 0.05462962962962963
1 0.2728221178925404 0.30925925925925923 0.024517475221700575 0.06111111111111111
1 0.9517475221700574 0.20833333333333334 0.03129890453834116 0.06018518518518518
1 0.8544600938967136 0.3347222222222222 0.02608242044861763 0.07685185185185185
1 0.8896713615023474 0.38796296296296295 0.028690662493479395 0.07685185185185185
1 0.951225873761085 0.3226851851851852 0.022952529994783515 0.06851851851851852
1 0.6640584246218049 0.7935185185185185 0.03599374021909233 0.06388888888888888
1 0.5693792383933229 0.9402777777777778 0.02034428794992175 0.05185185185185185
1 0.7240479916536254 0.9222222222222223 0.02556077203964528 0.05555555555555555
1 0.8701095461658842 0.9689814814814814 0.03286384976525822 0.05555555555555555
1 0.22065727699530516 0.9550925925925926 0.03390714658320292 0.06111111111111111
1 0.7462180490349505 0.8833333333333333 0.026604068857589983 0.05462962962962963
1 0.11815336463223787 0.32407407407407407 0.02764736567553469 0.06574074074074074
1 0.0881585811163276 0.3574074074074074 0.03495044340114763 0.06111111111111111
1 0.09833072509128847 0.28703703703703703 0.017214397496087636 0.05462962962962963
1 0.06416275430359937 0.29907407407407405 0.0198226395409494 0.053703703703703705
1 0.13354199269692227 0.29907407407407405 0.022952529994783515 0.06574074074074074
1 0.19770474700052165 0.2865740740740741 0.019300991131977047 0.062037037037037036
1 0.18883672404799165 0.32037037037037036 0.02608242044861763 0.06759259259259259
1 0.07303077725612937 0.27361111111111114 0.020865936358894107 0.06111111111111111
1 0.24621804903495045 0.3347222222222222 0.02138758476786646 0.06111111111111111
1 0.21726656233698488 0.26666666666666666 0.02556077203964528 0.06851851851851852
1 0.735263432446531 0.29953703703703705 0.01564945226917058 0.062037037037037036
1 0.4061032863849765 0.30092592592592593 0.01773604590505999 0.075