0 0.8052083333333333 0.5083333333333333 0.051041666666666666 0.046296296296296294
0 0.8481770833333333 0.6527777777777778 0.04375 0.04537037037037037
0 0.9630208333333333 0.6597222222222222 0.04791666666666667 0.041666666666666664
0 0.5151041666666667 0.5425925925925926 0.046875 0.04722222222222222
0 0.59375 0.399537037037037 0.05 0.05
0 0.8794270833333333 0.6083333333333333 0.046875 0.04722222222222222
0 0.6890625 0.4675925925925926 0.04791666666666667 0.04722222222222222
0 0.10885416666666667 0.11018518518518519 0.0578125 0.06018518518518518
0 0.709375 0.6259259259259259 0.04479166666666667 0.04814814814814815
0 0.09713541666666667 0.45416666666666666 0.03125 0.062037037037037036
0 0.6703125 0.5467592592592593 0.043229166666666666 0.04351851851851852
0 0.5986979166666667 0.2962962962962963 0.052083333333333336 0.049074074074074076
0 0.5526041666666667 0.8453703703703703 0.018229166666666668 0.05