0 0.9149713093375065 0.49166666666666664 0.05112154407929056 0.05092592592592592
0 0.9783515910276473 0.7064814814814815 0.04329681794470527 0.07592592592592592
0 0.752999478351591 0.46435185185185185 0.04903495044340115 0.04259259259259259
1 0.433489827856025 0.9324074074074075 0.03234220135628586 0.05740740740740741
1 0.7232655190401669 0.5777777777777777 0.03129890453834116 0.05925925925925926
0 0.6278038601982264 0.48055555555555557 0.0505998956703182 0.04259259259259259
1 0.3129890453834116 0.1685185185185185 0.018779342723004695 0.06666666666666667
1 0.5023474178403756 0.24583333333333332 0.028169014084507043 0.0712962962962963
1 0.8169014084507042 0.7337962962962963 0.03442879499217527 0.06296296296296296
0 0.6327595200834637 0.6449074074074074 0.05268648930620762 0.046296296296296294
1 0.12702138758476786 0.3578703703703704 0.028169014084507043 0.062037037037037036
1 0.3873239436619718 0.0712962962962963 0.01773604590505999 0.058333333333333334
0 0.46870109546165883 0.5356481481481481 0.050078247261345854 0.046296296296296294
1 0.4209702660406886 0.29814814814814816 0.019300991131977047 0.062037037037037036
1 0.4019300991131977 0.8273148148148148 0.024517475221700575 0.05277777777777778
1 0.36619718309859156 0.3814814814814815 0.02608242044861763 0.06851851851851852
1 0.08294209702660407 0.30972222222222223 0.023995826812728223 0.06388888888888888
1 0.015127803860198226 0.46111111111111114 0.027125717266562335 0.062037037037037036
1 0.35498174230568597 0.25046296296296294 0.0198226395409494 0.06666666666666667
1 0.22013562858633282 0.1425925925925926 0.02608242044861763 0.06111111111111111
1 0.056598852373500264 0.425 0.023474178403755867 0.05925925925925926
1 0.19979134063641105 0.7694444444444445 0.030777256129368807 0.06018518518518518
1 0.392018779342723 0.32175925925925924 0.027125717266562335 0.06388888888888888
1 0.350547730829421 0.2967592592592593 0.024517475221700575 0.07685185185185185
1 0.18466353677621283 0.39305555555555555 0.028690662493479395 0.07037037037037037
1 0.5657276995305164 0.37453703703703706 0.02764736567553469 0.06388888888888888
1 0.41210224308815857 0.1925925925925926 0.022430881585811163 0.06481481481481481
1 0.27543035993740217 0.37777777777777777 0.01773604590505999 0.062037037037037036
1 0.20213875847678664 0.2898148148148148 0.02034428794992175 0.06666666666666667
1 0.5519040166927491 0.2550925925925926 0.02556077203964528 0.05740740740740741
1 0.37845592070944184 0.27314814814814814 0.024517475221700575 0.05925925925925926
1 0.6911841418883672 0.3476851851851852 0.026604068857589983 0.06666666666666667
1 0.2733437663015128 0.2518518518518518 0.02190923317683881 0.0962962962962963
0 0.9801773604590506 0.5180555555555556 0.0396452790818988 0.05
1 0.1841418883672405 0.23055555555555557 0.029212310902451747 0.07314814814814814
1 0.23056859676577987 0.2023148148148148 0.025039123630672927 0.06296296296296296
1 0.14058424621804905 0.30833333333333335 0.029212310902451747 0.06574074074074074
1 0.2357850808555034 0.4027777777777778 0.018257694314032343 0.06111111111111111
1 0.09963484611371935 0.2740740740740741 0.03129890453834116 0.06481481481481481
1 0.6048513302034428 0.27685185185185185 0.022952529994783515 0.07222222222222222
1 0.8111632759520083 0.6782407407407407 0.03390714658320292 0.06296296296296296
1 0.43453312467396976 0.3523148148148148 0.016692749087115284 0.06388888888888888
1 0.05712050078247261 0.8976851851851851 0.02764736567553469 0.05648148148148148
1 0.6278038601982264 0.32546296296296295 0.022952529994783515 0.062037037037037036
1 0.9778299426186751 0.3435185185185185 0.03442879499217527 0.07222222222222222
1 0.6444966092853417 0.2675925925925926 0.028690662493479395 0.06759259259259259
1 0.9066249347939489 0.23981481481481481 0.02608242044861763 0.041666666666666664
1 0.6150234741784038 0.37037037037037035 0.02556077203964528 0.06666666666666667
1 0.7670839853938446 0.35555555555555557 0.03390714658320292 0.06018518518518518
1 0.38628064684402713 0.2462962962962963 0.02034428794992175 0.05462962962962963
1 0.07511737089201878 0.38935185185185184 0.024517475221700575 0.044444444444444446
0 0.27256129368805426 0.23425925925925925 0.048513302034428794 0.03981481481481482
1 0.6799687010954617 0.2810185185185185 0.024517475221700575 0.05925925925925926
1 0.10641627543035993 0.14629629629629629 0.02190923317683881 0.062037037037037036
1 0.8930620761606677 0.32083333333333336 0.037037037037037035 0.06296296296296296
1 0.40036515388628063 0.8740740740740741 0.03025560772039645 0.062037037037037036
1 0.04825247782994262 0.711574074074074 0.030777256129368807 0.053703703703703705
1 0.017475221700573813 0.18055555555555555 0.0297339593114241 0.06759259259259259
1 0.7300469483568075 0.2662037037037037 0.023995826812728223 0.06481481481481481
1 0.2167449139280125 0.3597222222222222 0.025039123630672927 0.053703703703703705
1 0.7798643714136672 0.19814814814814816 0.02608242044861763 0.058333333333333334
1 0.733698487219614 0.3416666666666667 0.022430881585811163 0.06388888888888888
1 0.9543557642149192 0.3013888888888889 0.028169014084507043 0.058333333333333334
1 0.6948356807511737 0.8287037037037037 0.03599374021909233 0.05648148148148148
1 0.7723004694835681 0.2884259259259259 0.02190923317683881 0.04259259259259259
1 0.5357329160146062 0.9523148148148148 0.03129890453834116 0.04722222222222222
1 0.1651017214397496 0.16296296296296298 0.019300991131977047 0.06666666666666667
1 0.32420448617631714 0.19398148148148148 0.017214397496087636 0.06759259259259259
1 0.5998956703182056 0.549074074074074 0.019300991131977047 0.08055555555555556
0 0.02634324465310381 0.5898148148148148 0.0505998956703182 0.053703703703703705
1 0.03755868544600939 0.053703703703703705 0.01773604590505999 0.06851851851851852
1 0.7117892540427752 0.22453703703703703 0.02608242044861763 0.06296296296296296
1 0.4736567553468962 0.044444444444444446 0.015127803860198226 0.062037037037037036
1 0.25039123630672927 0.33194444444444443 0.028690662493479395 0.044444444444444446
1 0.405320813771518 0.7759259259259259 0.028169014084507043 0.05092592592592592
0 0.3382889932185707 0.5402777777777777 0.03808033385498174 0.0712962962962963
1 0.03625456442357851 0.34629629629629627 0.03599374021909233 0.053703703703703705
1 0.6862284820031299 0.7148148148148148 0.0505998956703182 0.07314814814814814
1 0.08059467918622848 0.25416666666666665 0.025039123630672927 0.058333333333333334
1 0.396452790818988 0.16296296296296298 0.016692749087115284 0.05925925925925926
1 0.9494001043296818 0.2439814814814815 0.026604068857589983 0.04722222222222222
1 0.18857589984350548 0.9481481481481482 0.026604068857589983 0.058333333333333334
1 0.8928012519561815 0.1875 0.025039123630672927 0.06111111111111111
1 0.8184663536776213 0.3638888888888889 0.03025560772039645 0.05277777777777778
1 0.7848200312989045 0.14305555555555555 0.013041210224308816 0.04259259259259259
1 0.8573291601460615 0.21805555555555556 0.028169014084507043 0.058333333333333334
0 0.02138758476786646 0.08796296296296297 0.030777256129368807 0.06574074074074074
1 0.8995826812728221 0.1361111111111111 0.013562858633281168 0.037037037037037035
1 0.5758998435054773 0.2708333333333333 0.022952529994783515 0.05648148148148148
1 0.6572769953051644 0.24166666666666667 0.02034428794992175 0.05277777777777778
1 0.23135106937923838 0.9800925925925926 0.024517475221700575 0.037037037037037035
1 0.5028690662493479 0.05416666666666667 0.015127803860198226 0.05462962962962963
1 0.07459572248304643 0.21805555555555556 0.018779342723004695 0.05
1 0.18883672404799165 0.8351851851851851 0.03286384976525822 0.09537037037037037
1 0.01564945226917058 0.2810185185185185 0.02034428794992175 0.03796296296296296
1 0.9726134585289515 0.27361111111111114 0.022952529994783515 0.05092592592592592
1 0.46765779864371415 0.4199074074074074 0.016692749087115284 0.03796296296296296
1 0.99113197704747 0.22037037037037038 0.01773604590505999 0.05925925925925926