1 0.23098958333333333 0.5254629629629629 0.01875 0.08425925925925926
1 0.21380208333333334 0.5194444444444445 0.019791666666666666 0.07314814814814814
0 0.93359375 0.6166666666666667 0.05364583333333333 0.041666666666666664
0 0.7760416666666666 0.6509259259259259 0.0484375 0.03888888888888889
0 0.11432291666666666 0.6037037037037037 0.053125 0.04722222222222222
0 0.6786458333333333 0.5601851851851852 0.0328125 0.07222222222222222
0 0.3515625 0.6268518518518519 0.04010416666666667 0.04259259259259259
0 0.8559895833333333 0.7412037037037037 0.049479166666666664 0.04537037037037037
0 0.3067708333333333 0.5393518518518519 0.04895833333333333 0.04351851851851852
0 0.3203125 0.3162037037037037 0.058854166666666666 0.05462962962962963
0 0.8984375 0.399537037037037 0.030729166666666665 0.05555555555555555
0 0.33151041666666664 0.5907407407407408 0.04375 0.05555555555555555
0 0.05572916666666667 0.4546296296296296 0.0484375 0.05740740740740741