0 0.227783203125 0.6384548611111112 0.0548095703125 0.045708550347222224
0 0.51220703125 0.4622395833333333 0.048675537109375 0.045111762152777776
0 0.1646728515625 0.5629340277777778 0.053009033203125 0.04519314236111111
0 0.6416015625 0.4678819444444444 0.04486083984375 0.045708550347222224
0 0.0386962890625 0.3645833333333333 0.05194091796875 0.042670355902777776
0 0.310302734375 0.3980034722222222 0.046539306640625 0.04115125868055555
0 0.55615234375 0.3546006944444444 0.04327392578125 0.045355902777777776
0 0.21630859375 0.3546006944444444 0.04681396484375 0.040473090277777776
0 0.92431640625 0.3194444444444444 0.047088623046875 0.04163953993055555
0 0.1259765625 0.3109809027777778 0.0472412109375 0.041015625
0 0.0226287841796875 0.4496527777777778 0.04620361328125 0.042046440972222224
0 0.595703125 0.58203125 0.048126220703125 0.04587131076388889
0 0.87548828125 0.4095052083333333 0.048583984375 0.045979817708333336
0 0.09466552734375 0.443359375 0.05224609375 0.040771484375
0 0.71240234375 0.5377604166666666 0.05023193359375 0.04543728298611111
0 0.23974609375 0.7256944444444444 0.0582275390625 0.047119140625
0 0.17138671875 0.5221354166666666 0.05145263671875 0.03445095486111111