0 0.19192708333333333 0.4685185185185185 0.0515625 0.041666666666666664
0 0.3734375 0.5060185185185185 0.05260416666666667 0.05462962962962963
0 0.13229166666666667 0.55 0.05520833333333333 0.04814814814814815
0 0.42682291666666666 0.41064814814814815 0.0421875 0.053703703703703705
0 0.25026041666666665 0.32407407407407407 0.0453125 0.041666666666666664
0 0.4625 0.4722222222222222 0.0484375 0.046296296296296294
0 0.8682291666666667 0.5921296296296297 0.0546875 0.044444444444444446
0 0.5869791666666667 0.4236111111111111 0.046875 0.04814814814814815
0 0.94921875 0.5037037037037037 0.050520833333333334 0.04537037037037037
0 0.17578125 0.3680555555555556 0.04739583333333333 0.05092592592592592
0 0.2828125 0.6722222222222223 0.0484375 0.04814814814814815
0 0.31223958333333335 0.5962962962962963 0.05260416666666667 0.06481481481481481
0 0.17604166666666668 0.7796296296296297 0.0421875 0.06111111111111111
0 0.6463541666666667 0.825 0.04895833333333333 0.046296296296296294
0 0.5690104166666666 0.7481481481481481 0.049479166666666664 0.05740740740740741
1 0.7315104166666667 0.2791666666666667 0.022395833333333334 0.06111111111111111
0 0.2825520833333333 0.4962962962962963 0.04583333333333333 0.04814814814814815
0 0.3489583333333333 0.7564814814814815 0.05677083333333333 0.053703703703703705
1 0.9625 0.2986111111111111 0.036458333333333336 0.07685185185185185
0 0.04140625 0.6675925925925926 0.05416666666666667 0.06296296296296296
1 0.6283854166666667 0.2439814814814815 0.034895833333333334 0.06481481481481481