0 0.2822117892540428 0.49722222222222223 0.05268648930620762 0.04351851851851852
1 0.7464788732394366 0.7643518518518518 0.028169014084507043 0.05277777777777778
0 0.48982785602503914 0.5125 0.027125717266562335 0.06666666666666667
0 0.7631716223265519 0.42083333333333334 0.05216484089723526 0.04537037037037037
1 0.5357329160146062 0.624537037037037 0.0297339593114241 0.07962962962962963
1 0.3680229525299948 0.28935185185185186 0.02138758476786646 0.06481481481481481
1 0.16797078768909754 0.5810185185185185 0.026604068857589983 0.06018518518518518
1 0.16770996348461137 0.6837962962962963 0.036515388628064686 0.06574074074074074
0 0.044861763171622326 0.5532407407407407 0.03025560772039645 0.05925925925925926
0 0.8226395409494001 0.46296296296296297 0.050078247261345854 0.06111111111111111
0 0.8555033907146583 0.6402777777777777 0.05268648930620762 0.046296296296296294
0 0.26473656755346897 0.3972222222222222 0.03286384976525822 0.05925925925925926
0 0.9580073030777256 0.5115740740740741 0.056338028169014086 0.04537037037037037
1 0.9486176317162233 0.6430555555555556 0.028169014084507043 0.06574074074074074
1 0.806207616066771 0.6064814814814815 0.023474178403755867 0.075
1 0.4413145539906103 0.6027777777777777 0.01773604590505999 0.0712962962962963
0 0.841679707876891 0.37083333333333335 0.059989567031820554 0.049074074074074076
0 0.08737610850286906 0.48842592592592593 0.05112154407929056 0.044444444444444446
1 0.6087636932707355 0.6680555555555555 0.030777256129368807 0.062037037037037036
1 0.414188836724048 0.7148148148148148 0.023995826812728223 0.05925925925925926
1 0.6011997913406364 0.8199074074074074 0.024517475221700575 0.06296296296296296
1 0.9848721961398018 0.625 0.03025560772039645 0.07222222222222222
1 0.347678664580073 0.6615740740740741 0.028169014084507043 0.06944444444444445
1 0.2576943140323422 0.14074074074074075 0.04329681794470527 0.053703703703703705
1 0.48148148148148145 0.7736111111111111 0.017214397496087636 0.058333333333333334
1 0.4619196661450183 0.7199074074074074 0.027125717266562335 0.07592592592592592
1 0.6557120500782473 0.6814814814814815 0.03234220135628586 0.07962962962962963
1 0.04538341158059468 0.7439814814814815 0.02764736567553469 0.06759259259259259
1 0.8721961398017736 0.14953703703703702 0.04225352112676056 0.07222222222222222
1 0.9720918101199791 0.812037037037037 0.03129890453834116 0.062037037037037036
1 0.09181011997913406 0.20925925925925926 0.04329681794470527 0.07407407407407407
1 0.8836724047991653 0.8476851851851852 0.026604068857589983 0.06666666666666667
1 0.9872196139801773 0.6967592592592593 0.02556077203964528 0.06481481481481481
1 0.8422013562858633 0.7782407407407408 0.02138758476786646 0.062037037037037036
1 0.8085550339071466 0.8125 0.01773604590505999 0.06388888888888888
1 0.2858633281168492 0.7421296296296296 0.02764736567553469 0.05555555555555555
1 0.9227960354720918 0.5861111111111111 0.03338549817423057 0.06759259259259259
1 0.7764736567553469 0.8592592592592593 0.028169014084507043 0.06481481481481481
1 0.5336463223787168 0.7814814814814814 0.014606155451225874 0.05925925925925926
1 0.8808033385498174 0.7601851851851852 0.027125717266562335 0.05925925925925926
1 0.8265519040166928 0.6930555555555555 0.0297339593114241 0.07962962962962963
1 0.11711006781429317 0.7356481481481482 0.028690662493479395 0.075
1 0.951225873761085 0.7476851851851852 0.023474178403755867 0.062037037037037036
1 0.557642149191445 0.9064814814814814 0.01564945226917058 0.03888888888888889
1 0.6593635889410537 0.09490740740740741 0.023474178403755867 0.07222222222222222