0 0.7075520833333333 0.35462962962962963 0.046875 0.044444444444444446
0 0.8927083333333333 0.6680555555555555 0.05 0.04351851851851852
0 0.953125 0.3587962962962963 0.049479166666666664 0.044444444444444446
0 0.5682291666666667 0.4134259259259259 0.04791666666666667 0.044444444444444446
0 0.8041666666666667 0.6157407407407407 0.04635416666666667 0.044444444444444446
0 0.9395833333333333 0.5106481481481482 0.049479166666666664 0.04722222222222222
0 0.3140625 0.4134259259259259 0.026041666666666668 0.058333333333333334
0 0.17135416666666667 0.9097222222222222 0.0578125 0.06666666666666667
0 0.42734375 0.3662037037037037 0.04375 0.04351851851851852
0 0.2 0.5546296296296296 0.05260416666666667 0.044444444444444446
0 0.04401041666666667 0.2763888888888889 0.041666666666666664 0.027777777777777776
0 0.9140625 0.4041666666666667 0.03229166666666667 0.05555555555555555
0 0.54453125 0.14305555555555555 0.016666666666666666 0.046296296296296294