1 0.39280125195618154 0.3851851851851852 0.03286384976525822 0.05
1 0.548774126238915 0.10462962962962963 0.036515388628064686 0.06111111111111111
0 0.9715701617110067 0.3875 0.056859676577986434 0.05462962962962963
0 0.5438184663536776 0.3972222222222222 0.053208137715179966 0.05092592592592592
1 0.800208659363589 0.11805555555555555 0.02138758476786646 0.058333333333333334
1 0.6544079290558164 0.1865740740740741 0.03442879499217527 0.06111111111111111
1 0.24856546687532602 0.16898148148148148 0.037037037037037035 0.06296296296296296
1 0.5839853938445487 0.5791666666666667 0.025039123630672927 0.06388888888888888
1 0.3555033907146583 0.37453703703703706 0.027125717266562335 0.062037037037037036
0 0.28664580073030776 0.49166666666666664 0.048513302034428794 0.04351851851851852
1 0.37037037037037035 0.3175925925925926 0.03234220135628586 0.04722222222222222
0 0.9619196661450182 0.4425925925925926 0.058424621804903494 0.044444444444444446
0 0.10641627543035993 0.587037037037037 0.046948356807511735 0.05
0 0.07589984350547731 0.47453703703703703 0.05216484089723526 0.04351851851851852
0 0.652321335419927 0.48935185185185187 0.048513302034428794 0.03888888888888889
1 0.5200834637454356 0.3189814814814815 0.027125717266562335 0.05277777777777778
1 0.30881585811163276 0.09537037037037037 0.03129890453834116 0.05555555555555555
1 0.4715701617110068 0.7287037037037037 0.022952529994783515 0.06296296296296296
0 0.7339593114241002 0.44814814814814813 0.04590505998956703 0.044444444444444446
1 0.12623891497130935 0.3907407407407407 0.02764736567553469 0.06018518518518518
0 0.5552947313510693 0.4625 0.0505998956703182 0.049074074074074076
1 0.7871674491392802 0.7083333333333334 0.022430881585811163 0.06851851851851852
1 0.12128325508607199 0.6652777777777777 0.03912363067292645 0.06111111111111111
1 0.8382889932185706 0.7425925925925926 0.02190923317683881 0.06666666666666667
0 0.698226395409494 0.42083333333333334 0.044861763171622326 0.053703703703703705
1 0.8153364632237872 0.17777777777777778 0.03338549817423057 0.05925925925925926
1 0.2996870109546166 0.4287037037037037 0.02034428794992175 0.05555555555555555
1 0.2986437141366719 0.034722222222222224 0.03495044340114763 0.058333333333333334
1 0.37376108502869065 0.7587962962962963 0.024517475221700575 0.05648148148148148
1 0.4316640584246218 0.2175925925925926 0.022952529994783515 0.05740740740740741
1 0.21439749608763695 0.7953703703703704 0.020865936358894107 0.06018518518518518
1 0.8925404277516954 0.6143518518518518 0.025039123630672927 0.06388888888888888
1 0.8197704747000522 0.674074074074074 0.03129890453834116 0.06388888888888888
1 0.6499739175795514 0.5847222222222223 0.02190923317683881 0.05555555555555555
1 0.9590505998956703 0.5995370370370371 0.03338549817423057 0.06666666666666667
1 0.5884194053208138 0.2708333333333333 0.023474178403755867 0.06851851851851852
1 0.7548252477829943 0.3189814814814815 0.029212310902451747 0.07592592592592592
1 0.5928534167970788 0.7222222222222222 0.02138758476786646 0.075
1 0.25612936880542514 0.8189814814814815 0.025039123630672927 0.05740740740740741
1 0.9848721961398018 0.6736111111111112 0.028690662493479395 0.06296296296296296
1 0.9217527386541471 0.8162037037037037 0.02138758476786646 0.07222222222222222
1 0.4045383411580595 0.2513888888888889 0.028169014084507043 0.062037037037037036
1 0.30125195618153366 0.6449074074074074 0.029212310902451747 0.06018518518518518
1 0.301773604590506 0.3875 0.022952529994783515 0.06481481481481481
0 0.25013041210224307 0.5615740740740741 0.03182055294731351 0.053703703703703705
1 0.9110589462702139 0.524074074074074 0.022952529994783515 0.058333333333333334
1 0.6924882629107981 0.9069444444444444 0.020865936358894107 0.07037037037037037
1 0.32942097026604067 0.7986111111111112 0.02034428794992175 0.05092592592592592
1 0.04094940010432968 0.7513888888888889 0.03234220135628586 0.06018518518518518
1 0.9517475221700574 0.6680555555555555 0.02556077203964528 0.05092592592592592
1 0.643453312467397 0.7939814814814815 0.025039123630672927 0.08148148148148149
1 0.9121022430881586 0.6657407407407407 0.022430881585811163 0.06296296296296296
1 0.7284820031298904 0.6287037037037037 0.023995826812728223 0.06111111111111111
1 0.8218570683359415 0.8453703703703703 0.02034428794992175 0.06018518518518518
1 0.3510693792383933 0.6912037037037037 0.023474178403755867 0.06851851851851852
1 0.5761606677099634 0.7726851851851851 0.02190923317683881 0.05092592592592592
1 0.6742305685967658 0.6282407407407408 0.02556077203964528 0.044444444444444446
1 0.6664058424621805 0.7611111111111111 0.018257694314032343 0.05740740740740741
1 0.44027125717266563 0.6231481481481481 0.028169014084507043 0.06388888888888888
1 0.6322378716744914 0.6611111111111111 0.026604068857589983 0.044444444444444446
1 0.020083463745435577 0.7939814814814815 0.027125717266562335 0.05740740740740741
1 0.4986958789775691 0.6435185185185185 0.022952529994783515 0.06944444444444445
1 0.3158581116327595 0.7453703703703703 0.027125717266562335 0.053703703703703705
1 0.11137193531559729 0.7388888888888889 0.026604068857589983 0.062037037037037036
1 0.08398539384454877 0.7875 0.027125717266562335 0.06111111111111111
1 0.2005738132498696 0.7569444444444444 0.024517475221700575 0.058333333333333334
1 0.6551904016692749 0.06296296296296296 0.028169014084507043 0.06111111111111111
1 0.10641627543035993 0.8180555555555555 0.023995826812728223 0.04351851851851852
1 0.37689097548252476 0.6462962962962963 0.026604068857589983 0.05185185185185185
1 0.6807511737089202 0.04675925925925926 0.0396452790818988 0.06666666666666667
1 0.4350547730829421 0.1726851851851852 0.024517475221700575 0.06759259259259259
1 0.2519561815336463 0.711574074074074 0.023995826812728223 0.06388888888888888
1 0.5127803860198227 0.7050925925925926 0.025039123630672927 0.06388888888888888
1 0.42592592592592593 0.6652777777777777 0.02138758476786646 0.06111111111111111
1 0.3995826812728221 0.7125 0.029212310902451747 0.06944444444444445
0 0.01904016692749087 0.5046296296296297 0.037037037037037035 0.03333333333333333
1 0.017475221700573813 0.8625 0.02608242044861763 0.06018518518518518
1 0.6278038601982264 0.7462962962962963 0.01773604590505999 0.06018518518518518
1 0.702660406885759 0.6782407407407407 0.020865936358894107 0.06111111111111111
1 0.7709963484611372 0.7537037037037037 0.0198226395409494 0.06296296296296296
1 0.5800730307772561 0.612037037037037 0.028690662493479395 0.041666666666666664
1 0.04042775169535733 0.6875 0.03286384976525822 0.0787037037037037
0 0.12806468440271257 0.7425925925925926 0.04121022430881586 0.037037037037037035
1 0.5279081898800209 0.7865740740740741 0.0198226395409494 0.041666666666666664
1 0.6747522170057382 0.7245370370370371 0.018257694314032343 0.05462962962962963
1 0.14606155451225875 0.787962962962963 0.026604068857589983 0.05648148148148148
1 0.2806468440271257 0.6657407407407407 0.028169014084507043 0.03888888888888889
1 0.7772561293688054 0.8189814814814815 0.022952529994783515 0.08796296296296297
1 0.7386541471048513 0.6875 0.018257694314032343 0.03611111111111111
1 0.9848721961398018 0.9273148148148148 0.017214397496087636 0.0712962962962963
1 0.22404799165362546 0.8421296296296297 0.020865936358894107 0.05
1 0.95565988523735 0.7064814814814815 0.027125717266562335 0.03888888888888889