0 0.07135416666666666 0.3787037037037037 0.04739583333333333 0.04537037037037037
0 0.5140625 0.3416666666666667 0.04635416666666667 0.041666666666666664
0 0.7361979166666667 0.39351851851851855 0.051041666666666666 0.03888888888888889
0 0.2677083333333333 0.3472222222222222 0.046875 0.041666666666666664
0 0.9346354166666667 0.2953703703703704 0.04583333333333333 0.03888888888888889
0 0.32369791666666664 0.4648148148148148 0.046875 0.04259259259259259
0 0.42630208333333336 0.4875 0.046875 0.04259259259259259
0 0.19635416666666666 0.43657407407407406 0.0484375 0.04351851851851852
0 0.19869791666666667 0.4976851851851852 0.04739583333333333 0.04537037037037037
0 0.06640625 0.4824074074074074 0.050520833333333334 0.04259259259259259
0 0.4984375 0.6134259259259259 0.027083333333333334 0.053703703703703705
0 0.8703125 0.3574074074074074 0.05 0.03981481481481482
0 0.13958333333333334 0.33425925925925926 0.024479166666666666 0.05185185185185185
0 0.8026041666666667 0.5935185185185186 0.053125 0.05277777777777778
0 0.41953125 0.4013888888888889 0.04635416666666667 0.049074074074074076
0 0.05234375 0.600462962962963 0.05260416666666667 0.06388888888888888
0 0.45364583333333336 0.14305555555555555 0.016666666666666666 0.05185185185185185