1 0.21465832029212312 0.5166666666666667 0.02764736567553469 0.08518518518518518
1 0.6225873761085029 0.32407407407407407 0.02764736567553469 0.06851851851851852
0 0.7715179968701096 0.5189814814814815 0.03286384976525822 0.058333333333333334
0 0.6131977047470005 0.48333333333333334 0.04225352112676056 0.04351851851851852
1 0.795774647887324 0.13796296296296295 0.027125717266562335 0.06666666666666667
1 0.5258215962441315 0.38287037037037036 0.02034428794992175 0.06759259259259259
1 0.34950443401147624 0.850462962962963 0.03234220135628586 0.06666666666666667
0 0.912623891497131 0.5745370370370371 0.03338549817423057 0.06388888888888888
0 0.7837767344809599 0.5671296296296297 0.02764736567553469 0.053703703703703705
1 0.8941053729786124 0.4222222222222222 0.02764736567553469 0.075
0 0.5112154407929056 0.5337962962962963 0.04903495044340115 0.049074074074074076
1 0.9760041731872717 0.3351851851851852 0.030777256129368807 0.06296296296296296
1 0.6591027647365676 0.3 0.026604068857589983 0.05925925925925926
1 0.4700052164840897 0.3787037037037037 0.02190923317683881 0.06481481481481481
1 0.3492436098069901 0.7824074074074074 0.03338549817423057 0.06666666666666667
0 0.4298382889932186 0.5981481481481481 0.048513302034428794 0.07037037037037037
1 0.6992696922274387 0.6625 0.03025560772039645 0.06574074074074074
1 0.54434011476265 0.8902777777777777 0.025039123630672927 0.058333333333333334
1 0.29473135106937925 0.8717592592592592 0.03547209181011998 0.06296296296296296
1 0.6186750130412102 0.14953703703703702 0.022952529994783515 0.06666666666666667
1 0.08841940532081377 0.33240740740740743 0.03129890453834116 0.06666666666666667
1 0.7423056859676578 0.1537037037037037 0.028169014084507043 0.06851851851851852
1 0.6332811684924361 0.6666666666666666 0.030777256129368807 0.05925925925925926
1 0.6499739175795514 0.3814814814814815 0.02138758476786646 0.05925925925925926
1 0.011997913406364111 0.2574074074074074 0.022952529994783515 0.06666666666666667
1 0.6747522170057382 0.42685185185185187 0.02608242044861763 0.06666666666666667
1 0.6421491914449661 0.6236111111111111 0.02190923317683881 0.053703703703703705
1 0.9551382368283776 0.14953703703703702 0.025039123630672927 0.06759259259259259
1 0.6030255607720396 0.20046296296296295 0.025039123630672927 0.0787037037037037
1 0.20787689097548254 0.9231481481481482 0.03234220135628586 0.06666666666666667
1 0.6825769431403235 0.22916666666666666 0.018779342723004695 0.06388888888888888
1 0.7083985393844549 0.09490740740740741 0.023474178403755867 0.06111111111111111
1 0.5644235785080856 0.3347222222222222 0.02190923317683881 0.05925925925925926
1 0.7816901408450704 0.2601851851851852 0.02034428794992175 0.06388888888888888
1 0.43661971830985913 0.2912037037037037 0.018257694314032343 0.06388888888888888
1 0.9827856025039123 0.41203703703703703 0.029212310902451747 0.062037037037037036
1 0.9379238393322901 0.12175925925925926 0.023474178403755867 0.06574074074074074
1 0.6914449660928534 0.34814814814814815 0.028690662493479395 0.05648148148148148
1 0.9160146061554513 0.19305555555555556 0.029212310902451747 0.07314814814814814
1 0.8197704747000522 0.4425925925925926 0.03025560772039645 0.06481481481481481
1 0.0714658320292123 0.2324074074074074 0.03129890453834116 0.06481481481481481
1 0.7968179447052687 0.20462962962962963 0.023474178403755867 0.062037037037037036
1 0.564945226917058 0.24537037037037038 0.01617110067814293 0.06759259259259259
1 0.5732916014606155 0.7157407407407408 0.030777256129368807 0.058333333333333334
1 0.9306207616066771 0.24027777777777778 0.02556077203964528 0.06481481481481481
0 0.5286906624934794 0.21435185185185185 0.044861763171622326 0.040740740740740744
1 0.9439227960354721 0.7925925925925926 0.0297339593114241 0.044444444444444446
1 0.752999478351591 0.7722222222222223 0.023995826812728223 0.06388888888888888
1 0.2934272300469484 0.2074074074074074 0.0297339593114241 0.06666666666666667
1 0.9799165362545644 0.18796296296296297 0.026604068857589983 0.06759259259259259
1 0.695357329160146 0.8675925925925926 0.03129890453834116 0.053703703703703705
1 0.5688575899843505 0.7763888888888889 0.03182055294731351 0.07037037037037037
1 0.07616066770996348 0.6805555555555556 0.03286384976525822 0.04722222222222222
1 0.7133541992696922 0.22870370370370371 0.025039123630672927 0.05648148148148148
1 0.7845592070944184 0.9768518518518519 0.024517475221700575 0.04259259259259259
1 0.06781429316640585 0.5467592592592593 0.03286384976525822 0.06388888888888888
1 0.9272300469483568 0.9263888888888889 0.03808033385498174 0.05
1 0.636150234741784 0.2490740740740741 0.02138758476786646 0.08796296296296297
1 0.3268127282211789 0.28425925925925927 0.02764736567553469 0.06481481481481481
1 0.3841940532081377 0.29398148148148145 0.02190923317683881 0.06018518518518518
1 0.9848721961398018 0.300462962962963 0.02190923317683881 0.05
1 0.9444444444444444 0.2851851851851852 0.02556077203964528 0.06388888888888888
1 0.8455920709441836 0.325 0.028690662493479395 0.058333333333333334
1 0.47991653625456443 0.33796296296296297 0.015127803860198226 0.062037037037037036
1 0.21883150756390193 0.34629629629629627 0.027125717266562335 0.0712962962962963
1 0.9637454355764214 0.04814814814814815 0.017214397496087636 0.07222222222222222
1 0.41053729786124155 0.3347222222222222 0.02608242044861763 0.058333333333333334
1 0.017475221700573813 0.16712962962962963 0.0297339593114241 0.06296296296296296
1 0.01069379238393323 0.3189814814814815 0.020865936358894107 0.05555555555555555
1 0.3367240479916536 0.7111111111111111 0.019300991131977047 0.04722222222222222
1 0.20631194574856546 0.25972222222222224 0.02190923317683881 0.07222222222222222
1 0.5370370370370371 0.8347222222222223 0.0297339593114241 0.053703703703703705
1 0.17031820552947313 0.2810185185185185 0.028690662493479395 0.06574074074074074
1 0.5078247261345853 0.913425925925926 0.02608242044861763 0.05185185185185185
1 0.08528951486697965 0.2013888888888889 0.026604068857589983 0.06111111111111111
1 0.7423056859676578 0.3125 0.028690662493479395 0.05555555555555555
1 0.8633281168492436 0.2537037037037037 0.027125717266562335 0.05185185185185185
1 0.16718831507563903 0.33935185185185185 0.036515388628064686 0.06388888888888888
1 0.2986437141366719 0.362962962962963 0.037037037037037035 0.08425925925925926
1 0.7284820031298904 0.9541666666666667 0.02556077203964528 0.05185185185185185
1 0.34846113719353156 0.6615740740740741 0.02190923317683881 0.05462962962962963
1 0.9261867501304121 0.35185185185185186 0.03338549817423057 0.06759259259259259
1 0.37871674491392804 0.15185185185185185 0.03755868544600939 0.09814814814814815
1 0.23865414710485133 0.21342592592592594 0.025039123630672927 0.0787037037037037
1 0.21387584767866458 0.18333333333333332 0.019300991131977047 0.05277777777777778
1 0.4480959833072509 0.2523148148148148 0.014084507042253521 0.05462962962962963
1 0.1752738654147105 0.17453703703703705 0.02190923317683881 0.05462962962962963
1 0.14058424621804905 0.29953703703703705 0.02608242044861763 0.06388888888888888
1 0.3218570683359416 0.9648148148148148 0.029212310902451747 0.040740740740740744
1 0.10224308815858112 0.1875 0.028169014084507043 0.06666666666666667
1 0.1356285863328117 0.22870370370370371 0.024517475221700575 0.05185185185185185
1 0.9595722483046427 0.4078703703703704 0.03338549817423057 0.07685185185185185
1 0.7699530516431925 0.22546296296296298 0.0198226395409494 0.04537037037037037
1 0.3677621283255086 0.26944444444444443 0.02764736567553469 0.062037037037037036
1 0.8716744913928013 0.4078703703703704 0.030777256129368807 0.03888888888888889
1 0.10459050599895671 0.2671296296296296 0.023995826812728223 0.05185185185185185
1 0.5312989045383412 0.2953703703703704 0.017214397496087636 0.03888888888888889