0 0.3158581116327595 0.5074074074074074 0.05268648930620762 0.04259259259259259
1 0.3954094940010433 0.21157407407407408 0.027125717266562335 0.07037037037037037
0 0.7657798643714137 0.5259259259259259 0.0297339593114241 0.062037037037037036
0 0.5096504955659885 0.5652777777777778 0.04538341158059468 0.05185185185185185
1 0.041471048513302036 0.03518518518518519 0.016692749087115284 0.06759259259259259
1 0.18466353677621283 0.8893518518518518 0.03286384976525822 0.05740740740740741
1 0.8813249869587898 0.3680555555555556 0.03547209181011998 0.06296296296296296
0 0.8030777256129369 0.46064814814814814 0.050078247261345854 0.04722222222222222
0 0.7300469483568075 0.4199074074074074 0.028690662493479395 0.06666666666666667
1 0.6246739697443923 0.8171296296296297 0.02190923317683881 0.05740740740740741
1 0.35732916014606153 0.4023148148148148 0.023995826812728223 0.06296296296296296
0 0.5834637454355764 0.48842592592592593 0.048513302034428794 0.04722222222222222
1 0.4843505477308294 0.26435185185185184 0.023995826812728223 0.06666666666666667
1 0.531038080333855 0.31527777777777777 0.02034428794992175 0.062037037037037036
0 0.31872717788210747 0.6305555555555555 0.03286384976525822 0.058333333333333334
1 0.8967136150234741 0.8564814814814815 0.036515388628064686 0.058333333333333334
1 0.29890453834115804 0.425462962962963 0.026604068857589983 0.06018518518518518
1 0.07668231611893583 0.3773148148148148 0.024517475221700575 0.06759259259259259
1 0.5307772561293688 0.3814814814814815 0.02608242044861763 0.06851851851851852
1 0.4736567553468962 0.4222222222222222 0.023474178403755867 0.06851851851851852
1 0.6624934793948879 0.6662037037037037 0.03547209181011998 0.06296296296296296
1 0.03808033385498174 0.4125 0.037037037037037035 0.06296296296296296
1 0.9702660406885759 0.7851851851851852 0.03599374021909233 0.07407407407407407
1 0.017475221700573813 0.2449074074074074 0.02764736567553469 0.062037037037037036
1 0.6437141366718832 0.22685185185185186 0.03495044340114763 0.07037037037037037
0 0.9089723526343245 0.4199074074074074 0.0297339593114241 0.058333333333333334
1 0.046948356807511735 0.663425925925926 0.03912363067292645 0.06666666666666667
1 0.30333854981742303 0.3449074074074074 0.027125717266562335 0.06851851851851852
1 0.798904538341158 0.8416666666666667 0.028690662493479395 0.05555555555555555
1 0.038601982263954095 0.1527777777777778 0.022952529994783515 0.06018518518518518
1 0.08841940532081377 0.14305555555555555 0.028169014084507043 0.075
1 0.7882107459572248 0.7430555555555556 0.038601982263954095 0.053703703703703705
1 0.2699530516431925 0.11712962962962963 0.023474178403755867 0.06944444444444445
1 0.28038601982263955 0.19398148148148148 0.0198226395409494 0.05740740740740741
1 0.14893062076160668 0.1439814814814815 0.02190923317683881 0.06759259259259259
1 0.9559207094418362 0.27314814814814814 0.02608242044861763 0.06481481481481481
1 0.26708398539384454 0.3013888888888889 0.027125717266562335 0.05
1 0.6773604590505999 0.17916666666666667 0.022430881585811163 0.06111111111111111
1 0.4736567553468962 0.8412037037037037 0.03182055294731351 0.058333333333333334
1 0.7355242566510172 0.2986111111111111 0.019300991131977047 0.053703703703703705
0 0.2597809076682316 0.5615740740740741 0.06155451225873761 0.06018518518518518
1 0.44183620239958266 0.2625 0.02556077203964528 0.06388888888888888
1 0.672926447574335 0.3388888888888889 0.020865936358894107 0.06666666666666667
0 0.6703182055294732 0.5333333333333333 0.022430881585811163 0.058333333333333334
1 0.7013562858633281 0.625462962962963 0.022952529994783515 0.06018518518518518
1 0.13145539906103287 0.2351851851851852 0.02138758476786646 0.06481481481481481
1 0.9859154929577465 0.3300925925925926 0.026604068857589983 0.07777777777777778
0 0.9488784559207094 0.4634259259259259 0.04121022430881586 0.06759259259259259
1 0.8899321857068336 0.7574074074074074 0.03912363067292645 0.05648148148148148
1 0.09520083463745435 0.21157407407407408 0.020865936358894107 0.06666666666666667
1 0.33202921231090243 0.3194444444444444 0.030777256129368807 0.06851851851851852
1 0.5255607720396452 0.1814814814814815 0.020865936358894107 0.05555555555555555
1 0.775169535732916 0.2361111111111111 0.028169014084507043 0.06388888888888888
1 0.5073030777256129 0.05185185185185185 0.017214397496087636 0.06666666666666667
1 0.4384454877412624 0.3449074074074074 0.026604068857589983 0.06481481481481481
1 0.27673448095983305 0.3921296296296296 0.0198226395409494 0.03796296296296296
1 0.17031820552947313 0.19907407407407407 0.02556077203964528 0.06111111111111111
1 0.3208137715179969 0.24814814814814815 0.026604068857589983 0.06018518518518518
1 0.22326551904016692 0.16620370370370371 0.0198226395409494 0.06666666666666667
1 0.08398539384454877 0.2865740740740741 0.022952529994783515 0.04722222222222222
1 0.193792383933229 0.9740740740740741 0.03547209181011998 0.04814814814814815
1 0.8461137193531559 0.24722222222222223 0.028169014084507043 0.058333333333333334
1 0.20318205529473135 0.13518518518518519 0.022952529994783515 0.06296296296296296
1 0.1322378716744914 0.17962962962962964 0.022430881585811163 0.06296296296296296
1 0.4222743870631195 0.6615740740740741 0.0198226395409494 0.07314814814814814
1 0.2876890975482525 0.25092592592592594 0.028169014084507043 0.06759259259259259
1 0.9207094418362024 0.1935185185185185 0.02608242044861763 0.05555555555555555
1 0.6807511737089202 0.27685185185185185 0.01617110067814293 0.06574074074074074
1 0.37245696400625977 0.3611111111111111 0.020865936358894107 0.04722222222222222
1 0.832811684924361 0.3138888888888889 0.020865936358894107 0.05740740740740741
1 0.23395931142410015 0.2712962962962963 0.029212310902451747 0.04814814814814815
1 0.4042775169535733 0.06342592592592593 0.01617110067814293 0.05555555555555555
1 0.795774647887324 0.15833333333333333 0.022952529994783515 0.058333333333333334
1 0.8711528429838289 0.2884259259259259 0.030777256129368807 0.062037037037037036
1 0.7623891497130934 0.8481481481481481 0.027125717266562335 0.04351851851851852
1 0.05764214919144497 0.2300925925925926 0.022952529994783515 0.04814814814814815
1 0.7636932707355243 0.1648148148148148 0.016692749087115284 0.040740740740740744
1 0.8547209181011998 0.21064814814814814 0.018779342723004695 0.041666666666666664
1 0.35654668753260305 0.20046296296296295 0.023474178403755867 0.053703703703703705
1 0.4726134585289515 0.1685185185185185 0.014606155451225874 0.06388888888888888
1 0.9700052164840898 0.19490740740740742 0.03025560772039645 0.03888888888888889