0 0.812206572769953 0.5462962962962963 0.051643192488262914 0.046296296296296294
1 0.8536776212832551 0.3712962962962963 0.0406885758998435 0.06111111111111111
0 0.7608242044861763 0.3574074074074074 0.03495044340114763 0.05
1 0.2962962962962963 0.5907407407407408 0.03182055294731351 0.0824074074074074
1 0.9220135628586332 0.6222222222222222 0.029212310902451747 0.058333333333333334
1 0.9783515910276473 0.18009259259259258 0.03547209181011998 0.05740740740740741
1 0.5375586854460094 0.6152777777777778 0.020865936358894107 0.05925925925925926
1 0.9681794470526864 0.3962962962962963 0.03912363067292645 0.06296296296296296
0 0.6731872717788211 0.40925925925925927 0.03234220135628586 0.075
1 0.9058424621804904 0.6736111111111112 0.03338549817423057 0.05555555555555555
0 0.5232133541992697 0.5018518518518519 0.05372978612415232 0.044444444444444446
0 0.9087115284298383 0.5569444444444445 0.0505998956703182 0.046296296296296294
0 0.5628586332811685 0.44212962962962965 0.02764736567553469 0.06574074074074074
1 0.8753260302556077 0.300462962962963 0.03338549817423057 0.05462962962962963
0 0.44235785080855505 0.4185185185185185 0.05112154407929056 0.04537037037037037
1 0.3046426708398539 0.8407407407407408 0.016692749087115284 0.05925925925925926
0 0.8273343766301513 0.4597222222222222 0.0505998956703182 0.044444444444444446
1 0.9032342201356286 0.23148148148148148 0.038601982263954095 0.05185185185185185
1 0.12702138758476786 0.8583333333333333 0.019300991131977047 0.06574074074074074
0 0.17918622848200313 0.5148148148148148 0.05216484089723526 0.04537037037037037
1 0.09024517475221701 0.5814814814814815 0.03390714658320292 0.075
1 0.40923317683881066 0.6282407407407408 0.027125717266562335 0.05277777777777778
1 0.7537819509650495 0.712037037037037 0.023474178403755867 0.05185185185185185
1 0.5386019822639541 0.2388888888888889 0.028690662493479395 0.05092592592592592
1 0.07563901930099114 0.8449074074074074 0.020865936358894107 0.06296296296296296
1 0.8802816901408451 0.43425925925925923 0.02764736567553469 0.06296296296296296
1 0.8004694835680751 0.18888888888888888 0.026604068857589983 0.053703703703703705
1 0.5062597809076682 0.20046296296296295 0.028169014084507043 0.05185185185185185
1 0.5777256129368805 0.6865740740740741 0.027125717266562335 0.06481481481481481
1 0.7991653625456442 0.1300925925925926 0.03025560772039645 0.05555555555555555
1 0.8268127282211789 0.7111111111111111 0.03234220135628586 0.062037037037037036
1 0.5772039645279082 0.5981481481481481 0.02034428794992175 0.06018518518518518
1 0.8781950965049556 0.2611111111111111 0.03442879499217527 0.05555555555555555
1 0.4300991131977048 0.7199074074074074 0.018779342723004695 0.06018518518518518
1 0.3252477829942619 0.325 0.028690662493479395 0.062037037037037036
0 0.8648930620761607 0.48564814814814816 0.05216484089723526 0.03981481481481482
1 0.022952529994783515 0.1597222222222222 0.03442879499217527 0.06018518518518518
1 0.041471048513302036 0.225 0.037037037037037035 0.05462962962962963
1 0.9820031298904538 0.6986111111111111 0.03547209181011998 0.07037037037037037
1 0.6744913928012519 0.7300925925925926 0.027125717266562335 0.05277777777777778
1 0.05712050078247261 0.6699074074074074 0.03442879499217527 0.05555555555555555
1 0.39123630672926446 0.7527777777777778 0.01564945226917058 0.05648148148148148
1 0.01617110067814293 0.7152777777777778 0.030777256129368807 0.0712962962962963
1 0.967396974439228 0.21342592592592594 0.04121022430881586 0.053703703703703705
1 0.7944705268648931 0.8185185185185185 0.02138758476786646 0.07037037037037037
1 0.6502347417840375 0.7787037037037037 0.02764736567553469 0.062037037037037036
1 0.3539384454877413 0.7694444444444445 0.018257694314032343 0.05277777777777778
1 0.14736567553468963 0.5884259259259259 0.03025560772039645 0.06018518518518518
1 0.2793427230046948 0.9074074074074074 0.016692749087115284 0.062037037037037036
1 0.10485133020344288 0.6476851851851851 0.029212310902451747 0.075
1 0.20109546165884193 0.3560185185185185 0.03234220135628586 0.08518518518518518
1 0.6645800730307773 0.6231481481481481 0.026604068857589983 0.05185185185185185
0 0.24700052164840897 0.6712962962962963 0.0505998956703182 0.04259259259259259
1 0.47209181011997914 0.7513888888888889 0.0198226395409494 0.06481481481481481
1 0.5466875326030256 0.7398148148148148 0.02190923317683881 0.05
1 0.7253521126760564 0.8064814814814815 0.020865936358894107 0.06388888888888888
1 0.8088158581116328 0.049074074074074076 0.028690662493479395 0.05648148148148148
1 0.9358372456964006 0.8074074074074075 0.0198226395409494 0.04537037037037037
1 0.8229003651538863 0.7768518518518519 0.03129890453834116 0.06388888888888888
1 0.8745435576421492 0.7013888888888888 0.02764736567553469 0.05277777777777778
1 0.2720396452790819 0.6208333333333333 0.022952529994783515 0.06481481481481481
1 0.2597809076682316 0.7291666666666666 0.020865936358894107 0.06018518518518518
1 0.16171100678142933 0.7777777777777778 0.025039123630672927 0.06296296296296296
1 0.32629107981220656 0.9046296296296297 0.017214397496087636 0.07592592592592592
1 0.5049556598852374 0.6337962962962963 0.02764736567553469 0.046296296296296294
1 0.9001043296817944 0.8194444444444444 0.02034428794992175 0.03796296296296296
1 0.41210224308815857 0.6643518518518519 0.029212310902451747 0.03888888888888889
1 0.8664580073030778 0.7953703703703704 0.027125717266562335 0.058333333333333334
1 0.5427751695357329 0.1125 0.03338549817423057 0.04814814814814815
1 0.454094940010433 0.7773148148148148 0.014606155451225874 0.05092592592592592
1 0.21231090245174752 0.6097222222222223 0.030777256129368807 0.05277777777777778
1 0.45565988523735 0.6060185185185185 0.024517475221700575 0.05555555555555555
1 0.12702138758476786 0.059722222222222225 0.038601982263954095 0.06111111111111111
1 0.2490871152842984 0.8231481481481482 0.030777256129368807 0.044444444444444446
1 0.24856546687532602 0.6504629629629629 0.02138758476786646 0.07037037037037037
0 0.37245696400625977 0.4652777777777778 0.03286384976525822 0.05
1 0.43453312467396976 0.7842592592592592 0.014606155451225874 0.03518518518518519
1 0.5135628586332812 0.7171296296296297 0.030777256129368807 0.05
1 0.63302034428795 0.6898148148148148 0.02608242044861763 0.07407407407407407
1 0.4551382368283777 0.1574074074074074 0.023995826812728223 0.062037037037037036
0 0.7091810119979134 0.5638888888888889 0.030777256129368807 0.04722222222222222
1 0.25299947835159103 0.7796296296296297 0.026604068857589983 0.053703703703703705
1 0.7728221178925404 0.8074074074074075 0.020865936358894107 0.05277777777777778
1 0.3701095461658842 0.8958333333333334 0.013562858633281168 0.04814814814814815
1 0.18701095461658843 0.8476851851851852 0.02764736567553469 0.03981481481481482
1 0.4619196661450183 0.7138888888888889 0.0198226395409494 0.06296296296296296
1 0.9134063641105895 0.7310185185185185 0.022952529994783515 0.05
1 0.19248826291079812 0.8083333333333333 0.026604068857589983 0.05462962962962963
1 0.1288471570161711 0.624537037037037 0.02034428794992175 0.06111111111111111
1 0.6770996348461137 0.8291666666666667 0.014606155451225874 0.05277777777777778
1 0.6236306729264476 0.7796296296296297 0.023474178403755867 0.030555555555555555
1 0.3510693792383933 0.8597222222222223 0.026604068857589983 0.037037037037037035
1 0.5472091810119979 0.27870370370370373 0.03338549817423057 0.04537037037037037