0 0.16845703125 0.526519775390625 0.033905029296875 0.065869140625
1 0.152587890625 0.6292236328125 0.0364990234375 0.059856414794921875
1 0.26953125 0.65089111328125 0.0243377685546875 0.0591522216796875
1 0.06781005859375 0.667791748046875 0.03515625 0.057635498046875
0 0.360107421875 0.530853271484375 0.049407958984375 0.0448516845703125
1 0.66845703125 0.413848876953125 0.027008056640625 0.06018142700195313
0 0.72998046875 0.5962890625 0.056121826171875 0.048508071899414064
0 0.8486328125 0.343646240234375 0.053192138671875 0.04108695983886719
0 0.7099609375 0.518719482421875 0.0560302734375 0.047505950927734374
0 0.2086181640625 0.44461669921875 0.0279083251953125 0.0613189697265625
0 0.37548828125 0.464117431640625 0.0472412109375 0.047939300537109375
0 0.85302734375 0.59022216796875 0.058135986328125 0.04436416625976562
0 0.0889892578125 0.49921875 0.050323486328125 0.04915809631347656
1 0.477783203125 0.3347625732421875 0.024139404296875 0.07247772216796874
0 0.63232421875 0.629656982421875 0.044769287109375 0.048968505859375
0 0.67724609375 0.6708251953125 0.034820556640625 0.0626190185546875
1 0.30615234375 0.81036376953125 0.0294189453125 0.057635498046875
0 0.015838623046875 0.536920166015625 0.028106689453125 0.05882720947265625
0 0.46728515625 0.502252197265625 0.02886962890625 0.054439544677734375
0 0.07354736328125 0.4244659423828125 0.04986572265625 0.043091201782226564
1 0.66162109375 0.2948944091796875 0.024749755859375 0.07193603515625
1 0.93359375 0.225775146484375 0.024749755859375 0.06321487426757813
1 0.5556640625 0.252642822265625 0.0285491943359375 0.06467742919921875
0 0.399658203125 0.596722412109375 0.048583984375 0.044689178466796875
1 0.222900390625 0.6881591796875 0.037689208984375 0.052922821044921874
1 0.81298828125 0.68209228515625 0.0229339599609375 0.06381072998046874
1 0.287841796875 0.1887237548828125 0.0202178955078125 0.05817718505859375
1 0.966796875 0.430316162109375 0.03173828125 0.07101516723632813
1 0.0185394287109375 0.32674560546875 0.03289794921875 0.06402740478515626
1 0.1947021484375 0.7609619140625 0.0276336669921875 0.05622711181640625
1 0.73291015625 0.246575927734375 0.0263519287109375 0.05774383544921875
1 0.57666015625 0.4136322021484375 0.021209716796875 0.05882720947265625
1 0.1322021484375 0.828131103515625 0.0343017578125 0.04980812072753906
1 0.34375 0.286444091796875 0.0251312255859375 0.054547882080078124
1 0.2142333984375 0.3789642333984375 0.0230255126953125 0.06711502075195312
1 0.090576171875 0.33541259765625 0.036224365234375 0.0626190185546875
1 0.12335205078125 0.3096282958984375 0.0299835205078125 0.062835693359375
1 0.8388671875 0.2860107421875 0.022979736328125 0.06332321166992187
0 0.55517578125 0.503118896484375 0.02532958984375 0.05403327941894531
1 0.52880859375 0.3438629150390625 0.018585205078125 0.06624832153320312
1 0.05987548828125 0.301611328125 0.0296478271484375 0.06007308959960937
1 0.2705078125 0.273876953125 0.0282135009765625 0.0613189697265625
1 0.44677734375 0.357080078125 0.01666259765625 0.053924942016601564
1 0.016021728515625 0.2790771484375 0.0304412841796875 0.061589813232421874
1 0.08709716796875 0.27127685546875 0.029876708984375 0.06527328491210938
1 0.0965576171875 0.918701171875 0.038177490234375 0.07182769775390625
1 0.329345703125 0.86929931640625 0.03802490234375 0.053924942016601564
1 0.2109375 0.3325958251953125 0.0210418701171875 0.06624832153320312
1 0.253173828125 0.564654541015625 0.037200927734375 0.06538162231445313
1 0.22216796875 0.72369384765625 0.0269622802734375 0.05465621948242187
1 0.279541015625 0.2320587158203125 0.0207672119140625 0.0647857666015625
1 0.6640625 0.871466064453125 0.0242767333984375 0.05622711181640625
1 0.0369873046875 0.2459259033203125 0.0360107421875 0.05817718505859375
1 0.6259765625 0.763995361328125 0.026153564453125 0.05029563903808594
1 0.904296875 0.6673583984375 0.0274810791015625 0.06538162231445313
1 0.6728515625 0.12567138671875 0.0205230712890625 0.06548995971679687
1 0.67724609375 0.18807373046875 0.019195556640625 0.06603164672851562
1 0.77001953125 0.18059844970703126 0.0234222412109375 0.0513519287109375
1 0.4130859375 0.2721435546875 0.0295867919921875 0.0582855224609375
1 0.55712890625 0.759228515625 0.029754638671875 0.056768798828125
1 0.62744140625 0.303778076171875 0.030731201171875 0.0686859130859375
1 0.66552734375 0.2311920166015625 0.020843505859375 0.051622772216796876
1 0.89404296875 0.20334930419921876 0.0280609130859375 0.0556854248046875
1 0.83056640625 0.428582763671875 0.033477783203125 0.053924942016601564
1 0.50048828125 0.2849273681640625 0.021697998046875 0.054358291625976565
1 0.1885986328125 0.241375732421875 0.018402099609375 0.054547882080078124
1 0.55029296875 0.4305328369140625 0.02069091796875 0.061914825439453126
1 0.98291015625 0.608856201171875 0.032958984375 0.052814483642578125
1 0.63671875 0.2498260498046875 0.0247039794921875 0.06310653686523438
1 0.83984375 0.3936981201171875 0.0192718505859375 0.04669342041015625
1 0.2149658203125 0.290777587890625 0.021087646484375 0.0673858642578125
1 0.317626953125 0.222308349609375 0.0154876708984375 0.04886016845703125
1 0.085693359375 0.204107666015625 0.0220794677734375 0.04040985107421875
1 0.802734375 0.11472930908203124 0.015777587890625 0.0582855224609375
1 0.55224609375 0.890966796875 0.03173828125 0.054547882080078124
1 0.6923828125 0.266943359375 0.017303466796875 0.04777679443359375
1 0.309814453125 0.9412353515625 0.03436279296875 0.05362701416015625
1 0.98974609375 0.3551300048828125 0.0212860107421875 0.0561187744140625
1 0.6015625 0.2376922607421875 0.0203399658203125 0.06251068115234375
1 0.6865234375 0.3876312255859375 0.0283355712890625 0.05579376220703125
1 0.363525390625 0.19273223876953124 0.02630615234375 0.07101516723632813
1 0.90087890625 0.3789642333984375 0.0224151611328125 0.052922821044921874
1 0.70654296875 0.0933868408203125 0.0287017822265625 0.07870712280273437
1 0.83740234375 0.2285919189453125 0.0274810791015625 0.05953140258789062
1 0.64208984375 0.15741424560546874 0.01490020751953125 0.065869140625
1 0.8408203125 0.18514862060546874 0.0311431884765625 0.04054527282714844
1 0.68798828125 0.3460296630859375 0.0284423828125 0.037647247314453125
1 0.94189453125 0.15156402587890624 0.0238189697265625 0.06343154907226563
1 0.65771484375 0.0695526123046875 0.0209197998046875 0.06332321166992187
1 0.697265625 0.81036376953125 0.021453857421875 0.0409515380859375
1 0.2105712890625 0.20053253173828126 0.0222015380859375 0.06251068115234375
1 0.7490234375 0.12252960205078126 0.021484375 0.05322074890136719
1 0.4345703125 0.24874267578125 0.02447509765625 0.03198661804199219
0 0.2156982421875 0.17908172607421874 0.0615234375 0.041899490356445315
1 0.14453125 0.20161590576171876 0.020721435546875 0.0457183837890625
1 0.433837890625 0.395648193359375 0.01666259765625 0.03851394653320313
1 0.9052734375 0.347979736328125 0.025665283203125 0.03309707641601563
0 0.010650634765625 0.426416015625 0.0216522216796875 0.028899002075195312
1 0.0074310302734375 0.140838623046875 0.01507568359375 0.07442779541015625
1 0.90185546875 0.16283111572265624 0.029205322265625 0.035940933227539065
1 0.7451171875 0.0808197021484375 0.028594970703125 0.043605804443359375
1 0.9736328125 0.05517082214355469 0.0171051025390625 0.06906509399414062
1 0.31591796875 0.18579864501953125 0.0161590576171875 0.04626007080078125
1 0.619140625 0.26954345703125 0.0194549560546875 0.05861053466796875
1 0.54931640625 0.85196533203125 0.03436279296875 0.053329086303710936