0 0.80224609375 0.5581597222222222 0.050048828125 0.04774305555555555
0 0.6142578125 0.4192708333333333 0.047515869140625 0.04172092013888889
0 0.03839111328125 0.40625 0.03656005859375 0.053304036458333336
0 0.224609375 0.28515625 0.04443359375 0.04969618055555555
0 0.390625 0.5434027777777778 0.050811767578125 0.05674913194444445
0 0.6904296875 0.3092447916666667 0.044677734375 0.04359266493055555
0 0.88671875 0.3461371527777778 0.044189453125 0.04367404513888889
0 0.9765625 0.5516493055555556 0.0457763671875 0.04283311631944445
0 0.2269287109375 0.4722222222222222 0.047149658203125 0.04820421006944445
0 0.35546875 0.4696180555555556 0.0345458984375 0.04001193576388889
0 0.3291015625 0.3487413194444444 0.045867919921875 0.04001193576388889
0 0.276611328125 0.5980902777777778 0.049224853515625 0.043158637152777776
0 0.9527529761904764 0.4047619047619048 0.048363095238095254 0.060846560846560906