0 0.876953125 0.4236111111111111 0.05059814453125 0.06488715277777778
0 0.44873046875 0.3077256944444444 0.04638671875 0.041069878472222224
0 0.17236328125 0.2981770833333333 0.046539306640625 0.04250759548611111
0 0.626953125 0.4769965277777778 0.04620361328125 0.048665364583333336
1 0.5205078125 0.16981336805555555 0.0161590576171875 0.06461588541666667
0 0.277587890625 0.3843315972222222 0.045440673828125 0.05075412326388889
0 0.439453125 0.3747829861111111 0.044769287109375 0.04443359375
0 0.474365234375 0.4357638888888889 0.04132080078125 0.0625
0 0.89013671875 0.6501736111111112 0.05419921875 0.05015733506944445
0 0.0279541015625 0.3498263888888889 0.038818359375 0.03648546006944445
0 0.8994140625 0.5703125 0.05194091796875 0.04391818576388889
0 0.84228515625 0.2877604166666667 0.047698974609375 0.04359266493055555
0 0.955078125 0.3396267361111111 0.05023193359375 0.04283311631944445
0 0.65576171875 0.390625 0.048583984375 0.040771484375
0 0.6396484375 0.6935763888888888 0.051849365234375 0.0576171875
0 0.83447265625 0.5212673611111112 0.048675537109375 0.058159722222222224
0 0.93505859375 0.7317708333333334 0.047943115234375 0.05685763888888889
0 0.0169219970703125 0.3878038194444444 0.03326416015625 0.04031032986111111