0 0.25273865414710484 0.5365740740740741 0.0495565988523735 0.04537037037037037
1 0.37845592070944184 0.40370370370370373 0.028690662493479395 0.06388888888888888
0 0.22978612415232133 0.46435185185185185 0.048513302034428794 0.044444444444444446
1 0.3403755868544601 0.2916666666666667 0.02190923317683881 0.06666666666666667
0 0.1872717788210746 0.5907407407407408 0.05112154407929056 0.040740740740740744
0 0.3615023474178404 0.5763888888888888 0.036515388628064686 0.05277777777777778
1 0.9804381846635368 0.43657407407407406 0.03442879499217527 0.06759259259259259
1 0.7110067814293166 0.37916666666666665 0.026604068857589983 0.07407407407407407
1 0.09624413145539906 0.3925925925925926 0.03808033385498174 0.06666666666666667
1 0.8510693792383933 0.23981481481481481 0.030777256129368807 0.06944444444444445
1 0.25143453312467395 0.2777777777777778 0.023995826812728223 0.07222222222222222
1 0.38914971309337504 0.7282407407407407 0.018779342723004695 0.05462962962962963
1 0.6875326030255607 0.26435185185185184 0.028169014084507043 0.05740740740740741
1 0.983828899321857 0.31574074074074077 0.03129890453834116 0.06481481481481481
1 0.2895148669796557 0.3537037037037037 0.022952529994783515 0.06666666666666667
1 0.4162754303599374 0.33425925925925926 0.026604068857589983 0.06574074074074074
1 0.7480438184663537 0.3648148148148148 0.02034428794992175 0.06759259259259259
1 0.35785080855503393 0.32592592592592595 0.022952529994783515 0.06111111111111111
1 0.07120500782472614 0.28564814814814815 0.03442879499217527 0.06111111111111111
1 0.9642670839853938 0.2300925925925926 0.029212310902451747 0.06111111111111111
1 0.35837245696400627 0.3763888888888889 0.02190923317683881 0.0712962962962963
1 0.9165362545644236 0.35324074074074074 0.036515388628064686 0.06666666666666667
1 0.4679186228482003 0.3425925925925926 0.025039123630672927 0.06388888888888888
1 0.10876369327073553 0.30648148148148147 0.027125717266562335 0.06018518518518518
0 0.9199269692227439 0.5796296296296296 0.05581637976004173 0.040740740740740744
1 0.48930620761606675 0.4074074074074074 0.027125717266562335 0.07314814814814814
0 0.4765258215962441 0.49675925925925923 0.04121022430881586 0.06296296296296296
1 0.0396452790818988 0.2949074074074074 0.027125717266562335 0.06296296296296296
1 0.6040688575899843 0.4041666666666667 0.018257694314032343 0.06574074074074074
1 0.8471570161711007 0.9300925925925926 0.03234220135628586 0.049074074074074076
1 0.6992696922274387 0.17824074074074073 0.023474178403755867 0.06666666666666667
1 0.45748565466875324 0.29259259259259257 0.017214397496087636 0.06018518518518518
1 0.5639019300991132 0.23425925925925925 0.018257694314032343 0.08425925925925926
1 0.8784559207094418 0.42592592592592593 0.028169014084507043 0.06111111111111111
1 0.04225352112676056 0.3490740740740741 0.03599374021909233 0.062037037037037036
1 0.1411058946270214 0.325 0.02608242044861763 0.06296296296296296
1 0.49634846113719355 0.8212962962962963 0.027125717266562335 0.05555555555555555
0 0.7996870109546166 0.549074074074074 0.04434011476264997 0.06018518518518518
1 0.6572769953051644 0.3347222222222222 0.022952529994783515 0.04537037037037037
1 0.19014084507042253 0.31157407407407406 0.018779342723004695 0.05462962962962963
1 0.5816379760041732 0.9412037037037037 0.03495044340114763 0.058333333333333334
1 0.49269692227438705 0.24027777777777778 0.025039123630672927 0.06574074074074074
1 0.022170057381324985 0.25833333333333336 0.0198226395409494 0.06574074074074074
1 0.863849765258216 0.3490740740740741 0.02608242044861763 0.06574074074074074
1 0.8980177360459051 0.30277777777777776 0.0297339593114241 0.044444444444444446
1 0.30255607720396455 0.9212962962962963 0.019300991131977047 0.053703703703703705
1 0.6283255086071987 0.44814814814814813 0.02034428794992175 0.06111111111111111
1 0.19979134063641105 0.2708333333333333 0.029212310902451747 0.06111111111111111
1 0.5375586854460094 0.2949074074074074 0.022952529994783515 0.06851851851851852
1 0.7621283255086072 0.20416666666666666 0.024517475221700575 0.06111111111111111
1 0.8510693792383933 0.3189814814814815 0.03025560772039645 0.062037037037037036
1 0.4747000521648409 0.8935185185185185 0.028169014084507043 0.05648148148148148
1 0.647887323943662 0.475462962962963 0.024517475221700575 0.07314814814814814