0 0.7520833333333333 0.46620370370370373 0.0546875 0.03888888888888889
0 0.8190104166666666 0.6759259259259259 0.04791666666666667 0.03981481481481482
0 0.4359375 0.6611111111111111 0.044270833333333336 0.03888888888888889
0 0.8817708333333333 0.575 0.050520833333333334 0.040740740740740744
0 0.7268229166666667 0.537962962962963 0.049479166666666664 0.040740740740740744
0 0.33151041666666664 0.5592592592592592 0.052083333333333336 0.04259259259259259
0 0.09583333333333334 0.13333333333333333 0.052083333333333336 0.05648148148148148
0 0.3067708333333333 0.4564814814814815 0.03333333333333333 0.05277777777777778
0 0.5026041666666666 0.611574074074074 0.042708333333333334 0.03888888888888889
0 0.45026041666666666 0.42685185185185187 0.052083333333333336 0.04722222222222222
0 0.87734375 0.41759259259259257 0.053125 0.09351851851851851
0 0.45703125 0.5254629629629629 0.046875 0.04814814814814815
0 0.2265625 0.3574074074074074 0.0484375 0.05277777777777778