0 0.14739583333333334 0.4537037037037037 0.051041666666666666 0.044444444444444446
0 0.5838541666666667 0.5666666666666667 0.050520833333333334 0.040740740740740744
0 0.7010416666666667 0.3712962962962963 0.04895833333333333 0.05
0 0.4828125 0.5037037037037037 0.046875 0.04351851851851852
0 0.29140625 0.5393518518518519 0.051041666666666666 0.044444444444444446
0 0.05625 0.662962962962963 0.057291666666666664 0.04814814814814815
0 0.9471354166666667 0.4185185185185185 0.050520833333333334 0.044444444444444446
0 0.5140625 0.4185185185185185 0.040625 0.03981481481481482
0 0.9286458333333333 0.5541666666666667 0.040625 0.06296296296296296
0 0.5302083333333333 0.3101851851851852 0.0171875 0.04814814814814815
0 0.39166666666666666 0.500462962962963 0.03697916666666667 0.06111111111111111
0 0.015625 0.4615740740740741 0.030729166666666665 0.046296296296296294