0 0.436767578125 0.5425537109375 0.051177978515625 0.04344329833984375
1 0.365234375 0.882733154296875 0.035614013671875 0.06099395751953125
1 0.2122802734375 0.63182373046875 0.033721923828125 0.051731109619140625
0 0.564453125 0.5945556640625 0.0517578125 0.047397613525390625
1 0.4931640625 0.806463623046875 0.0341796875 0.05752716064453125
1 0.1187744140625 0.787396240234375 0.037261962890625 0.05963973999023438
0 0.23193359375 0.4313995361328125 0.051177978515625 0.04650382995605469
0 0.6884765625 0.6153564453125 0.041229248046875 0.06971511840820313
1 0.2783203125 0.7193603515625 0.033843994140625 0.06251068115234375
0 0.1558837890625 0.49315185546875 0.049591064453125 0.0452850341796875
1 0.27587890625 0.77742919921875 0.037200927734375 0.06879425048828125
0 0.56494140625 0.54515380859375 0.05059814453125 0.04401206970214844
0 0.8103632282700834 0.5843196162471067 0.06134141455358318 0.0812567251699942
1 0.1787109375 0.641357421875 0.032958984375 0.058935546875
1 0.2445068359375 0.668658447265625 0.03033447265625 0.05251655578613281
1 0.381103515625 0.287310791015625 0.0197601318359375 0.059856414794921875
0 0.73974609375 0.5113525390625 0.047088623046875 0.05105400085449219
0 0.4794921875 0.476251220703125 0.048492431640625 0.038811874389648435
1 0.445068359375 0.3750640869140625 0.0271148681640625 0.065869140625
1 0.64306640625 0.8614990234375 0.020843505859375 0.05465621948242187
1 0.123046875 0.9481689453125 0.03753662109375 0.05796051025390625
1 0.6298828125 0.750128173828125 0.0255584716796875 0.0578521728515625
1 0.9716796875 0.448516845703125 0.03594970703125 0.05806884765625
0 0.28271484375 0.535186767578125 0.050323486328125 0.043768310546875
1 0.192138671875 0.230975341796875 0.026763916015625 0.04284744262695313
1 0.1524658203125 0.89183349609375 0.042083740234375 0.05311241149902344
0 0.87646484375 0.548187255859375 0.055938720703125 0.04915809631347656
1 0.9794921875 0.81903076171875 0.0374755859375 0.0537353515625
1 0.66064453125 0.2519927978515625 0.01666259765625 0.058935546875
1 0.134033203125 0.56422119140625 0.034423828125 0.06489410400390624
1 0.74853515625 0.2719268798828125 0.0223236083984375 0.05926055908203125
1 0.49267578125 0.91436767578125 0.0293731689453125 0.05644378662109375
1 0.9521484375 0.181573486328125 0.029144287109375 0.07020263671875
1 0.442626953125 0.708526611328125 0.027801513671875 0.07697372436523438
1 0.0843505859375 0.20367431640625 0.027374267578125 0.05963973999023438
1 0.3671875 0.698126220703125 0.0245208740234375 0.053924942016601564
1 0.9267578125 0.3122283935546875 0.03271484375 0.062023162841796875
1 0.9013671875 0.16023101806640624 0.024749755859375 0.05953140258789062
0 0.980377197265625 0.5460205078125 0.03924560546875 0.0587188720703125
1 0.1229248046875 0.2580596923828125 0.0257110595703125 0.0572021484375
1 0.81884765625 0.2463592529296875 0.023651123046875 0.06624832153320312
1 0.2401123046875 0.20269927978515626 0.0184783935546875 0.045799636840820314
1 0.287841796875 0.3343292236328125 0.0294189453125 0.06332321166992187
1 0.158447265625 0.335845947265625 0.0325927734375 0.05303115844726562
1 0.8955078125 0.2433258056640625 0.0310211181640625 0.045799636840820314
1 0.7080078125 0.3585968017578125 0.017852783203125 0.0686859130859375
1 0.986328125 0.14939727783203124 0.020721435546875 0.06223983764648437
1 0.458740234375 0.30941162109375 0.0279541015625 0.048589324951171874
1 0.96533203125 0.3282623291015625 0.03143310546875 0.05601043701171875
1 0.1866455078125 0.28341064453125 0.02423095703125 0.05202903747558594
1 0.484619140625 0.2294586181640625 0.0223236083984375 0.059748077392578126
1 0.64599609375 0.90223388671875 0.0287628173828125 0.050674819946289064
1 0.8759765625 0.16564788818359374 0.020965576171875 0.06814422607421874
1 0.98095703125 0.96376953125 0.0304412841796875 0.06538162231445313
1 0.26708984375 0.843731689453125 0.0255126953125 0.052922821044921874
1 0.603515625 0.642657470703125 0.020172119140625 0.07209854125976563
1 0.7646484375 0.1406219482421875 0.0260009765625 0.07020263671875
1 0.515625 0.229241943359375 0.020721435546875 0.060289764404296876
1 0.76806640625 0.359246826171875 0.026611328125 0.0686859130859375
1 0.75146484375 0.43594970703125 0.02630615234375 0.07713623046875
1 0.68115234375 0.10801239013671875 0.01983642578125 0.06711502075195312
1 0.55517578125 0.359246826171875 0.0222930908203125 0.0608856201171875
1 0.37255859375 0.21244964599609376 0.020965576171875 0.063702392578125
1 0.22021484375 0.3234954833984375 0.0265045166015625 0.05192070007324219
1 0.00981903076171875 0.1835235595703125 0.018646240234375 0.06223983764648437
1 0.11993408203125 0.1744232177734375 0.0222015380859375 0.057635498046875
1 0.343505859375 0.2558929443359375 0.0226287841796875 0.062023162841796875
1 0.65185546875 0.320245361328125 0.02203369140625 0.059964752197265624
1 0.78662109375 0.2901275634765625 0.0255126953125 0.04942893981933594
1 0.3125 0.239208984375 0.0295867919921875 0.06142730712890625
1 0.494384765625 0.40474853515625 0.021331787109375 0.06007308959960937
1 0.475341796875 0.95943603515625 0.0390625 0.05926055908203125
1 0.275146484375 0.19273223876953124 0.0208892822265625 0.048047637939453124
1 0.5341796875 0.20226593017578126 0.017242431640625 0.05546875
1 0.61865234375 0.2212249755859375 0.0217437744140625 0.04972686767578125
1 0.51123046875 0.3260955810546875 0.0200958251953125 0.05926055908203125
1 0.004962921142578125 0.58675537109375 0.009521484375 0.05953140258789062
1 0.431884765625 0.3455963134765625 0.0289764404296875 0.0357513427734375
1 0.245849609375 0.2584930419921875 0.02752685546875 0.0738861083984375
1 0.89599609375 0.9031005859375 0.037384033203125 0.05774383544921875
1 0.6064453125 0.307244873046875 0.0169830322265625 0.062131500244140624
1 0.84912109375 0.2112579345703125 0.02447509765625 0.06527328491210938
1 0.4541015625 0.2680267333984375 0.0316162109375 0.04536628723144531
1 0.98486328125 0.7626953125 0.0292510986328125 0.04934768676757813
1 0.334716796875 0.2142913818359375 0.0232391357421875 0.037701416015625
1 0.97265625 0.4032318115234375 0.036285400390625 0.05538749694824219
1 0.6416015625 0.16478118896484376 0.022979736328125 0.08899917602539062
0 0.951171875 0.3837310791015625 0.03192138671875 0.037647247314453125
1 0.264404296875 0.305078125 0.02056884765625 0.05527915954589844
1 0.13623046875 0.3083282470703125 0.0300445556640625 0.038297271728515624
1 0.54345703125 0.2948944091796875 0.02423095703125 0.0574188232421875
1 0.78955078125 0.25047607421875 0.02685546875 0.03691596984863281
1 0.982421875 0.06765670776367187 0.017181396484375 0.07166519165039062
1 0.888671875 0.86756591796875 0.0394287109375 0.047235107421875
1 0.962890625 0.2818939208984375 0.02685546875 0.04877891540527344
1 0.96533203125 0.241375732421875 0.0322265625 0.03948898315429687
1 0.97265625 0.88143310546875 0.04681396484375 0.07610702514648438