0 0.1888732394366197 0.7688796296296296 0.05403234220135628 0.055685185185185185
1 0.604491392801252 0.2972777777777778 0.029874804381846636 0.05018518518518519
1 0.2583515910276474 0.3336296296296296 0.043834115805946795 0.09034259259259259
1 0.866697965571205 0.27708333333333335 0.021090245174752217 0.09109259259259259
1 0.6215805946791862 0.14939814814814814 0.017777777777777778 0.06602777777777778
0 0.43041731872717787 0.605388888888889 0.054501825769431404 0.04436111111111111
1 0.3049295774647887 0.40496296296296297 0.03125195618153365 0.06224074074074074
1 0.2381585811163276 0.26196296296296295 0.030855503390714658 0.04189814814814815
1 0.14416275430359937 0.2526388888888889 0.028440271257172668 0.06673148148148147
1 0.8247052686489307 0.3625 0.022295252999478352 0.06537962962962963
1 0.6357433489827856 0.23422222222222222 0.02224830464267084 0.060287037037037035
1 0.9394522691705791 0.20194444444444443 0.027803860198226393 0.06575925925925925
0 0.05593635889410537 0.5993240740740741 0.050996348461137195 0.04336111111111111
1 0.1463641105894627 0.35014814814814815 0.03137193531559729 0.061101851851851845
1 0.12487741262389149 0.28600925925925924 0.023912363067292646 0.06202777777777777
1 0.9531246739697444 0.4179629629629629 0.02865414710485133 0.0702037037037037
1 0.8686541471048513 0.21212037037037038 0.023286384976525822 0.04962037037037037
1 0.67773604590506 0.19576851851851854 0.021742305685967658 0.05633333333333334
1 0.7524413145539907 0.31049074074074073 0.019055816379760043 0.06662962962962962
1 0.5493166405842462 0.3215462962962963 0.025910276473656756 0.060509259259259256
1 0.06805425143453313 0.2623888888888889 0.027480438184663537 0.05413888888888889
1 0.5664058424621805 0.2174351851851852 0.01743870631194575 0.065
0 0.3371570161711007 0.758361111111111 0.027329160146061553 0.06180555555555556
1 0.4775378195096505 0.27929629629629626 0.021867501304121024 0.06169444444444444
1 0.8320292123109024 0.9481666666666666 0.0231038080333855 0.055685185185185185
0 0.527829942618675 0.5837222222222221 0.04922274387063119 0.04924074074074074
1 0.41137715179968704 0.33952777777777776 0.024522691705790297 0.06814814814814814
1 0.6684559207094418 0.41298148148148145 0.025998956703182058 0.06180555555555556
1 0.09753260302556077 0.31677777777777777 0.02795513823682838 0.0729074074074074
1 0.8007824726134585 0.2540925925925926 0.026765779864371415 0.08185185185185186
1 0.5141627543035994 0.24787962962962962 0.02182055294731351 0.03843518518518518
1 0.5112310902451748 0.3826481481481481 0.02499217527386541 0.06537962962962963
1 0.7871100678142933 0.41450000000000004 0.02774126238914971 0.0661388888888889
1 0.601074595722483 0.3546944444444444 0.020646844027125716 0.06489814814814815
1 0.8686541471048513 0.3590277777777778 0.0318622848200313 0.06651851851851852
0 0.584960876369327 0.6478611111111111 0.04986437141366719 0.04376851851851852
1 0.9794940010432969 0.26737962962962963 0.03332290036515389 0.08125
1 0.0794679186228482 0.3726851851851852 0.028763693270735524 0.06381481481481481
1 0.28686489306207613 0.2784259259259259 0.02190923317683881 0.03821296296296296
0 0.9194314032342201 0.682962962962963 0.06176838810641627 0.06451851851851853
1 0.20422535211267606 0.3869814814814815 0.029478351591027647 0.06419444444444444
1 0.943359415753782 0.30248148148148146 0.032347417840375585 0.07681481481481481
1 0.035399061032863846 0.3369259259259259 0.02752738654147105 0.0663611111111111
1 0.10894627021387585 0.24354629629629626 0.02369848721961398 0.0502962962962963
0 0.5854512258737611 0.5048518518518519 0.04904016692749087 0.05425000000000001
0 0.24743870631194573 0.6075555555555555 0.05126760563380282 0.05075925925925926
1 0.5043922796035472 0.3044259259259259 0.021455399061032866 0.05914814814814815
0 0.260641627543036 0.4897037037037037 0.047292644757433486 0.055796296296296295
0 0.899415753781951 0.5061481481481481 0.054501825769431404 0.04468518518518518
0 0.5800782472613458 0.46888888888888886 0.04153364632237872 0.04174074074074074
1 0.5082994261867501 0.9637685185185184 0.034027125717266564 0.060509259259259256
1 0.8969744392279604 0.10319444444444445 0.021940532081377154 0.06906481481481481
0 0.6420918101199792 0.7267314814814815 0.05126760563380282 0.04839814814814815
1 0.23400625978090767 0.1710648148148148 0.01646322378716745 0.054037037037037036
0 0.8901356285863329 0.5733240740740742 0.053588941053729786 0.049046296296296296
1 0.4101564945226917 0.29684259259259255 0.02182055294731351 0.0457962962962963
1 0.32055816379760044 0.2896944444444444 0.01994261867501304 0.06191666666666667
0 0.057370892018779346 0.4823148148148148 0.051940532081377146 0.04400925925925926
0 0.023286384976525822 0.5273888888888889 0.028169014084507043 0.06202777777777777
1 0.25610328638497654 0.2189537037037037 0.022582159624413144 0.05763888888888889
1 0.9375013041210225 0.7722314814814815 0.04046426708398539 0.05311111111111111
1 0.971679707876891 0.8619351851851852 0.0403755868544601 0.052925925925925925
0 0.7011737089201878 0.6071203703703704 0.051361502347417834 0.0661388888888889
1 0.9746113719353156 0.9368981481481482 0.03500260824204486 0.06007407407407407
1 0.46362545644235786 0.3390925925925926 0.027631716223265518 0.06262037037037037
0 0.6446061554512259 0.44907407407407407 0.04322378716744914 0.05687962962962963