1 0.6962890625 0.451116943359375 0.03125 0.07144851684570312
1 0.89697265625 0.4079986572265625 0.027435302734375 0.06613998413085938
0 0.26171875 0.4940185546875 0.051177978515625 0.046964263916015624
0 0.85595703125 0.592822265625 0.055816650390625 0.0483184814453125
1 0.35693359375 0.4365997314453125 0.0295867919921875 0.06142730712890625
0 0.97265625 0.610589599609375 0.03753662109375 0.06613998413085938
1 0.09332275390625 0.3204620361328125 0.0282745361328125 0.04777679443359375
1 0.86474609375 0.3793975830078125 0.0202178955078125 0.06440658569335937
1 0.458740234375 0.3310791015625 0.0247955322265625 0.06673583984375
1 0.73486328125 0.3880645751953125 0.0181884765625 0.05963973999023438
1 0.79931640625 0.3761474609375 0.0305023193359375 0.063702392578125
1 0.6533203125 0.5113525390625 0.029876708984375 0.07247772216796874
1 0.472412109375 0.4313995361328125 0.0182647705078125 0.06538162231445313
1 0.388916015625 0.856732177734375 0.0384521484375 0.06169815063476562
1 0.6796875 0.86669921875 0.0360107421875 0.0561187744140625
1 0.69921875 0.786962890625 0.03240966796875 0.06099395751953125
1 0.269287109375 0.763128662109375 0.025177001953125 0.05403327941894531
1 0.56298828125 0.3551300048828125 0.0173797607421875 0.0591522216796875
1 0.6962890625 0.365313720703125 0.02069091796875 0.0613189697265625
0 0.337890625 0.54342041015625 0.02886962890625 0.05538749694824219
0 0.2406005859375 0.59022216796875 0.0325927734375 0.05953140258789062
1 0.2646484375 0.3698638916015625 0.0238189697265625 0.06603164672851562
1 0.375 0.288177490234375 0.019378662109375 0.059748077392578126
1 0.54638671875 0.23314208984375 0.0244293212890625 0.049537277221679686
1 0.7265625 0.92476806640625 0.02655029296875 0.0665191650390625
1 0.7822265625 0.7332275390625 0.021697998046875 0.05861053466796875
1 0.916015625 0.85196533203125 0.0313720703125 0.06451492309570313
1 0.395751953125 0.696392822265625 0.0268096923828125 0.05465621948242187
1 0.66796875 0.325445556640625 0.0189056396484375 0.06402740478515626
1 0.92041015625 0.302911376953125 0.0274810791015625 0.06489410400390624
1 0.873046875 0.1861236572265625 0.02044677734375 0.06982345581054687
1 0.6552734375 0.96810302734375 0.027587890625 0.051839447021484374
1 0.63671875 0.238775634765625 0.028594970703125 0.0608856201171875
1 0.1279296875 0.2857940673828125 0.0374755859375 0.0608856201171875
1 0.206787109375 0.2840606689453125 0.0323486328125 0.06467742919921875
1 0.2286376953125 0.363580322265625 0.0244293212890625 0.06240234375
1 0.6396484375 0.3776641845703125 0.0177154541015625 0.06451492309570313
1 0.04400634765625 0.263043212890625 0.021820068359375 0.05731048583984375
1 0.849609375 0.693792724609375 0.035614013671875 0.05037689208984375
1 0.72509765625 0.328045654296875 0.0272674560546875 0.058935546875
1 0.491455078125 0.232275390625 0.017181396484375 0.0656524658203125
1 0.5830078125 0.276043701171875 0.0174407958984375 0.06613998413085938
0 0.7099609375 0.614923095703125 0.05291748046875 0.06879425048828125
1 0.5927734375 0.17258148193359374 0.01763916015625 0.07637786865234375
1 0.8134765625 0.15936431884765626 0.021484375 0.0656524658203125
1 0.1658935546875 0.21266632080078124 0.024658203125 0.05953140258789062
1 0.83056640625 0.814697265625 0.038238525390625 0.04219741821289062
1 0.251220703125 0.2398590087890625 0.021331787109375 0.07681121826171874
1 0.98046875 0.34581298828125 0.03173828125 0.05687713623046875
1 0.8359375 0.91436767578125 0.0259552001953125 0.053924942016601564
1 0.40478515625 0.27127685546875 0.0221099853515625 0.05546875
1 0.87548828125 0.2922943115234375 0.029144287109375 0.05622711181640625
1 0.6708984375 0.1579559326171875 0.0153656005859375 0.05251655578613281
1 0.6611328125 0.74189453125 0.034820556640625 0.054439544677734375
1 0.833984375 0.334112548828125 0.0301055908203125 0.048968505859375
1 0.291015625 0.184173583984375 0.0177154541015625 0.05476455688476563
1 0.2054443359375 0.221441650390625 0.0199432373046875 0.05143318176269531
1 0.9853515625 0.3035614013671875 0.0284423828125 0.038649368286132815
1 0.62158203125 0.1124542236328125 0.01483917236328125 0.06402740478515626
1 0.72705078125 0.230108642578125 0.019683837890625 0.04669342041015625
1 0.265625 0.16131439208984374 0.0202484130859375 0.0695526123046875
1 0.35791015625 0.94990234375 0.0278472900390625 0.058935546875
1 0.6025390625 0.46021728515625 0.0136871337890625 0.030605316162109375
1 0.0987548828125 0.970703125 0.0299835205078125 0.0426849365234375
1 0.93212890625 0.06516494750976562 0.0161590576171875 0.06787338256835937
0 0.0115509033203125 0.45501708984375 0.0225830078125 0.030713653564453124