0 0.09181011997913406 0.3861111111111111 0.05738132498695879 0.044444444444444446
0 0.28664580073030776 0.4726851851851852 0.050078247261345854 0.046296296296296294
0 0.912623891497131 0.5421296296296296 0.04434011476264997 0.06296296296296296
0 0.4029733959311424 0.49166666666666664 0.04747000521648409 0.06296296296296296
1 0.3622848200312989 0.2523148148148148 0.01773604590505999 0.058333333333333334
1 0.6528429838288993 0.649074074074074 0.02608242044861763 0.06481481481481481
1 0.40714658320292124 0.7231481481481481 0.02034428794992175 0.05740740740740741
0 0.7733437663015128 0.4930555555555556 0.050078247261345854 0.04537037037037037
1 0.2827334376630151 0.6916666666666667 0.0297339593114241 0.06574074074074074
0 0.874282733437663 0.4546296296296296 0.05268648930620762 0.03888888888888889
1 0.9227960354720918 0.36666666666666664 0.03755868544600939 0.058333333333333334
1 0.6387584767866458 0.5722222222222222 0.02190923317683881 0.08055555555555556
1 0.21778821074595722 0.6888888888888889 0.02190923317683881 0.06388888888888888
1 0.9444444444444444 0.7324074074074074 0.026604068857589983 0.062037037037037036
1 0.5190401669274909 0.7550925925925925 0.02556077203964528 0.06759259259259259
1 0.8500260824204486 0.7180555555555556 0.028169014084507043 0.06574074074074074
1 0.7556077203964527 0.06157407407407407 0.03286384976525822 0.05740740740740741
1 0.1640584246218049 0.700462962962963 0.02764736567553469 0.06111111111111111
1 0.8951486697965572 0.6583333333333333 0.028690662493479395 0.06759259259259259
1 0.49608763693270735 0.12083333333333333 0.02608242044861763 0.05092592592592592
1 0.5563380281690141 0.711574074074074 0.022952529994783515 0.05
1 0.9679186228482003 0.6356481481481482 0.03390714658320292 0.05925925925925926
1 0.8187271778821075 0.6273148148148148 0.03442879499217527 0.06574074074074074
1 0.40036515388628063 0.799537037037037 0.01773604590505999 0.06666666666666667
1 0.01564945226917058 0.8138888888888889 0.023995826812728223 0.06296296296296296
1 0.32316118935837246 0.7175925925925926 0.028690662493479395 0.06574074074074074
1 0.4032342201356286 0.6962962962962963 0.022952529994783515 0.062037037037037036
1 0.35498174230568597 0.6962962962962963 0.023995826812728223 0.06944444444444445
1 0.7089201877934272 0.17175925925925925 0.03495044340114763 0.058333333333333334
1 0.7310902451747522 0.7736111111111111 0.02138758476786646 0.07407407407407407
1 0.346113719353156 0.6129629629629629 0.02190923317683881 0.06666666666666667
1 0.49713093375065204 0.6365740740740741 0.026604068857589983 0.06759259259259259
1 0.917057902973396 0.7078703703703704 0.020865936358894107 0.05925925925925926
1 0.7383933229003652 0.1537037037037037 0.03234220135628586 0.05277777777777778
1 0.1011997913406364 0.799537037037037 0.025039123630672927 0.06111111111111111
1 0.3526343244653104 0.5856481481481481 0.02034428794992175 0.05648148148148148
1 0.07511737089201878 0.06898148148148148 0.027125717266562335 0.05740740740740741
1 0.33750652060511216 0.5476851851851852 0.028690662493479395 0.07222222222222222
1 0.8101199791340636 0.6851851851851852 0.022430881585811163 0.06111111111111111
1 0.2576943140323422 0.8601851851851852 0.018257694314032343 0.06666666666666667
1 0.7827334376630152 0.7217592592592592 0.03234220135628586 0.06296296296296296
1 0.06338028169014084 0.8263888888888888 0.023995826812728223 0.06574074074074074
1 0.7104851330203443 0.7194444444444444 0.02138758476786646 0.06481481481481481
1 0.34820031298904536 0.8009259259259259 0.01773604590505999 0.05740740740740741
1 0.7287428273343767 0.1884259259259259 0.02608242044861763 0.05740740740740741
0 0.3359415753781951 0.41435185185185186 0.05112154407929056 0.06666666666666667
0 0.23395931142410015 0.34074074074074073 0.048513302034428794 0.07037037037037037
1 0.08528951486697965 0.7347222222222223 0.020865936358894107 0.062037037037037036
1 0.1554512258737611 0.6467592592592593 0.023474178403755867 0.058333333333333334
1 0.24282733437663015 0.8023148148148148 0.019300991131977047 0.058333333333333334