1 0.378662109375 0.3310791015625 0.0212860107421875 0.06776504516601563
0 0.467041015625 0.472784423828125 0.05450439453125 0.05113525390625
0 0.59619140625 0.471051025390625 0.046630859375 0.05311241149902344
1 0.7685546875 0.458050537109375 0.0301055908203125 0.06451492309570313
1 0.74462890625 0.407781982421875 0.024383544921875 0.06776504516601563
0 0.09320068359375 0.66475830078125 0.05340576171875 0.06749420166015625
1 0.244873046875 0.2779937744140625 0.019378662109375 0.05037689208984375
1 0.1982421875 0.314178466796875 0.0234222412109375 0.05731048583984375
1 0.70361328125 0.3217620849609375 0.029876708984375 0.06700668334960938
1 0.296875 0.2853607177734375 0.0182342529296875 0.06429824829101563
1 0.0496826171875 0.354913330078125 0.038238525390625 0.079736328125
0 0.30224609375 0.516119384765625 0.03253173828125 0.05527915954589844
1 0.53369140625 0.3724639892578125 0.02508544921875 0.060289764404296876
1 0.6455078125 0.10606231689453124 0.022369384765625 0.07144851684570312
1 0.60498046875 0.21179962158203125 0.021240234375 0.06099395751953125
1 0.86474609375 0.4426666259765625 0.034088134765625 0.050674819946289064
1 0.359619140625 0.26087646484375 0.021820068359375 0.0572021484375
1 0.11932373046875 0.237042236328125 0.0228424072265625 0.0587188720703125
1 0.951171875 0.4261993408203125 0.034820556640625 0.060289764404296876
1 0.7783203125 0.3854644775390625 0.021697998046875 0.06727752685546876
1 0.65234375 0.357080078125 0.0310821533203125 0.05094566345214844
1 0.130859375 0.3204620361328125 0.02655029296875 0.052814483642578125
0 0.947265625 0.625323486328125 0.037200927734375 0.06624832153320312
1 0.708984375 0.13639678955078124 0.0241851806640625 0.06310653686523438
1 0.55615234375 0.29727783203125 0.0257568359375 0.05465621948242187
1 0.07977294921875 0.2721435546875 0.02655029296875 0.0608856201171875
1 0.890625 0.3646636962890625 0.0235595703125 0.0647857666015625
1 0.0177154541015625 0.387847900390625 0.027069091796875 0.04669342041015625
1 0.055206298828125 0.2357421875 0.0235595703125 0.05476455688476563
1 0.23681640625 0.3416961669921875 0.0240478515625 0.05963973999023438
1 0.7724609375 0.17973175048828124 0.0258636474609375 0.03686180114746094
1 0.98681640625 0.230108642578125 0.026458740234375 0.06527328491210938
1 0.62158203125 0.2892608642578125 0.02001953125 0.06538162231445313
1 0.181884765625 0.18059844970703126 0.0169830322265625 0.05403327941894531
1 0.951171875 0.3780975341796875 0.0121002197265625 0.03241996765136719
1 0.03656005859375 0.93516845703125 0.042572021484375 0.060398101806640625
1 0.65625 0.281243896484375 0.0196380615234375 0.045799636840820314
1 0.80224609375 0.3607635498046875 0.0229339599609375 0.06689834594726562
1 0.68017578125 0.1774566650390625 0.0222015380859375 0.07020263671875
1 0.373046875 0.16889801025390624 0.012969970703125 0.04401206970214844
1 0.28173828125 0.184173583984375 0.0215301513671875 0.06251068115234375
1 0.849609375 0.3104949951171875 0.0236968994140625 0.0613189697265625
1 0.260009765625 0.796063232421875 0.036346435546875 0.04988937377929688
1 0.77392578125 0.2398590087890625 0.0210113525390625 0.059856414794921875
1 0.93017578125 0.2766937255859375 0.0257110595703125 0.06689834594726562
1 0.875 0.27474365234375 0.0222015380859375 0.07291107177734375
1 0.2337646484375 0.98370361328125 0.02423095703125 0.030605316162109375
1 0.9677734375 0.745361328125 0.040679931640625 0.0565521240234375
0 0.2138671875 0.732794189453125 0.0509033203125 0.040789031982421876
1 0.8896484375 0.82249755859375 0.034423828125 0.05154151916503906
1 0.73876953125 0.11516265869140625 0.01061248779296875 0.027585411071777345
1 0.8525390625 0.275177001953125 0.015777587890625 0.02922401428222656
0 0.95654296875 0.100537109375 0.03192138671875 0.0695526123046875
1 0.93310546875 0.92216796875 0.033782958984375 0.053437423706054685
1 0.6845703125 0.09479522705078125 0.01837158203125 0.0608856201171875
1 0.939453125 0.07009429931640625 0.0165863037109375 0.07090682983398437