0 0.6065104166666667 0.600925925925926 0.046875 0.041666666666666664
0 0.5848958333333333 0.44583333333333336 0.0484375 0.05277777777777778
0 0.19375 0.5254629629629629 0.046875 0.041666666666666664
0 0.4864583333333333 0.29907407407407405 0.052083333333333336 0.041666666666666664
0 0.40911458333333334 0.700462962962963 0.04635416666666667 0.04259259259259259
0 0.4390625 0.4532407407407407 0.050520833333333334 0.046296296296296294
0 0.29635416666666664 0.30277777777777776 0.034895833333333334 0.05185185185185185
0 0.48932291666666666 0.21203703703703702 0.0546875 0.046296296296296294
0 0.7861979166666667 0.4217592592592593 0.05 0.05
0 0.79921875 0.5694444444444444 0.053125 0.046296296296296294
0 0.23151041666666666 0.6328703703703704 0.046875 0.044444444444444446
0 0.7098958333333333 0.5055555555555555 0.05572916666666667 0.041666666666666664
0 0.48541666666666666 0.1550925925925926 0.05677083333333333 0.05277777777777778
0 0.6669270833333333 0.6787037037037037 0.04479166666666667 0.040740740740740744
0 0.03802083333333333 0.4537037037037037 0.050520833333333334 0.049074074074074076
0 0.71484375 0.6189814814814815 0.04791666666666667 0.046296296296296294
0 0.023697916666666666 0.15648148148148147 0.04739583333333333 0.05185185185185185
0 0.9536458333333333 0.65 0.04895833333333333 0.04259259259259259
0 0.6877604166666667 0.4 0.050520833333333334 0.03981481481481482
0 0.02578125 0.5291666666666667 0.0515625 0.04351851851851852
0 0.59375 0.2513888888888889 0.04114583333333333 0.044444444444444446
0 0.6536458333333334 0.3162037037037037 0.05364583333333333 0.04537037037037037
0 0.8497395833333333 0.21712962962962962 0.05572916666666667 0.05277777777777778
0 0.05625 0.32685185185185184 0.049479166666666664 0.044444444444444446
0 0.9049479166666666 0.3421296296296296 0.057291666666666664 0.041666666666666664