0 0.08984375 0.39351851851851855 0.05364583333333333 0.05185185185185185
0 0.68828125 0.5087962962962963 0.05260416666666667 0.049074074074074076
0 0.7098958333333333 0.6703703703703704 0.05260416666666667 0.04351851851851852
0 0.7833333333333333 0.5986111111111111 0.05260416666666667 0.044444444444444446
0 0.79453125 0.5282407407407408 0.04114583333333333 0.05648148148148148
0 0.7479166666666667 0.31527777777777777 0.0484375 0.04814814814814815
0 0.75703125 0.7208333333333333 0.0453125 0.05185185185185185
0 0.76796875 0.38657407407407407 0.049479166666666664 0.037037037037037035
0 0.9369791666666667 0.32222222222222224 0.041666666666666664 0.041666666666666664
0 0.07135416666666666 0.47685185185185186 0.046875 0.06481481481481481
0 0.7348958333333333 0.4361111111111111 0.040625 0.06851851851851852
0 0.6583333333333333 0.5990740740740741 0.035416666666666666 0.03981481481481482
0 0.903125 0.4689814814814815 0.028125 0.058333333333333334
0 0.03359375 0.3300925925925926 0.027604166666666666 0.05555555555555555
0 0.9643229166666667 0.8037037037037037 0.0609375 0.04814814814814815
0 0.07708333333333334 0.35138888888888886 0.027083333333333334 0.04722222222222222