0 0.8739583333333333 0.35185185185185186 0.05 0.03796296296296296
0 0.8809895833333333 0.45555555555555555 0.050520833333333334 0.04259259259259259
0 0.42682291666666666 0.35648148148148145 0.0453125 0.03796296296296296
0 0.7010416666666667 0.37777777777777777 0.04583333333333333 0.04537037037037037
0 0.6395833333333333 0.45185185185185184 0.0515625 0.04259259259259259
0 0.5895833333333333 0.3861111111111111 0.0453125 0.03888888888888889
0 0.19088541666666667 0.30648148148148147 0.04479166666666667 0.040740740740740744
0 0.2796875 0.7944444444444444 0.051041666666666666 0.05462962962962963
0 0.8140625 0.549537037037037 0.030729166666666665 0.05462962962962963
0 0.5098958333333333 0.625462962962963 0.05677083333333333 0.075
0 0.42734375 0.125 0.018229166666666668 0.06481481481481481