0 0.5805946791862285 0.40324074074074073 0.03808033385498174 0.049074074074074076
1 0.48982785602503914 0.175 0.027125717266562335 0.06666666666666667
1 0.4128847157016171 0.21944444444444444 0.03390714658320292 0.06944444444444445
1 0.792905581637976 0.5671296296296297 0.03234220135628586 0.06481481481481481
0 0.3479394887845592 0.49537037037037035 0.05112154407929056 0.04259259259259259
1 0.18049034950443402 0.09259259259259259 0.03025560772039645 0.06111111111111111
0 0.7240479916536254 0.5138888888888888 0.050078247261345854 0.04537037037037037
1 0.3335941575378195 0.28055555555555556 0.02190923317683881 0.058333333333333334
0 0.838810641627543 0.3625 0.03129890453834116 0.06111111111111111
1 0.44992175273865415 0.600462962962963 0.015127803860198226 0.06944444444444445
0 0.03103808033385498 0.47175925925925927 0.056859676577986434 0.046296296296296294
0 0.30386019822639543 0.42685185185185187 0.05112154407929056 0.046296296296296294
1 0.9707876890975482 0.6814814814814815 0.023995826812728223 0.07037037037037037
1 0.6888367240479917 0.8143518518518519 0.02556077203964528 0.06388888888888888
1 0.4126238914971309 0.6351851851851852 0.027125717266562335 0.06574074074074074
1 0.10250391236306729 0.6958333333333333 0.03234220135628586 0.06018518518518518
0 0.21100678142931664 0.4310185185185185 0.05425143453312467 0.049074074074074076
1 0.3111632759520083 0.5597222222222222 0.026604068857589983 0.06574074074074074
1 0.6197183098591549 0.6902777777777778 0.02034428794992175 0.05648148148148148
1 0.4001043296817945 0.12083333333333333 0.03390714658320292 0.05185185185185185
1 0.24047991653625456 0.19398148148148148 0.026604068857589983 0.06018518518518518
1 0.015127803860198226 0.7050925925925926 0.03025560772039645 0.06574074074074074
1 0.6737089201877934 0.637962962962963 0.01564945226917058 0.06388888888888888
1 0.8724569640062598 0.8078703703703703 0.02190923317683881 0.06574074074074074
1 0.06103286384976526 0.6027777777777777 0.03755868544600939 0.06111111111111111
1 0.803338549817423 0.18101851851851852 0.02190923317683881 0.05648148148148148
1 0.7777777777777778 0.7268518518518519 0.02034428794992175 0.06111111111111111
1 0.8573291601460615 0.5819444444444445 0.0297339593114241 0.06574074074074074
0 0.7827334376630152 0.42083333333333334 0.030777256129368807 0.062037037037037036
1 0.6473656755346896 0.21574074074074073 0.03182055294731351 0.05462962962962963
0 0.9585289514866979 0.33194444444444443 0.06311945748565467 0.05092592592592592
1 0.9595722483046427 0.16574074074074074 0.037037037037037035 0.06296296296296296
0 0.13145539906103287 0.5361111111111111 0.0406885758998435 0.05462962962962963
1 0.4757433489827856 0.6435185185185185 0.028169014084507043 0.062037037037037036
1 0.6220657276995305 0.6291666666666667 0.023474178403755867 0.07037037037037037
0 0.5743348982785602 0.46805555555555556 0.04590505998956703 0.044444444444444446
1 0.3359415753781951 0.6884259259259259 0.025039123630672927 0.06759259259259259
1 0.7803860198226396 0.6620370370370371 0.02190923317683881 0.06481481481481481
1 0.20735524256651017 0.5800925925925926 0.02556077203964528 0.05740740740740741
1 0.30699008868022953 0.6342592592592593 0.025039123630672927 0.06759259259259259
0 0.7822117892540428 0.48194444444444445 0.03025560772039645 0.06018518518518518
1 0.8510693792383933 0.7550925925925925 0.02138758476786646 0.06111111111111111
1 0.6517996870109546 0.8092592592592592 0.01617110067814293 0.058333333333333334
0 0.9209702660406885 0.49953703703703706 0.05529473135106938 0.04722222222222222
1 0.3427230046948357 0.6185185185185185 0.028169014084507043 0.053703703703703705
1 0.3758476786645801 0.6972222222222222 0.030777256129368807 0.06111111111111111
1 0.26264997391757955 0.6282407407407408 0.029212310902451747 0.06388888888888888
1 0.7676056338028169 0.8277777777777777 0.019300991131977047 0.06111111111111111
1 0.6572769953051644 0.08657407407407407 0.023995826812728223 0.07037037037037037
1 0.32472613458528954 0.7462962962962963 0.02034428794992175 0.04351851851851852
1 0.05216484089723526 0.6680555555555555 0.02608242044861763 0.041666666666666664
1 0.3794992175273865 0.30462962962962964 0.03390714658320292 0.053703703703703705
1 0.21726656233698488 0.26296296296296295 0.03286384976525822 0.046296296296296294
1 0.45096504955659883 0.6907407407407408 0.023474178403755867 0.07037037037037037
1 0.7055294731351069 0.6884259259259259 0.02608242044861763 0.05648148148148148
1 0.24752217005738134 0.7032407407407407 0.026604068857589983 0.06296296296296296
1 0.9483568075117371 0.924537037037037 0.016692749087115284 0.06944444444444445
1 0.8262910798122066 0.9537037037037037 0.01564945226917058 0.05277777777777778
1 0.4856546687532603 0.7129629629629629 0.01564945226917058 0.04814814814814815
1 0.18127282211789253 0.7518518518518519 0.02556077203964528 0.05555555555555555
1 0.9434011476264997 0.07361111111111111 0.03755868544600939 0.032407407407407406
1 0.5654668753260302 0.7282407407407407 0.02556077203964528 0.053703703703703705
1 0.7206572769953051 0.7800925925925926 0.023474178403755867 0.05092592592592592
1 0.8901930099113198 0.6537037037037037 0.03338549817423057 0.04722222222222222
1 0.08450704225352113 0.7967592592592593 0.02034428794992175 0.05925925925925926
0 0.9893062076160668 0.5583333333333333 0.02138758476786646 0.0824074074074074
1 0.10537297861241524 0.7606481481481482 0.02556077203964528 0.049074074074074076
1 0.6309337506520605 0.8782407407407408 0.009389671361502348 0.058333333333333334
1 0.24934793948878456 0.7703703703703704 0.016692749087115284 0.044444444444444446
0 0.9624413145539906 0.4388888888888889 0.06103286384976526 0.041666666666666664
0 0.4908711528429838 0.26990740740740743 0.0495565988523735 0.09537037037037037