0 0.6875 0.6037037037037037 0.04635416666666667 0.044444444444444446
0 0.87265625 0.4115740740740741 0.05416666666666667 0.04259259259259259
0 0.4036458333333333 0.4666666666666667 0.052083333333333336 0.04351851851851852
0 0.9604166666666667 0.5324074074074074 0.0484375 0.041666666666666664
0 0.2747395833333333 0.7 0.04479166666666667 0.040740740740740744
0 0.8682291666666667 0.625 0.04635416666666667 0.041666666666666664
0 0.46145833333333336 0.6398148148148148 0.04479166666666667 0.04351851851851852
0 0.51796875 0.7055555555555556 0.042708333333333334 0.041666666666666664
0 0.68984375 0.4666666666666667 0.04739583333333333 0.04537037037037037
0 0.87265625 0.5833333333333334 0.04479166666666667 0.05092592592592592
0 0.11145833333333334 0.6388888888888888 0.04791666666666667 0.03796296296296296
0 0.6171875 0.5175925925925926 0.04583333333333333 0.04351851851851852
0 0.44296875 0.40324074074074073 0.053125 0.06296296296296296
0 0.9385416666666667 0.7037037037037037 0.04583333333333333 0.04259259259259259