1 0.73046875 0.23177083333333334 0.019195556640625 0.06944444444444445
1 0.75048828125 0.23111979166666666 0.0169219970703125 0.0632052951388889
0 0.64697265625 0.4366319444444444 0.046905517578125 0.046576605902777776
0 0.9736328125 0.3331163194444444 0.043365478515625 0.04258897569444445
0 0.223388671875 0.3213975694444444 0.04949951171875 0.04904513888888889
0 0.0206451416015625 0.2886284722222222 0.040618896484375 0.041802300347222224
0 0.49462890625 0.5564236111111112 0.048309326171875 0.04562717013888889
0 0.81982421875 0.4717881944444444 0.0489501953125 0.043158637152777776
0 0.416259765625 0.3168402777777778 0.043701171875 0.04904513888888889
0 0.97705078125 0.3841145833333333 0.0439453125 0.04527452256944445
0 0.330810546875 0.4600694444444444 0.04840087890625 0.04562717013888889
0 0.280517578125 0.3884548611111111 0.044342041015625 0.051432291666666664
0 0.5460844494047622 0.6393229166666667 0.057056245349702446 0.059027777777777776
0 0.91064453125 0.5911458333333334 0.04949951171875 0.03908962673611111
0 0.6941731770833337 0.6811342592592594 0.052500406901041706 0.05358434606481482
0 0.72021484375 0.3166232638888889 0.033966064453125 0.058159722222222224
0 0.34375000000000006 0.6243386243386245 0.052083333333333336 0.05555555555555555
0 0.2086181640625 0.7348090277777778 0.053009033203125 0.0537109375
0 0.5126488095238098 0.40608465608465627 0.04910714285714282 0.05820105820105823