1 0.7037037037037037 0.6444444444444445 0.028169014084507043 0.06851851851851852
0 0.15284298382889933 0.6222222222222222 0.0495565988523735 0.04259259259259259
0 0.6577986437141367 0.5143518518518518 0.027125717266562335 0.058333333333333334
0 0.22561293688054251 0.5291666666666667 0.03495044340114763 0.05555555555555555
1 0.9316640584246219 0.5976851851851852 0.03234220135628586 0.06111111111111111
1 0.4668753260302556 0.6583333333333333 0.02556077203964528 0.05
1 0.36306729264475746 0.6486111111111111 0.03442879499217527 0.08425925925925926
1 0.800208659363589 0.6620370370370371 0.019300991131977047 0.0712962962962963
0 0.01564945226917058 0.5907407407407408 0.03129890453834116 0.06481481481481481
1 0.5247782994261867 0.687962962962963 0.020865936358894107 0.06388888888888888
1 0.207094418362024 0.6305555555555555 0.0297339593114241 0.05740740740740741
0 0.559207094418362 0.537962962962963 0.029212310902451747 0.05648148148148148
1 0.09389671361502347 0.674074074074074 0.03182055294731351 0.06018518518518518
1 0.5936358894105372 0.8134259259259259 0.020865936358894107 0.07314814814814814
1 0.747000521648409 0.7787037037037037 0.027125717266562335 0.06574074074074074
1 0.2454355764214919 0.5925925925925926 0.03182055294731351 0.06296296296296296
1 0.22822117892540428 0.7587962962962963 0.024517475221700575 0.06388888888888888
1 0.4932185706833594 0.7162037037037037 0.018779342723004695 0.058333333333333334
1 0.6064162754303599 0.6481481481481481 0.016692749087115284 0.05925925925925926
1 0.14632237871674492 0.7046296296296296 0.025039123630672927 0.06388888888888888
1 0.18648930620761606 0.7949074074074074 0.0198226395409494 0.05925925925925926
1 0.28012519561815336 0.6699074074074074 0.023995826812728223 0.06944444444444445
1 0.6781429316640585 0.03287037037037037 0.03129890453834116 0.053703703703703705
1 0.6288471570161711 0.9171296296296296 0.01564945226917058 0.06111111111111111
1 0.9334898278560251 0.6935185185185185 0.03025560772039645 0.07222222222222222
1 0.27256129368805426 0.7564814814814815 0.029212310902451747 0.06481481481481481
1 0.39436619718309857 0.6888888888888889 0.025039123630672927 0.062037037037037036
0 0.42618675013041213 0.3675925925925926 0.06155451225873761 0.05462962962962963
1 0.9634846113719353 0.8074074074074075 0.03390714658320292 0.0787037037037037
1 0.2652582159624413 0.12314814814814815 0.028690662493479395 0.08703703703703704
0 0.24830464267083985 0.36435185185185187 0.05112154407929056 0.046296296296296294
1 0.42123109024517474 0.1162037037037037 0.036515388628064686 0.06296296296296296
1 0.49582681272822116 0.07453703703703704 0.020865936358894107 0.06574074074074074
1 0.8437663015127804 0.8388888888888889 0.0198226395409494 0.06574074074074074
1 0.11189358372456965 0.7754629629629629 0.03182055294731351 0.06296296296296296
1 0.6439749608763693 0.8050925925925926 0.02138758476786646 0.08981481481481482
1 0.6197183098591549 0.6967592592592593 0.02190923317683881 0.06018518518518518
1 0.4222743870631195 0.6291666666666667 0.020865936358894107 0.04351851851851852
1 0.5112154407929056 0.7472222222222222 0.020865936358894107 0.053703703703703705
1 0.027125717266562335 0.6842592592592592 0.030777256129368807 0.053703703703703705
1 0.5435576421491914 0.7717592592592593 0.01617110067814293 0.062037037037037036
1 0.20031298904538342 0.737037037037037 0.023474178403755867 0.06111111111111111
1 0.8612415232133542 0.7768518518518519 0.027125717266562335 0.06574074074074074
1 0.809076682316119 0.8212962962962963 0.01617110067814293 0.05462962962962963
1 0.9188836724047992 0.825462962962963 0.02608242044861763 0.062037037037037036
1 0.4624413145539906 0.6976851851851852 0.028169014084507043 0.03611111111111111
1 0.9731351069379238 0.8578703703703704 0.02190923317683881 0.049074074074074076
1 0.37245696400625977 0.7111111111111111 0.022430881585811163 0.05462962962962963
1 0.7110067814293166 0.8083333333333333 0.02190923317683881 0.08888888888888889
1 0.8912363067292645 0.8134259259259259 0.028169014084507043 0.06759259259259259
1 0.6718831507563902 0.7425925925925926 0.013562858633281168 0.030555555555555555
1 0.6664058424621805 0.10833333333333334 0.03234220135628586 0.05462962962962963
1 0.22326551904016692 0.6962962962962963 0.009389671361502348 0.024074074074074074
1 0.9345331246739698 0.9388888888888889 0.016692749087115284 0.06944444444444445
1 0.03912363067292645 0.1837962962962963 0.06155451225873761 0.07314814814814814
1 0.6489306207616067 0.8273148148148148 0.011997913406364111 0.023148148148148147
1 0.7949921752738655 0.7962962962962963 0.014606155451225874 0.03148148148148148
1 0.36306729264475746 0.7606481481481482 0.017214397496087636 0.041666666666666664
1 0.15597287428273343 0.763425925925926 0.013562858633281168 0.03148148148148148