1 0.2949921752738654 0.6925925925925925 0.022430881585811163 0.05462962962962963
0 0.6862284820031299 0.5726851851851852 0.0495565988523735 0.04259259259259259
1 0.9668753260302556 0.45092592592592595 0.026604068857589983 0.05925925925925926
1 0.4780907668231612 0.375 0.025039123630672927 0.06666666666666667
0 0.803338549817423 0.5819444444444445 0.05372978612415232 0.04537037037037037
1 0.9316640584246219 0.42916666666666664 0.03755868544600939 0.06481481481481481
0 0.6768388106416275 0.5 0.053208137715179966 0.06388888888888888
0 0.41236306729264477 0.49027777777777776 0.028169014084507043 0.05555555555555555
1 0.24621804903495045 0.8550925925925926 0.03547209181011998 0.06296296296296296
1 0.18231611893583724 0.5106481481481482 0.025039123630672927 0.08518518518518518
1 0.6236306729264476 0.41944444444444445 0.02764736567553469 0.06851851851851852
1 0.6165884194053208 0.2962962962962963 0.02764736567553469 0.06388888888888888
1 0.6992696922274387 0.7597222222222222 0.023995826812728223 0.06388888888888888
1 0.5805946791862285 0.3143518518518518 0.02556077203964528 0.06388888888888888
0 0.8974960876369327 0.5296296296296297 0.053208137715179966 0.04814814814814815
1 0.4634846113719353 0.9074074074074074 0.02608242044861763 0.05277777777777778
1 0.900886802295253 0.7828703703703703 0.03234220135628586 0.04537037037037037
1 0.49921752738654146 0.8782407407407408 0.022952529994783515 0.05648148148148148
1 0.5297339593114241 0.7643518518518518 0.025039123630672927 0.06111111111111111
1 0.8881064162754304 0.9185185185185185 0.026604068857589983 0.04722222222222222
1 0.9355764214919144 0.3560185185185185 0.02764736567553469 0.05740740740740741
1 0.8453312467396974 0.42685185185185187 0.030777256129368807 0.0712962962962963
1 0.5284298382889933 0.23564814814814813 0.017214397496087636 0.06574074074074074
1 0.6546687532603026 0.8513888888888889 0.02608242044861763 0.05740740740740741
1 0.30386019822639543 0.8379629629629629 0.03338549817423057 0.062037037037037036
1 0.033646322378716745 0.5412037037037037 0.03286384976525822 0.06018518518518518
0 0.5425143453312468 0.4689814814814815 0.048513302034428794 0.05092592592592592
1 0.7423056859676578 0.25555555555555554 0.023474178403755867 0.06574074074074074
1 0.9389671361502347 0.18009259259259258 0.028690662493479395 0.06296296296296296
1 0.37402190923317685 0.3347222222222222 0.02608242044861763 0.05925925925925926
1 0.16223265519040167 0.9162037037037037 0.03390714658320292 0.06759259259259259
1 0.6011997913406364 0.2652777777777778 0.02034428794992175 0.06111111111111111
0 0.3523735002608242 0.5777777777777777 0.050078247261345854 0.07314814814814814
1 0.1267605633802817 0.3439814814814815 0.036515388628064686 0.07037037037037037
1 0.7592592592592593 0.14027777777777778 0.0198226395409494 0.08333333333333333
1 0.645018257694314 0.22546296296296298 0.02556077203964528 0.06388888888888888
1 0.052947313510693796 0.3287037037037037 0.03442879499217527 0.06759259259259259
1 0.7743870631194575 0.4337962962962963 0.03547209181011998 0.0712962962962963
1 0.6825769431403235 0.08518518518518518 0.019300991131977047 0.06481481481481481
1 0.9697443922796035 0.2199074074074074 0.02556077203964528 0.06481481481481481
1 0.9063641105894628 0.13333333333333333 0.020865936358894107 0.06111111111111111
1 0.7347417840375586 0.9449074074074074 0.024517475221700575 0.053703703703703705
1 0.8763693270735524 0.18287037037037038 0.03390714658320292 0.06759259259259259
1 0.30672926447574334 0.7768518518518519 0.02764736567553469 0.05648148148148148
1 0.4019300991131977 0.2875 0.02138758476786646 0.06388888888888888
1 0.06703182055294732 0.2972222222222222 0.03755868544600939 0.07037037037037037
1 0.03886280646844027 0.22916666666666666 0.03286384976525822 0.06388888888888888
1 0.5795513823682837 0.6476851851851851 0.027125717266562335 0.05555555555555555
1 0.27699530516431925 0.3087962962962963 0.0297339593114241 0.06759259259259259
1 0.9181011997913406 0.14907407407407408 0.02764736567553469 0.06388888888888888
1 0.42305685967657797 0.3685185185185185 0.024517475221700575 0.06481481481481481
1 0.17083985393844547 0.2569444444444444 0.02608242044861763 0.0712962962962963
1 0.2519561815336463 0.20787037037037037 0.020865936358894107 0.06574074074074074
1 0.5273865414710485 0.32175925925925924 0.02138758476786646 0.06388888888888888
1 0.34507042253521125 0.28935185185185186 0.025039123630672927 0.05740740740740741
1 0.6830985915492958 0.21296296296296297 0.027125717266562335 0.06944444444444445
1 0.5665101721439749 0.20416666666666666 0.023474178403755867 0.05185185185185185
1 0.26734480959833073 0.9699074074074074 0.03338549817423057 0.046296296296296294
1 0.6551904016692749 0.3148148148148148 0.025039123630672927 0.06111111111111111
1 0.9820031298904538 0.16203703703703703 0.03025560772039645 0.06851851851851852
1 0.9827856025039123 0.3625 0.029212310902451747 0.06296296296296296
1 0.7065727699530516 0.30092592592592593 0.026604068857589983 0.06018518518518518
1 0.49608763693270735 0.8203703703703704 0.018779342723004695 0.05648148148148148
1 0.4413145539906103 0.33425925925925926 0.018779342723004695 0.06481481481481481
1 0.6815336463223787 0.9421296296296297 0.02608242044861763 0.05648148148148148
1 0.9827856025039123 0.30694444444444446 0.029212310902451747 0.06759259259259259
1 0.45670318205529475 0.6699074074074074 0.03755868544600939 0.06944444444444445
1 0.9256651017214398 0.30787037037037035 0.023995826812728223 0.06388888888888888
1 0.6014606155451225 0.3685185185185185 0.01617110067814293 0.06111111111111111
1 0.9658320292123109 0.04675925925925926 0.017214397496087636 0.06944444444444445
1 0.49504434011476267 0.29444444444444445 0.014084507042253521 0.03796296296296296
1 0.8834115805946792 0.22824074074074074 0.03129890453834116 0.06111111111111111
1 0.8114241001564946 0.31296296296296294 0.02138758476786646 0.062037037037037036
1 0.40897235263432447 0.23796296296296296 0.014084507042253521 0.044444444444444446
1 0.18596765779864372 0.32175925925925924 0.029212310902451747 0.07222222222222222
1 0.3072509128847157 0.649074074074074 0.025039123630672927 0.04722222222222222
1 0.9071465832029212 0.27870370370370373 0.019300991131977047 0.06111111111111111
1 0.8252477829942618 0.2462962962962963 0.028169014084507043 0.05277777777777778
1 0.5362545644235786 0.6875 0.018257694314032343 0.04351851851851852
1 0.14606155451225875 0.17037037037037037 0.02034428794992175 0.04814814814814815
1 0.012519561815336464 0.12546296296296297 0.02138758476786646 0.062037037037037036
1 0.12728221178925403 0.275 0.0297339593114241 0.06666666666666667
1 0.3941053729786124 0.2263888888888889 0.012519561815336464 0.04537037037037037
1 0.21309337506520606 0.11805555555555555 0.015127803860198226 0.05462962962962963
1 0.202660406885759 0.2212962962962963 0.027125717266562335 0.06759259259259259
1 0.06207616066770996 0.17962962962962964 0.027125717266562335 0.06666666666666667
1 0.3273343766301513 0.25787037037037036 0.022952529994783515 0.06018518518518518
1 0.17996870109546165 0.17824074074074073 0.02138758476786646 0.05092592592592592
1 0.03312467396974439 0.6773148148148148 0.03338549817423057 0.04722222222222222
1 0.10250391236306729 0.23703703703703705 0.020865936358894107 0.05
0 0.9872196139801773 0.5800925925925926 0.022952529994783515 0.04259259259259259
1 0.4793948878455921 0.20601851851851852 0.019300991131977047 0.062037037037037036
1 0.2584767866458007 0.36064814814814816 0.03599374021909233 0.0824074074074074
1 0.7044861763171623 0.1412037037037037 0.024517475221700575 0.06944444444444445
1 0.2631716223265519 0.19212962962962962 0.023474178403755867 0.06481481481481481
0 0.4932185706833594 0.2111111111111111 0.03442879499217527 0.040740740740740744
1 0.7368283776734481 0.22546296296296298 0.018779342723004695 0.05
1 0.6533646322378717 0.1675925925925926 0.022430881585811163 0.041666666666666664
1 0.9131455399061033 0.4166666666666667 0.03234220135628586 0.062037037037037036
1 0.6538862806468441 0.6453703703703704 0.02764736567553469 0.06111111111111111