0 0.37402190923317685 0.525 0.046948356807511735 0.04722222222222222
0 0.6927490871152843 0.5365740740740741 0.04903495044340115 0.046296296296296294
1 0.8935837245696401 0.34675925925925927 0.03129890453834116 0.05740740740740741
0 0.6812728221178925 0.48333333333333334 0.025039123630672927 0.046296296296296294
1 0.38967136150234744 0.1986111111111111 0.016692749087115284 0.06481481481481481
0 0.28325508607198746 0.5597222222222222 0.05268648930620762 0.04722222222222222
1 0.6468440271257173 0.3814814814814815 0.026604068857589983 0.06666666666666667
1 0.30412102243088157 0.2949074074074074 0.024517475221700575 0.06759259259259259
0 0.041992696922274385 0.5254629629629629 0.036515388628064686 0.06481481481481481
1 0.4204486176317162 0.3611111111111111 0.017214397496087636 0.062037037037037036
1 0.16118935837245696 0.8157407407407408 0.0396452790818988 0.08333333333333333
0 0.21178925404277518 0.6157407407407407 0.05372978612415232 0.04351851851851852
1 0.5023474178403756 0.3458333333333333 0.02764736567553469 0.062037037037037036
1 0.3124673969744392 0.18333333333333332 0.0198226395409494 0.07407407407407407
1 0.4076682316118936 0.42685185185185187 0.02764736567553469 0.06296296296296296
1 0.17188315075639019 0.36898148148148147 0.02034428794992175 0.06666666666666667
1 0.6497130933750652 0.2902777777777778 0.02190923317683881 0.06759259259259259
1 0.5816379760041732 0.7828703703703703 0.023995826812728223 0.053703703703703705
1 0.01564945226917058 0.2074074074074074 0.02764736567553469 0.06018518518518518
1 0.5785080855503391 0.3421296296296296 0.023474178403755867 0.05185185185185185
1 0.12702138758476786 0.38796296296296295 0.028690662493479395 0.05925925925925926
1 0.6111111111111112 0.37962962962962965 0.024517475221700575 0.06388888888888888
1 0.352112676056338 0.2550925925925926 0.02138758476786646 0.06481481481481481
1 0.7287428273343767 0.3050925925925926 0.030777256129368807 0.05462962962962963
1 0.6069379238393323 0.2657407407407407 0.022430881585811163 0.07777777777777778
1 0.16249347939488784 0.462037037037037 0.02190923317683881 0.07037037037037037
1 0.33776734480959836 0.10138888888888889 0.027125717266562335 0.06851851851851852
1 0.23135106937923838 0.17222222222222222 0.018779342723004695 0.07685185185185185
1 0.0936358894105373 0.9481481481481482 0.03912363067292645 0.062037037037037036
1 0.05086071987480438 0.17962962962962964 0.02608242044861763 0.06944444444444445
0 0.9859154929577465 0.5194444444444445 0.02764736567553469 0.07777777777777778
1 0.21961398017736045 0.29444444444444445 0.018257694314032343 0.04259259259259259
1 0.06338028169014084 0.3925925925925926 0.025039123630672927 0.06666666666666667
1 0.13823682837767345 0.11851851851851852 0.024517475221700575 0.06666666666666667
1 0.2357850808555034 0.38842592592592595 0.03286384976525822 0.06851851851851852
1 0.7193531559728743 0.19305555555555556 0.024517475221700575 0.05462962962962963
1 0.2608242044861763 0.47314814814814815 0.020865936358894107 0.05277777777777778
1 0.04251434533124674 0.7055555555555556 0.03390714658320292 0.05648148148148148
1 0.01695357329160146 0.9148148148148149 0.03390714658320292 0.05185185185185185
1 0.45565988523735 0.8629629629629629 0.037037037037037035 0.062037037037037036
1 0.7728221178925404 0.32222222222222224 0.018779342723004695 0.05277777777777778
1 0.17031820552947313 0.25972222222222224 0.02764736567553469 0.05740740740740741
1 0.4668753260302556 0.7300925925925926 0.020865936358894107 0.05740740740740741
1 0.34376630151278037 0.3611111111111111 0.017214397496087636 0.06296296296296296
1 0.9859154929577465 0.3143518518518518 0.026604068857589983 0.05740740740740741
1 0.48982785602503914 0.8287037037037037 0.023474178403755867 0.05462962962962963
1 0.8307250912884716 0.26944444444444443 0.017214397496087636 0.05555555555555555
1 0.017475221700573813 0.8009259259259259 0.03495044340114763 0.06481481481481481
1 0.2686489306207616 0.24722222222222223 0.030777256129368807 0.028703703703703703
1 0.18518518518518517 0.7583333333333333 0.03495044340114763 0.05555555555555555
1 0.983828899321857 0.22592592592592592 0.027125717266562335 0.06481481481481481
1 0.636150234741784 0.16666666666666666 0.01617110067814293 0.05462962962962963
1 0.41653625456442356 0.18935185185185185 0.02034428794992175 0.058333333333333334
1 0.9254042775169535 0.15601851851851853 0.022952529994783515 0.08148148148148149
1 0.6812728221178925 0.24583333333333332 0.026604068857589983 0.032407407407407406
1 0.008346374543557642 0.4013888888888889 0.014606155451225874 0.04814814814814815
1 0.9021909233176839 0.22546296296296298 0.022430881585811163 0.03981481481481482
0 0.05086071987480438 0.10231481481481482 0.03025560772039645 0.06759259259259259
1 0.49504434011476267 0.24259259259259258 0.02034428794992175 0.04259259259259259
1 0.2793427230046948 0.12777777777777777 0.02556077203964528 0.04814814814814815
1 0.7814293166405842 0.1699074074074074 0.026604068857589983 0.05277777777777778
1 0.01278038601982264 0.30185185185185187 0.022430881585811163 0.05277777777777778
1 0.7592592592592593 0.9861111111111112 0.022430881585811163 0.025925925925925925