0 0.36071987480438183 0.524074074074074 0.05216484089723526 0.04351851851851852
0 0.2908189880020866 0.5592592592592592 0.05372978612415232 0.04351851851851852
0 0.55320813771518 0.538425925925926 0.027125717266562335 0.062037037037037036
0 0.28690662493479396 0.48518518518518516 0.0297339593114241 0.06759259259259259
0 0.7543035993740219 0.5476851851851852 0.028169014084507043 0.0712962962962963
1 0.8959311424100157 0.40694444444444444 0.02764736567553469 0.06944444444444445
1 0.9765258215962441 0.8537037037037037 0.04225352112676056 0.07407407407407407
0 0.9327073552425665 0.36203703703703705 0.05268648930620762 0.04722222222222222
0 0.4869587897756912 0.6175925925925926 0.03182055294731351 0.06018518518518518
1 0.672926447574335 0.3087962962962963 0.020865936358894107 0.06759259259259259
1 0.9546165884194053 0.2490740740740741 0.03182055294731351 0.05740740740740741
1 0.4900886802295253 0.20185185185185187 0.02138758476786646 0.06759259259259259
1 0.7099634846113719 0.31851851851851853 0.022952529994783515 0.06296296296296296
1 0.046426708398539386 0.26435185185185184 0.03390714658320292 0.06296296296296296
1 0.24700052164840897 0.33287037037037037 0.03338549817423057 0.06574074074074074
1 0.08476786645800731 0.30092592592592593 0.03129890453834116 0.06018518518518518
1 0.5346896191966615 0.4310185185185185 0.023474178403755867 0.06574074074074074
1 0.41836202399582684 0.3523148148148148 0.02034428794992175 0.053703703703703705
1 0.8140323422013563 0.2439814814814815 0.03338549817423057 0.07592592592592592
1 0.9624413145539906 0.2773148148148148 0.02608242044861763 0.05555555555555555
1 0.599113197704747 0.2351851851851852 0.023995826812728223 0.05277777777777778
1 0.36932707355242567 0.8652777777777778 0.02764736567553469 0.053703703703703705
1 0.6356285863328117 0.11435185185185186 0.022430881585811163 0.06574074074074074
1 0.7391757955138237 0.32685185185185184 0.03442879499217527 0.07685185185185185
1 0.1904016692749087 0.274537037037037 0.028169014084507043 0.06481481481481481
1 0.0594679186228482 0.35509259259259257 0.03808033385498174 0.08148148148148149
1 0.2511737089201878 0.42592592592592593 0.018779342723004695 0.058333333333333334
1 0.5396452790818989 0.2833333333333333 0.02608242044861763 0.08611111111111111
1 0.35758998435054773 0.26944444444444443 0.029212310902451747 0.05277777777777778
1 0.9204486176317163 0.22314814814814815 0.02138758476786646 0.062037037037037036
1 0.806207616066771 0.18425925925925926 0.0297339593114241 0.0712962962962963
1 0.9032342201356286 0.32222222222222224 0.024517475221700575 0.06851851851851852
1 0.8891497130933751 0.17824074074074073 0.020865936358894107 0.06759259259259259
1 0.6708398539384455 0.18472222222222223 0.01773604590505999 0.06018518518518518
1 0.942357850808555 0.3023148148148148 0.02034428794992175 0.05185185185185185
1 0.12284820031298904 0.2675925925925926 0.03129890453834116 0.07037037037037037
1 0.1585811163275952 0.8412037037037037 0.036515388628064686 0.05185185185185185
1 0.10041731872717788 0.9310185185185185 0.03390714658320292 0.05925925925925926
1 0.8487219613980177 0.15555555555555556 0.026604068857589983 0.07037037037037037
1 0.7720396452790819 0.9171296296296296 0.023474178403755867 0.05648148148148148
1 0.9760041731872717 0.15231481481481482 0.03286384976525822 0.06759259259259259
1 0.17892540427751696 0.8013888888888889 0.04225352112676056 0.08148148148148149
1 0.5667709963484612 0.25462962962962965 0.01564945226917058 0.058333333333333334
1 0.9019300991131977 0.2814814814814815 0.024517475221700575 0.062037037037037036
1 0.24621804903495045 0.3907407407407407 0.018779342723004695 0.04537037037037037
1 0.5850286906624935 0.3726851851851852 0.028169014084507043 0.05277777777777778
1 0.48304642670839854 0.7217592592592592 0.023474178403755867 0.062037037037037036
1 0.49269692227438705 0.2884259259259259 0.02138758476786646 0.06388888888888888
1 0.5980699008868023 0.39490740740740743 0.02608242044861763 0.06296296296296296