1 0.17736045905059988 0.45555555555555555 0.020865936358894107 0.06296296296296296
1 0.4066249347939489 0.37175925925925923 0.018779342723004695 0.05740740740740741
1 0.06651017214397496 0.2986111111111111 0.025039123630672927 0.06759259259259259
1 0.207094418362024 0.4078703703703704 0.028690662493479395 0.06944444444444445
1 0.21178925404277518 0.33240740740740743 0.03182055294731351 0.06481481481481481
1 0.13954094940010434 0.36203703703703705 0.03182055294731351 0.06018518518518518
1 0.8990610328638498 0.3277777777777778 0.03129890453834116 0.06018518518518518
0 0.9402712571726656 0.7143518518518519 0.05216484089723526 0.04351851851851852
1 0.07433489827856025 0.27175925925925926 0.02608242044861763 0.062037037037037036
1 0.3369848721961398 0.24583333333333332 0.018257694314032343 0.06481481481481481
1 0.22065727699530516 0.12824074074074074 0.02556077203964528 0.06666666666666667
1 0.7253521126760564 0.21203703703703702 0.016692749087115284 0.05648148148148148
1 0.16458007303077726 0.4263888888888889 0.0198226395409494 0.06481481481481481
1 0.8210745957224831 0.31296296296296294 0.024517475221700575 0.05740740740740741
1 0.2806468440271257 0.2324074074074074 0.019300991131977047 0.06018518518518518
1 0.297339593114241 0.275 0.02138758476786646 0.05277777777777778
1 0.06546687532603025 0.35138888888888886 0.03390714658320292 0.06111111111111111
1 0.3148148148148148 0.1162037037037037 0.023474178403755867 0.07777777777777778
1 0.655451225873761 0.2810185185185185 0.020865936358894107 0.06111111111111111
1 0.5727699530516432 0.32083333333333336 0.02608242044861763 0.06388888888888888
0 0.2490871152842984 0.5027777777777778 0.05372978612415232 0.05185185185185185
1 0.17188315075639019 0.3921296296296296 0.026604068857589983 0.06481481481481481
1 0.7545644235785081 0.3138888888888889 0.025039123630672927 0.05740740740740741
1 0.2934272300469484 0.35462962962962963 0.026604068857589983 0.05462962962962963
0 0.528169014084507 0.5356481481481481 0.051643192488262914 0.04722222222222222
1 0.07329160146061554 0.44027777777777777 0.025039123630672927 0.05
1 0.7214397496087637 0.27546296296296297 0.023474178403755867 0.062037037037037036
1 0.26264997391757955 0.9532407407407407 0.03286384976525822 0.053703703703703705
1 0.23526343244653103 0.25833333333333336 0.02556077203964528 0.06018518518518518
1 0.352112676056338 0.2111111111111111 0.023995826812728223 0.06018518518518518
0 0.41653625456442356 0.48564814814814816 0.0495565988523735 0.04537037037037037
1 0.18466353677621283 0.2361111111111111 0.027125717266562335 0.06111111111111111
1 0.387584767866458 0.17685185185185184 0.014084507042253521 0.06759259259259259
1 0.8998435054773083 0.9291666666666667 0.03182055294731351 0.06388888888888888
1 0.10589462702138759 0.27824074074074073 0.02764736567553469 0.06481481481481481
1 0.5516431924882629 0.28564814814814815 0.03129890453834116 0.06574074074074074
1 0.2436098069900887 0.1398148148148148 0.01773604590505999 0.06111111111111111
1 0.23865414710485133 0.3212962962962963 0.0297339593114241 0.05092592592592592
1 0.8354199269692227 0.2337962962962963 0.029212310902451747 0.05740740740740741
1 0.3935837245696401 0.2949074074074074 0.01564945226917058 0.05925925925925926
1 0.2806468440271257 0.17037037037037037 0.02138758476786646 0.07685185185185185
1 0.024517475221700575 0.27685185185185185 0.02764736567553469 0.06296296296296296
1 0.3359415753781951 0.2824074074074074 0.022952529994783515 0.06481481481481481
1 0.695357329160146 0.21805555555555556 0.02034428794992175 0.06574074074074074
1 0.2720396452790819 0.11342592592592593 0.022952529994783515 0.06296296296296296
1 0.9872196139801773 0.30277777777777776 0.02556077203964528 0.06111111111111111
1 0.8721961398017736 0.23055555555555557 0.028169014084507043 0.06666666666666667
1 0.018518518518518517 0.3731481481481482 0.030777256129368807 0.06481481481481481
1 0.10537297861241524 0.31157407407407406 0.024517475221700575 0.05462962962962963
0 0.9381846635367762 0.4587962962962963 0.050078247261345854 0.04537037037037037
1 0.815075639019301 0.1925925925925926 0.0297339593114241 0.06759259259259259
1 0.42566510172143973 0.09490740740740741 0.015127803860198226 0.07685185185185185
1 0.6872717788210746 0.8310185185185185 0.02764736567553469 0.05277777777777778
1 0.9420970266040689 0.25416666666666665 0.03182055294731351 0.062037037037037036
1 0.03182055294731351 0.8569444444444444 0.0297339593114241 0.06018518518518518
1 0.9843505477308294 0.2412037037037037 0.03129890453834116 0.06296296296296296
1 0.923056859676578 0.38564814814814813 0.03599374021909233 0.05648148148148148
1 0.38914971309337504 0.9120370370370371 0.03390714658320292 0.05555555555555555
1 0.7162232655190401 0.3435185185185185 0.023474178403755867 0.06666666666666667
1 0.06807511737089202 0.2152777777777778 0.017214397496087636 0.06296296296296296
1 0.02112676056338028 0.2175925925925926 0.019300991131977047 0.06481481481481481
1 0.951225873761085 0.9004629629629629 0.041731872717788214 0.07592592592592592
1 0.7016171100678142 0.9777777777777777 0.023474178403755867 0.041666666666666664
1 0.6812728221178925 0.7967592592592593 0.020865936358894107 0.05740740740740741
1 0.0406885758998435 0.8101851851851852 0.025039123630672927 0.062037037037037036
1 0.011476264997391758 0.9171296296296296 0.022952529994783515 0.05648148148148148
1 0.5978090766823161 0.24537037037037038 0.028690662493479395 0.07685185185185185