0 0.90234375 0.6412037037037037 0.05260416666666667 0.04259259259259259
0 0.6596354166666667 0.611574074074074 0.04739583333333333 0.04259259259259259
0 0.6471354166666666 0.6513888888888889 0.027083333333333334 0.05092592592592592
0 0.6411458333333333 0.5342592592592592 0.0515625 0.04259259259259259
0 0.9088541666666666 0.4597222222222222 0.036458333333333336 0.05925925925925926
0 0.4197916666666667 0.6518518518518519 0.0453125 0.04351851851851852
0 0.2869791666666667 0.600925925925926 0.04791666666666667 0.04351851851851852
1 0.9872395833333333 0.5967592592592592 0.025520833333333333 0.04722222222222222
0 0.48098958333333336 0.6865740740740741 0.04583333333333333 0.044444444444444446
1 0.08203125 0.749537037037037 0.03177083333333333 0.06111111111111111
0 0.018229166666666668 0.6592592592592592 0.036458333333333336 0.044444444444444446