1 0.6742305685967658 0.32592592592592595 0.019300991131977047 0.06296296296296296
1 0.792905581637976 0.2212962962962963 0.036515388628064686 0.05648148148148148
0 0.8633281168492436 0.4078703703703704 0.05529473135106938 0.044444444444444446
1 0.3302034428794992 0.1175925925925926 0.028690662493479395 0.06111111111111111
1 0.9483568075117371 0.8041666666666667 0.03286384976525822 0.075
1 0.564945226917058 0.6171296296296296 0.030777256129368807 0.06851851851851852
0 0.5957224830464267 0.45 0.0505998956703182 0.04814814814814815
1 0.8296817944705268 0.8541666666666666 0.025039123630672927 0.07222222222222222
1 0.6585811163275952 0.6708333333333333 0.0198226395409494 0.06851851851851852
0 0.5581637976004173 0.7833333333333333 0.04225352112676056 0.041666666666666664
1 0.5811163275952008 0.10138888888888889 0.0297339593114241 0.05277777777777778
1 0.5952008346374543 0.7439814814814815 0.02190923317683881 0.06759259259259259
1 0.3800208659363589 0.1439814814814815 0.02556077203964528 0.058333333333333334
1 0.9624413145539906 0.8833333333333333 0.023995826812728223 0.06481481481481481
0 0.974960876369327 0.42268518518518516 0.046948356807511735 0.06759259259259259
1 0.7430881585811163 0.32314814814814813 0.020865936358894107 0.06851851851851852
1 0.7154407929055816 0.562962962962963 0.02764736567553469 0.06388888888888888
1 0.7777777777777778 0.8449074074074074 0.02034428794992175 0.062037037037037036
1 0.9864371413667188 0.8458333333333333 0.022952529994783515 0.07222222222222222
1 0.7110067814293166 0.7643518518518518 0.027125717266562335 0.06111111111111111
1 0.6697965571205008 0.7199074074074074 0.022952529994783515 0.06388888888888888
1 0.12441314553990611 0.663425925925926 0.03755868544600939 0.06296296296296296
1 0.7334376630151278 0.8953703703703704 0.01617110067814293 0.06018518518518518
1 0.4650495565988524 0.7125 0.030777256129368807 0.06851851851851852
0 0.4947835159102765 0.3958333333333333 0.04381846635367762 0.07037037037037037
0 0.843244653103808 0.46805555555555556 0.05581637976004173 0.049074074074074076
1 0.014606155451225874 0.6907407407407408 0.029212310902451747 0.08611111111111111
0 0.6697965571205008 0.5046296296296297 0.04434011476264997 0.04537037037037037
1 0.5112154407929056 0.6620370370370371 0.022952529994783515 0.05462962962962963
1 0.23839332290036516 0.48148148148148145 0.020865936358894107 0.07777777777777778
1 0.09624413145539906 0.4513888888888889 0.03129890453834116 0.062037037037037036
1 0.5477308294209703 0.7638888888888888 0.02138758476786646 0.06111111111111111
1 0.368283776734481 0.6680555555555555 0.03025560772039645 0.06111111111111111
1 0.4154929577464789 0.7018518518518518 0.028690662493479395 0.06574074074074074
1 0.9306207616066771 0.5800925925925926 0.028169014084507043 0.0712962962962963
1 0.6888367240479917 0.612037037037037 0.0198226395409494 0.06296296296296296
1 0.5957224830464267 0.6601851851851852 0.02764736567553469 0.05648148148148148
1 0.5743348982785602 0.13703703703703704 0.028169014084507043 0.05185185185185185
1 0.09885237350026083 0.763425925925926 0.03025560772039645 0.062037037037037036
1 0.4415753781950965 0.6625 0.023474178403755867 0.05925925925925926
1 0.1343244653103808 0.7222222222222222 0.023995826812728223 0.06018518518518518
1 0.6064162754303599 0.20694444444444443 0.023474178403755867 0.049074074074074076
1 0.033646322378716745 0.7379629629629629 0.030777256129368807 0.06481481481481481
1 0.6846635367762128 0.36203703703703705 0.02556077203964528 0.05648148148148148
1 0.39488784559207096 0.7291666666666666 0.02138758476786646 0.05648148148148148
1 0.6971830985915493 0.7027777777777777 0.02138758476786646 0.06574074074074074
1 0.38367240479916537 0.21203703703703702 0.03234220135628586 0.05555555555555555
1 0.3570683359415754 0.034722222222222224 0.02556077203964528 0.04814814814814815
1 0.636150234741784 0.8032407407407407 0.01773604590505999 0.06481481481481481
1 0.5396452790818989 0.07546296296296297 0.03286384976525822 0.049074074074074076
1 0.6679707876890976 0.7620370370370371 0.01564945226917058 0.06296296296296296
1 0.017214397496087636 0.21296296296296297 0.03390714658320292 0.053703703703703705
1 0.4825247782994262 0.749537037037037 0.023474178403755867 0.05925925925925926
1 0.9608763693270735 0.7449074074074075 0.03495044340114763 0.06481481481481481
1 0.7227438706311946 0.6606481481481481 0.02608242044861763 0.07222222222222222
1 0.37089201877934275 0.2763888888888889 0.027125717266562335 0.05092592592592592
1 0.1189358372456964 0.7962962962962963 0.03234220135628586 0.05925925925925926
1 0.6512780386019823 0.8564814814814815 0.012519561815336464 0.05277777777777778
1 0.23917579551382367 0.07175925925925926 0.02556077203964528 0.06574074074074074
1 0.5639019300991132 0.7018518518518518 0.024517475221700575 0.046296296296296294
1 0.39149713093375066 0.17083333333333334 0.0297339593114241 0.05555555555555555
1 0.04720918101199791 0.8273148148148148 0.025039123630672927 0.05277777777777778
1 0.827073552425665 0.7986111111111112 0.026604068857589983 0.06851851851851852
1 0.193792383933229 0.6444444444444445 0.02608242044861763 0.06944444444444445
1 0.7423056859676578 0.7800925925925926 0.025039123630672927 0.06666666666666667
1 0.9647887323943662 0.9523148148148148 0.01617110067814293 0.06944444444444445
1 0.7323943661971831 0.12546296296296297 0.022430881585811163 0.05277777777777778
1 0.8568075117370892 0.5504629629629629 0.03182055294731351 0.08148148148148149
1 0.4527908189880021 0.7546296296296297 0.022952529994783515 0.049074074074074076
1 0.8808033385498174 0.6652777777777777 0.026604068857589983 0.06296296296296296
1 0.2699530516431925 0.7847222222222222 0.0297339593114241 0.0787037037037037
1 0.31768388106416273 0.7763888888888889 0.03182055294731351 0.07037037037037037
1 0.2039645279081899 0.825462962962963 0.028690662493479395 0.058333333333333334
1 0.8080333854981743 0.7356481481481482 0.0297339593114241 0.05925925925925926
1 0.3841940532081377 0.32175925925925924 0.03025560772039645 0.05
1 0.238132498695879 0.7439814814814815 0.019300991131977047 0.06481481481481481
1 0.2149191444966093 0.8791666666666667 0.030777256129368807 0.075
1 0.9653103808033385 0.06388888888888888 0.03025560772039645 0.04259259259259259
1 0.03599374021909233 0.6773148148148148 0.03495044340114763 0.06296296296296296
1 0.2537819509650496 0.6472222222222223 0.026604068857589983 0.062037037037037036
1 0.34063641105894626 0.6129629629629629 0.026604068857589983 0.04722222222222222
1 0.17344809598330724 0.7013888888888888 0.026604068857589983 0.05555555555555555
1 0.20761606677099634 0.7226851851851852 0.03234220135628586 0.06574074074074074
1 0.10693792383933229 0.3125 0.019300991131977047 0.053703703703703705
1 0.95565988523735 0.6439814814814815 0.030777256129368807 0.07037037037037037
1 0.31533646322378717 0.8476851851851852 0.023995826812728223 0.06574074074074074
1 0.986697965571205 0.19537037037037036 0.02190923317683881 0.05185185185185185
1 0.7655190401669275 0.034722222222222224 0.03338549817423057 0.05740740740740741
1 0.2436098069900887 0.8101851851851852 0.02034428794992175 0.05
1 0.5106937923839332 0.6212962962962963 0.026604068857589983 0.06018518518518518
1 0.6103286384976526 0.28564814814814815 0.018257694314032343 0.037037037037037035
1 0.8974960876369327 0.7398148148148148 0.020865936358894107 0.05
1 0.35654668753260305 0.7157407407407408 0.018257694314032343 0.049074074074074076
1 0.7968179447052687 0.7648148148148148 0.0198226395409494 0.037037037037037035
1 0.17579551382368283 0.7449074074074075 0.030777256129368807 0.053703703703703705
1 0.7065727699530516 0.8189814814814815 0.024517475221700575 0.041666666666666664
1 0.9859154929577465 0.924537037037037 0.01773604590505999 0.046296296296296294
1 0.4079290558163798 0.7898148148148149 0.01773604590505999 0.04722222222222222