0 0.10494791666666667 0.36342592592592593 0.05364583333333333 0.04351851851851852
0 0.8645833333333334 0.3388888888888889 0.0546875 0.04722222222222222
0 0.09270833333333334 0.5717592592592593 0.051041666666666666 0.04537037037037037
0 0.9765625 0.4740740740740741 0.04114583333333333 0.058333333333333334
0 0.17473958333333334 0.6712962962962963 0.046875 0.04259259259259259
0 0.9796875 0.39675925925925926 0.040625 0.03888888888888889
0 0.05677083333333333 0.487962962962963 0.04791666666666667 0.044444444444444446
0 0.23828125 0.6134259259259259 0.050520833333333334 0.04814814814814815
0 0.23984375 0.5356481481481481 0.042708333333333334 0.06388888888888888
0 0.90625 0.5041666666666667 0.05520833333333333 0.04537037037037037
0 0.95 0.31203703703703706 0.04635416666666667 0.05277777777777778
0 0.08802083333333334 0.6402777777777777 0.04635416666666667 0.04259259259259259
0 0.9177083333333333 0.6703703703703704 0.049479166666666664 0.041666666666666664
0 0.25442708333333336 0.649537037037037 0.0453125 0.046296296296296294
0 0.8880208333333334 0.6138888888888889 0.050520833333333334 0.04351851851851852
0 0.17005208333333333 0.4587962962962963 0.05 0.06851851851851852
0 0.8177083333333334 0.700462962962963 0.05520833333333333 0.06759259259259259
0 0.9052083333333333 0.5652777777777778 0.06197916666666667 0.05648148148148148