0 0.94287109375 0.376953125 0.049774169921875 0.04587131076388889
0 0.31103515625 0.4848090277777778 0.052703857421875 0.04226345486111111
0 0.497802734375 0.3743489583333333 0.04638671875 0.047661675347222224
0 0.623046875 0.3348524305555556 0.044525146484375 0.04587131076388889
0 0.1275634765625 0.4626736111111111 0.051666259765625 0.04147677951388889
0 0.25048828125 0.58203125 0.0311431884765625 0.052897135416666664
0 0.880859375 0.4370659722222222 0.04595947265625 0.043755425347222224
0 0.97412109375 0.4652777777777778 0.051361083984375 0.04307725694444445
0 0.7939453125 0.3832465277777778 0.045440673828125 0.04147677951388889
0 0.315673828125 0.3654513888888889 0.0472412109375 0.04258897569444445
0 0.26953125 0.42578125 0.048858642578125 0.037841796875
0 0.515625 0.3235677083333333 0.045257568359375 0.045111762152777776
0 0.8212890625 0.48828125 0.04779052734375 0.04443359375
0 0.67724609375 0.4926215277777778 0.042022705078125 0.05360243055555555
0 0.8046875 0.9027777777777778 0.03192138671875 0.054524739583333336
0 0.05792236328125 0.9123263888888888 0.06463623046875 0.08430989583333333
0 0.55615234375 0.1570095486111111 0.0173797607421875 0.04299587673611111