0 0.0728759765625 0.4678819444444444 0.053314208984375 0.03968641493055555
0 0.277587890625 0.6345486111111112 0.0537109375 0.038275824652777776
0 0.371826171875 0.3407118055555556 0.048858642578125 0.037190755208333336
0 0.307861328125 0.46484375 0.050323486328125 0.04416232638888889
0 0.10247802734375 0.3294270833333333 0.050048828125 0.042182074652777776
0 0.2362060546875 0.4090711805555556 0.048858642578125 0.04212782118055555
0 0.4306640625 0.5759548611111112 0.047515869140625 0.06510416666666667
0 0.4345703125 0.3940972222222222 0.04913330078125 0.04212782118055555
0 0.52880859375 0.4075520833333333 0.04681396484375 0.04519314236111111
0 0.420166015625 0.4505208333333333 0.04931640625 0.044840494791666664
0 0.015838623046875 0.3404947916666667 0.0250396728515625 0.056098090277777776
0 0.5498046875 0.1496310763888889 0.0162811279296875 0.043755425347222224
0 0.6474609375 0.6614583333333334 0.051177978515625 0.0478515625