0 0.49375 0.48518518518518516 0.046875 0.04351851851851852
0 0.7104166666666667 0.4060185185185185 0.04635416666666667 0.04259259259259259
0 0.47421875 0.37222222222222223 0.04583333333333333 0.041666666666666664
0 0.246875 0.38796296296296295 0.0484375 0.03796296296296296
0 0.9067708333333333 0.3662037037037037 0.046875 0.041666666666666664
0 0.765625 0.45925925925925926 0.04895833333333333 0.03981481481481482
0 0.5932291666666667 0.3662037037037037 0.043229166666666666 0.041666666666666664
0 0.28515625 0.8675925925925926 0.05572916666666667 0.05555555555555555
0 0.16510416666666666 0.6203703703703703 0.058854166666666666 0.04351851851851852
0 0.5630208333333333 0.5504629629629629 0.03802083333333333 0.05277777777777778
0 0.15703125 0.5101851851851852 0.0328125 0.062037037037037036
0 0.07213541666666666 0.5597222222222222 0.029166666666666667 0.05277777777777778
0 0.030729166666666665 0.5277777777777778 0.028125 0.05925925925925926