0 0.7704747000521649 0.5578703703703703 0.051643192488262914 0.062037037037037036
1 0.13458528951486698 0.2814814814814815 0.020865936358894107 0.05277777777777778
0 0.7123109024517476 0.6412037037037037 0.03547209181011998 0.05555555555555555
1 0.7300469483568075 0.3902777777777778 0.0297339593114241 0.040740740740740744
1 0.8291601460615545 0.8902777777777777 0.025039123630672927 0.05555555555555555
1 0.9295774647887324 0.37777777777777777 0.03442879499217527 0.06388888888888888
1 0.3369848721961398 0.3365740740740741 0.018257694314032343 0.06481481481481481
0 0.4384454877412624 0.4759259259259259 0.03025560772039645 0.062037037037037036
1 0.47339593114241 0.31805555555555554 0.022952529994783515 0.05925925925925926
0 0.25586854460093894 0.5324074074074074 0.02764736567553469 0.06851851851851852
0 0.21726656233698488 0.46111111111111114 0.050078247261345854 0.044444444444444446
1 0.6517996870109546 0.399537037037037 0.030777256129368807 0.06851851851851852
1 0.9590505998956703 0.03518518518518519 0.01773604590505999 0.06666666666666667
1 0.5005216484089724 0.04953703703703704 0.020865936358894107 0.0712962962962963
0 0.11163275952008346 0.43333333333333335 0.05112154407929056 0.05
1 0.48148148148148145 0.37546296296296294 0.0198226395409494 0.06574074074074074
0 0.7055294731351069 0.5018518518518519 0.05268648930620762 0.044444444444444446
0 0.5195618153364632 0.5657407407407408 0.046948356807511735 0.05185185185185185
1 0.21935315597287428 0.7453703703703703 0.030777256129368807 0.05555555555555555
0 0.3403755868544601 0.5425925925925926 0.050078247261345854 0.0712962962962963
1 0.5633802816901409 0.26342592592592595 0.023995826812728223 0.06574074074074074
0 0.29264475743348983 0.4337962962962963 0.05216484089723526 0.044444444444444446
0 0.07642149191444966 0.4638888888888889 0.04329681794470527 0.06666666666666667
1 0.3442879499217527 0.6662037037037037 0.024517475221700575 0.062037037037037036
1 0.7250912884715701 0.19675925925925927 0.02556077203964528 0.06759259259259259
1 0.1285863328116849 0.3731481481481482 0.03182055294731351 0.06574074074074074
1 0.5391236306729265 0.4203703703703704 0.018257694314032343 0.06851851851851852
1 0.6353677621283255 0.26990740740740743 0.023995826812728223 0.06388888888888888
1 0.03781950965049557 0.7805555555555556 0.038601982263954095 0.07407407407407407
1 0.11058946270213876 0.8523148148148149 0.03390714658320292 0.05555555555555555
1 0.7104851330203443 0.4273148148148148 0.023995826812728223 0.05648148148148148
1 0.16953573291601462 0.2935185185185185 0.02556077203964528 0.049074074074074076
1 0.5738132498695879 0.3421296296296296 0.016692749087115284 0.06666666666666667
1 0.739697443922796 0.1162037037037037 0.018779342723004695 0.07037037037037037
1 0.7704747000521649 0.30694444444444446 0.02556077203964528 0.049074074074074076
1 0.7076160667709963 0.34120370370370373 0.02034428794992175 0.07037037037037037
1 0.3526343244653104 0.30277777777777776 0.030777256129368807 0.06851851851851852
1 0.2741262389149713 0.29768518518518516 0.022952529994783515 0.05277777777777778
1 0.3604590505998957 0.2273148148148148 0.02608242044861763 0.07314814814814814
1 0.9859154929577465 0.24351851851851852 0.02764736567553469 0.062037037037037036
1 0.2136150234741784 0.8398148148148148 0.03390714658320292 0.05648148148148148
0 0.01486697965571205 0.5347222222222222 0.0297339593114241 0.06018518518518518
1 0.38810641627543035 0.8134259259259259 0.03234220135628586 0.06018518518518518
1 0.23161189358372458 0.23657407407407408 0.02138758476786646 0.06111111111111111
1 0.30881585811163276 0.625462962962963 0.030777256129368807 0.06666666666666667
1 0.6875326030255607 0.24305555555555555 0.02138758476786646 0.058333333333333334
1 0.9267083985393845 0.2847222222222222 0.024517475221700575 0.05555555555555555
1 0.056859676577986434 0.2828703703703704 0.03442879499217527 0.05648148148148148
1 0.856546687532603 0.14722222222222223 0.027125717266562335 0.06944444444444445
1 0.7373500260824204 0.2949074074074074 0.028690662493479395 0.05925925925925926
1 0.6768388106416275 0.3199074074074074 0.023995826812728223 0.07037037037037037
1 0.9720918101199791 0.6564814814814814 0.028169014084507043 0.06759259259259259
1 0.8695878977569118 0.24722222222222223 0.0297339593114241 0.06574074074074074
1 0.8993218570683359 0.31574074074074077 0.028690662493479395 0.04814814814814815
1 0.021648408972352633 0.33564814814814814 0.03234220135628586 0.06574074074074074
1 0.8035993740219093 0.13333333333333333 0.02034428794992175 0.06111111111111111
1 0.5357329160146062 0.8398148148148148 0.02190923317683881 0.05740740740740741
1 0.5263432446531038 0.26064814814814813 0.019300991131977047 0.06481481481481481
1 0.9786124152321335 0.4166666666666667 0.028169014084507043 0.05925925925925926
1 0.8210745957224831 0.9777777777777777 0.023995826812728223 0.044444444444444446
1 0.6338028169014085 0.36203703703703705 0.028690662493479395 0.05555555555555555
1 0.9517475221700574 0.2263888888888889 0.02190923317683881 0.05277777777777778
1 0.7827334376630152 0.16666666666666666 0.023995826812728223 0.06759259259259259
1 0.5858111632759521 0.6759259259259259 0.027125717266562335 0.08981481481481482
1 0.08763693270735524 0.19398148148148148 0.03025560772039645 0.053703703703703705
1 0.9204486176317163 0.1412037037037037 0.025039123630672927 0.0712962962962963
1 0.6210224308815858 0.2023148148148148 0.018257694314032343 0.062037037037037036
1 0.6504955659885238 0.1986111111111111 0.015127803860198226 0.05925925925925926
1 0.8354199269692227 0.1986111111111111 0.02764736567553469 0.06296296296296296
1 0.09259259259259259 0.1398148148148148 0.018779342723004695 0.06018518518518518
1 0.9676577986437142 0.1537037037037037 0.02764736567553469 0.062037037037037036
1 0.9071465832029212 0.21435185185185185 0.03025560772039645 0.06759259259259259
1 0.5263432446531038 0.19583333333333333 0.02138758476786646 0.06666666666666667
1 0.12310902451747523 0.7555555555555555 0.027125717266562335 0.05740740740740741
1 0.24804381846635368 0.8490740740740741 0.03442879499217527 0.04259259259259259
1 0.009389671361502348 0.2814814814814815 0.018779342723004695 0.06481481481481481
1 0.0505998956703182 0.2273148148148148 0.02556077203964528 0.05185185185185185
1 0.20761606677099634 0.16620370370370371 0.02034428794992175 0.05092592592592592
1 0.3302034428794992 0.2773148148148148 0.023995826812728223 0.062037037037037036
1 0.1564945226917058 0.21157407407407408 0.02764736567553469 0.05
1 0.03781950965049557 0.1962962962962963 0.03129890453834116 0.037037037037037035
1 0.6014606155451225 0.055092592592592596 0.014084507042253521 0.03518518518518519
0 0.9741784037558685 0.06342592592592593 0.03182055294731351 0.06944444444444445