0 0.77265625 0.2222222222222222 0.04375 0.062037037037037036
0 0.8385416666666666 0.4444444444444444 0.05416666666666667 0.04259259259259259
0 0.5958333333333333 0.4847222222222222 0.05416666666666667 0.04259259259259259
0 0.7984375 0.6277777777777778 0.050520833333333334 0.04259259259259259
0 0.65703125 0.3902777777777778 0.05677083333333333 0.044444444444444446
0 0.5520833333333334 0.5800925925925926 0.04739583333333333 0.046296296296296294
0 0.6864583333333333 0.5046296296296297 0.04583333333333333 0.05
0 0.10260416666666666 0.40370370370370373 0.050520833333333334 0.044444444444444446
0 0.925 0.3347222222222222 0.05260416666666667 0.06574074074074074
0 0.7770833333333333 0.5361111111111111 0.052083333333333336 0.06296296296296296
0 0.7291666666666666 0.6689814814814815 0.04479166666666667 0.041666666666666664
0 0.5067708333333333 0.5310185185185186 0.0484375 0.05740740740740741
0 0.38567708333333334 0.5763888888888888 0.04635416666666667 0.049074074074074076
0 0.6057291666666667 0.26342592592592595 0.04739583333333333 0.07222222222222222
0 0.6799479166666667 0.32731481481481484 0.053125 0.053703703703703705
0 0.021354166666666667 0.5074074074074074 0.03958333333333333 0.06388888888888888
1 0.2578125 0.7208333333333333 0.020833333333333332 0.06296296296296296
0 0.40390625 0.2449074074074074 0.05260416666666667 0.04537037037037037
0 0.33046875 0.175 0.04895833333333333 0.044444444444444446
1 0.36171875 0.7583333333333333 0.027604166666666666 0.06296296296296296
1 0.48151041666666666 0.7490740740740741 0.022395833333333334 0.058333333333333334
1 0.029166666666666667 0.6949074074074074 0.03333333333333333 0.06574074074074074