0 0.70556640625 0.5108506944444444 0.053009033203125 0.07286241319444445
0 0.284912109375 0.9036458333333334 0.052825927734375 0.07020399305555555
0 0.58935546875 0.75 0.04840087890625 0.05319552951388889
0 0.5810546875 0.6480034722222222 0.04840087890625 0.05870225694444445
0 0.371826171875 0.47265625 0.049957275390625 0.04587131076388889
0 0.443603515625 0.38671875 0.0469970703125 0.043999565972222224
0 0.56689453125 0.58984375 0.049774169921875 0.04250759548611111
0 0.25732421875 0.31640625 0.045196533203125 0.03762478298611111
0 0.15869140625 0.4578993055555556 0.042236328125 0.0625
0 0.57421875 0.443359375 0.043609619140625 0.06510416666666667
0 0.0318603515625 0.6666666666666666 0.054412841796875 0.060980902777777776
0 0.6396484375 0.3322482638888889 0.0455322265625 0.041015625
0 0.54833984375 0.3051215277777778 0.044769287109375 0.04641384548611111
0 0.1494140625 0.3643663194444444 0.03448486328125 0.06331380208333333
0 0.69189453125 0.5872395833333334 0.035552978515625 0.04543728298611111
0 0.5224609375 0.5260416666666666 0.042724609375 0.04649522569444445