0 0.26119791666666664 0.7847222222222222 0.06041666666666667 0.03981481481481482
0 0.10442708333333334 0.37222222222222223 0.05364583333333333 0.03611111111111111
0 0.2625 0.549537037037037 0.05520833333333333 0.03888888888888889
0 0.7294270833333333 0.8208333333333333 0.04479166666666667 0.053703703703703705
0 0.4119791666666667 0.6625 0.0484375 0.06759259259259259
0 0.03515625 0.45740740740740743 0.05572916666666667 0.041666666666666664
0 0.8252604166666667 0.4013888888888889 0.04895833333333333 0.07592592592592592
0 0.027864583333333335 0.5837962962962963 0.05572916666666667 0.040740740740740744
0 0.1140625 0.2912037037037037 0.0484375 0.04351851851851852
0 0.13151041666666666 0.6953703703703704 0.05625 0.041666666666666664
0 0.5658854166666667 0.3277777777777778 0.044270833333333336 0.041666666666666664
0 0.5567708333333333 0.4583333333333333 0.04739583333333333 0.03888888888888889
0 0.6455729166666667 0.6439814814814815 0.0453125 0.044444444444444446
0 0.10520833333333333 0.5268518518518519 0.05520833333333333 0.04351851851851852
0 0.8770833333333333 0.575 0.05260416666666667 0.04537037037037037
0 0.26197916666666665 0.8393518518518519 0.06041666666666667 0.05555555555555555
0 0.928125 0.47685185185185186 0.05260416666666667 0.04814814814814815
0 0.6763020833333333 0.5037037037037037 0.04583333333333333 0.06018518518518518
0 0.7109375 0.44814814814814813 0.0484375 0.044444444444444446
0 0.9783854166666667 0.4134259259259259 0.043229166666666666 0.046296296296296294
0 0.25885416666666666 0.2726851851851852 0.0265625 0.03888888888888889
0 0.014583333333333334 0.36157407407407405 0.028645833333333332 0.03425925925925926
0 0.02890625 0.6532407407407408 0.05677083333333333 0.07407407407407407