0 0.8770833333333333 0.5763888888888888 0.050520833333333334 0.06481481481481481
0 0.44869791666666664 0.6921296296296297 0.04635416666666667 0.040740740740740744
0 0.17239583333333333 0.7018518518518518 0.04635416666666667 0.04259259259259259
0 0.6270833333333333 0.5231481481481481 0.04635416666666667 0.049074074074074076
1 0.5205729166666667 0.8300925925925926 0.016145833333333335 0.06481481481481481
0 0.27760416666666665 0.6157407407407407 0.0453125 0.05092592592592592
0 0.4395833333333333 0.625 0.04479166666666667 0.044444444444444446
0 0.4744791666666667 0.5643518518518519 0.04114583333333333 0.06296296296296296
0 0.8901041666666667 0.35 0.05416666666666667 0.05
0 0.027864583333333335 0.65 0.0390625 0.03611111111111111
0 0.8994791666666667 0.42962962962962964 0.052083333333333336 0.04351851851851852
0 0.8421875 0.712037037037037 0.04791666666666667 0.04351851851851852
0 0.9552083333333333 0.6601851851851852 0.05 0.04259259259259259
0 0.6557291666666667 0.6092592592592593 0.0484375 0.040740740740740744
0 0.6395833333333333 0.30648148148148147 0.052083333333333336 0.05740740740740741
0 0.834375 0.4787037037037037 0.0484375 0.058333333333333334
0 0.93515625 0.26805555555555555 0.04791666666666667 0.05648148148148148
0 0.016927083333333332 0.612037037037037 0.03333333333333333 0.040740740740740744