1 0.1507563901930099 0.16620370370370371 0.03808033385498174 0.058333333333333334
1 0.6064162754303599 0.6402777777777777 0.023474178403755867 0.06296296296296296
0 0.3526343244653104 0.42592592592592593 0.03129890453834116 0.05555555555555555
1 0.5106937923839332 0.5828703703703704 0.022430881585811163 0.07407407407407407
1 0.6747522170057382 0.6018518518518519 0.018257694314032343 0.06759259259259259
1 0.19431403234220135 0.32685185185185184 0.03338549817423057 0.058333333333333334
1 0.859415753781951 0.19027777777777777 0.03129890453834116 0.06481481481481481
1 0.45748565466875324 0.15046296296296297 0.036515388628064686 0.05277777777777778
0 0.21439749608763695 0.524074074074074 0.051643192488262914 0.04351851851851852
1 0.08972352634324465 0.5699074074074074 0.03547209181011998 0.05648148148148148
1 0.6557120500782473 0.799537037037037 0.01773604590505999 0.07037037037037037
1 0.03573291601460615 0.5893518518518519 0.03599374021909233 0.06388888888888888
1 0.03495044340114763 0.22268518518518518 0.03390714658320292 0.05925925925925926
0 0.7871674491392802 0.40555555555555556 0.05372978612415232 0.05092592592592592
0 0.5766823161189358 0.4324074074074074 0.05529473135106938 0.05277777777777778
0 0.44861763171622326 0.4532407407407407 0.03129890453834116 0.06666666666666667
1 0.46426708398539385 0.06388888888888888 0.022952529994783515 0.06111111111111111
1 0.18205529473135107 0.22824074074074074 0.03390714658320292 0.05740740740740741
1 0.17449139280125195 0.7458333333333333 0.023474178403755867 0.05555555555555555
0 0.9801773604590506 0.350462962962963 0.0396452790818988 0.05092592592592592
1 0.2589984350547731 0.6472222222222223 0.02138758476786646 0.08518518518518518
1 0.704225352112676 0.17037037037037037 0.026604068857589983 0.06481481481481481
1 0.41992696922274386 0.02824074074074074 0.03599374021909233 0.05462962962962963
1 0.4968701095461659 0.6504629629629629 0.02556077203964528 0.062037037037037036
1 0.6098069900886802 0.12361111111111112 0.03182055294731351 0.05555555555555555
1 0.28508085550339074 0.7018518518518518 0.027125717266562335 0.06388888888888888
0 0.8901930099113198 0.36712962962962964 0.056859676577986434 0.06666666666666667
1 0.9345331246739698 0.8361111111111111 0.02608242044861763 0.07777777777777778
1 0.8740219092331768 0.6407407407407407 0.02190923317683881 0.05462962962962963
1 0.843244653103808 0.8226851851851852 0.02190923317683881 0.062037037037037036
1 0.7149191444966093 0.8634259259259259 0.01773604590505999 0.07314814814814814
1 0.8555033907146583 0.7467592592592592 0.028169014084507043 0.06759259259259259
1 0.9804381846635368 0.6486111111111111 0.026604068857589983 0.06944444444444445
1 0.8007303077725613 0.6810185185185185 0.0198226395409494 0.058333333333333334
1 0.4251434533124674 0.6768518518518518 0.018779342723004695 0.06296296296296296
1 0.9522691705790297 0.7444444444444445 0.025039123630672927 0.07407407407407407
1 0.6888367240479917 0.6902777777777778 0.01617110067814293 0.06481481481481481
1 0.17553468961919666 0.056018518518518516 0.027125717266562335 0.05185185185185185
1 0.28169014084507044 0.7921296296296296 0.023474178403755867 0.06944444444444445
0 0.14945226917057902 0.45231481481481484 0.04225352112676056 0.05462962962962963
1 0.8461137193531559 0.11666666666666667 0.03547209181011998 0.05
1 0.2498695878977569 0.7444444444444445 0.019300991131977047 0.05
1 0.03103808033385498 0.7657407407407407 0.024517475221700575 0.058333333333333334
1 0.9872196139801773 0.5 0.023995826812728223 0.04351851851851852
1 0.5498174230568597 0.6888888888888889 0.023995826812728223 0.05925925925925926
1 0.8265519040166928 0.5944444444444444 0.02556077203964528 0.06759259259259259
1 0.6142410015649452 0.8694444444444445 0.018779342723004695 0.05740740740740741
1 0.6163275952008347 0.3527777777777778 0.03390714658320292 0.05277777777777778
1 0.059728742827334376 0.6995370370370371 0.03442879499217527 0.05555555555555555
1 0.5594679186228482 0.2851851851851852 0.022430881585811163 0.05740740740740741
1 0.03573291601460615 0.6611111111111111 0.022430881585811163 0.05740740740740741
1 0.6231090245174752 0.25 0.03390714658320292 0.05555555555555555
1 0.4934793948878456 0.7393518518518518 0.016692749087115284 0.06018518518518518
1 0.4360980699008868 0.2935185185185185 0.03599374021909233 0.05555555555555555
1 0.7827334376630152 0.8439814814814814 0.014084507042253521 0.06018518518518518
1 0.48930620761606675 0.24768518518518517 0.023995826812728223 0.05740740740740741
1 0.989567031820553 0.18518518518518517 0.020865936358894107 0.05740740740740741
1 0.5756390193009912 0.774537037037037 0.018257694314032343 0.05740740740740741
1 0.6591027647365676 0.7023148148148148 0.023474178403755867 0.041666666666666664
1 0.40688575899843504 0.7351851851851852 0.015127803860198226 0.05740740740740741
1 0.7245696400625978 0.736574074074074 0.013562858633281168 0.03888888888888889
1 0.8873239436619719 0.6986111111111111 0.02764736567553469 0.05185185185185185
1 0.4572248304642671 0.6717592592592593 0.02138758476786646 0.06851851851851852
1 0.18648930620761606 0.8111111111111111 0.023995826812728223 0.062037037037037036
1 0.8969744392279604 0.7925925925925926 0.014084507042253521 0.03611111111111111
1 0.9340114762649974 0.9462962962962963 0.016692749087115284 0.06851851851851852
1 0.8320292123109024 0.6458333333333334 0.02034428794992175 0.05
1 0.40871152842983827 0.5884259259259259 0.024517475221700575 0.04814814814814815
1 0.008868022952529996 0.7736111111111111 0.016692749087115284 0.07777777777777778