0 0.4278645833333333 0.6208333333333333 0.04739583333333333 0.04351851851851852
0 0.36354166666666665 0.5601851851851852 0.050520833333333334 0.037037037037037035
0 0.3416666666666667 0.3699074074074074 0.0578125 0.04351851851851852
0 0.08619791666666667 0.3296296296296296 0.05677083333333333 0.03888888888888889
0 0.74765625 0.4083333333333333 0.05364583333333333 0.05555555555555555
0 0.6216145833333333 0.6402777777777777 0.04479166666666667 0.03888888888888889
0 0.70546875 0.4981481481481482 0.0484375 0.03888888888888889
0 0.19479166666666667 0.6532407407407408 0.04635416666666667 0.03796296296296296
0 0.98046875 0.4759259259259259 0.03854166666666667 0.044444444444444446
0 0.5567708333333333 0.5328703703703703 0.04739583333333333 0.03981481481481482
0 0.26614583333333336 0.6662037037037037 0.0453125 0.046296296296296294
0 0.1953125 0.6166666666666667 0.046875 0.04351851851851852
0 0.26614583333333336 0.5236111111111111 0.04895833333333333 0.040740740740740744
0 0.9395833333333333 0.5537037037037037 0.043229166666666666 0.053703703703703705
0 0.19322916666666667 0.5300925925925926 0.04791666666666667 0.03981481481481482
0 0.9708333333333333 0.600925925925926 0.04739583333333333 0.04537037037037037
0 0.34322916666666664 0.23796296296296296 0.052083333333333336 0.03981481481481482
0 0.22421875 0.4412037037037037 0.04895833333333333 0.04351851851851852
0 0.6010416666666667 0.3476851851851852 0.043229166666666666 0.053703703703703705
0 0.01484375 0.6268518518518519 0.029166666666666667 0.03888888888888889