1 0.8244653103808033 0.6333333333333333 0.029212310902451747 0.06018518518518518
1 0.9321857068335941 0.7282407407407407 0.026604068857589983 0.06666666666666667
1 0.7177882107459572 0.6532407407407408 0.03182055294731351 0.07037037037037037
1 0.5615545122587376 0.6805555555555556 0.01773604590505999 0.05555555555555555
1 0.622848200312989 0.6666666666666666 0.018257694314032343 0.053703703703703705
0 0.5070422535211268 0.5328703703703703 0.04903495044340115 0.05
1 0.8612415232133542 0.6916666666666667 0.027125717266562335 0.06481481481481481
1 0.4945226917057903 0.6597222222222222 0.022430881585811163 0.06296296296296296
1 0.8515910276473657 0.7546296296296297 0.028169014084507043 0.058333333333333334
0 0.6145018257694314 0.5518518518518518 0.050078247261345854 0.04722222222222222
1 0.6799687010954617 0.6277777777777778 0.027125717266562335 0.04722222222222222
1 0.7057902973395931 0.7101851851851851 0.02608242044861763 0.05092592592592592
1 0.874282733437663 0.6027777777777777 0.022952529994783515 0.06481481481481481
0 0.053208137715179966 0.35509259259259257 0.06729264475743349 0.06018518518518518
1 0.29160146061554515 0.7865740740740741 0.02190923317683881 0.06574074074074074
1 0.3124673969744392 0.6680555555555555 0.028690662493479395 0.06481481481481481
1 0.8022952529994783 0.6875 0.02608242044861763 0.06574074074074074
0 0.9820031298904538 0.6129629629629629 0.03599374021909233 0.0712962962962963
1 0.3797600417318727 0.6574074074074074 0.020865936358894107 0.06296296296296296
1 0.33202921231090243 0.7861111111111111 0.019300991131977047 0.06388888888888888
1 0.17683881064162754 0.6143518518518518 0.026604068857589983 0.06018518518518518
1 0.47417840375586856 0.7578703703703704 0.018257694314032343 0.05555555555555555
1 0.4081898800208659 0.7296296296296296 0.02608242044861763 0.05555555555555555
1 0.06155451225873761 0.6217592592592592 0.019300991131977047 0.046296296296296294
1 0.6246739697443923 0.0787037037037037 0.023474178403755867 0.06388888888888888
1 0.8865414710485133 0.7393518518518518 0.023995826812728223 0.05555555555555555
1 0.09233176838810642 0.6972222222222222 0.03182055294731351 0.05462962962962963
1 0.8009911319770475 0.7731481481481481 0.029212310902451747 0.06574074074074074
1 0.027386541471048513 0.8384259259259259 0.03338549817423057 0.06481481481481481
1 0.01278038601982264 0.7513888888888889 0.022952529994783515 0.05462962962962963
1 0.43896713615023475 0.027777777777777776 0.023474178403755867 0.053703703703703705
1 0.95565988523735 0.7814814814814814 0.02138758476786646 0.05648148148148148
1 0.05268648930620762 0.8273148148148148 0.02034428794992175 0.06296296296296296
1 0.18805425143453314 0.6736111111111112 0.028169014084507043 0.06018518518518518
1 0.15832029212310902 0.8421296296296297 0.023474178403755867 0.06666666666666667
1 0.6927490871152843 0.1125 0.022430881585811163 0.06388888888888888
1 0.37689097548252476 0.8143518518518519 0.02556077203964528 0.0824074074074074
1 0.11137193531559729 0.8087962962962963 0.026604068857589983 0.0712962962962963
1 0.24647887323943662 0.8680555555555556 0.025039123630672927 0.06759259259259259
1 0.8390714658320292 0.13564814814814816 0.04381846635367762 0.07777777777777778
1 0.15232133541992696 0.7032407407407407 0.02608242044861763 0.06388888888888888
1 0.10250391236306729 0.8643518518518518 0.016692749087115284 0.03796296296296296
1 0.7243088158581117 0.7296296296296296 0.018779342723004695 0.05740740740740741
1 0.433489827856025 0.9148148148148149 0.014084507042253521 0.05648148148148148
1 0.07120500782472614 0.09583333333333334 0.029212310902451747 0.06296296296296296
1 0.8870631194574856 0.7925925925925926 0.020865936358894107 0.04351851851851852
1 0.22065727699530516 0.7930555555555555 0.0297339593114241 0.06388888888888888
1 0.7642149191444966 0.8027777777777778 0.014084507042253521 0.041666666666666664
1 0.9882629107981221 0.38287037037037036 0.023474178403755867 0.05925925925925926
1 0.44001043296817943 0.14722222222222223 0.03129890453834116 0.07592592592592592
1 0.5607720396452791 0.7324074074074074 0.022430881585811163 0.037037037037037035
1 0.5305164319248826 0.7462962962962963 0.01564945226917058 0.030555555555555555
1 0.6314553990610329 0.7050925925925926 0.029212310902451747 0.03796296296296296
0 0.046948356807511735 0.9087962962962963 0.03286384976525822 0.06851851851851852
1 0.20109546165884193 0.850462962962963 0.017214397496087636 0.05092592592592592
1 0.6648408972352634 0.7606481481481482 0.014084507042253521 0.03611111111111111