1 0.6767578125 0.42034912109375 0.023284912109375 0.0647857666015625
0 0.55615234375 0.484051513671875 0.0261993408203125 0.0591522216796875
1 0.64697265625 0.210174560546875 0.02056884765625 0.06700668334960938
0 0.818359375 0.5286865234375 0.03662109375 0.052922821044921874
1 0.5869140625 0.3707305908203125 0.0271759033203125 0.06603164672851562
0 0.77099609375 0.556854248046875 0.0548095703125 0.04915809631347656
1 0.7822265625 0.495318603515625 0.027008056640625 0.048968505859375
0 0.79833984375 0.82943115234375 0.0457763671875 0.0686859130859375
1 0.75634765625 0.648291015625 0.0213623046875 0.05622711181640625
1 0.68115234375 0.2610931396484375 0.024383544921875 0.059964752197265624
0 0.857421875 0.565087890625 0.029541015625 0.048508071899414064
1 0.73095703125 0.8476318359375 0.026153564453125 0.06603164672851562
1 0.88330078125 0.4270660400390625 0.025665283203125 0.06527328491210938
1 0.66845703125 0.3438629150390625 0.01374053955078125 0.0606689453125
1 0.361328125 0.2402923583984375 0.0261077880859375 0.07962799072265625
1 0.37939453125 0.3971649169921875 0.0282745361328125 0.05817718505859375
1 0.78955078125 0.2623931884765625 0.0299224853515625 0.058502197265625
1 0.884765625 0.330645751953125 0.0280609130859375 0.068035888671875
1 0.72998046875 0.3360626220703125 0.0216522216796875 0.06418991088867188
1 0.20751953125 0.1674896240234375 0.021484375 0.05882720947265625
1 0.496826171875 0.304644775390625 0.0223236083984375 0.04157447814941406
1 0.66552734375 0.07740707397460937 0.018402099609375 0.08033218383789062
1 0.6337890625 0.370947265625 0.0193023681640625 0.053329086303710936
1 0.595703125 0.09170761108398437 0.01678466796875 0.07372360229492188
1 0.461669921875 0.27821044921875 0.0265045166015625 0.07166519165039062
1 0.76806640625 0.2229583740234375 0.019012451171875 0.04923934936523437
1 0.7275390625 0.265643310546875 0.015960693359375 0.06814422607421874
0 0.9150390625 0.71156005859375 0.058013916015625 0.04704551696777344
1 0.77197265625 0.4136322021484375 0.0269622802734375 0.05644378662109375
1 0.9462890625 0.2801605224609375 0.033599853515625 0.06310653686523438
1 0.09515380859375 0.3702972412109375 0.0289764404296875 0.07459030151367188
1 0.92431640625 0.22176666259765626 0.024932861328125 0.06814422607421874
1 0.818359375 0.297711181640625 0.0246124267578125 0.05476455688476563
1 0.818359375 0.654791259765625 0.03277587890625 0.07264022827148438
1 0.869140625 0.468017578125 0.03253173828125 0.05806884765625
1 0.93994140625 0.336712646484375 0.0299835205078125 0.06272735595703124
0 0.8984375 0.567254638671875 0.051361083984375 0.0457183837890625
1 0.8349609375 0.3295623779296875 0.03033447265625 0.06489410400390624
1 0.7861328125 0.1475555419921875 0.022674560546875 0.07220687866210937
1 0.9879875183105469 0.3096282958984375 0.02402496337890625 0.08325729370117188
1 0.72998046875 0.13271331787109375 0.0251312255859375 0.058935546875
1 0.8271484375 0.46368408203125 0.03955078125 0.0578521728515625
1 0.9580078125 0.21244964599609376 0.025909423828125 0.06169815063476562
1 0.9072265625 0.360113525390625 0.0278472900390625 0.062023162841796875
1 0.697265625 0.10151214599609375 0.023284912109375 0.06299819946289062
1 0.798828125 0.385247802734375 0.0289306640625 0.06700668334960938
1 0.86669921875 0.30074462890625 0.0264129638671875 0.06673583984375
1 0.568359375 0.970703125 0.033843994140625 0.05384368896484375
0 0.86328125 0.620989990234375 0.0322265625 0.056768798828125
1 0.857421875 0.3763641357421875 0.023468017578125 0.05963973999023438
1 0.85888671875 0.19164886474609374 0.0204925537109375 0.06332321166992187
1 0.732421875 0.804730224609375 0.021697998046875 0.04607048034667969
1 0.9208984375 0.3867645263671875 0.024139404296875 0.07318191528320313
1 0.9521484375 0.05414161682128906 0.0161590576171875 0.07047348022460938
1 0.5751953125 0.665191650390625 0.0189361572265625 0.03962440490722656
1 0.429931640625 0.856298828125 0.0251312255859375 0.05644378662109375
1 0.5458984375 0.2008575439453125 0.022369384765625 0.062023162841796875
1 0.61767578125 0.2537261962890625 0.028167724609375 0.06343154907226563
1 0.8681640625 0.1393218994140625 0.0164642333984375 0.05192070007324219
1 0.8203125 0.210174560546875 0.020721435546875 0.04823722839355469
1 0.09027099609375 0.15676422119140626 0.020294189453125 0.08434066772460938
1 0.921875 0.1579559326171875 0.0234222412109375 0.06223983764648437
1 0.019989013671875 0.3533966064453125 0.03753662109375 0.06841506958007812
1 0.28759765625 0.36748046875 0.022674560546875 0.0693359375
1 0.258056640625 0.3178619384765625 0.01953125 0.05861053466796875
1 0.1729736328125 0.1683563232421875 0.0177764892578125 0.061589813232421874
1 0.5693359375 0.702459716796875 0.0216217041015625 0.06662750244140625
1 0.443603515625 0.9343017578125 0.030853271484375 0.0535186767578125
1 0.420654296875 0.2584930419921875 0.0272216796875 0.048047637939453124
1 0.241455078125 0.1995574951171875 0.0191650390625 0.054358291625976565
1 0.8974609375 0.267376708984375 0.0238189697265625 0.0379180908203125
1 0.415771484375 0.4084320068359375 0.0170440673828125 0.04108695983886719
1 0.83837890625 0.4292327880859375 0.02203369140625 0.05251655578613281
1 0.40478515625 0.328912353515625 0.01971435546875 0.0457183837890625
1 0.14794921875 0.2998779296875 0.025909423828125 0.06223983764648437
1 0.59326171875 0.2892608642578125 0.0207672119140625 0.040789031982421876
1 0.7021484375 0.21288299560546875 0.01971435546875 0.06538162231445313
1 0.2208251953125 0.224041748046875 0.018157958984375 0.06576080322265625
1 0.306640625 0.21244964599609376 0.0285491943359375 0.05796051025390625
1 0.290283203125 0.272576904296875 0.030670166015625 0.06467742919921875
1 0.7978515625 0.326312255859375 0.01934814453125 0.0578521728515625
0 0.96875 0.08737411499023437 0.032470703125 0.0686859130859375
1 0.33251953125 0.3546966552734375 0.0300445556640625 0.056768798828125
1 0.57763671875 0.339312744140625 0.0153045654296875 0.05963973999023438
1 0.2334376630151278 0.8096064814814815 0.03781950965049557 0.06365740740740741
1 0.1727294921875 0.65435791015625 0.03302001953125 0.06689834594726562
1 0.252685546875 0.67515869140625 0.0299224853515625 0.05303115844726562
1 0.024566650390625 0.660858154296875 0.0310821533203125 0.06121063232421875
1 0.050140380859375 0.840264892578125 0.0294189453125 0.054954147338867186
1 0.25439453125 0.63875732421875 0.021942138671875 0.05465621948242187