0 0.93408203125 0.4227430555555556 0.051666259765625 0.06722005208333333
0 0.52783203125 0.4286024305555556 0.038818359375 0.06179470486111111
0 0.6728515625 0.4856770833333333 0.045684814453125 0.044514973958333336
0 0.4853515625 0.3036024305555556 0.043365478515625 0.040690104166666664
0 0.8984375 0.2834201388888889 0.04876708984375 0.05495876736111111
0 0.6943359375 0.3875868055555556 0.04803466796875 0.04115125868055555
0 0.0604248046875 0.3791232638888889 0.05108642578125 0.04641384548611111
0 0.235595703125 0.2799479166666667 0.045440673828125 0.0636935763888889
0 0.8916015625 0.5190972222222222 0.050323486328125 0.054117838541666664
1 0.52734375 0.1677517361111111 0.0154266357421875 0.06917317708333333
0 0.96142578125 0.5694444444444444 0.0531005859375 0.04758029513888889
0 0.7490234375 0.69921875 0.051544189453125 0.048773871527777776
0 0.490234375 0.369140625 0.034698486328125 0.06537543402777778
0 0.947265625 0.6519097222222222 0.05340576171875 0.04527452256944445
0 0.98681640625 0.7248263888888888 0.028656005859375 0.05433485243055555
0 0.33447265625 0.3873697916666667 0.04534912109375 0.049886067708333336