0 0.93212890625 0.5910888671875 0.05975341796875 0.04590797424316406
0 0.3466796875 0.4628173828125 0.052520751953125 0.045203781127929686
1 0.3046875 0.32674560546875 0.024932861328125 0.052814483642578125
1 0.6416015625 0.20194091796875 0.02288818359375 0.06527328491210938
1 0.54443359375 0.3282623291015625 0.0223236083984375 0.07144851684570312
1 0.521484375 0.26260986328125 0.021697998046875 0.060289764404296876
0 0.236572265625 0.433782958984375 0.050048828125 0.04165573120117187
1 0.8505859375 0.3694305419921875 0.03192138671875 0.0522186279296875
1 0.3701171875 0.3273956298828125 0.026458740234375 0.059423065185546874
0 0.90625 0.526519775390625 0.057373046875 0.0457183837890625
1 0.08868408203125 0.3572967529296875 0.0259552001953125 0.06765670776367187
1 0.1998291015625 0.28427734375 0.024932861328125 0.04669342041015625
1 0.0284881591796875 0.3880645751953125 0.035888671875 0.061102294921875
1 0.1317138671875 0.3018280029296875 0.0360107421875 0.06538162231445313
1 0.1282958984375 0.2294586181640625 0.0263519287109375 0.05926055908203125
1 0.927734375 0.4021484375 0.0237274169921875 0.06814422607421874
1 0.2349853515625 0.234442138671875 0.0231475830078125 0.068902587890625
1 0.7412109375 0.3746307373046875 0.0189056396484375 0.06121063232421875
1 0.9609375 0.3325958251953125 0.02947998046875 0.06429824829101563
1 0.2327880859375 0.3819976806640625 0.0309600830078125 0.051731109619140625
1 0.2841796875 0.18579864501953125 0.02423095703125 0.06418991088867188
1 0.0633544921875 0.3026947021484375 0.0231475830078125 0.05414161682128906
1 0.92431640625 0.3156951904296875 0.029205322265625 0.06624832153320312
1 0.42529296875 0.334979248046875 0.0182647705078125 0.06310653686523438
1 0.7373046875 0.309844970703125 0.0201416015625 0.059856414794921875
1 0.4599609375 0.291644287109375 0.0164642333984375 0.062023162841796875
1 0.0141754150390625 0.242242431640625 0.0271148681640625 0.0686859130859375
1 0.68701171875 0.11001663208007813 0.0164031982421875 0.06749420166015625
1 0.6025390625 0.3113616943359375 0.0163421630859375 0.07247772216796874
1 0.2161865234375 0.881866455078125 0.043609619140625 0.059964752197265624
1 0.71533203125 0.13271331787109375 0.02386474609375 0.06624832153320312
1 0.89599609375 0.14701385498046876 0.030670166015625 0.06613998413085938
1 0.951171875 0.457183837890625 0.03204345703125 0.059964752197265624
1 0.78466796875 0.133905029296875 0.0284423828125 0.08022384643554688
1 0.283935546875 0.915234375 0.036224365234375 0.062023162841796875
1 0.84423828125 0.2363922119140625 0.0219879150390625 0.05926055908203125
1 0.927734375 0.17713165283203125 0.02752685546875 0.037078475952148436
1 0.083740234375 0.2454925537109375 0.0333251953125 0.05094566345214844
1 0.92822265625 0.240509033203125 0.0261993408203125 0.05839385986328125
1 0.1685791015625 0.18709869384765626 0.0235595703125 0.04812889099121094
1 0.044525146484375 0.2554595947265625 0.025177001953125 0.05557708740234375
1 0.81103515625 0.904833984375 0.0245208740234375 0.0572021484375
1 0.7626953125 0.205841064453125 0.0261077880859375 0.06343154907226563
1 0.85400390625 0.3276123046875 0.03240966796875 0.043524551391601565
1 0.468505859375 0.97503662109375 0.0294189453125 0.04650382995605469
1 0.04132080078125 0.19814910888671874 0.0215301513671875 0.04923934936523437
1 0.7802734375 0.2860107421875 0.021575927734375 0.06624832153320312
1 0.88134765625 0.9759033203125 0.035888671875 0.043091201782226564
1 0.67578125 0.18254852294921875 0.01666259765625 0.058935546875
1 0.46728515625 0.84329833984375 0.033203125 0.05414161682128906
1 0.448486328125 0.230108642578125 0.0199432373046875 0.05963973999023438
1 0.83935546875 0.139105224609375 0.017913818359375 0.06852340698242188
1 0.25927734375 0.20443267822265626 0.01560211181640625 0.049537277221679686
1 0.60009765625 0.20334930419921876 0.02423095703125 0.06402740478515626
0 0.513671875 0.60062255859375 0.056243896484375 0.06527328491210938
1 0.07891845703125 0.85283203125 0.041534423828125 0.07784042358398438
1 0.29541015625 0.286444091796875 0.030914306640625 0.03534507751464844
1 0.375732421875 0.244842529296875 0.0142822265625 0.043687057495117185
1 0.9365234375 0.05476455688476563 0.0162811279296875 0.07074432373046875