0 0.22317708333333333 0.38981481481481484 0.05364583333333333 0.04537037037037037
0 0.8544270833333333 0.6671296296296296 0.05625 0.05925925925925926
0 0.3385416666666667 0.4027777777777778 0.0484375 0.04259259259259259
0 0.10911458333333333 0.4444444444444444 0.049479166666666664 0.040740740740740744
0 0.22395833333333334 0.3384259259259259 0.05 0.041666666666666664
0 0.21979166666666666 0.4638888888888889 0.051041666666666666 0.03796296296296296
0 0.18619791666666666 0.28888888888888886 0.025520833333333333 0.053703703703703705
0 0.22083333333333333 0.5703703703703704 0.05 0.053703703703703705
0 0.9346354166666667 0.625462962962963 0.05260416666666667 0.03888888888888889
0 0.37552083333333336 0.6625 0.04791666666666667 0.046296296296296294
0 0.55078125 0.15092592592592594 0.018229166666666668 0.049074074074074076