0 0.34713541666666664 0.4634259259259259 0.0484375 0.05925925925925926
0 0.240625 0.3138888888888889 0.04635416666666667 0.044444444444444446
0 0.5552083333333333 0.6569444444444444 0.0515625 0.049074074074074076
0 0.6127604166666667 0.3314814814814815 0.04583333333333333 0.041666666666666664
0 0.12473958333333333 0.3680555555555556 0.04791666666666667 0.04722222222222222
0 0.5200520833333333 0.30694444444444446 0.043229166666666666 0.04537037037037037
0 0.5356770833333333 0.5782407407407407 0.0515625 0.06296296296296296
0 0.42473958333333334 0.3837962962962963 0.04583333333333333 0.04722222222222222
0 0.5434895833333333 0.45185185185185184 0.04583333333333333 0.044444444444444446
0 0.65859375 0.5875 0.034895833333333334 0.04814814814814815
0 0.12864583333333332 0.46574074074074073 0.046875 0.04351851851851852
0 0.2640625 0.8907407407407407 0.05677083333333333 0.07314814814814814
0 0.6666666666666666 0.5074074074074074 0.05677083333333333 0.07037037037037037
0 0.49296875 0.5171296296296296 0.05260416666666667 0.05555555555555555
0 0.5580729166666667 0.749537037037037 0.04791666666666667 0.05462962962962963