1 0.923828125 0.3181423611111111 0.02447509765625 0.09049479166666667
0 0.77392578125 0.4069010416666667 0.026458740234375 0.05984157986111111
0 0.88427734375 0.396484375 0.049224853515625 0.042670355902777776
0 0.7314453125 0.4787326388888889 0.0271148681640625 0.06005859375
0 0.619140625 0.4431423611111111 0.04595947265625 0.03993055555555555
0 0.6728515625 0.5954861111111112 0.047149658203125 0.04359266493055555
0 0.935546875 0.5329861111111112 0.039276123046875 0.053521050347222224
0 0.047088623046875 0.4900173611111111 0.058013916015625 0.042914496527777776
0 0.17333984375 0.361328125 0.046478271484375 0.047037760416666664
0 0.474609375 0.4513888888888889 0.034759521484375 0.059244791666666664
0 0.54248046875 0.7664930555555556 0.05706787109375 0.060492621527777776
0 0.2047119140625 0.5824652777777778 0.056243896484375 0.04443359375
0 0.01242828369140625 0.4144965277777778 0.0251312255859375 0.04562717013888889