0 0.365625 0.4726851851851852 0.049479166666666664 0.05277777777777778
0 0.87265625 0.5277777777777778 0.05260416666666667 0.04259259259259259
0 0.35546875 0.5597222222222222 0.0484375 0.041666666666666664
0 0.9471354166666667 0.4027777777777778 0.042708333333333334 0.058333333333333334
0 0.05416666666666667 0.3925925925925926 0.06041666666666667 0.05555555555555555
1 0.8145833333333333 0.6504629629629629 0.030208333333333334 0.06018518518518518
0 0.1953125 0.4587962962962963 0.05260416666666667 0.040740740740740744
0 0.8609375 0.4361111111111111 0.05260416666666667 0.041666666666666664
0 0.6200520833333333 0.4981481481481482 0.04479166666666667 0.046296296296296294
1 0.9458333333333333 0.725925925925926 0.0328125 0.06018518518518518
1 0.10598958333333333 0.712037037037037 0.033854166666666664 0.0787037037037037
1 0.9815104166666667 0.7379629629629629 0.030729166666666665 0.05925925925925926
0 0.5067708333333333 0.030555555555555555 0.052083333333333336 0.05277777777777778
0 0.14166666666666666 0.15046296296296297 0.057291666666666664 0.04722222222222222
1 0.31276041666666665 0.7601851851851852 0.017708333333333333 0.04814814814814815
1 0.56640625 0.725462962962963 0.017708333333333333 0.062037037037037036
1 0.7953125 0.7050925925925926 0.034375 0.07685185185185185