0 0.06145833333333333 0.5592592592592592 0.058854166666666666 0.040740740740740744
1 0.79296875 0.6958333333333333 0.022916666666666665 0.07592592592592592
1 0.81015625 0.6958333333333333 0.022916666666666665 0.05555555555555555
0 0.16744791666666667 0.5152777777777777 0.0546875 0.041666666666666664
0 0.2515625 0.399537037037037 0.04635416666666667 0.04259259259259259
0 0.97734375 0.2875 0.0453125 0.04722222222222222
0 0.44114583333333335 0.5078703703703704 0.050520833333333334 0.03981481481481482
0 0.19427083333333334 0.3194444444444444 0.04375 0.040740740740740744
0 0.6583333333333333 0.22685185185185186 0.044270833333333336 0.046296296296296294
0 0.78125 0.38425925925925924 0.0484375 0.04814814814814815
0 0.796875 0.5125 0.049479166666666664 0.044444444444444446
0 0.14583333333333334 0.8777777777777778 0.06302083333333333 0.04722222222222222
0 0.8622395833333333 0.5708333333333333 0.034375 0.05