1 0.4029733959311424 0.2898148148148148 0.029212310902451747 0.05648148148148148
0 0.07355242566510173 0.4981481481481482 0.05216484089723526 0.041666666666666664
0 0.7569118414188837 0.47175925925925927 0.05529473135106938 0.04814814814814815
1 0.7300469483568075 0.38935185185185184 0.0297339593114241 0.07592592592592592
1 0.10276473656755347 0.31203703703703706 0.040166927490871154 0.06296296296296296
0 0.5889410537297861 0.6013888888888889 0.054773082942097026 0.05555555555555555
0 0.8041210224308816 0.3625 0.050078247261345854 0.04351851851851852
1 0.36750130412102244 0.3875 0.02034428794992175 0.06296296296296296
1 0.08033385498174231 0.6217592592592592 0.03547209181011998 0.07222222222222222
1 0.7464788732394366 0.20462962962962963 0.0198226395409494 0.06111111111111111
0 0.9825247782994262 0.5370370370370371 0.03495044340114763 0.05648148148148148
0 0.2798643714136672 0.4703703703703704 0.053208137715179966 0.04351851851851852
1 0.35472091810119977 0.2796296296296296 0.028169014084507043 0.058333333333333334
1 0.9204486176317163 0.3787037037037037 0.03495044340114763 0.0712962962962963
1 0.9843505477308294 0.2967592592592593 0.029212310902451747 0.06574074074074074
1 0.9400104329681794 0.24027777777777778 0.027125717266562335 0.06111111111111111
1 0.27829942618675013 0.7023148148148148 0.038601982263954095 0.06296296296296296
1 0.9859154929577465 0.16111111111111112 0.02556077203964528 0.08333333333333333
1 0.6875326030255607 0.22870370370370371 0.029212310902451747 0.046296296296296294
1 0.48643714136671884 0.37037037037037035 0.023474178403755867 0.07407407407407407
1 0.2970787689097548 0.33564814814814814 0.030777256129368807 0.07037037037037037
1 0.6870109546165885 0.15694444444444444 0.02034428794992175 0.06666666666666667
1 0.8158581116327596 0.14537037037037037 0.018257694314032343 0.07407407407407407
0 0.9658320292123109 0.6513888888888889 0.0594679186228482 0.046296296296296294
1 0.17083985393844547 0.8583333333333333 0.03912363067292645 0.05462962962962963
1 0.5219092331768388 0.30972222222222223 0.02764736567553469 0.06481481481481481
0 0.5941575378195096 0.5023148148148148 0.044861763171622326 0.062037037037037036
1 0.09963484611371935 0.41203703703703703 0.023995826812728223 0.062037037037037036
1 0.47183098591549294 0.287962962962963 0.01773604590505999 0.06388888888888888
1 0.18362023995826812 0.16944444444444445 0.02764736567553469 0.05277777777777778
1 0.8802816901408451 0.3597222222222222 0.03234220135628586 0.06388888888888888
1 0.7842983828899321 0.22870370370370371 0.018779342723004695 0.06296296296296296
1 0.7923839332290037 0.8421296296296297 0.03442879499217527 0.075
1 0.8891497130933751 0.25416666666666665 0.024517475221700575 0.05925925925925926
1 0.23135106937923838 0.25416666666666665 0.0198226395409494 0.05277777777777778
1 0.8510693792383933 0.4134259259259259 0.024517475221700575 0.06759259259259259
1 0.7686489306207616 0.31296296296296294 0.028690662493479395 0.08333333333333333
1 0.8304642670839854 0.2708333333333333 0.027125717266562335 0.07222222222222222
1 0.02477829942618675 0.7833333333333333 0.04225352112676056 0.07962962962962963
1 0.48617631716223264 0.22083333333333333 0.014084507042253521 0.053703703703703705
1 0.9483568075117371 0.16296296296296298 0.02138758476786646 0.06666666666666667
1 0.08659363588941053 0.04490740740740741 0.02190923317683881 0.05462962962962963
1 0.7295252999478351 0.13935185185185187 0.02138758476786646 0.06481481481481481
0 0.5745957224830465 0.8416666666666667 0.05268648930620762 0.06759259259259259
1 0.0605112154407929 0.2652777777777778 0.027125717266562335 0.06666666666666667
1 0.5907668231611893 0.3175925925925926 0.030777256129368807 0.06944444444444445
1 0.06703182055294732 0.20185185185185187 0.03286384976525822 0.06296296296296296
0 0.5712050078247262 0.537962962962963 0.05738132498695879 0.06666666666666667