1 0.9259259259259259 0.7726851851851851 0.025039123630672927 0.062037037037037036
0 0.1356285863328117 0.3875 0.057902973395931145 0.05277777777777778
1 0.9465310380803339 0.6064814814814815 0.040166927490871154 0.062037037037037036
1 0.2871674491392801 0.08287037037037037 0.03390714658320292 0.05462962962962963
1 0.02060511215440793 0.5115740740740741 0.02764736567553469 0.049074074074074076
1 0.9334898278560251 0.7129629629629629 0.03234220135628586 0.062037037037037036
1 0.33307250912884717 0.549074074074074 0.0297339593114241 0.058333333333333334
0 0.7034428794992176 0.5027777777777778 0.0505998956703182 0.044444444444444446
0 0.04825247782994262 0.4305555555555556 0.05372978612415232 0.05555555555555555
1 0.8184663536776213 0.6388888888888888 0.02138758476786646 0.05740740740740741
1 0.13615023474178403 0.274537037037037 0.03547209181011998 0.05555555555555555
1 0.9585289514866979 0.7351851851851852 0.02764736567553469 0.05925925925925926
1 0.9089723526343245 0.18981481481481483 0.03442879499217527 0.053703703703703705
1 0.7801251956181534 0.7523148148148148 0.022952529994783515 0.05462962962962963
1 0.41992696922274386 0.09953703703703703 0.03442879499217527 0.06759259259259259
1 0.8881064162754304 0.7819444444444444 0.023474178403755867 0.049074074074074076
1 0.30907668231611896 0.25462962962962965 0.03495044340114763 0.04814814814814815
1 0.44679186228482004 0.6074074074074074 0.02608242044861763 0.06296296296296296
1 0.28664580073030776 0.19675925925925927 0.02556077203964528 0.06111111111111111
0 0.9744392279603548 0.46620370370370373 0.04903495044340115 0.04722222222222222
1 0.6546687532603026 0.7569444444444444 0.02190923317683881 0.05
1 0.19431403234220135 0.2833333333333333 0.03025560772039645 0.062037037037037036
1 0.0693792383933229 0.25833333333333336 0.030777256129368807 0.06018518518518518
1 0.8346374543557642 0.18564814814814815 0.028169014084507043 0.05277777777777778
1 0.8573291601460615 0.12361111111111112 0.026604068857589983 0.0712962962962963
1 0.8442879499217527 0.23935185185185184 0.02556077203964528 0.06574074074074074
1 0.7180490349504434 0.6819444444444445 0.020865936358894107 0.04537037037037037
1 0.29890453834115804 0.711574074074074 0.018257694314032343 0.06296296296296296
1 0.6817944705268649 0.3453703703703704 0.026604068857589983 0.06574074074074074
1 0.3414188836724048 0.712037037037037 0.02190923317683881 0.06111111111111111
1 0.8641105894627021 0.6648148148148149 0.023474178403755867 0.05462962962962963
1 0.5498174230568597 0.6185185185185185 0.023474178403755867 0.041666666666666664
0 0.5307772561293688 0.6976851851851852 0.04434011476264997 0.040740740740740744
1 0.6358894105372979 0.6273148148148148 0.020865936358894107 0.05185185185185185
1 0.3526343244653104 0.7 0.02608242044861763 0.058333333333333334
1 0.31533646322378717 0.7509259259259259 0.016692749087115284 0.049074074074074076
1 0.3951486697965571 0.6615740740740741 0.01773604590505999 0.07592592592592592
1 0.23082942097026604 0.8680555555555556 0.018257694314032343 0.05648148148148148
1 0.8568075117370892 0.7625 0.026604068857589983 0.06574074074074074
1 0.18466353677621283 0.6513888888888889 0.028169014084507043 0.062037037037037036
1 0.5923317683881064 0.6768518518518518 0.022952529994783515 0.06574074074074074
1 0.07433489827856025 0.6990740740740741 0.02190923317683881 0.046296296296296294
1 0.14893062076160668 0.8138888888888889 0.029212310902451747 0.05925925925925926
1 0.758998435054773 0.6615740740740741 0.018779342723004695 0.05555555555555555
1 0.510432968179447 0.3527777777777778 0.02764736567553469 0.058333333333333334
1 0.7394366197183099 0.7439814814814815 0.02190923317683881 0.049074074074074076
1 0.3808033385498174 0.8060185185185185 0.022430881585811163 0.05648148148148148
1 0.9809598330725091 0.7064814814814815 0.03182055294731351 0.06851851851851852
1 0.7511737089201878 0.21342592592592594 0.02034428794992175 0.044444444444444446
1 0.22613458528951486 0.662962962962963 0.023474178403755867 0.07037037037037037
1 0.1484089723526343 0.09259259259259259 0.023474178403755867 0.053703703703703705
1 0.20657276995305165 0.7226851851851852 0.01773604590505999 0.04722222222222222
1 0.4590505998956703 0.6620370370370371 0.023995826812728223 0.06481481481481481
1 0.5049556598852374 0.38101851851851853 0.022430881585811163 0.06018518518518518
1 0.013562858633281168 0.24722222222222223 0.02556077203964528 0.05740740740740741
1 0.19535732916014606 0.5731481481481482 0.0198226395409494 0.04814814814814815
1 0.06207616066770996 0.5768518518518518 0.03286384976525822 0.06944444444444445
1 0.16353677621283255 0.7064814814814815 0.027125717266562335 0.041666666666666664
1 0.986697965571205 0.6453703703703704 0.02608242044861763 0.05462962962962963
1 0.10850286906624934 0.586574074074074 0.02138758476786646 0.06481481481481481
1 0.8667188315075639 0.712037037037037 0.03025560772039645 0.06388888888888888
1 0.26264997391757955 0.32314814814814813 0.03025560772039645 0.062037037037037036
1 0.45018257694314034 0.7847222222222222 0.0198226395409494 0.07592592592592592
1 0.19431403234220135 0.7870370370370371 0.02190923317683881 0.03518518518518519
1 0.10198226395409495 0.6625 0.030777256129368807 0.05
1 0.020865936358894107 0.6717592592592593 0.026604068857589983 0.075
1 0.10745957224830464 0.8402777777777778 0.020865936358894107 0.0712962962962963
1 0.711528429838289 0.7550925925925925 0.029212310902451747 0.06296296296296296
1 0.9908711528429839 0.8106481481481481 0.018257694314032343 0.062037037037037036
1 0.692227438706312 0.6606481481481481 0.018257694314032343 0.053703703703703705
1 0.5070422535211268 0.7912037037037037 0.02138758476786646 0.062037037037037036
1 0.04877412623891497 0.8041666666666667 0.018779342723004695 0.06111111111111111
1 0.1309337506520605 0.5981481481481481 0.029212310902451747 0.062037037037037036
1 0.8716744913928013 0.15925925925925927 0.03912363067292645 0.049074074074074076
1 0.12415232133541992 0.5615740740740741 0.03390714658320292 0.06296296296296296
1 0.13719353155972874 0.6986111111111111 0.025039123630672927 0.062037037037037036
1 0.16692749087115286 0.6087962962962963 0.02556077203964528 0.06574074074074074