0 0.03619791666666667 0.5337962962962963 0.0546875 0.040740740740740744
0 0.20234375 0.5925925925925926 0.049479166666666664 0.040740740740740744
0 0.22239583333333332 0.3680555555555556 0.0515625 0.03981481481481482
0 0.4002604166666667 0.4273148148148148 0.0484375 0.06666666666666667
0 0.07942708333333333 0.6708333333333333 0.049479166666666664 0.04351851851851852
0 0.40625 0.6050925925925926 0.04739583333333333 0.040740740740740744
0 0.28151041666666665 0.5370370370370371 0.051041666666666666 0.04351851851851852
0 0.5015625 0.5935185185185186 0.04583333333333333 0.04351851851851852
0 0.3502604166666667 0.6564814814814814 0.0484375 0.03611111111111111
0 0.3927083333333333 0.5481481481481482 0.050520833333333334 0.04259259259259259
0 0.60703125 0.3375 0.049479166666666664 0.044444444444444446
0 0.5497395833333333 0.850925925925926 0.016145833333333335 0.046296296296296294