1 0.038601982263954095 0.850462962962963 0.0297339593114241 0.05555555555555555
1 0.883150756390193 0.862037037037037 0.037037037037037035 0.05925925925925926
0 0.7110067814293166 0.5615740740740741 0.05112154407929056 0.04537037037037037
1 0.3281168492436098 0.08796296296296297 0.017214397496087636 0.06111111111111111
1 0.6100678142931664 0.7171296296296297 0.026604068857589983 0.06388888888888888
0 0.6677099634846114 0.5092592592592593 0.047991653625456446 0.041666666666666664
0 0.8398539384454877 0.5268518518518519 0.0505998956703182 0.07222222222222222
0 0.12154407929055816 0.5935185185185186 0.058424621804903494 0.04722222222222222
1 0.7605633802816901 0.6754629629629629 0.028690662493479395 0.07314814814814814
1 0.7386541471048513 0.7717592592592593 0.03547209181011998 0.05648148148148148
0 0.288471570161711 0.538425925925926 0.053208137715179966 0.04722222222222222
0 0.23395931142410015 0.3490740740740741 0.050078247261345854 0.046296296296296294
0 0.607981220657277 0.5370370370370371 0.0505998956703182 0.04259259259259259
1 0.6071987480438185 0.6106481481481482 0.023995826812728223 0.07314814814814814
1 0.8797600417318727 0.6930555555555555 0.03182055294731351 0.062037037037037036
1 0.8440271257172666 0.6861111111111111 0.03390714658320292 0.05740740740740741
1 0.9123630672926447 0.6569444444444444 0.02556077203964528 0.06018518518518518
1 0.34950443401147624 0.9041666666666667 0.0396452790818988 0.062037037037037036
1 0.9298382889932185 0.7337962962962963 0.03599374021909233 0.06111111111111111
1 0.35837245696400627 0.8319444444444445 0.028169014084507043 0.075
0 0.9773082942097027 0.5111111111111111 0.044861763171622326 0.05555555555555555
1 0.3075117370892019 0.12731481481481483 0.022430881585811163 0.07407407407407407
1 0.22274387063119458 0.7805555555555556 0.03755868544600939 0.05462962962962963
1 0.45618153364632236 0.24212962962962964 0.016692749087115284 0.06851851851851852
1 0.2436098069900887 0.30694444444444446 0.018779342723004695 0.06296296296296296
1 0.07563901930099114 0.16944444444444445 0.028169014084507043 0.07685185185185185
1 0.07563901930099114 0.7731481481481481 0.036515388628064686 0.062037037037037036
1 0.47991653625456443 0.3300925925925926 0.02608242044861763 0.05925925925925926
1 0.1825769431403234 0.8773148148148148 0.024517475221700575 0.05555555555555555
0 0.752999478351591 0.4444444444444444 0.053208137715179966 0.04259259259259259
1 0.15127803860198227 0.7449074074074075 0.03495044340114763 0.05740740740740741
1 0.17918622848200313 0.6532407407407408 0.023995826812728223 0.058333333333333334
1 0.27256129368805426 0.8555555555555555 0.019300991131977047 0.05462962962962963
1 0.3622848200312989 0.19398148148148148 0.01773604590505999 0.07222222222222222
1 0.013562858633281168 0.46064814814814814 0.027125717266562335 0.062037037037037036
1 0.9418362023995827 0.774074074074074 0.0297339593114241 0.06111111111111111
1 0.730829420970266 0.8865740740740741 0.03547209181011998 0.05740740740740741
1 0.9603547209181011 0.23055555555555557 0.03808033385498174 0.06851851851851852
1 0.5302556077203965 0.3236111111111111 0.018779342723004695 0.06851851851851852
1 0.7519561815336463 0.3296296296296296 0.030777256129368807 0.06481481481481481
1 0.2665623369848722 0.11712962962962963 0.025039123630672927 0.06759259259259259
1 0.11189358372456965 0.7138888888888889 0.029212310902451747 0.04259259259259259
1 0.013562858633281168 0.17037037037037037 0.020865936358894107 0.075
1 0.14684402712571726 0.1712962962962963 0.027125717266562335 0.07037037037037037
1 0.1958789775691184 0.3236111111111111 0.02190923317683881 0.04537037037037037
1 0.801773604590506 0.2388888888888889 0.023474178403755867 0.06666666666666667
1 0.2222222222222222 0.7319444444444444 0.03286384976525822 0.04722222222222222
1 0.8468961919666145 0.23333333333333334 0.023474178403755867 0.05925925925925926
1 0.2798643714136672 0.22407407407407406 0.018257694314032343 0.05648148148148148
1 0.46296296296296297 0.3925925925925926 0.018257694314032343 0.05648148148148148
1 0.7785602503912363 0.9351851851851852 0.03234220135628586 0.044444444444444446
1 0.13171622326551904 0.32546296296296295 0.025039123630672927 0.04537037037037037
1 0.6731872717788211 0.19398148148148148 0.018257694314032343 0.06018518518518518
1 0.12936880542514345 0.9171296296296296 0.0297339593114241 0.08703703703703704
1 0.2167449139280125 0.9152777777777777 0.0297339593114241 0.05740740740740741
0 0.01564945226917058 0.5958333333333333 0.03025560772039645 0.049074074074074076
0 0.7480438184663537 0.5013888888888889 0.0495565988523735 0.05092592592592592
1 0.03182055294731351 0.23703703703703705 0.028690662493479395 0.075
1 0.5568596765779864 0.26851851851851855 0.023474178403755867 0.06481481481481481
1 0.7822117892540428 0.29259259259259257 0.024517475221700575 0.05462962962962963
1 0.9160146061554513 0.2101851851851852 0.022430881585811163 0.05462962962962963
1 0.16562336984872197 0.3699074074074074 0.0297339593114241 0.03796296296296296
1 0.2357850808555034 0.836574074074074 0.03912363067292645 0.05925925925925926
1 0.9444444444444444 0.2972222222222222 0.03025560772039645 0.06944444444444445
1 0.009650495565988524 0.36157407407407405 0.018779342723004695 0.06296296296296296
1 0.8881064162754304 0.27175925925925926 0.03025560772039645 0.06111111111111111
1 0.7037037037037037 0.19398148148148148 0.018257694314032343 0.062037037037037036
1 0.6958789775691184 0.11527777777777778 0.01564945226917058 0.06851851851851852
1 0.2876890975482525 0.9004629629629629 0.03338549817423057 0.06666666666666667
1 0.7326551904016693 0.21851851851851853 0.020865936358894107 0.06018518518518518
1 0.400886802295253 0.18333333333333332 0.018257694314032343 0.05
1 0.1904016692749087 0.1425925925925926 0.022430881585811163 0.06296296296296296
1 0.11267605633802817 0.6736111111111112 0.03547209181011998 0.05092592592592592
1 0.7605633802816901 0.412962962962963 0.020865936358894107 0.03796296296296296
1 0.7303077725612936 0.17824074074074073 0.022430881585811163 0.04814814814814815
1 0.2245696400625978 0.4050925925925926 0.028169014084507043 0.08055555555555556
1 0.564945226917058 0.8347222222222223 0.020865936358894107 0.07777777777777778
1 0.6465832029212311 0.23796296296296296 0.02138758476786646 0.06388888888888888
1 0.9926969222743871 0.30648148148148147 0.014084507042253521 0.053703703703703705
1 0.9306207616066771 0.6328703703703704 0.03025560772039645 0.044444444444444446
1 0.1278038601982264 0.2861111111111111 0.03182055294731351 0.04351851851851852
1 0.6664058424621805 0.30694444444444446 0.03025560772039645 0.06574074074074074
1 0.19770474700052165 0.27824074074074073 0.02034428794992175 0.041666666666666664
1 0.7078768909754826 0.3773148148148148 0.0297339593114241 0.05092592592592592
1 0.9300991131977048 0.1726851851851852 0.016692749087115284 0.040740740740740744
1 0.6191966614501826 0.24444444444444444 0.023995826812728223 0.06574074074074074
1 0.22743870631194574 0.28935185185185186 0.019300991131977047 0.053703703703703705
1 0.7063119457485655 0.2949074074074074 0.023474178403755867 0.053703703703703705
1 0.9916536254564423 0.20787037037037037 0.016692749087115284 0.07685185185185185
1 0.8059467918622848 0.1527777777777778 0.014084507042253521 0.05740740740740741
1 0.2665623369848722 0.24953703703703703 0.03129890453834116 0.04259259259259259
1 0.26917057902973396 0.412962962962963 0.02190923317683881 0.03148148148148148
1 0.8935837245696401 0.1527777777777778 0.01773604590505999 0.041666666666666664
1 0.42149191444966094 0.23148148148148148 0.016692749087115284 0.05092592592592592
1 0.5905059989567032 0.3194444444444444 0.019300991131977047 0.05648148148148148
1 0.022952529994783515 0.06481481481481481 0.017214397496087636 0.06574074074074074
1 0.19640062597809077 0.24351851851851852 0.03286384976525822 0.03888888888888889
1 0.8437663015127804 0.16435185185185186 0.02190923317683881 0.06574074074074074
1 0.28377673448095986 0.18009259259259258 0.03286384976525822 0.040740740740740744