0 0.09609375 0.30416666666666664 0.0484375 0.04259259259259259
0 0.13046875 0.7652777777777777 0.05625 0.05092592592592592
0 0.12083333333333333 0.4203703703703704 0.049479166666666664 0.04259259259259259
0 0.30546875 0.41574074074074074 0.053125 0.04814814814814815
0 0.4322916666666667 0.37592592592592594 0.04635416666666667 0.046296296296296294
0 0.3625 0.524074074074074 0.053125 0.044444444444444446
0 0.8755208333333333 0.45925925925925926 0.029166666666666667 0.053703703703703705
0 0.20286458333333332 0.5472222222222223 0.04895833333333333 0.06666666666666667
0 0.5786458333333333 0.5962962962962963 0.05260416666666667 0.049074074074074076
0 0.03229166666666667 0.5018518518518519 0.052083333333333336 0.04722222222222222
0 0.23541666666666666 0.3125 0.04479166666666667 0.04351851851851852
0 0.9247395833333333 0.7555555555555555 0.04479166666666667 0.06759259259259259
0 0.7744791666666667 0.49583333333333335 0.034895833333333334 0.05092592592592592
0 0.9744791666666667 0.5083333333333333 0.051041666666666666 0.044444444444444446
0 0.98359375 0.6138888888888889 0.0328125 0.03888888888888889
0 0.9838541666666667 0.42777777777777776 0.03177083333333333 0.04351851851851852