0 0.9091145833333333 0.32685185185185184 0.0578125 0.06111111111111111
0 0.25286458333333334 0.6125 0.05260416666666667 0.04722222222222222
0 0.13854166666666667 0.5537037037037037 0.051041666666666666 0.041666666666666664
0 0.3658854166666667 0.5976851851851852 0.04791666666666667 0.04351851851851852
0 0.25026041666666665 0.5398148148148149 0.05 0.03888888888888889
0 0.2453125 0.6615740740740741 0.0265625 0.06018518518518518
0 0.21979166666666666 0.712037037037037 0.022916666666666665 0.05555555555555555
0 0.023958333333333335 0.5916666666666667 0.044270833333333336 0.04722222222222222
0 0.2609375 0.4300925925925926 0.027604166666666666 0.06481481481481481
0 0.4161458333333333 0.33935185185185185 0.049479166666666664 0.05277777777777778
0 0.9697916666666667 0.3819444444444444 0.033854166666666664 0.04814814814814815
0 0.55078125 0.8495370370370371 0.018229166666666668 0.049074074074074076