0 0.7752604166666667 0.6291666666666667 0.0484375 0.04259259259259259
0 0.8088541666666667 0.45231481481481484 0.0546875 0.058333333333333334
0 0.7278645833333334 0.2212962962962963 0.046875 0.06111111111111111
0 0.3734375 0.2523148148148148 0.04583333333333333 0.05648148148148148
0 0.5645833333333333 0.4824074074074074 0.05364583333333333 0.044444444444444446
0 0.8947916666666667 0.33287037037037037 0.04895833333333333 0.062037037037037036
0 0.6549479166666666 0.5023148148148148 0.04583333333333333 0.04814814814814815
0 0.478125 0.525 0.04635416666666667 0.046296296296296294
0 0.6263020833333334 0.3902777777777778 0.05520833333333333 0.049074074074074076
1 0.35260416666666666 0.7611111111111111 0.027083333333333334 0.06018518518518518
0 0.7463541666666667 0.5347222222222222 0.049479166666666664 0.058333333333333334
0 0.5276041666666667 0.5791666666666667 0.044270833333333336 0.04537037037037037
0 0.5622395833333333 0.2740740740740741 0.04479166666666667 0.07314814814814814
0 0.30807291666666664 0.18101851851851852 0.04791666666666667 0.04814814814814815
0 0.7106770833333333 0.6671296296296296 0.044270833333333336 0.044444444444444446
0 0.35833333333333334 0.575925925925926 0.04791666666666667 0.04814814814814815
0 0.64765625 0.32685185185185184 0.046875 0.04814814814814815
1 0.25234375 0.7199074074074074 0.019270833333333334 0.06018518518518518
1 0.4703125 0.7560185185185185 0.015625 0.06759259259259259
0 0.07083333333333333 0.40879629629629627 0.0515625 0.053703703703703705
1 0.023958333333333335 0.700925925925926 0.03802083333333333 0.07314814814814814