0 0.2359375 0.4736111111111111 0.049479166666666664 0.04814814814814815
0 0.5794270833333334 0.6240740740740741 0.046875 0.046296296296296294
0 0.13072916666666667 0.4310185185185185 0.05677083333333333 0.04537037037037037
0 0.67734375 0.5462962962962963 0.05 0.04351851851851852
0 0.9166666666666666 0.5861111111111111 0.05364583333333333 0.03981481481481482
1 0.2359375 0.7 0.0296875 0.075
0 0.28177083333333336 0.2712962962962963 0.0515625 0.04259259259259259
1 0.09817708333333333 0.7245370370370371 0.03333333333333333 0.06296296296296296
0 0.3807291666666667 0.5722222222222222 0.03802083333333333 0.05555555555555555
0 0.7786458333333334 0.6731481481481482 0.029166666666666667 0.06574074074074074
0 0.041666666666666664 0.2833333333333333 0.0546875 0.06296296296296296
1 0.6997395833333333 0.7050925925925926 0.029166666666666667 0.05462962962962963
1 0.34427083333333336 0.7342592592592593 0.024479166666666666 0.06574074074074074
0 0.5411458333333333 0.25787037037037036 0.057291666666666664 0.053703703703703705
0 0.15859375 0.3574074074074074 0.057291666666666664 0.06851851851851852
0 0.0546875 0.3962962962962963 0.0484375 0.06296296296296296
0 0.8411458333333334 0.6365740740740741 0.049479166666666664 0.05277777777777778
1 0.9651041666666667 0.9273148148148148 0.030208333333333334 0.06851851851851852
0 0.10989583333333333 0.6060185185185185 0.05 0.05740740740740741