1 0.20989583333333334 0.6847222222222222 0.027083333333333334 0.07314814814814814
0 0.8713541666666667 0.5152777777777777 0.05364583333333333 0.03796296296296296
0 0.603125 0.5060185185185185 0.05260416666666667 0.040740740740740744
0 0.9744791666666667 0.5601851851851852 0.049479166666666664 0.044444444444444446
0 0.24609375 0.3819444444444444 0.0484375 0.04722222222222222
0 0.78046875 0.4009259259259259 0.046875 0.041666666666666664
0 0.04479166666666667 0.2833333333333333 0.0484375 0.044444444444444446
0 0.83359375 0.3194444444444444 0.04479166666666667 0.03796296296296296
0 0.019791666666666666 0.3712962962962963 0.03958333333333333 0.04537037037037037
0 0.23333333333333334 0.5097222222222222 0.046875 0.04259259259259259
0 0.8869791666666667 0.874537037037037 0.06197916666666667 0.03981481481481482
0 0.18645833333333334 0.5712962962962963 0.03333333333333333 0.05
0 0.35651041666666666 0.2273148148148148 0.0265625 0.05925925925925926
0 0.4276041666666667 0.1087962962962963 0.021875 0.07037037037037037
1 0.18854166666666666 0.6884259259259259 0.021354166666666667 0.07037037037037037