0 0.23369848721961398 0.5726851851851852 0.03025560772039645 0.05
1 0.11450182576943141 0.36712962962962964 0.0396452790818988 0.06018518518518518
1 0.176056338028169 0.19027777777777777 0.030777256129368807 0.05740740740740741
0 0.36750130412102244 0.45 0.026604068857589983 0.06574074074074074
0 0.12206572769953052 0.5657407407407408 0.03442879499217527 0.053703703703703705
0 0.49139280125195617 0.4162037037037037 0.0495565988523735 0.04351851851851852
0 0.1499739175795514 0.34444444444444444 0.0396452790818988 0.05740740740740741
0 0.4295774647887324 0.5050925925925925 0.05112154407929056 0.04814814814814815
1 0.5190401669274909 0.6083333333333333 0.022430881585811163 0.05555555555555555
1 0.8974960876369327 0.8407407407407408 0.023995826812728223 0.062037037037037036
1 0.3951486697965571 0.6925925925925925 0.020865936358894107 0.06111111111111111
1 0.17370892018779344 0.12037037037037036 0.03390714658320292 0.05648148148148148
1 0.009650495565988524 0.6884259259259259 0.018779342723004695 0.05648148148148148
1 0.8789775691184142 0.5782407407407407 0.036515388628064686 0.0712962962962963
1 0.09598330725091289 0.43425925925925923 0.03025560772039645 0.05740740740740741
1 0.4744392279603547 0.6328703703703704 0.025039123630672927 0.04814814814814815
1 0.10276473656755347 0.6981481481481482 0.03025560772039645 0.053703703703703705
1 0.07172665623369849 0.22407407407407406 0.037037037037037035 0.05740740740740741
1 0.051643192488262914 0.6263888888888889 0.037037037037037035 0.06296296296296296
1 0.42644757433489827 0.7379629629629629 0.02190923317683881 0.05555555555555555
1 0.09989567031820552 0.29953703703703705 0.03808033385498174 0.05462962962962963
1 0.22743870631194574 0.7194444444444444 0.028169014084507043 0.062037037037037036
1 0.1497130933750652 0.774537037037037 0.025039123630672927 0.06111111111111111
1 0.16562336984872197 0.04814814814814815 0.028690662493479395 0.06018518518518518
1 0.8560250391236307 0.8587962962962963 0.0198226395409494 0.06388888888888888
1 0.4392279603547209 0.2439814814814815 0.024517475221700575 0.06296296296296296
1 0.32759520083463745 0.7787037037037037 0.027125717266562335 0.05925925925925926
0 0.03260302556077204 0.5486111111111112 0.05112154407929056 0.03888888888888889
1 0.15023474178403756 0.7097222222222223 0.0297339593114241 0.06111111111111111
0 0.7509128847157016 0.5046296296296297 0.051643192488262914 0.04259259259259259
1 0.5492957746478874 0.7157407407407408 0.017214397496087636 0.06296296296296296
1 0.764736567553469 0.6074074074074074 0.026604068857589983 0.053703703703703705
1 0.43766301512780387 0.6185185185185185 0.020865936358894107 0.05277777777777778
1 0.6734480959833072 0.836574074074074 0.015127803860198226 0.06851851851851852
1 0.0639019300991132 0.6699074074074074 0.028690662493479395 0.05555555555555555
1 0.061815336463223784 0.7199074074074074 0.029212310902451747 0.06481481481481481
1 0.2983828899321857 0.7296296296296296 0.022952529994783515 0.05185185185185185
1 0.5858111632759521 0.7472222222222222 0.017214397496087636 0.05185185185185185
1 0.8257694314032342 0.5875 0.025039123630672927 0.05925925925925926
1 0.699791340636411 0.6259259259259259 0.019300991131977047 0.06388888888888888
0 0.2587376108502869 0.4287037037037037 0.046948356807511735 0.07314814814814814
1 0.3072509128847157 0.6152777777777778 0.018779342723004695 0.041666666666666664
1 0.3395931142410016 0.6930555555555555 0.024517475221700575 0.07037037037037037
0 0.12310902451747523 0.4597222222222222 0.05216484089723526 0.041666666666666664
1 0.6455399061032864 0.32685185185185184 0.020865936358894107 0.06296296296296296
1 0.2214397496087637 0.7513888888888889 0.028169014084507043 0.053703703703703705
1 0.43557642149191445 0.11574074074074074 0.03129890453834116 0.05462962962962963
1 0.9585289514866979 0.7152777777777778 0.03599374021909233 0.06851851851851852
0 0.7323943661971831 0.6703703703703704 0.050078247261345854 0.03888888888888889
1 0.6737089201877934 0.6087962962962963 0.03234220135628586 0.046296296296296294
1 0.3145539906103286 0.6509259259259259 0.027125717266562335 0.058333333333333334
1 0.5610328638497653 0.18194444444444444 0.03442879499217527 0.04722222222222222
1 0.46087636932707354 0.19490740740740742 0.01773604590505999 0.05462962962962963
1 0.6074595722483046 0.9087962962962963 0.01564945226917058 0.06574074074074074
1 0.30229525299947835 0.8083333333333333 0.02138758476786646 0.05277777777777778
1 0.8690662493479395 0.649074074074074 0.030777256129368807 0.07314814814814814
1 0.5252999478351591 0.7694444444444445 0.01773604590505999 0.058333333333333334
1 0.8492436098069901 0.060648148148148145 0.038601982263954095 0.06481481481481481
1 0.8140323422013563 0.7763888888888889 0.026604068857589983 0.06296296296296296
1 0.09833072509128847 0.2574074074074074 0.03547209181011998 0.05555555555555555
1 0.7149191444966093 0.7240740740740741 0.022430881585811163 0.06481481481481481
1 0.009650495565988524 0.20416666666666666 0.019300991131977047 0.05277777777777778
1 0.5644235785080856 0.6611111111111111 0.029212310902451747 0.03981481481481482
1 0.9199269692227439 0.6731481481481482 0.03286384976525822 0.05740740740740741
1 0.04590505998956703 0.8092592592592592 0.019300991131977047 0.04259259259259259
1 0.6231090245174752 0.7736111111111111 0.022430881585811163 0.06111111111111111
1 0.7827334376630152 0.36157407407407405 0.020865936358894107 0.05925925925925926
1 0.028169014084507043 0.8402777777777778 0.029212310902451747 0.041666666666666664
1 0.257433489827856 0.8064814814814815 0.025039123630672927 0.06481481481481481
1 0.9595722483046427 0.16064814814814815 0.0297339593114241 0.058333333333333334
1 0.5146061554512259 0.16064814814814815 0.022952529994783515 0.05925925925925926
0 0.5610328638497653 0.4675925925925926 0.03912363067292645 0.05462962962962963
1 0.20552947313510694 0.8041666666666667 0.02138758476786646 0.05
1 0.7266562336984872 0.6587962962962963 0.020865936358894107 0.08518518518518518
1 0.6807511737089202 0.5736111111111111 0.023474178403755867 0.05185185185185185
1 0.9702660406885759 0.5662037037037037 0.03599374021909233 0.04722222222222222
1 0.5414710485133021 0.7939814814814815 0.012519561815336464 0.058333333333333334
1 0.7284820031298904 0.8245370370370371 0.03025560772039645 0.040740740740740744
1 0.11267605633802817 0.8 0.024517475221700575 0.06111111111111111
1 0.5146061554512259 0.711574074074074 0.01773604590505999 0.06018518518518518
1 0.7856025039123631 0.8050925925925926 0.02556077203964528 0.05462962962962963
1 0.9360980699008868 0.2310185185185185 0.03755868544600939 0.053703703703703705
1 0.47417840375586856 0.7435185185185185 0.0198226395409494 0.040740740740740744
1 0.9760041731872717 0.7712962962962963 0.030777256129368807 0.03796296296296296
1 0.4937402190923318 0.7962962962962963 0.01773604590505999 0.049074074074074076
1 0.42566510172143973 0.2712962962962963 0.03338549817423057 0.05277777777777778
1 0.841679707876891 0.6365740740740741 0.018779342723004695 0.05740740740740741
1 0.7916014606155451 0.8458333333333333 0.028169014084507043 0.037037037037037035