1 0.32629107981220656 0.6078703703703704 0.03390714658320292 0.06851851851851852
1 0.4713093375065206 0.6814814814814815 0.029212310902451747 0.06759259259259259
0 0.10146061554512259 0.4564814814814815 0.03442879499217527 0.062037037037037036
1 0.15284298382889933 0.5981481481481481 0.02608242044861763 0.06759259259259259
0 0.346113719353156 0.42083333333333334 0.04434011476264997 0.04259259259259259
0 0.4887845592070944 0.48194444444444445 0.04747000521648409 0.046296296296296294
0 0.41992696922274386 0.4638888888888889 0.0406885758998435 0.04814814814814815
1 0.4522691705790297 0.20833333333333334 0.029212310902451747 0.05925925925925926
1 0.6121544079290558 0.7671296296296296 0.025039123630672927 0.06388888888888888
0 0.28325508607198746 0.5138888888888888 0.05372978612415232 0.04722222222222222
1 0.30672926447574334 0.15324074074074073 0.023474178403755867 0.05555555555555555
1 0.5912884715701617 0.26805555555555555 0.03129890453834116 0.05462962962962963
1 0.07172665623369849 0.8296296296296296 0.025039123630672927 0.0712962962962963
0 0.5625978090766823 0.49953703703703706 0.05372978612415232 0.053703703703703705
1 0.107981220657277 0.5666666666666667 0.02138758476786646 0.05462962962962963
1 0.5370370370370371 0.36944444444444446 0.03390714658320292 0.06759259259259259
1 0.7887323943661971 0.8106481481481481 0.02608242044861763 0.053703703703703705
0 0.9001043296817944 0.5416666666666666 0.05268648930620762 0.044444444444444446
0 0.2806468440271257 0.37824074074074077 0.053208137715179966 0.06759259259259259
1 0.31194574856546686 0.8162037037037037 0.019300991131977047 0.06666666666666667
1 0.33881064162754304 0.7305555555555555 0.02556077203964528 0.07407407407407407
1 0.7076160667709963 0.12824074074074074 0.037037037037037035 0.053703703703703705
1 0.8093375065206051 0.20694444444444443 0.03182055294731351 0.0824074074074074
1 0.6708398539384455 0.6810185185185185 0.023995826812728223 0.06944444444444445
1 0.019561815336463225 0.7893518518518519 0.03547209181011998 0.07592592592592592
1 0.6875326030255607 0.749537037037037 0.022430881585811163 0.06666666666666667
1 0.6392801251956182 0.21388888888888888 0.024517475221700575 0.05185185185185185
1 0.1011997913406364 0.8856481481481482 0.029212310902451747 0.05925925925925926
1 0.8309859154929577 0.6662037037037037 0.028690662493479395 0.0824074074074074
1 0.5046948356807511 0.6449074074074074 0.022430881585811163 0.075
1 0.20657276995305165 0.6171296296296296 0.03025560772039645 0.05740740740740741
1 0.7850808555033907 0.8796296296296297 0.014606155451225874 0.049074074074074076
1 0.13171622326551904 0.7856481481481481 0.02608242044861763 0.06574074074074074
1 0.8641105894627021 0.7046296296296296 0.036515388628064686 0.06018518518518518
1 0.2983828899321857 0.7291666666666666 0.024517475221700575 0.06296296296296296
1 0.49504434011476267 0.7578703703703704 0.01773604590505999 0.06111111111111111
1 0.1697965571205008 0.7287037037037037 0.0198226395409494 0.05555555555555555
1 0.810641627543036 0.7527777777777778 0.02138758476786646 0.05648148148148148
1 0.9175795513823682 0.8412037037037037 0.02138758476786646 0.04259259259259259
1 0.8526343244653104 0.27546296296296297 0.03599374021909233 0.0787037037037037
1 0.2676056338028169 0.6560185185185186 0.02034428794992175 0.06296296296296296
1 0.7136150234741784 0.7865740740740741 0.014606155451225874 0.05740740740740741
1 0.23630672926447574 0.55 0.023995826812728223 0.05462962962962963
1 0.24647887323943662 0.32037037037037036 0.0297339593114241 0.05740740740740741
1 0.11137193531559729 0.7013888888888888 0.02034428794992175 0.05925925925925926
1 0.755868544600939 0.850462962962963 0.02034428794992175 0.05092592592592592
1 0.5013041210224308 0.3333333333333333 0.026604068857589983 0.06481481481481481
1 0.3763693270735524 0.8013888888888889 0.01773604590505999 0.062037037037037036
1 0.22665623369848723 0.8004629629629629 0.02190923317683881 0.05185185185185185
1 0.2245696400625978 0.7185185185185186 0.023995826812728223 0.06388888888888888
1 0.4491392801251956 0.8305555555555556 0.01617110067814293 0.06481481481481481
1 0.24804381846635368 0.9 0.019300991131977047 0.05648148148148148
1 0.7923839332290037 0.7236111111111111 0.022430881585811163 0.06574074074074074
1 0.09024517475221701 0.7412037037037037 0.030777256129368807 0.06759259259259259
1 0.576943140323422 0.6986111111111111 0.017214397496087636 0.04814814814814815
1 0.35837245696400627 0.674537037037037 0.018257694314032343 0.06111111111111111
1 0.9360980699008868 0.7671296296296296 0.022952529994783515 0.032407407407407406
1 0.6009389671361502 0.1837962962962963 0.019300991131977047 0.046296296296296294
1 0.6888367240479917 0.6194444444444445 0.02138758476786646 0.06111111111111111
1 0.17970787689097548 0.674074074074074 0.02190923317683881 0.06759259259259259
1 0.03755868544600939 0.9675925925925926 0.01773604590505999 0.06388888888888888
1 0.13484611371935315 0.6578703703703703 0.023474178403755867 0.06944444444444445
1 0.10485133020344288 0.625462962962963 0.03025560772039645 0.05
1 0.07459572248304643 0.6800925925925926 0.024517475221700575 0.041666666666666664
1 0.9877412623891497 0.7194444444444444 0.022952529994783515 0.06481481481481481
1 0.6233698487219614 0.8773148148148148 0.015127803860198226 0.041666666666666664
1 0.7183098591549296 0.22824074074074074 0.019300991131977047 0.04537037037037037
1 0.5059989567031821 0.7097222222222223 0.02034428794992175 0.06296296296296296
1 0.8202921231090246 0.7939814814814815 0.03234220135628586 0.03981481481481482
1 0.4014084507042254 0.8513888888888889 0.013041210224308816 0.058333333333333334