1 0.7635416666666667 0.5430555555555555 0.027083333333333334 0.07685185185185185
0 0.6421875 0.5342592592592592 0.051041666666666666 0.041666666666666664
0 0.834375 0.6138888888888889 0.05260416666666667 0.049074074074074076
0 0.15833333333333333 0.649074074074074 0.0515625 0.03796296296296296
0 0.24401041666666667 0.5546296296296296 0.034375 0.0712962962962963
0 0.6059895833333333 0.6212962962962963 0.0390625 0.041666666666666664
0 0.5958333333333333 0.32731481481481484 0.025 0.05648148148148148
0 0.09817708333333333 0.7351851851851852 0.05 0.037037037037037035
0 0.88359375 0.45092592592592595 0.049479166666666664 0.05648148148148148
0 0.027083333333333334 0.4023148148148148 0.03333333333333333 0.05648148148148148
0 0.2947916666666667 0.7208333333333333 0.04010416666666667 0.027777777777777776
1 0.7875 0.5412037037037037 0.0171875 0.07685185185185185