0 0.17552083333333332 0.49953703703703706 0.041666666666666664 0.058333333333333334
1 0.72265625 0.6972222222222222 0.024479166666666666 0.0824074074074074
0 0.8895833333333333 0.5449074074074074 0.030208333333333334 0.06018518518518518
0 0.53515625 0.38935185185185184 0.04739583333333333 0.062037037037037036
0 0.5369791666666667 0.5699074074074074 0.036458333333333336 0.06296296296296296
0 0.75 0.33194444444444443 0.05 0.05092592592592592
0 0.3921875 0.6037037037037037 0.046875 0.05555555555555555
0 0.1125 0.6555555555555556 0.046875 0.044444444444444446
0 0.74375 0.6101851851851852 0.04635416666666667 0.04537037037037037
0 0.7533854166666667 0.41759259259259257 0.049479166666666664 0.049074074074074076
0 0.3455729166666667 0.362962962962963 0.05572916666666667 0.046296296296296294
0 0.0328125 0.4305555555555556 0.05260416666666667 0.04722222222222222
0 0.20963541666666666 0.6347222222222222 0.022395833333333334 0.049074074074074076
0 0.70703125 0.5287037037037037 0.044270833333333336 0.044444444444444446
0 0.8036458333333333 0.4930555555555556 0.04739583333333333 0.04814814814814815
0 0.07369791666666667 0.7134259259259259 0.042708333333333334 0.037037037037037035
0 0.014322916666666666 0.6361111111111111 0.028645833333333332 0.03888888888888889