0 0.66015625 0.6310185185185185 0.040625 0.03888888888888889
0 0.48151041666666666 0.6259259259259259 0.0453125 0.03888888888888889
0 0.421875 0.46574074074074073 0.053125 0.04537037037037037
0 0.9638020833333333 0.5907407407407408 0.05 0.04537037037037037
0 0.8799479166666667 0.5277777777777778 0.05 0.041666666666666664
0 0.06432291666666666 0.7013888888888888 0.04739583333333333 0.03333333333333333
0 0.8622395833333333 0.31342592592592594 0.05364583333333333 0.040740740740740744
0 0.8067708333333333 0.5648148148148148 0.0484375 0.04259259259259259
0 0.21380208333333334 0.4671296296296296 0.05 0.04537037037037037
0 0.6630208333333333 0.5893518518518519 0.04114583333333333 0.05
0 0.7783854166666667 0.4425925925925926 0.051041666666666666 0.044444444444444446
0 0.23385416666666667 0.6504629629629629 0.03333333333333333 0.06481481481481481
0 0.93125 0.37824074074074077 0.05572916666666667 0.04722222222222222
0 0.553125 0.4393518518518518 0.049479166666666664 0.041666666666666664
0 0.41510416666666666 0.5370370370370371 0.049479166666666664 0.041666666666666664
0 0.7989583333333333 0.6407407407407407 0.04583333333333333 0.05648148148148148
0 0.7427083333333333 0.7069444444444445 0.040625 0.05740740740740741
0 0.7270833333333333 0.5152777777777777 0.04479166666666667 0.03888888888888889
0 0.17135416666666667 0.399537037037037 0.05260416666666667 0.04814814814814815