0 0.8847157016171101 0.5296296296296297 0.0505998956703182 0.04351851851851852
0 0.2777777777777778 0.4152777777777778 0.05268648930620762 0.049074074074074076
1 0.3789775691184142 0.5569444444444445 0.025039123630672927 0.053703703703703705
1 0.33437663015127805 0.07175925925925926 0.029212310902451747 0.05740740740740741
1 0.8695878977569118 0.6439814814814815 0.03129890453834116 0.06018518518518518
1 0.07511737089201878 0.5046296296296297 0.03025560772039645 0.05277777777777778
1 0.9663536776212832 0.7782407407407408 0.029212310902451747 0.06111111111111111
0 0.06338028169014084 0.37407407407407406 0.06468440271257173 0.05092592592592592
1 0.9092331768388107 0.7180555555555556 0.02608242044861763 0.05462962962962963
1 0.4613980177360459 0.10648148148148148 0.03442879499217527 0.06666666666666667
1 0.9110589462702139 0.6611111111111111 0.0297339593114241 0.05925925925925926
1 0.5959833072509129 0.6361111111111111 0.02138758476786646 0.04814814814814815
1 0.19979134063641105 0.28935185185185186 0.03547209181011998 0.053703703703703705
1 0.3223787167449139 0.20555555555555555 0.026604068857589983 0.06018518518518518
1 0.695357329160146 0.7615740740740741 0.019300991131977047 0.05092592592592592
1 0.9047991653625457 0.1300925925925926 0.03755868544600939 0.06851851851851852
1 0.8022952529994783 0.22175925925925927 0.019300991131977047 0.04722222222222222
1 0.7673448095983307 0.6916666666666667 0.019300991131977047 0.04722222222222222
1 0.7535211267605634 0.7611111111111111 0.02190923317683881 0.06111111111111111
1 0.12154407929055816 0.7046296296296296 0.024517475221700575 0.044444444444444446
1 0.8236828377673449 0.7583333333333333 0.0198226395409494 0.04814814814814815
1 0.017996870109546165 0.06898148148148148 0.03599374021909233 0.06666666666666667
1 0.7968179447052687 0.6671296296296296 0.02034428794992175 0.05925925925925926
1 0.8296817944705268 0.7291666666666666 0.02138758476786646 0.05092592592592592
1 0.983828899321857 0.700462962962963 0.029212310902451747 0.06574074074074074
1 0.6823161189358372 0.6319444444444444 0.029212310902451747 0.04814814814814815
1 0.9277516953573292 0.7870370370370371 0.02608242044861763 0.04814814814814815
1 0.25299947835159103 0.29768518518518516 0.030777256129368807 0.06851851851851852
1 0.9032342201356286 0.7564814814814815 0.0297339593114241 0.06296296296296296
1 0.5539906103286385 0.3611111111111111 0.03025560772039645 0.05740740740740741
1 0.16458007303077726 0.586574074074074 0.02034428794992175 0.06481481481481481
1 0.31533646322378717 0.33194444444444443 0.03129890453834116 0.058333333333333334
1 0.22743870631194574 0.6106481481481482 0.03129890453834116 0.07037037037037037
1 0.22717788210745957 0.663425925925926 0.027125717266562335 0.06296296296296296
1 0.1499739175795514 0.675 0.022430881585811163 0.049074074074074076
1 0.39254042775169534 0.7064814814814815 0.023474178403755867 0.058333333333333334
1 0.5026082420448618 0.6675925925925926 0.018257694314032343 0.06388888888888888
1 0.5005216484089724 0.6125 0.02190923317683881 0.06388888888888888
1 0.28038601982263955 0.6657407407407407 0.02138758476786646 0.06574074074074074
1 0.4428794992175274 0.6717592592592593 0.01773604590505999 0.0824074074074074
0 0.20318205529473135 0.47685185185185186 0.0495565988523735 0.058333333333333334
1 0.2037037037037037 0.8361111111111111 0.02034428794992175 0.06296296296296296
1 0.8933229003651539 0.19398148148148148 0.03599374021909233 0.05555555555555555
1 0.207094418362024 0.7152777777777778 0.018257694314032343 0.044444444444444446
1 0.3291601460615545 0.025925925925925925 0.024517475221700575 0.05
1 0.09859154929577464 0.7546296296296297 0.025039123630672927 0.06851851851851852
1 0.193792383933229 0.6620370370370371 0.03182055294731351 0.06481481481481481
1 0.1825769431403234 0.7152777777777778 0.027125717266562335 0.06481481481481481
1 0.12023995826812728 0.5800925925925926 0.03338549817423057 0.06666666666666667
1 0.6353677621283255 0.687962962962963 0.03025560772039645 0.06574074074074074
1 0.9707876890975482 0.19490740740740742 0.03129890453834116 0.05185185185185185
1 0.6604068857589984 0.7958333333333333 0.024517475221700575 0.062037037037037036
1 0.7258737610850287 0.3486111111111111 0.03234220135628586 0.062037037037037036
1 0.11867501304121023 0.25833333333333336 0.02608242044861763 0.058333333333333334
1 0.8854981742305686 0.2412037037037037 0.0297339593114241 0.06296296296296296
1 0.8886280646844027 0.549074074074074 0.029212310902451747 0.05
1 0.7331768388106417 0.6680555555555555 0.01773604590505999 0.05277777777777778
1 0.21231090245174752 0.19212962962962962 0.028690662493479395 0.05925925925925926
1 0.046426708398539386 0.8166666666666667 0.020865936358894107 0.046296296296296294
1 0.24700052164840897 0.7967592592592593 0.024517475221700575 0.07037037037037037
0 0.5743348982785602 0.7013888888888888 0.044861763171622326 0.03981481481481482
1 0.3622848200312989 0.7527777777777778 0.023995826812728223 0.04814814814814815
1 0.06103286384976526 0.18611111111111112 0.03442879499217527 0.06666666666666667
1 0.5200834637454356 0.737037037037037 0.01773604590505999 0.06296296296296296
1 0.2652582159624413 0.8851851851851852 0.015127803860198226 0.06574074074074074
1 0.7983828899321858 0.7953703703703704 0.025039123630672927 0.05
1 0.07329160146061554 0.6712962962962963 0.027125717266562335 0.07037037037037037
1 0.1825769431403234 0.6018518518518519 0.0198226395409494 0.06388888888888888
1 0.2543035993740219 0.5787037037037037 0.03129890453834116 0.05185185185185185
1 0.04747000521648409 0.7606481481481482 0.02034428794992175 0.07222222222222222
1 0.20448617631716223 0.14305555555555555 0.026604068857589983 0.06111111111111111
1 0.1684924360980699 0.8407407407407408 0.0297339593114241 0.06666666666666667
1 0.9092331768388107 0.26481481481481484 0.03495044340114763 0.05648148148148148
1 0.25143453312467395 0.7291666666666666 0.01564945226917058 0.046296296296296294
1 0.18127282211789253 0.5643518518518519 0.03495044340114763 0.06481481481481481
1 0.6014606155451225 0.749537037037037 0.02034428794992175 0.06111111111111111
1 0.06442357850808555 0.25092592592592594 0.03182055294731351 0.05740740740740741