1 0.5712890625 0.2595486111111111 0.0202484130859375 0.06401909722222222
0 0.6455078125 0.6245659722222222 0.046295166015625 0.058919270833333336
0 0.34375 0.4244791666666667 0.04840087890625 0.04443359375
0 0.59912109375 0.5412326388888888 0.050323486328125 0.04123263888888889
0 0.54052734375 0.609375 0.04107666015625 0.06852213541666667
1 0.82080078125 0.2740885416666667 0.02386474609375 0.06635199652777778
0 0.72509765625 0.4678819444444444 0.0489501953125 0.04831271701388889
1 0.912109375 0.23111979166666666 0.029815673828125 0.06510416666666667
0 0.044189453125 0.4292534722222222 0.050323486328125 0.05504014756944445
0 0.62744140625 0.3658854166666667 0.038177490234375 0.061686197916666664
0 0.787109375 0.4398871527777778 0.050506591796875 0.049506293402777776
1 0.6689453125 0.294921875 0.0260009765625 0.07085503472222222
0 0.167236328125 0.3454861111111111 0.05126953125 0.040473090277777776
0 0.947265625 0.4181857638888889 0.0472412109375 0.040473090277777776
0 0.515625 0.7139756944444444 0.056854248046875 0.03819444444444445
0 0.5009765625 0.4861111111111111 0.04840087890625 0.04578993055555555
0 0.303955078125 0.6315104166666666 0.050140380859375 0.06282552083333333
0 0.9052734375 0.3515625 0.043365478515625 0.04031032986111111
1 0.2178955078125 0.2888454861111111 0.0217742919921875 0.06722005208333333
0 0.80029296875 0.5724826388888888 0.0504150390625 0.049886067708333336