0 0.74755859375 0.3734809027777778 0.046478271484375 0.046061197916666664
0 0.69189453125 0.50390625 0.047882080078125 0.04443359375
0 0.4599609375 0.3980034722222222 0.0455322265625 0.047037760416666664
0 0.435791015625 0.6276041666666666 0.0548095703125 0.041558159722222224
0 0.307373046875 0.5503472222222222 0.0521240234375 0.040473090277777776
0 0.658203125 0.4075520833333333 0.04559326171875 0.04519314236111111
0 0.5146484375 0.5620659722222222 0.048583984375 0.044759114583333336
0 0.156494140625 0.4934895833333333 0.052032470703125 0.038655598958333336
0 0.87548828125 0.4129774305555556 0.0457763671875 0.04383680555555555
0 0.020294189453125 0.31640625 0.040374755859375 0.044596354166666664
0 0.97705078125 0.4717881944444444 0.045684814453125 0.04503038194444445
0 0.7578125 0.5733506944444444 0.045013427734375 0.05422634548611111
0 0.12841796875 0.4112413194444444 0.03289794921875 0.04969618055555555
0 0.241455078125 0.5121527777777778 0.0295867919921875 0.057074652777777776
0 0.133056640625 0.3276909722222222 0.043212890625 0.03466796875
0 0.01682281494140625 0.5707465277777778 0.0336456298828125 0.032958984375
0 0.03273809523809525 0.8809523809523813 0.053571428571428575 0.0608465608465608