1 0.7700520833333333 0.5310185185185186 0.025520833333333333 0.07037037037037037
0 0.3614583333333333 0.3680555555555556 0.051041666666666666 0.04537037037037037
0 0.3234375 0.4722222222222222 0.0515625 0.04537037037037037
0 0.5994791666666667 0.2569444444444444 0.044270833333333336 0.049074074074074076
0 0.9161458333333333 0.4074074074074074 0.0484375 0.044444444444444446
0 0.9747395833333333 0.46111111111111114 0.050520833333333334 0.04722222222222222
0 0.11770833333333333 0.5074074074074074 0.053125 0.058333333333333334
0 0.55625 0.33101851851851855 0.028645833333333332 0.05462962962962963
0 0.8934895833333333 0.3592592592592593 0.0484375 0.04259259259259259
0 0.7041666666666667 0.36064814814814816 0.03802083333333333 0.06851851851851852
0 0.48359375 0.5708333333333333 0.04635416666666667 0.058333333333333334
0 0.4979166666666667 0.48194444444444445 0.04010416666666667 0.05462962962962963
0 0.5674479166666667 0.0875 0.0203125 0.06666666666666667
1 0.7888020833333333 0.5435185185185185 0.016145833333333335 0.0712962962962963