0 0.76025390625 0.3700086805555556 0.047515869140625 0.04163953993055555
0 0.54833984375 0.5928819444444444 0.050140380859375 0.04001193576388889
0 0.5224609375 0.4312065972222222 0.04779052734375 0.04172092013888889
0 0.6298828125 0.4717881944444444 0.03338623046875 0.051215277777777776
0 0.6875 0.3997395833333333 0.0313720703125 0.05859375
0 0.06396484375 0.3563368055555556 0.0276947021484375 0.059516059027777776
1 0.8935546875 0.3088107638888889 0.02447509765625 0.06450737847222222
0 0.39111328125 0.7699652777777778 0.046539306640625 0.07942708333333333
0 0.055511474609375 0.5785590277777778 0.059661865234375 0.04188368055555555
0 0.81005859375 0.5355902777777778 0.049407958984375 0.051812065972222224
0 0.9784317016601562 0.4086371527777778 0.0431365966796875 0.044677734375
0 0.3577706473214287 0.43600157076719587 0.04466247558593748 0.058919270833333336
0 0.7109375 0.7443576388888888 0.0278472900390625 0.054524739583333336
1 0.8928571428571431 0.33862433862433866 0.023809523809523843 0.05820105820105823