1 0.8310546875 0.2970611572265625 0.030670166015625 0.06007308959960937
0 0.361328125 0.551654052734375 0.0313720703125 0.06635665893554688
0 0.197265625 0.58675537109375 0.0290374755859375 0.05882720947265625
1 0.81689453125 0.386114501953125 0.028594970703125 0.07713623046875
1 0.60400390625 0.2236083984375 0.0200653076171875 0.084503173828125
1 0.270263671875 0.40128173828125 0.033203125 0.062131500244140624
1 0.77783203125 0.46715087890625 0.0311431884765625 0.05579376220703125
1 0.89208984375 0.391314697265625 0.033203125 0.06624832153320312
1 0.5517578125 0.3343292236328125 0.0255126953125 0.06489410400390624
1 0.489013671875 0.3737640380859375 0.0180511474609375 0.06879425048828125
1 0.241455078125 0.3126617431640625 0.0260009765625 0.063702392578125
1 0.401611328125 0.31461181640625 0.022369384765625 0.05414161682128906
0 0.08154296875 0.52435302734375 0.05291748046875 0.045799636840820314
1 0.63720703125 0.391748046875 0.0264129638671875 0.0606689453125
1 0.60693359375 0.3538299560546875 0.0240936279296875 0.05731048583984375
0 0.57958984375 0.509619140625 0.04486083984375 0.04886016845703125
0 0.439453125 0.590655517578125 0.028656005859375 0.05538749694824219
1 0.54638671875 0.37874755859375 0.0154876708984375 0.03317832946777344
1 0.7373046875 0.4244659423828125 0.0224609375 0.062131500244140624
1 0.433837890625 0.3607635498046875 0.0278472900390625 0.063702392578125
1 0.5771484375 0.293377685546875 0.0162200927734375 0.058935546875
1 0.876953125 0.204107666015625 0.029083251953125 0.06429824829101563
1 0.1165771484375 0.354913330078125 0.0303802490234375 0.062835693359375
0 0.57958984375 0.5737548828125 0.037750244140625 0.04777679443359375
1 0.98681640625 0.2446258544921875 0.0230712890625 0.06776504516601563
1 0.462646484375 0.94296875 0.0247039794921875 0.05403327941894531
1 0.19091796875 0.2758270263671875 0.0273284912109375 0.06429824829101563
1 0.0455322265625 0.32674560546875 0.0296478271484375 0.062131500244140624
1 0.53662109375 0.2723602294921875 0.02337646484375 0.05839385986328125
0 0.10302734375 0.477117919921875 0.0537109375 0.04712677001953125
0 0.71923828125 0.585455322265625 0.053314208984375 0.04336204528808594
1 0.7998046875 0.489251708984375 0.0257110595703125 0.061102294921875
1 0.1395263671875 0.38394775390625 0.0301055908203125 0.06169815063476562
1 0.82421875 0.2173248291015625 0.022796630859375 0.06776504516601563
1 0.280517578125 0.3308624267578125 0.0278472900390625 0.06321487426757813
1 0.10321044921875 0.939501953125 0.04510498046875 0.05546875
1 0.6435546875 0.2112579345703125 0.02606201171875 0.076702880859375
1 0.1724853515625 0.309844970703125 0.02386474609375 0.056768798828125
1 0.10614013671875 0.3200286865234375 0.0245208740234375 0.061589813232421874
1 0.6865234375 0.17496490478515625 0.01861572265625 0.059856414794921875
0 0.67333984375 0.637890625 0.043701171875 0.052922821044921874
1 0.68896484375 0.2548095703125 0.0180511474609375 0.079302978515625
0 0.81689453125 0.568121337890625 0.042327880859375 0.0556854248046875
1 0.057281494140625 0.2875274658203125 0.02838134765625 0.08358230590820312
1 0.75439453125 0.95943603515625 0.02630615234375 0.0582855224609375
1 0.32373046875 0.308111572265625 0.027008056640625 0.05113525390625
0 0.055816650390625 0.634423828125 0.05072021484375 0.06223983764648437
1 0.10687255859375 0.2801605224609375 0.020416259765625 0.06700668334960938
1 0.1688232421875 0.35274658203125 0.0257110595703125 0.06240234375
1 0.65771484375 0.28167724609375 0.0220794677734375 0.06359405517578125
1 0.771484375 0.3213287353515625 0.0379638671875 0.086236572265625
1 0.822265625 0.18839874267578124 0.0154876708984375 0.05538749694824219
1 0.50244140625 0.328045654296875 0.0169219970703125 0.06142730712890625
1 0.8955078125 0.1098541259765625 0.0211639404296875 0.07247772216796874
1 0.1441650390625 0.2619598388671875 0.03021240234375 0.07101516723632813
1 0.55078125 0.764862060546875 0.027069091796875 0.050756072998046874
1 0.98779296875 0.3308624267578125 0.0237274169921875 0.06299819946289062
1 0.1263427734375 0.237908935546875 0.0169219970703125 0.05953140258789062
1 0.6181533646322379 0.9093915343915345 0.0216111483717117 0.06216931216931235
1 0.6509426931962145 0.8703703703703708 0.014159028243535269 0.06613756613756626
1 0.6298828125 0.833331298828125 0.0225830078125 0.053924942016601564