1 0.52783203125 0.81123046875 0.03448486328125 0.06018142700195313
1 0.404052734375 0.8857666015625 0.035675048828125 0.06169815063476562
1 0.2509765625 0.625323486328125 0.033843994140625 0.052435302734375
0 0.236328125 0.51568603515625 0.05126953125 0.04393081665039063
0 0.89794921875 0.616656494140625 0.053192138671875 0.05527915954589844
0 0.30322265625 0.445916748046875 0.050994873046875 0.046341323852539064
1 0.1451416015625 0.801263427734375 0.036285400390625 0.05557708740234375
1 0.80859375 0.360113525390625 0.0241851806640625 0.06971511840820313
1 0.2127685546875 0.64395751953125 0.02606201171875 0.06662750244140625
0 0.50048828125 0.556854248046875 0.050140380859375 0.04704551696777344
0 0.8427734375 0.518719482421875 0.047698974609375 0.054547882080078124
0 0.77294921875 0.614923095703125 0.050140380859375 0.06613998413085938
0 0.6474609375 0.591522216796875 0.053192138671875 0.05424995422363281
1 0.74072265625 0.3611968994140625 0.02886962890625 0.06527328491210938
1 0.0256195068359375 0.57115478515625 0.04107666015625 0.06018142700195313
0 0.64892578125 0.5390869140625 0.051361083984375 0.03799934387207031
1 0.6357421875 0.65435791015625 0.0299835205078125 0.07182769775390625
1 0.302490234375 0.835931396484375 0.033905029296875 0.07334442138671875
1 0.275146484375 0.66822509765625 0.034423828125 0.046774673461914065
0 0.97998046875 0.571588134765625 0.0384521484375 0.04980812072753906
1 0.367431640625 0.2706268310546875 0.021820068359375 0.05557708740234375
1 0.85205078125 0.2597930908203125 0.0284881591796875 0.06500244140625
0 0.5166015625 0.48275146484375 0.05072021484375 0.040247344970703126
1 0.399658203125 0.69249267578125 0.0271148681640625 0.05362701416015625
1 0.95751953125 0.315045166015625 0.023193359375 0.06310653686523438
1 0.309814453125 0.780029296875 0.0252227783203125 0.054358291625976565
1 0.70068359375 0.2537261962890625 0.0211181640625 0.06841506958007812
1 0.4755859375 0.6985595703125 0.0204925537109375 0.0452850341796875
1 0.30224609375 0.727593994140625 0.0214080810546875 0.057635498046875
1 0.18408203125 0.8996337890625 0.03192138671875 0.05476455688476563
1 0.90673828125 0.17041473388671874 0.0197601318359375 0.062835693359375
0 0.379638671875 0.5529541015625 0.049407958984375 0.046964263916015624
1 0.78466796875 0.28861083984375 0.019378662109375 0.08358230590820312
1 0.15869140625 0.95076904296875 0.038238525390625 0.05817718505859375
1 0.1636962890625 0.5668212890625 0.0253753662109375 0.05882720947265625
1 0.3427734375 0.24267578125 0.0240936279296875 0.05861053466796875
1 0.318603515625 0.33367919921875 0.0174407958984375 0.060506439208984374
1 0.6474609375 0.3068115234375 0.022796630859375 0.0734527587890625
1 0.779296875 0.445050048828125 0.02886962890625 0.0881866455078125
1 0.6748046875 0.759661865234375 0.0199432373046875 0.06613998413085938
1 0.6484375 0.211907958984375 0.0196075439453125 0.07469863891601562
1 0.496826171875 0.316778564453125 0.0221099853515625 0.043687057495117185
1 0.6845703125 0.2818939208984375 0.0238189697265625 0.06613998413085938
1 0.2548828125 0.3325958251953125 0.0259552001953125 0.05143318176269531
1 0.88623046875 0.218408203125 0.0274810791015625 0.06662750244140625
1 0.51708984375 0.2350921630859375 0.023193359375 0.06332321166992187
1 0.9892578125 0.193707275390625 0.0207977294921875 0.06381072998046874
1 0.10723876953125 0.21418304443359376 0.0221099853515625 0.05465621948242187
1 0.5244140625 0.91436767578125 0.031494140625 0.0556854248046875
1 0.67236328125 0.86236572265625 0.027587890625 0.05861053466796875
1 0.267578125 0.2047576904296875 0.018768310546875 0.04712677001953125
1 0.411376953125 0.294244384765625 0.0215301513671875 0.059964752197265624
1 0.79638671875 0.14809722900390626 0.0225830078125 0.07724456787109375
1 0.671875 0.1943572998046875 0.026153564453125 0.06418991088867188
1 0.185791015625 0.3382293701171875 0.0215301513671875 0.0565521240234375
1 0.034942626953125 0.18709869384765626 0.0304412841796875 0.061914825439453126
0 0.98388671875 0.386114501953125 0.033599853515625 0.041330718994140626
1 0.146240234375 0.273443603515625 0.0252227783203125 0.06538162231445313
1 0.7080078125 0.11624603271484375 0.023773193359375 0.06018142700195313
1 0.94384765625 0.1731231689453125 0.0162200927734375 0.04915809631347656
1 0.544921875 0.3468963623046875 0.0284881591796875 0.049049758911132814
1 0.22265625 0.18514862060546874 0.023468017578125 0.05086441040039062
1 0.471923828125 0.7644287109375 0.02203369140625 0.05105400085449219
1 0.471923828125 0.3923980712890625 0.01861572265625 0.05882720947265625
1 0.08740234375 0.17496490478515625 0.01763916015625 0.04227867126464844
1 0.0104522705078125 0.2537261962890625 0.020965576171875 0.0730194091796875
1 0.2215576171875 0.2909942626953125 0.0200653076171875 0.0572021484375
1 0.306640625 0.20367431640625 0.022369384765625 0.045203781127929686
1 0.9853515625 0.300311279296875 0.0273284912109375 0.068035888671875
1 0.93994140625 0.9169677734375 0.0222930908203125 0.053437423706054685
1 0.298583984375 0.31634521484375 0.0225067138671875 0.05882720947265625
1 0.166259765625 0.3113616943359375 0.02801513671875 0.039786911010742186
1 0.53076171875 0.3884979248046875 0.0201416015625 0.062023162841796875
1 0.9189453125 0.3096282958984375 0.0244293212890625 0.03466796875
1 0.8251953125 0.261309814453125 0.02801513671875 0.0379180908203125
1 0.53955078125 0.3035614013671875 0.03302001953125 0.04393081665039063
1 0.52001953125 0.96376953125 0.034759521484375 0.0587188720703125
1 0.9501953125 0.2658599853515625 0.0234222412109375 0.06689834594726562
1 0.986328125 0.44375 0.0252685546875 0.0647857666015625
1 0.36669921875 0.32847900390625 0.024932861328125 0.06223983764648437
1 0.2122802734375 0.2511260986328125 0.024139404296875 0.048589324951171874
1 0.274169921875 0.267376708984375 0.03265380859375 0.0613189697265625
1 0.401123046875 0.229241943359375 0.012725830078125 0.0398681640625
1 0.122314453125 0.15676422119140626 0.021087646484375 0.055062484741210935
1 0.9833984375 0.06971511840820313 0.017852783203125 0.07264022827148438
1 0.6728515625 0.1540557861328125 0.0276947021484375 0.03615760803222656
1 0.822265625 0.299444580078125 0.0241851806640625 0.04607048034667969
1 0.4658203125 0.354913330078125 0.029083251953125 0.03534507751464844
1 0.96044921875 0.458050537109375 0.018646240234375 0.030957412719726563
1 0.54833984375 0.2363922119140625 0.01450347900390625 0.047505950927734374
1 0.007965087890625 0.1436553955078125 0.01560211181640625 0.05251655578613281
1 0.2425537109375 0.2974945068359375 0.02880859375 0.0357513427734375