1 0.34872196139801775 0.2884259259259259 0.0297339593114241 0.04722222222222222
0 0.7856025039123631 0.47453703703703703 0.056338028169014086 0.046296296296296294
1 0.5234741784037559 0.7689814814814815 0.022952529994783515 0.09259259259259259
1 0.3568075117370892 0.14953703703703702 0.03025560772039645 0.06574074074074074
0 0.5362545644235786 0.7847222222222222 0.04277516953573292 0.037037037037037035
0 0.9233176838810642 0.4134259259259259 0.05529473135106938 0.044444444444444446
0 0.8012519561815337 0.42083333333333334 0.05372978612415232 0.044444444444444446
0 0.44522691705790296 0.40046296296296297 0.04747000521648409 0.06759259259259259
1 0.30412102243088157 0.1259259259259259 0.03442879499217527 0.058333333333333334
1 0.9238393322900366 0.8106481481481481 0.03338549817423057 0.07685185185185185
1 0.9843505477308294 0.8134259259259259 0.03129890453834116 0.06759259259259259
1 0.09989567031820552 0.6662037037037037 0.036515388628064686 0.06296296296296296
1 0.8275952008346374 0.5574074074074075 0.03599374021909233 0.07314814814814814
0 0.6264997391757955 0.5148148148148148 0.04329681794470527 0.04351851851851852
1 0.900886802295253 0.5805555555555556 0.029212310902451747 0.07037037037037037
1 0.21961398017736045 0.47962962962962963 0.0198226395409494 0.08333333333333333
1 0.07798643714136672 0.7680555555555556 0.03182055294731351 0.06111111111111111
0 0.5370370370370371 0.4708333333333333 0.05216484089723526 0.046296296296296294
1 0.9439227960354721 0.8800925925925925 0.02138758476786646 0.062037037037037036
1 0.0738132498695879 0.4532407407407407 0.03025560772039645 0.06111111111111111
1 0.7553468961919666 0.8449074074074074 0.017214397496087636 0.06944444444444445
1 0.6718831507563902 0.7046296296296296 0.019300991131977047 0.06481481481481481
1 0.7616066770996348 0.22546296296296298 0.03338549817423057 0.06111111111111111
1 0.6468440271257173 0.7203703703703703 0.0198226395409494 0.06388888888888888
1 0.9853938445487741 0.6648148148148149 0.025039123630672927 0.062037037037037036
1 0.5727699530516432 0.7509259259259259 0.016692749087115284 0.06574074074074074
1 0.012258737610850287 0.7402777777777778 0.023995826812728223 0.0712962962962963
1 0.2136150234741784 0.07453703703703704 0.02556077203964528 0.06481481481481481
1 0.3933229003651539 0.7037037037037037 0.028169014084507043 0.06481481481481481
1 0.7856025039123631 0.7388888888888889 0.030777256129368807 0.06666666666666667
1 0.44522691705790296 0.711574074074074 0.024517475221700575 0.06851851851851852
1 0.33307250912884717 0.7152777777777778 0.02138758476786646 0.06574074074074074
1 0.414188836724048 0.6643518518518519 0.02556077203964528 0.06111111111111111
1 0.5375586854460094 0.6152777777777778 0.0297339593114241 0.06759259259259259
1 0.7104851330203443 0.33194444444444443 0.023995826812728223 0.06481481481481481
1 0.6460615545122588 0.33425925925925926 0.022430881585811163 0.05925925925925926
1 0.6304121022430882 0.6731481481481482 0.0198226395409494 0.062037037037037036
1 0.3604590505998957 0.22453703703703703 0.020865936358894107 0.04537037037037037
1 0.5521648408972353 0.10740740740740741 0.028169014084507043 0.05555555555555555
1 0.9501825769431403 0.20787037037037037 0.03599374021909233 0.05092592592592592
1 0.4582681272822118 0.7481481481481481 0.022952529994783515 0.062037037037037036
1 0.698226395409494 0.6523148148148148 0.02556077203964528 0.06111111111111111
1 0.9598330725091289 0.8490740740740741 0.03182055294731351 0.0712962962962963
1 0.5745957224830465 0.6666666666666666 0.02034428794992175 0.05648148148148148
1 0.9726134585289515 0.6805555555555556 0.022952529994783515 0.06388888888888888
1 0.3612415232133542 0.34953703703703703 0.030777256129368807 0.07037037037037037
1 0.6092853416797078 0.7875 0.01564945226917058 0.05185185185185185
1 0.806207616066771 0.8532407407407407 0.02034428794992175 0.07777777777777778
1 0.38810641627543035 0.8666666666666667 0.022952529994783515 0.06481481481481481
1 0.22900365153886282 0.649537037037037 0.023474178403755867 0.06296296296296296
1 0.6283255086071987 0.8523148148148149 0.016692749087115284 0.06851851851851852
1 0.37376108502869065 0.7328703703703704 0.018779342723004695 0.06388888888888888
1 0.08163797600417319 0.31712962962962965 0.024517475221700575 0.04537037037037037
1 0.18570683359415754 0.8291666666666667 0.022430881585811163 0.062037037037037036
1 0.5404277516953573 0.7041666666666667 0.0198226395409494 0.03888888888888889
1 0.7177882107459572 0.9064814814814814 0.015127803860198226 0.06481481481481481
1 0.6544079290558164 0.362962962962963 0.023474178403755867 0.062037037037037036
1 0.1134585289514867 0.7273148148148149 0.03025560772039645 0.06018518518518518
1 0.9405320813771518 0.06851851851851852 0.028690662493479395 0.044444444444444446
1 0.33568075117370894 0.6717592592592593 0.024517475221700575 0.053703703703703705
1 0.012258737610850287 0.6791666666666667 0.022952529994783515 0.06388888888888888
1 0.9371413667188315 0.7458333333333333 0.0297339593114241 0.06018518518518518
1 0.32942097026604067 0.034722222222222224 0.027125717266562335 0.049074074074074076
1 0.8568075117370892 0.6712962962962963 0.025039123630672927 0.05925925925925926
1 0.9501825769431403 0.7129629629629629 0.028169014084507043 0.062037037037037036
1 0.5448617631716224 0.15648148148148147 0.02764736567553469 0.06018518518518518
1 0.6875326030255607 0.5699074074074074 0.018257694314032343 0.06759259259259259
1 0.8072509128847157 0.7939814814814815 0.023995826812728223 0.062037037037037036
1 0.6875326030255607 0.7648148148148148 0.027125717266562335 0.06388888888888888
1 0.7211789254042775 0.7847222222222222 0.023995826812728223 0.07407407407407407
1 0.8716744913928013 0.7453703703703703 0.02556077203964528 0.05092592592592592
1 0.023474178403755867 0.8277777777777777 0.029212310902451747 0.06111111111111111
1 0.14084507042253522 0.775 0.023474178403755867 0.05555555555555555
1 0.5185185185185185 0.08194444444444444 0.023995826812728223 0.044444444444444446
1 0.9642670839853938 0.9513888888888888 0.017214397496087636 0.07222222222222222
1 0.7743870631194575 0.7717592592592593 0.02556077203964528 0.03888888888888889
1 0.17996870109546165 0.7199074074074074 0.0297339593114241 0.06574074074074074
1 0.5952008346374543 0.9199074074074074 0.011997913406364111 0.040740740740740744
1 0.5868544600938967 0.2861111111111111 0.02034428794992175 0.05925925925925926
1 0.17370892018779344 0.6643518518518519 0.02138758476786646 0.06296296296296296
1 0.30229525299947835 0.7833333333333333 0.016692749087115284 0.06759259259259259
1 0.7949921752738655 0.01712962962962963 0.023474178403755867 0.03425925925925926
1 0.14893062076160668 0.7083333333333334 0.023995826812728223 0.04722222222222222
1 0.1011997913406364 0.8009259259259259 0.030777256129368807 0.05740740740740741
1 0.752999478351591 0.6856481481481481 0.024517475221700575 0.053703703703703705
1 0.656755346896192 0.6185185185185185 0.028169014084507043 0.06018518518518518
1 0.7076160667709963 0.12777777777777777 0.020865936358894107 0.05648148148148148
1 0.5795513823682837 0.21805555555555556 0.018257694314032343 0.05925925925925926
1 0.21544079290558163 0.7421296296296296 0.019300991131977047 0.06388888888888888
1 0.22326551904016692 0.812037037037037 0.02138758476786646 0.05092592592592592
1 0.9919144496609286 0.5912037037037037 0.01617110067814293 0.06944444444444445
1 0.9692227438706312 0.5814814814814815 0.03025560772039645 0.06574074074074074
1 0.392018779342723 0.7893518518518519 0.026604068857589983 0.041666666666666664
1 0.20292123109024518 0.8675925925925926 0.022952529994783515 0.04814814814814815
1 0.3174230568596766 0.6171296296296296 0.022430881585811163 0.04259259259259259
1 0.9366197183098591 0.6486111111111111 0.030777256129368807 0.07037037037037037
1 0.4835680751173709 0.625462962962963 0.02190923317683881 0.06388888888888888
1 0.2235263432446531 0.6851851851851852 0.018779342723004695 0.05925925925925926
1 0.5078247261345853 0.32592592592592595 0.03338549817423057 0.07407407407407407
1 0.2965571205007825 0.861574074074074 0.0198226395409494 0.0712962962962963
1 0.5884194053208138 0.2449074074074074 0.02190923317683881 0.06296296296296296