0 0.9419270833333333 0.48842592592592593 0.05416666666666667 0.04722222222222222
1 0.23229166666666667 0.7384259259259259 0.01875 0.06759259259259259
0 0.5963541666666666 0.2740740740740741 0.052083333333333336 0.06296296296296296
0 0.31354166666666666 0.5907407407407408 0.030208333333333334 0.06851851851851852
1 0.21302083333333333 0.736574074074074 0.0171875 0.06296296296296296
0 0.62890625 0.6819444444444445 0.0453125 0.040740740740740744
0 0.8325520833333333 0.7055555555555556 0.049479166666666664 0.046296296296296294
0 0.12734375 0.5680555555555555 0.051041666666666666 0.041666666666666664
0 0.46875 0.7111111111111111 0.03802083333333333 0.04537037037037037
0 0.48880208333333336 0.7564814814814815 0.03958333333333333 0.04259259259259259
0 0.28463541666666664 0.4462962962962963 0.05 0.044444444444444446
0 0.1234375 0.6847222222222222 0.04375 0.03611111111111111
0 0.02109375 0.5203703703703704 0.03854166666666667 0.041666666666666664
0 0.19375 0.38425925925925924 0.058854166666666666 0.05185185185185185
0 0.12291666666666666 0.3148148148148148 0.05260416666666667 0.049074074074074076
0 0.49505208333333334 0.5226851851851851 0.04375 0.04351851851851852
0 0.32083333333333336 0.32407407407407407 0.05572916666666667 0.053703703703703705
0 0.45338541666666665 0.6787037037037037 0.046875 0.05
0 0.5471354166666667 0.5986111111111111 0.046875 0.05648148148148148