0 0.16406250000000003 0.9279100529100531 0.06473214285714286 0.07539682539682552
0 0.5517578125 0.330078125 0.044921875 0.04212782118055555
0 0.207275390625 0.4856770833333333 0.051544189453125 0.043999565972222224
0 0.423583984375 0.373046875 0.047943115234375 0.047119140625
0 0.89501953125 0.4626736111111111 0.04840087890625 0.04123263888888889
0 0.86962890625 0.3639322916666667 0.048583984375 0.04408094618055555
0 0.1781005859375 0.58203125 0.03204345703125 0.059733072916666664
0 0.72412109375 0.3802083333333333 0.04559326171875 0.04391818576388889
0 0.0182342529296875 0.4466145833333333 0.03533935546875 0.04367404513888889
0 0.2352294921875 0.3626302083333333 0.046722412109375 0.04432508680555555
0 0.80126953125 0.4296875 0.045684814453125 0.04212782118055555
0 0.1845703125 0.4216579861111111 0.048309326171875 0.03976779513888889
0 0.450927734375 0.3179253472222222 0.043609619140625 0.04443359375
0 0.73974609375 0.4822048611111111 0.048309326171875 0.040690104166666664
0 0.9267578125 0.5434027777777778 0.0306243896484375 0.048583984375
0 0.9833526611328125 0.6549479166666666 0.033294677734375 0.046956380208333336
0 0.947265625 0.90625 0.054412841796875 0.0537109375
0 0.9150390625 0.7434895833333334 0.063232421875 0.04847547743055555
0 0.55615234375 0.1570095486111111 0.0171051025390625 0.04188368055555555
0 0.59619140625 0.48046875 0.0374755859375 0.05433485243055555