1 0.447265625 0.627923583984375 0.0330810546875 0.048399734497070315
1 0.6064453125 0.89443359375 0.035888671875 0.06142730712890625
0 0.223876953125 0.53128662109375 0.05023193359375 0.04393081665039063
1 0.96923828125 0.18969879150390626 0.0310211181640625 0.068902587890625
0 0.15673828125 0.495318603515625 0.0504150390625 0.040870285034179686
1 0.4443359375 0.749261474609375 0.028106689453125 0.065869140625
0 0.658203125 0.567254638671875 0.0455322265625 0.041330718994140626
1 0.958984375 0.3102783203125 0.03125 0.06142730712890625
1 0.8505859375 0.89010009765625 0.0251312255859375 0.05731048583984375
0 0.85107421875 0.561187744140625 0.0574951171875 0.0457183837890625
0 0.708984375 0.5148193359375 0.05224609375 0.045122528076171876
0 0.6686146974439228 0.625328911675347 0.0483022499780949 0.07301940917968738
1 0.5263671875 0.06852340698242188 0.0160980224609375 0.05953140258789062
1 0.2919921875 0.836798095703125 0.035675048828125 0.06332321166992187
1 0.129150390625 0.2194915771484375 0.0306243896484375 0.059964752197265624
1 0.9482421875 0.39261474609375 0.0364990234375 0.060506439208984374
0 0.365478515625 0.46715087890625 0.044525146484375 0.043768310546875
1 0.8388671875 0.2927276611328125 0.031494140625 0.06516494750976562
1 0.346435546875 0.3637969970703125 0.0309600830078125 0.0608856201171875
1 0.408447265625 0.673858642578125 0.0310821533203125 0.047397613525390625
1 0.412353515625 0.620123291015625 0.01983642578125 0.05904388427734375
1 0.56787109375 0.6881591796875 0.022369384765625 0.0565521240234375
1 0.7138671875 0.2437591552734375 0.0217437744140625 0.05839385986328125
1 0.364013671875 0.90570068359375 0.03338623046875 0.05644378662109375
1 0.353271484375 0.581988525390625 0.021942138671875 0.061589813232421874
0 0.287841796875 0.49661865234375 0.04840087890625 0.04988937377929688
1 0.483154296875 0.79302978515625 0.0240020751953125 0.08542404174804688
1 0.63427734375 0.727593994140625 0.028106689453125 0.060398101806640625
0 0.8291015625 0.6188232421875 0.053192138671875 0.05904388427734375
1 0.783203125 0.37701416015625 0.0261077880859375 0.05752716064453125
1 0.634765625 0.431182861328125 0.0236053466796875 0.06765670776367187
1 0.1761474609375 0.3399627685546875 0.03594970703125 0.0647857666015625
1 0.1015625 0.3364959716796875 0.02886962890625 0.04276618957519531
1 0.71044921875 0.9412353515625 0.0295867919921875 0.062131500244140624
1 0.88134765625 0.33021240234375 0.0224609375 0.06223983764648437
1 0.1790771484375 0.589788818359375 0.0322265625 0.05666046142578125
0 0.42529296875 0.52261962890625 0.04949951171875 0.039705657958984376
1 0.9619140625 0.475384521484375 0.034881591796875 0.07074432373046875
1 0.80859375 0.696392822265625 0.0285491943359375 0.06765670776367187
1 0.744140625 0.95076904296875 0.036834716796875 0.06251068115234375
1 0.86572265625 0.17106475830078124 0.023773193359375 0.062835693359375
1 0.52294921875 0.2519927978515625 0.0262603759765625 0.062023162841796875
1 0.50146484375 0.354913330078125 0.0237274169921875 0.061102294921875
1 0.6328125 0.13076324462890626 0.01302337646484375 0.068902587890625
1 0.6982421875 0.4391998291015625 0.024139404296875 0.08932418823242187
1 0.74951171875 0.3317291259765625 0.0266571044921875 0.0682525634765625
1 0.1517333984375 0.2818939208984375 0.0290374755859375 0.06321487426757813
1 0.6181640625 0.2270751953125 0.0174407958984375 0.0496185302734375
1 0.03662109375 0.92650146484375 0.03759765625 0.05839385986328125
1 0.546875 0.3620635986328125 0.02630615234375 0.06538162231445313
1 0.2401123046875 0.266943359375 0.0264129638671875 0.062835693359375
1 0.41162109375 0.248309326171875 0.0280609130859375 0.0565521240234375
1 0.63427734375 0.29034423828125 0.0255126953125 0.07914047241210938
1 0.4814453125 0.3403961181640625 0.02447509765625 0.060398101806640625
1 0.192138671875 0.213641357421875 0.0216217041015625 0.06776504516601563
1 0.732421875 0.1020538330078125 0.02606201171875 0.07513198852539063
1 0.29638671875 0.2927276611328125 0.027008056640625 0.06418991088867188
1 0.87744140625 0.276910400390625 0.0261993408203125 0.06018142700195313
1 0.87890625 0.83463134765625 0.030731201171875 0.063702392578125
1 0.68896484375 0.343646240234375 0.01953125 0.046341323852539064
1 0.352294921875 0.9689697265625 0.036285400390625 0.05262489318847656
1 0.0855712890625 0.25220947265625 0.0293121337890625 0.06489410400390624
1 0.0276947021484375 0.253076171875 0.024566650390625 0.05687713623046875
1 0.72216796875 0.3789642333984375 0.031982421875 0.043524551391601565
1 0.255126953125 0.2097412109375 0.019012451171875 0.061102294921875
1 0.8154296875 0.241375732421875 0.0310211181640625 0.06982345581054687
1 0.7080078125 0.81383056640625 0.0352783203125 0.059748077392578126
1 0.45166015625 0.295111083984375 0.0289764404296875 0.07220687866210937
1 0.5673828125 0.2251251220703125 0.0196380615234375 0.04823722839355469
1 0.5517578125 0.2979278564453125 0.025177001953125 0.07442779541015625
1 0.354736328125 0.263909912109375 0.026702880859375 0.052922821044921874
1 0.0616455078125 0.2147247314453125 0.0285491943359375 0.05861053466796875
1 0.403564453125 0.321978759765625 0.020416259765625 0.05926055908203125
1 0.8193359375 0.17691497802734374 0.0230712890625 0.072369384765625
1 0.515625 0.2998779296875 0.020721435546875 0.06018142700195313
1 0.55078125 0.243975830078125 0.019866943359375 0.04409332275390625
1 0.6689453125 0.2610931396484375 0.0202484130859375 0.06440658569335937
1 0.62548828125 0.4004150390625 0.029144287109375 0.0400848388671875
1 0.2235107421875 0.178106689453125 0.0257110595703125 0.05546875
1 0.68505859375 0.10021209716796875 0.01666259765625 0.04328079223632812
1 0.427001953125 0.3655303955078125 0.017852783203125 0.04344329833984375
1 0.986328125 0.0730194091796875 0.0180511474609375 0.0730194091796875
1 0.67919921875 0.225775146484375 0.019195556640625 0.0561187744140625
1 0.67431640625 0.14918060302734376 0.02044677734375 0.052814483642578125
1 0.01395416259765625 0.2186248779296875 0.027008056640625 0.034397125244140625