0 0.6854166666666667 0.41805555555555557 0.04375 0.062037037037037036
0 0.7755208333333333 0.5879629629629629 0.04739583333333333 0.044444444444444446
0 0.5546875 0.6597222222222222 0.04791666666666667 0.046296296296296294
0 0.7416666666666667 0.3509259259259259 0.05 0.04537037037037037
0 0.38645833333333335 0.5236111111111111 0.05260416666666667 0.04351851851851852
0 0.69140625 0.5976851851851852 0.0484375 0.046296296296296294
0 0.6747395833333333 0.5319444444444444 0.0484375 0.04351851851851852
0 0.5614583333333333 0.5314814814814814 0.027083333333333334 0.05740740740740741
0 0.2989583333333333 0.6652777777777777 0.04739583333333333 0.046296296296296294
0 0.26666666666666666 0.5162037037037037 0.05 0.041666666666666664
0 0.5341145833333333 0.575 0.04895833333333333 0.046296296296296294
0 0.24401041666666667 0.3990740740740741 0.026041666666666668 0.06666666666666667
0 0.66640625 0.6791666666666667 0.023958333333333335 0.05185185185185185
0 0.3026041666666667 0.6263888888888889 0.05 0.05462962962962963
0 0.5484375 0.8597222222222223 0.017708333333333333 0.05462962962962963