0 0.6669921875 0.563787841796875 0.05059814453125 0.045122528076171876
0 0.186279296875 0.4662841796875 0.051666259765625 0.046774673461914065
0 0.06964111328125 0.42901611328125 0.0311431884765625 0.059856414794921875
1 0.515625 0.2940277099609375 0.029083251953125 0.07047348022460938
1 0.77001953125 0.3533966064453125 0.025909423828125 0.048968505859375
1 0.47900390625 0.3221954345703125 0.021697998046875 0.06700668334960938
1 0.14794921875 0.335845947265625 0.0333251953125 0.07247772216796874
1 0.65673828125 0.3694305419921875 0.019683837890625 0.061914825439453126
1 0.39306640625 0.282977294921875 0.0260009765625 0.05817718505859375
1 0.20654296875 0.21244964599609376 0.0225067138671875 0.08249893188476562
1 0.2352294921875 0.3161285400390625 0.0278472900390625 0.059748077392578126
0 0.9423828125 0.523486328125 0.05560302734375 0.04886016845703125
1 0.34765625 0.328912353515625 0.0262603759765625 0.06251068115234375
1 0.6591796875 0.17626495361328126 0.0215301513671875 0.060398101806640625
1 0.85302734375 0.4004150390625 0.023284912109375 0.06489410400390624
1 0.9296875 0.3692138671875 0.03131103515625 0.06527328491210938
1 0.83056640625 0.1358551025390625 0.0238189697265625 0.07274856567382812
1 0.69873046875 0.20020751953125 0.01898193359375 0.06077728271484375
1 0.98779296875 0.3412628173828125 0.0226287841796875 0.062835693359375
1 0.65869140625 0.2992279052734375 0.0235595703125 0.05926055908203125
1 0.4560546875 0.258709716796875 0.0179901123046875 0.055062484741210935
1 0.31884765625 0.273443603515625 0.0216522216796875 0.0608856201171875
1 0.62548828125 0.10037460327148437 0.0187225341796875 0.06440658569335937
1 0.054412841796875 0.301611328125 0.0299224853515625 0.06500244140625
1 0.17919921875 0.2602264404296875 0.0222930908203125 0.059423065185546874
1 0.8662109375 0.2329254150390625 0.01971435546875 0.061102294921875
1 0.348876953125 0.2363922119140625 0.02484130859375 0.05796051025390625
1 0.0141754150390625 0.2350921630859375 0.024932861328125 0.06359405517578125
1 0.5791015625 0.19847412109375 0.01406097412109375 0.060289764404296876
1 0.873046875 0.45328369140625 0.0352783203125 0.06169815063476562
1 0.82958984375 0.309844970703125 0.0352783203125 0.065869140625
1 0.9755859375 0.21916656494140624 0.0258636474609375 0.062023162841796875
1 0.1405029296875 0.2337921142578125 0.02484130859375 0.06440658569335937
1 0.063720703125 0.2324920654296875 0.03033447265625 0.06180648803710938
1 0.374755859375 0.97156982421875 0.0294189453125 0.04988937377929688
1 0.94873046875 0.3033447265625 0.0280609130859375 0.05517082214355469
1 0.76611328125 0.1666229248046875 0.0276947021484375 0.077569580078125
1 0.89013671875 0.389581298828125 0.02288818359375 0.05709381103515625
1 0.71044921875 0.2736602783203125 0.0271148681640625 0.06711502075195312
1 0.298095703125 0.3156951904296875 0.02056884765625 0.06310653686523438
1 0.12249755859375 0.882733154296875 0.029876708984375 0.06418991088867188
1 0.615234375 0.17973175048828124 0.022674560546875 0.05709381103515625
1 0.748046875 0.2582763671875 0.0313720703125 0.06440658569335937
1 0.1165771484375 0.2727935791015625 0.0261993408203125 0.06169815063476562
1 0.1798095703125 0.92216796875 0.03436279296875 0.06765670776367187
1 0.98583984375 0.426849365234375 0.0276947021484375 0.08542404174804688
1 0.73046875 0.13607177734375 0.0211639404296875 0.05154151916503906
1 0.1922607421875 0.165972900390625 0.015838623046875 0.04915809631347656
0 0.1339111328125 0.55035400390625 0.056640625 0.05465621948242187
1 0.69775390625 0.915234375 0.03594970703125 0.0537353515625
0 0.95458984375 0.0855865478515625 0.0321044921875 0.07009429931640625
1 0.5361328125 0.2134246826171875 0.0141143798828125 0.03499298095703125
1 0.8037109375 0.95943603515625 0.02508544921875 0.04877891540527344
1 0.499267578125 0.19674072265625 0.01525115966796875 0.049997711181640626
1 0.26806640625 0.1393218994140625 0.0164031982421875 0.04934768676757813
1 0.014617919921875 0.3490631103515625 0.0285491943359375 0.06814422607421874
0 0.7137891609883062 0.4953186035156249 0.06013835282807478 0.05546875000000004