1 0.58251953125 0.14029947916666666 0.0201416015625 0.059136284722222224
0 0.60546875 0.2710503472222222 0.04168701171875 0.03895399305555555
0 0.83984375 0.47265625 0.0496826171875 0.04820421006944445
0 0.71875 0.4114583333333333 0.0472412109375 0.061686197916666664
0 0.5263671875 0.3993055555555556 0.042388916015625 0.054443359375
0 0.83056640625 0.3700086805555556 0.052337646484375 0.04367404513888889
0 0.6650390625 0.3374565972222222 0.04046630859375 0.06776258680555555
0 0.235107421875 0.35546875 0.046905517578125 0.04641384548611111
0 0.1124267578125 0.4813368055555556 0.05450439453125 0.04885525173611111
0 0.02433013916015625 0.4084201388888889 0.0486602783203125 0.04416232638888889
0 0.256103515625 0.3151041666666667 0.033966064453125 0.041558159722222224
1 0.5628720238095241 0.14417989417989419 0.017113095238095254 0.08201058201058202