1 0.9482421875 0.07220687866210937 0.0171051025390625 0.0699859619140625
0 0.54736328125 0.62835693359375 0.055938720703125 0.041005706787109374
0 0.5732421875 0.564654541015625 0.053497314453125 0.042522430419921875
0 0.56884765625 0.510052490234375 0.055419921875 0.04563713073730469
1 0.1217041015625 0.4062652587890625 0.0204925537109375 0.052922821044921874
1 0.362548828125 0.3854644775390625 0.0184783935546875 0.068035888671875
1 0.9482421875 0.360980224609375 0.02947998046875 0.068035888671875
1 0.548828125 0.418182373046875 0.02215576171875 0.06749420166015625
0 0.76220703125 0.56595458984375 0.0537109375 0.03957023620605469
0 0.9697265625 0.611456298828125 0.0604248046875 0.045203781127929686
0 0.402099609375 0.520452880859375 0.050506591796875 0.04812889099121094
1 0.40185546875 0.802130126953125 0.02886962890625 0.06272735595703124
1 0.71923828125 0.793896484375 0.029144287109375 0.05538749694824219
1 0.923828125 0.260443115234375 0.034820556640625 0.06310653686523438
1 0.2427978515625 0.69942626953125 0.0240936279296875 0.0591522216796875
1 0.5322265625 0.3416961669921875 0.0264129638671875 0.06332321166992187
1 0.327880859375 0.354913330078125 0.024383544921875 0.06169815063476562
1 0.8798828125 0.305078125 0.035400390625 0.07036514282226562
0 0.62353515625 0.459783935546875 0.028106689453125 0.05311241149902344
1 0.029205322265625 0.2979278564453125 0.03125 0.06624832153320312
1 0.900390625 0.8736328125 0.036895751953125 0.054439544677734375
1 0.1448974609375 0.795196533203125 0.0282745361328125 0.06272735595703124
1 0.6923828125 0.12567138671875 0.0217742919921875 0.06180648803710938
1 0.87451171875 0.7158935546875 0.0341796875 0.05817718505859375
1 0.394287109375 0.342779541015625 0.03338623046875 0.06180648803710938
1 0.7841796875 0.2337921142578125 0.0185394287109375 0.06418991088867188
1 0.7626953125 0.4110321044921875 0.0323486328125 0.06321487426757813
1 0.826171875 0.041330718994140626 0.01560211181640625 0.047235107421875
0 0.4091796875 0.44808349609375 0.050323486328125 0.041980743408203125
1 0.5732421875 0.38221435546875 0.0255584716796875 0.061589813232421874
0 0.75146484375 0.620989990234375 0.057373046875 0.053329086303710936
1 0.30859375 0.873199462890625 0.032470703125 0.05037689208984375
1 0.1702880859375 0.740594482421875 0.03424072265625 0.056768798828125
0 0.404541015625 0.576788330078125 0.04486083984375 0.040247344970703126
1 0.05780029296875 0.90570068359375 0.03802490234375 0.06180648803710938
1 0.2259521484375 0.4357330322265625 0.029754638671875 0.0639190673828125
1 0.798828125 0.18319854736328126 0.015777587890625 0.06467742919921875
1 0.71728515625 0.3815643310546875 0.0276947021484375 0.06841506958007812
1 0.98388671875 0.89530029296875 0.0305023193359375 0.05882720947265625
0 0.0460205078125 0.4662841796875 0.0257110595703125 0.061589813232421874
0 0.71533203125 0.5009521484375 0.047607421875 0.04276618957519531
1 0.8798828125 0.80343017578125 0.0254669189453125 0.060289764404296876
1 0.18310546875 0.3629302978515625 0.03192138671875 0.0656524658203125
1 0.90673828125 0.4454833984375 0.021240234375 0.054872894287109376
0 0.07147216796875 0.56075439453125 0.04876708984375 0.043768310546875
1 0.9638671875 0.162506103515625 0.02838134765625 0.06440658569335937
1 0.58154296875 0.89703369140625 0.027374267578125 0.05963973999023438
1 0.1697998046875 0.21678314208984376 0.022247314453125 0.05202903747558594
1 0.9775390625 0.2229583740234375 0.032958984375 0.07193603515625
1 0.26123046875 0.3681304931640625 0.021453857421875 0.05904388427734375
1 0.6982421875 0.29901123046875 0.02001953125 0.06489410400390624
1 0.2374267578125 0.32154541015625 0.0282135009765625 0.0587188720703125
1 0.708984375 0.2576263427734375 0.019561767578125 0.0587188720703125
1 0.1531982421875 0.3096282958984375 0.0302734375 0.059964752197265624
1 0.6787109375 0.3726806640625 0.0240936279296875 0.08499069213867187
1 0.59619140625 0.224041748046875 0.02191162109375 0.06251068115234375
1 0.363525390625 0.2428924560546875 0.0137939453125 0.05644378662109375
1 0.50244140625 0.260443115234375 0.0203399658203125 0.0513519287109375
1 0.10992431640625 0.2394256591796875 0.0244293212890625 0.0572021484375
1 0.35888671875 0.2948944091796875 0.0189361572265625 0.07020263671875
1 0.302001953125 0.299444580078125 0.019378662109375 0.06467742919921875
1 0.31201171875 0.2407257080078125 0.021697998046875 0.058502197265625
1 0.04052734375 0.229241943359375 0.03204345703125 0.07144851684570312
1 0.416748046875 0.28167724609375 0.0163421630859375 0.03799934387207031
1 0.5625 0.770062255859375 0.027008056640625 0.0537353515625
1 0.8466796875 0.904833984375 0.030853271484375 0.04292869567871094
1 0.2978515625 0.701593017578125 0.0246124267578125 0.04536628723144531
1 0.63134765625 0.2909942626953125 0.024383544921875 0.0591522216796875
1 0.07781982421875 0.1887237548828125 0.01507568359375 0.04070777893066406
1 0.266357421875 0.3013946533203125 0.03192138671875 0.06662750244140625
1 0.568359375 0.9793701171875 0.02691650390625 0.03962440490722656
1 0.322265625 0.76356201171875 0.0225067138671875 0.06321487426757813
1 0.65869140625 0.20616607666015624 0.017181396484375 0.04972686767578125
1 0.251953125 0.241375732421875 0.0184326171875 0.045799636840820314
1 0.126953125 0.706793212890625 0.0245208740234375 0.04436416625976562
0 0.9619140625 0.10394973754882812 0.0284881591796875 0.06402740478515626
1 0.9912109375 0.4058319091796875 0.01507568359375 0.052922821044921874
1 0.71142578125 0.8892333984375 0.02630615234375 0.06982345581054687
1 0.6279296875 0.1774566650390625 0.0160980224609375 0.060398101806640625