0 0.484375 0.3888888888888889 0.04791666666666667 0.04537037037037037
0 0.6958333333333333 0.3768518518518518 0.050520833333333334 0.041666666666666664
1 0.9731770833333333 0.45787037037037037 0.036458333333333336 0.049074074074074076
0 0.2953125 0.325 0.04479166666666667 0.046296296296296294
0 0.67890625 0.5518518518518518 0.030729166666666665 0.05648148148148148
0 0.40286458333333336 0.45185185185185184 0.04895833333333333 0.04259259259259259
0 0.95078125 0.40324074074074073 0.0515625 0.03981481481481482
0 0.24713541666666666 0.3731481481481482 0.04895833333333333 0.049074074074074076
1 0.14010416666666667 0.24537037037037038 0.023958333333333335 0.041666666666666664
0 0.62109375 0.15 0.0375 0.032407407407407406
0 0.1 0.42407407407407405 0.046875 0.04537037037037037
0 0.47213541666666664 0.3458333333333333 0.046875 0.05185185185185185