1 0.88232421875 0.9539930555555556 0.02276611328125 0.0627170138888889
0 0.8642578125 0.3515625 0.049041748046875 0.04443359375
0 0.85595703125 0.4479166666666667 0.04803466796875 0.04684787326388889
0 0.7919921875 0.3138020833333333 0.026153564453125 0.06282552083333333
0 0.1351318359375 0.3721788194444444 0.050994873046875 0.038872612847222224
0 0.271728515625 0.3528645833333333 0.04803466796875 0.04172092013888889
0 0.88720703125 0.3971354166666667 0.0489501953125 0.04163953993055555
0 0.55322265625 0.2960069444444444 0.0460205078125 0.04578993055555555
0 0.9453125 0.8372395833333334 0.06097412109375 0.051323784722222224
0 0.016845703125 0.3858506944444444 0.03240966796875 0.037407769097222224
0 0.1844482421875 0.8064236111111112 0.053802490234375 0.07823350694444445
0 0.578125 0.11859809027777778 0.018096923828125 0.06212022569444445
1 0.8638392857142861 0.9490740740740745 0.023809523809523843 0.07539682539682552