0 0.8994791666666667 0.4425925925925926 0.030729166666666665 0.062037037037037036
0 0.45260416666666664 0.3675925925925926 0.052083333333333336 0.06111111111111111
0 0.26458333333333334 0.575 0.04739583333333333 0.04537037037037037
0 0.33255208333333336 0.4388888888888889 0.04739583333333333 0.04259259259259259
0 0.4515625 0.587037037037037 0.04739583333333333 0.04259259259259259
0 0.22265625 0.4837962962962963 0.0484375 0.04351851851851852
0 0.05364583333333333 0.5745370370370371 0.04895833333333333 0.040740740740740744
0 0.6002604166666666 0.45601851851851855 0.04895833333333333 0.040740740740740744
0 0.9028645833333333 0.6990740740740741 0.025 0.05185185185185185
0 0.7604166666666666 0.5208333333333334 0.025520833333333333 0.053703703703703705
0 0.6731770833333334 0.49212962962962964 0.030208333333333334 0.05925925925925926
0 0.17864583333333334 0.6310185185185185 0.028125 0.05555555555555555
0 0.7880208333333333 0.5939814814814814 0.027083333333333334 0.04351851851851852
0 0.15729166666666666 0.4125 0.0421875 0.05185185185185185
0 0.7895833333333333 0.6847222222222222 0.0203125 0.058333333333333334
0 0.4395833333333333 0.8486111111111111 0.019270833333333334 0.06481481481481481