1 0.12200927734375 0.4296661376953125 0.0271148681640625 0.061102294921875
1 0.53564453125 0.42728271484375 0.024383544921875 0.0639190673828125
0 0.64501953125 0.57548828125 0.053314208984375 0.04669342041015625
1 0.703125 0.4004150390625 0.0169219970703125 0.06673583984375
0 0.51171875 0.556854248046875 0.05291748046875 0.04149322509765625
0 0.420166015625 0.583721923828125 0.03240966796875 0.06381072998046874
0 0.27001953125 0.480584716796875 0.050994873046875 0.044255828857421874
1 0.485107421875 0.85543212890625 0.03515625 0.054954147338867186
1 0.68115234375 0.1995574951171875 0.018646240234375 0.06971511840820313
1 0.57080078125 0.31201171875 0.0279083251953125 0.06343154907226563
1 0.5234375 0.352313232421875 0.023651123046875 0.06971511840820313
1 0.179931640625 0.835931396484375 0.036773681640625 0.0591522216796875
1 0.284912109375 0.3438629150390625 0.01983642578125 0.059856414794921875
1 0.63427734375 0.13076324462890626 0.024993896484375 0.06451492309570313
0 0.86279296875 0.599322509765625 0.056549072265625 0.050756072998046874
1 0.0592041015625 0.4101654052734375 0.0328369140625 0.06917343139648438
1 0.857421875 0.4170989990234375 0.02484130859375 0.0734527587890625
0 0.970703125 0.64742431640625 0.058990478515625 0.059856414794921875
1 0.955078125 0.16196441650390625 0.027008056640625 0.06576080322265625
1 0.0753173828125 0.744061279296875 0.03173828125 0.054439544677734375
1 0.059112548828125 0.34061279296875 0.0191650390625 0.04942893981933594
1 0.9013671875 0.35968017578125 0.0245208740234375 0.0578521728515625
1 0.22216796875 0.3026947021484375 0.033966064453125 0.06527328491210938
1 0.86328125 0.1787567138671875 0.0220794677734375 0.06624832153320312
1 0.84130859375 0.349713134765625 0.029876708984375 0.06099395751953125
1 0.20263671875 0.18969879150390626 0.02288818359375 0.061102294921875
1 0.22265625 0.683392333984375 0.03460693359375 0.07946548461914063
1 0.8779296875 0.250042724609375 0.0287628173828125 0.06635665893554688
1 0.67626953125 0.2992279052734375 0.025665283203125 0.04704551696777344
1 0.443359375 0.3256622314453125 0.01763916015625 0.06381072998046874
1 0.9765625 0.25654296875 0.0309600830078125 0.07318191528320313
1 0.45166015625 0.97330322265625 0.0202178955078125 0.052814483642578125
1 0.64501953125 0.6517578125 0.0345458984375 0.05414161682128906
0 0.2255859375 0.571588134765625 0.049041748046875 0.07399444580078125
1 0.2076416015625 0.774395751953125 0.03155517578125 0.054547882080078124
1 0.63623046875 0.8788330078125 0.03155517578125 0.04988937377929688
1 0.7373046875 0.11927947998046876 0.015838623046875 0.06077728271484375
1 0.27099609375 0.249609375 0.02288818359375 0.06077728271484375
1 0.73388671875 0.832464599609375 0.025665283203125 0.05774383544921875
1 0.480712890625 0.326312255859375 0.017181396484375 0.051731109619140625
1 0.3017578125 0.2155914306640625 0.0268096923828125 0.06548995971679687
1 0.8720703125 0.8875 0.037322998046875 0.06018142700195313
1 0.5908203125 0.718927001953125 0.02886962890625 0.0556854248046875
1 0.01751708984375 0.2771270751953125 0.0310211181640625 0.06429824829101563
1 0.97998046875 0.386981201171875 0.039276123046875 0.0881866455078125
1 0.08660888671875 0.3009613037109375 0.0237274169921875 0.05666046142578125
1 0.513671875 0.2615264892578125 0.0180206298828125 0.0591522216796875
1 0.199462890625 0.9447021484375 0.0245208740234375 0.05774383544921875
1 0.8837890625 0.8164306640625 0.036224365234375 0.0565521240234375
1 0.50048828125 0.93863525390625 0.0228424072265625 0.06272735595703124
1 0.93310546875 0.054439544677734375 0.0165863037109375 0.0699859619140625
1 0.057708740234375 0.2428924560546875 0.021331787109375 0.06310653686523438
1 0.43017578125 0.4088653564453125 0.03173828125 0.0556854248046875
1 0.65087890625 0.750128173828125 0.034423828125 0.0574188232421875
1 0.4638671875 0.709393310546875 0.034820556640625 0.050756072998046874
1 0.740234375 0.2745269775390625 0.0216522216796875 0.054872894287109376
1 0.91357421875 0.2155914306640625 0.0187225341796875 0.04124946594238281
1 0.42919921875 0.256109619140625 0.01467132568359375 0.036997222900390626
1 0.8173828125 0.30767822265625 0.0210418701171875 0.042603683471679685
1 0.6318359375 0.359246826171875 0.023193359375 0.06310653686523438
1 0.5947265625 0.21288299560546875 0.0179901123046875 0.04393081665039063
1 0.8037109375 0.164239501953125 0.011688232421875 0.06489410400390624
1 0.058349609375 0.18644866943359376 0.0197601318359375 0.0461517333984375
1 0.35791015625 0.24354248046875 0.0169830322265625 0.04598922729492187
1 0.468017578125 0.23487548828125 0.016021728515625 0.05414161682128906
1 0.51708984375 0.75316162109375 0.029815673828125 0.055902099609375