0 0.2338717969225461 0.456232895085841 0.03893571222497988 0.05763549804687504
1 0.52978515625 0.364013671875 0.021087646484375 0.07724456787109375
1 0.323486328125 0.4006317138671875 0.0313720703125 0.06099395751953125
1 0.90380859375 0.3447296142578125 0.0287017822265625 0.043687057495117185
0 0.90380859375 0.73582763671875 0.04052734375 0.056768798828125
1 0.2978515625 0.2792938232421875 0.0294189453125 0.06516494750976562
0 0.391357421875 0.59368896484375 0.051849365234375 0.049537277221679686
1 0.86865234375 0.3902313232421875 0.0235595703125 0.047235107421875
0 0.469970703125 0.53475341796875 0.0552978515625 0.06917343139648438
0 0.62890625 0.581988525390625 0.05059814453125 0.04650382995605469
0 0.9013671875 0.621856689453125 0.035491943359375 0.05904388427734375
0 0.79541015625 0.63182373046875 0.0316162109375 0.05601043701171875
1 0.317626953125 0.890966796875 0.0413818359375 0.05384368896484375
0 0.6669921875 0.64569091796875 0.049957275390625 0.04626007080078125
1 0.70361328125 0.359246826171875 0.0235137939453125 0.0730194091796875
1 0.978515625 0.2485260009765625 0.0321044921875 0.058935546875
0 0.6396484375 0.3442962646484375 0.044769287109375 0.04409332275390625
1 0.9150390625 0.456317138671875 0.0254669189453125 0.062835693359375
1 0.4208984375 0.3122283935546875 0.018646240234375 0.06332321166992187
0 0.056640625 0.50875244140625 0.049407958984375 0.04054527282714844
1 0.0280609130859375 0.683392333984375 0.0296478271484375 0.06603164672851562
1 0.1578369140625 0.3980316162109375 0.0255584716796875 0.06603164672851562
1 0.226318359375 0.28427734375 0.0293731689453125 0.06673583984375
1 0.830078125 0.8996337890625 0.037384033203125 0.07784042358398438
1 0.5810546875 0.830731201171875 0.035400390625 0.0834197998046875
1 0.62353515625 0.2359588623046875 0.0224151611328125 0.06516494750976562
1 0.1849365234375 0.231842041015625 0.0247955322265625 0.05963973999023438
1 0.72119140625 0.25567626953125 0.0273284912109375 0.06624832153320312
1 0.66552734375 0.2758270263671875 0.02752685546875 0.05579376220703125
1 0.328857421875 0.3100616455078125 0.0209197998046875 0.0639190673828125
1 0.84326171875 0.42208251953125 0.028167724609375 0.06099395751953125
1 0.64453125 0.4084320068359375 0.0231475830078125 0.07220687866210937
0 0.5986328125 0.702459716796875 0.05706787109375 0.06467742919921875
1 0.90869140625 0.20443267822265626 0.02203369140625 0.056768798828125
1 0.96875 0.1334716796875 0.025421142578125 0.06711502075195312
1 0.75341796875 0.3672637939453125 0.01898193359375 0.06299819946289062
0 0.394287109375 0.656524658203125 0.05023193359375 0.08769912719726562
1 0.12432861328125 0.2420257568359375 0.0230255126953125 0.05817718505859375
1 0.634765625 0.09273681640625 0.01525115966796875 0.07144851684570312
1 0.77734375 0.2974945068359375 0.0211181640625 0.06223983764648437
1 0.876953125 0.285577392578125 0.0238189697265625 0.0574188232421875
1 0.85009765625 0.19814910888671874 0.0212860107421875 0.06429824829101563
1 0.8212890625 0.16889801025390624 0.02447509765625 0.06727752685546876
1 0.8271484375 0.2853607177734375 0.0174407958984375 0.0322845458984375
1 0.08282470703125 0.2489593505859375 0.0296478271484375 0.05124359130859375
1 0.92919921875 0.29727783203125 0.027435302734375 0.06180648803710938
1 0.56982421875 0.21894989013671876 0.01666259765625 0.06359405517578125
1 0.59765625 0.31114501953125 0.025909423828125 0.06814422607421874
1 0.7802734375 0.2355255126953125 0.0289306640625 0.0574188232421875
1 0.7802734375 0.148638916015625 0.015899658203125 0.050756072998046874
0 0.4925387891100458 0.4779846191406247 0.0398054632015424 0.05655212402343754
0 0.798047520268214 0.51221923828125 0.04933782586469337 0.054764556884765676