0 0.1466064453125 0.4709201388888889 0.054595947265625 0.042426215277777776
0 0.413818359375 0.3365885416666667 0.048675537109375 0.04676649305555555
0 0.36572265625 0.4661458333333333 0.049041748046875 0.03993055555555555
0 0.3056640625 0.4149305555555556 0.0489501953125 0.041314019097222224
0 0.4921875 0.3956163194444444 0.049407958984375 0.046576605902777776
0 0.14697265625 0.3305121527777778 0.04840087890625 0.04115125868055555
0 0.58447265625 0.4090711805555556 0.046295166015625 0.04519314236111111
0 0.47607421875 0.453125 0.048309326171875 0.043267144097222224
0 0.383056640625 0.6302083333333334 0.051544189453125 0.060872395833333336
0 0.0726318359375 0.3472222222222222 0.0472412109375 0.06526692708333333
0 0.4892578125 0.5768229166666666 0.047515869140625 0.0681423611111111
0 0.035552978515625 0.5933159722222222 0.05419921875 0.04307725694444445
0 0.0202789306640625 0.4908854166666667 0.040557861328125 0.03968641493055555
0 0.476318359375 0.2951388888888889 0.02685546875 0.04519314236111111
0 0.54931640625 0.14778645833333334 0.0167236328125 0.04554578993055555
0 0.716796875 0.6610243055555556 0.05126953125 0.05381944444444445