0 0.66650390625 0.4574652777777778 0.044189453125 0.04432508680555555
0 0.69091796875 0.5590277777777778 0.049774169921875 0.043999565972222224
0 0.317626953125 0.6102430555555556 0.0496826171875 0.043267144097222224
0 0.15771484375 0.3969184027777778 0.047332763671875 0.046142578125
0 0.53173828125 0.6610243055555556 0.05059814453125 0.040608723958333336
0 0.495849609375 0.5707465277777778 0.0455322265625 0.046332465277777776
0 0.92578125 0.3650173611111111 0.047515869140625 0.048665364583333336
0 0.264892578125 0.4242621527777778 0.05059814453125 0.04052734375
0 0.9296875 0.6028645833333334 0.048858642578125 0.05772569444444445
0 0.298828125 0.330078125 0.0472412109375 0.051812065972222224
0 0.453125 0.4025607638888889 0.0272674560546875 0.054443359375
0 0.22802734375 0.5316840277777778 0.0496826171875 0.043158637152777776
0 0.139892578125 0.3363715277777778 0.0455322265625 0.04123263888888889
0 0.254150390625 0.4839409722222222 0.04913330078125 0.048583984375
0 0.0794677734375 0.4505208333333333 0.04443359375 0.058919270833333336
0 0.8818359375 0.4279513888888889 0.04779052734375 0.049886067708333336
0 0.9580078125 0.9053819444444444 0.05242919921875 0.0740017361111111
0 0.3291015625 0.6866319444444444 0.048858642578125 0.061686197916666664
0 0.986053466796875 0.353515625 0.02789306640625 0.045979817708333336