0 0.0816650390625 0.3943142361111111 0.05108642578125 0.04115125868055555
0 0.8828125 0.5043402777777778 0.047607421875 0.04283311631944445
0 0.79443359375 0.3485243055555556 0.049041748046875 0.045355902777777776
0 0.389892578125 0.6319444444444444 0.050140380859375 0.055257161458333336
0 0.67529296875 0.4926215277777778 0.04595947265625 0.04196506076388889
0 0.1417236328125 0.3016493055555556 0.0472412109375 0.039008246527777776
0 0.8935546875 0.4405381944444444 0.04913330078125 0.043158637152777776
0 0.77099609375 0.4613715277777778 0.048126220703125 0.042670355902777776
0 0.35009765625 0.3947482638888889 0.050048828125 0.042670355902777776
0 0.54736328125 0.3470052083333333 0.04595947265625 0.046061197916666664
0 0.58740234375 0.6158854166666666 0.027008056640625 0.06331380208333333
0 0.21337890625 0.359375 0.04620361328125 0.037190755208333336
0 0.9169921875 0.3331163194444444 0.028656005859375 0.053412543402777776
0 0.54638671875 0.14127604166666666 0.01666259765625 0.05270724826388889
0 0.98876953125 0.3700086805555556 0.0207672119140625 0.03697374131944445
0 0.6708984375 0.3956163194444444 0.04742431640625 0.056098090277777776