1 0.655451225873761 0.7898148148148149 0.03599374021909233 0.058333333333333334
0 0.5031298904538342 0.49953703703703706 0.046426708398539386 0.046296296296296294
1 0.7952529994783516 0.861574074074074 0.03599374021909233 0.05925925925925926
1 0.5255607720396452 0.725 0.018257694314032343 0.06481481481481481
1 0.6927490871152843 0.6675925925925926 0.02608242044861763 0.05092592592592592
1 0.3252477829942619 0.19953703703703704 0.023474178403755867 0.06296296296296296
0 0.4272300469483568 0.5402777777777777 0.04434011476264997 0.06851851851851852
0 0.7882107459572248 0.5518518518518518 0.05425143453312467 0.06018518518518518
0 0.8466353677621283 0.4597222222222222 0.04903495044340115 0.04722222222222222
1 0.9593114241001565 0.6370370370370371 0.03442879499217527 0.05185185185185185
1 0.4507042253521127 0.3314814814814815 0.016692749087115284 0.06851851851851852
0 0.08555033907146584 0.5587962962962963 0.057902973395931145 0.04259259259259259
1 0.9765258215962441 0.5995370370370371 0.0297339593114241 0.06018518518518518
0 0.5852895148669797 0.5092592592592593 0.04747000521648409 0.04537037037037037
1 0.6833594157537819 0.3421296296296296 0.022952529994783515 0.05555555555555555
1 0.3954094940010433 0.337037037037037 0.020865936358894107 0.06388888888888888
1 0.6497130933750652 0.8935185185185185 0.036515388628064686 0.05555555555555555
0 0.6538862806468441 0.5555555555555556 0.0505998956703182 0.07592592592592592
0 0.6695357329160146 0.4546296296296296 0.053208137715179966 0.03796296296296296
1 0.770735524256651 0.700925925925926 0.03182055294731351 0.05925925925925926
1 0.38914971309337504 0.25277777777777777 0.024517475221700575 0.07037037037037037
1 0.8628064684402713 0.7606481481481482 0.04121022430881586 0.07592592592592592
1 0.2569118414188837 0.9351851851851852 0.0406885758998435 0.06481481481481481
1 0.6935315597287428 0.7199074074074074 0.024517475221700575 0.07037037037037037
0 0.7806468440271257 0.5111111111111111 0.05112154407929056 0.05277777777777778
1 0.014606155451225874 0.16620370370370371 0.02556077203964528 0.0712962962962963
1 0.9882629107981221 0.7388888888888889 0.023474178403755867 0.05740740740740741
1 0.05268648930620762 0.7791666666666667 0.037037037037037035 0.05740740740740741
1 0.8774126238914971 0.8194444444444444 0.0297339593114241 0.05925925925925926
1 0.8688054251434533 0.6393518518518518 0.029212310902451747 0.05
1 0.48930620761606675 0.8726851851851852 0.023474178403755867 0.05277777777777778
1 0.8226395409494001 0.7050925925925926 0.030777256129368807 0.062037037037037036
1 0.4921752738654147 0.8328703703703704 0.017214397496087636 0.04259259259259259
1 0.5305164319248826 0.6087962962962963 0.02608242044861763 0.06111111111111111
1 0.733698487219614 0.2638888888888889 0.019300991131977047 0.05925925925925926
1 0.24569640062597808 0.13703703703703704 0.02190923317683881 0.06944444444444445
1 0.15519040166927492 0.7935185185185185 0.03755868544600939 0.053703703703703705
1 0.8588941053729786 0.30833333333333335 0.03495044340114763 0.06018518518518518
1 0.3857589984350548 0.4 0.018257694314032343 0.06018518518518518
1 0.036515388628064686 0.6925925925925925 0.03808033385498174 0.05277777777777778
1 0.6885758998435054 0.2800925925925926 0.023995826812728223 0.049074074074074076
1 0.08685446009389672 0.16203703703703703 0.02608242044861763 0.06574074074074074
1 0.05268648930620762 0.9333333333333333 0.03442879499217527 0.0824074074074074
1 0.6335419926969222 0.39166666666666666 0.0297339593114241 0.05740740740740741
1 0.4989567031820553 0.27824074074074073 0.0198226395409494 0.0712962962962963
1 0.9827856025039123 0.8342592592592593 0.03234220135628586 0.05277777777777778
1 0.08737610850286906 0.663425925925926 0.03599374021909233 0.05185185185185185
1 0.5777256129368805 0.2740740740740741 0.02556077203964528 0.05555555555555555
1 0.3492436098069901 0.937962962962963 0.0406885758998435 0.06481481481481481
1 0.6770996348461137 0.425 0.022430881585811163 0.044444444444444446
1 0.12441314553990611 0.924074074074074 0.04434011476264997 0.05925925925925926
1 0.17240479916536255 0.2916666666666667 0.020865936358894107 0.05648148148148148
1 0.6682316118935837 0.24768518518518517 0.028169014084507043 0.06111111111111111
1 0.7803860198226396 0.23796296296296296 0.025039123630672927 0.05462962962962963
1 0.6311945748565467 0.30694444444444446 0.023995826812728223 0.05
1 0.05920709441836203 0.3236111111111111 0.022430881585811163 0.04259259259259259
1 0.8492436098069901 0.663425925925926 0.02556077203964528 0.05648148148148148
1 0.9736567553468962 0.3175925925925926 0.03182055294731351 0.06666666666666667
1 0.548774126238915 0.26296296296296295 0.0198226395409494 0.06759259259259259
1 0.18205529473135107 0.888425925925926 0.03129890453834116 0.06481481481481481
1 0.7402190923317684 0.1935185185185185 0.022952529994783515 0.049074074074074076
1 0.21726656233698488 0.2273148148148148 0.016692749087115284 0.05555555555555555
1 0.26917057902973396 0.8583333333333333 0.02034428794992175 0.05555555555555555
1 0.08946270213875848 0.3680555555555556 0.0297339593114241 0.041666666666666664
1 0.19979134063641105 0.9342592592592592 0.028690662493479395 0.058333333333333334
0 0.5388628064684403 0.5657407407407408 0.04277516953573292 0.046296296296296294
1 0.8651538862806468 0.18796296296296297 0.028169014084507043 0.05925925925925926
1 0.18883672404799165 0.14444444444444443 0.02190923317683881 0.07222222222222222
1 0.936358894105373 0.22916666666666666 0.02138758476786646 0.04351851851851852
1 0.16118935837245696 0.43148148148148147 0.030777256129368807 0.053703703703703705
1 0.28664580073030776 0.2023148148148148 0.022430881585811163 0.06481481481481481
1 0.1387584767866458 0.31805555555555554 0.022952529994783515 0.05092592592592592
1 0.6971830985915493 0.9101851851851852 0.036515388628064686 0.06018518518518518
1 0.1011997913406364 0.8495370370370371 0.03547209181011998 0.05555555555555555
1 0.636150234741784 0.21064814814814814 0.024517475221700575 0.046296296296296294
1 0.05607720396452791 0.2851851851851852 0.03182055294731351 0.046296296296296294
1 0.1562336984872196 0.8569444444444444 0.03338549817423057 0.06944444444444445
1 0.6058946270213876 0.2074074074074074 0.018257694314032343 0.05277777777777778
1 0.1278038601982264 0.14305555555555555 0.01773604590505999 0.06574074074074074
1 0.9551382368283776 0.2671296296296296 0.028690662493479395 0.06388888888888888
1 0.34872196139801775 0.24768518518518517 0.023995826812728223 0.04722222222222222
1 0.8140323422013563 0.2865740740740741 0.027125717266562335 0.062037037037037036
0 0.17579551382368283 0.36064814814814816 0.041731872717788214 0.044444444444444446
1 0.037037037037037035 0.7347222222222223 0.027125717266562335 0.044444444444444446
1 0.8341158059467919 0.22361111111111112 0.03129890453834116 0.05648148148148148
1 0.8763693270735524 0.26851851851851855 0.02556077203964528 0.041666666666666664
1 0.5936358894105372 0.32731481481481484 0.026604068857589983 0.06481481481481481
1 0.15336463223787167 0.7384259259259259 0.03390714658320292 0.046296296296296294
1 0.8909754825247783 0.22546296296296298 0.027125717266562335 0.06111111111111111
1 0.99113197704747 0.24861111111111112 0.01773604590505999 0.049074074074074076
1 0.9183620239958268 0.29814814814814816 0.03182055294731351 0.046296296296296294
1 0.3622848200312989 0.1050925925925926 0.014606155451225874 0.07222222222222222
1 0.2005738132498696 0.4263888888888889 0.02764736567553469 0.026851851851851852
1 0.6695357329160146 0.18009259259259258 0.014606155451225874 0.037037037037037035
1 0.687793427230047 0.3925925925925926 0.030777256129368807 0.03981481481481482
1 0.7021387584767866 0.2412037037037037 0.03182055294731351 0.040740740740740744
1 0.5816379760041732 0.23703703703703705 0.02034428794992175 0.04814814814814815
1 0.24856546687532602 0.09953703703703703 0.014084507042253521 0.05
1 0.6421491914449661 0.2712962962962963 0.03234220135628586 0.04537037037037037
1 0.13615023474178403 0.28055555555555556 0.03025560772039645 0.03796296296296296
1 0.7866458007303078 0.16157407407407406 0.02764736567553469 0.04259259259259259
1 0.15336463223787167 0.30787037037037035 0.018257694314032343 0.04259259259259259