1 0.15362545644235784 0.7513888888888889 0.030777256129368807 0.06481481481481481
1 0.19014084507042253 0.7333333333333333 0.02138758476786646 0.058333333333333334
1 0.3865414710485133 0.7393518518518518 0.01617110067814293 0.062037037037037036
1 0.2587376108502869 0.6351851851851852 0.023474178403755867 0.06851851851851852
1 0.22326551904016692 0.7569444444444444 0.028690662493479395 0.062037037037037036
1 0.02060511215440793 0.6898148148148148 0.03808033385498174 0.06481481481481481
1 0.19718309859154928 0.6319444444444444 0.025039123630672927 0.05185185185185185
1 0.08242044861763172 0.649074074074074 0.0297339593114241 0.0712962962962963
0 0.6343244653103808 0.5087962962962963 0.05112154407929056 0.044444444444444446
1 0.6987480438184663 0.6486111111111111 0.022430881585811163 0.06666666666666667
1 0.41027647365675535 0.6314814814814815 0.020865936358894107 0.04814814814814815
0 0.20005216484089725 0.5222222222222223 0.05372978612415232 0.044444444444444446
0 0.14188836724047993 0.6337962962962963 0.027125717266562335 0.07037037037037037
1 0.5172143974960877 0.687037037037037 0.02190923317683881 0.06111111111111111
0 0.5401669274908711 0.5356481481481481 0.046426708398539386 0.05
1 0.7845592070944184 0.6601851851851852 0.03025560772039645 0.06666666666666667
0 0.3873239436619718 0.36944444444444446 0.059989567031820554 0.058333333333333334
0 0.2102243088158581 0.36712962962962964 0.05112154407929056 0.05
1 0.35837245696400627 0.662962962962963 0.02556077203964528 0.06388888888888888
1 0.18205529473135107 0.7930555555555555 0.020865936358894107 0.06388888888888888
1 0.5346896191966615 0.7662037037037037 0.02190923317683881 0.06481481481481481
1 0.4874804381846635 0.7162037037037037 0.01564945226917058 0.06018518518518518
1 0.9608763693270735 0.8013888888888889 0.02608242044861763 0.07222222222222222
1 0.8302034428794992 0.8402777777777778 0.0297339593114241 0.06759259259259259
1 0.6387584767866458 0.8037037037037037 0.019300991131977047 0.09351851851851851
1 0.9243609806990088 0.6027777777777777 0.02556077203964528 0.06018518518518518
1 0.5941575378195096 0.649537037037037 0.02138758476786646 0.058333333333333334
1 0.5889410537297861 0.8189814814814815 0.01617110067814293 0.06574074074074074
1 0.26890975482524776 0.7606481481481482 0.025039123630672927 0.06666666666666667
1 0.9267083985393845 0.6939814814814815 0.03025560772039645 0.07037037037037037
1 0.8573291601460615 0.7791666666666667 0.020865936358894107 0.06574074074074074
1 0.4788732394366197 0.07268518518518519 0.03129890453834116 0.06666666666666667
1 0.458528951486698 0.6606481481481481 0.017214397496087636 0.04722222222222222
1 0.6622326551904016 0.7319444444444444 0.025039123630672927 0.05648148148148148
1 0.7856025039123631 0.7888888888888889 0.02034428794992175 0.06851851851851852
1 0.25952008346374544 0.13472222222222222 0.03599374021909233 0.06574074074074074
1 0.9141888367240479 0.8268518518518518 0.023995826812728223 0.0712962962962963
1 0.2303077725612937 0.6050925925925926 0.014084507042253521 0.02962962962962963
1 0.7037037037037037 0.7944444444444444 0.024517475221700575 0.06759259259259259
1 0.6684924360980699 0.034722222222222224 0.022952529994783515 0.05648148148148148
1 0.4084507042253521 0.11527777777777778 0.02138758476786646 0.06388888888888888
1 0.5083463745435577 0.7560185185185185 0.022430881585811163 0.05555555555555555