0 0.795774647887324 0.5259259259259259 0.05738132498695879 0.049074074074074076
0 0.17918622848200313 0.5125 0.05216484089723526 0.03888888888888889
0 0.9384454877412624 0.6430555555555556 0.03495044340114763 0.06481481481481481
1 0.6624934793948879 0.39675925925925926 0.018257694314032343 0.06851851851851852
0 0.2827334376630151 0.6615740740740741 0.056859676577986434 0.044444444444444446
0 0.10198226395409495 0.42453703703703705 0.0297339593114241 0.06018518518518518
0 0.13901930099113197 0.6032407407407407 0.05268648930620762 0.04722222222222222
0 0.6606677099634846 0.6263888888888889 0.04747000521648409 0.06296296296296296
1 0.14006259780907668 0.25277777777777777 0.023474178403755867 0.06388888888888888
1 0.6591027647365676 0.9046296296296297 0.03390714658320292 0.07592592592592592
1 0.13406364110589464 0.38287037037037036 0.028690662493479395 0.062037037037037036
0 0.2655190401669275 0.5976851851851852 0.053208137715179966 0.044444444444444446
0 0.10641627543035993 0.7046296296296296 0.03338549817423057 0.06296296296296296
1 0.9843505477308294 0.33287037037037037 0.026604068857589983 0.06481481481481481
1 0.8382889932185706 0.9041666666666667 0.03442879499217527 0.062037037037037036
1 0.9864371413667188 0.2601851851851852 0.023995826812728223 0.05462962962962963
1 0.859415753781951 0.13703703703703704 0.030777256129368807 0.06574074074074074
1 0.27230046948356806 0.2847222222222222 0.022430881585811163 0.062037037037037036
1 0.03938445487741262 0.2490740740740741 0.028169014084507043 0.06759259259259259
1 0.8560250391236307 0.3050925925925926 0.027125717266562335 0.058333333333333334
1 0.16588419405320814 0.2912037037037037 0.028690662493479395 0.06574074074074074
0 0.8828899321857069 0.48148148148148145 0.05581637976004173 0.046296296296296294
1 0.37167449139280123 0.34953703703703703 0.028169014084507043 0.05740740740740741
1 0.7003129890453834 0.4324074074074074 0.018257694314032343 0.06759259259259259
1 0.7055294731351069 0.3726851851851852 0.0297339593114241 0.058333333333333334
1 0.9300991131977048 0.23472222222222222 0.026604068857589983 0.07314814814814814
1 0.6382368283776735 0.10925925925925926 0.018257694314032343 0.07037037037037037
0 0.35602503912363065 0.4671296296296296 0.04434011476264997 0.06018518518518518
1 0.7172665623369848 0.2212962962962963 0.0198226395409494 0.06388888888888888
1 0.607981220657277 0.3435185185185185 0.019300991131977047 0.06574074074074074
1 0.735263432446531 0.31203703703703706 0.02608242044861763 0.044444444444444446
1 0.21570161711006783 0.3365740740740741 0.03129890453834116 0.06851851851851852
1 0.5766823161189358 0.3861111111111111 0.0297339593114241 0.05462962962962963
1 0.7681272822117893 0.16620370370370371 0.028690662493479395 0.06481481481481481
1 0.47235263432446534 0.37222222222222223 0.014606155451225874 0.03981481481481482
1 0.08242044861763172 0.2574074074074074 0.03390714658320292 0.06759259259259259
1 0.037037037037037035 0.3425925925925926 0.023995826812728223 0.053703703703703705
1 0.5537297861241524 0.33564814814814814 0.018257694314032343 0.06574074074074074
1 0.22065727699530516 0.20462962962962963 0.027125717266562335 0.05740740740740741
1 0.5878977569118414 0.24305555555555555 0.015127803860198226 0.06018518518518518
1 0.8377673448095984 0.22268518518518518 0.028690662493479395 0.06111111111111111
1 0.10928534167970788 0.8712962962962963 0.040166927490871154 0.05648148148148148
1 0.8192488262910798 0.41759259259259257 0.024517475221700575 0.04537037037037037
1 0.7944705268648931 0.28703703703703703 0.030777256129368807 0.075
1 0.9540949400104329 0.9254629629629629 0.044861763171622326 0.062037037037037036
0 0.03599374021909233 0.47638888888888886 0.05738132498695879 0.053703703703703705
1 0.41053729786124155 0.8 0.03495044340114763 0.06111111111111111
1 0.4775691184141888 0.08472222222222223 0.02034428794992175 0.07592592592592592
1 0.6943140323422013 0.2791666666666667 0.019300991131977047 0.05648148148148148
1 0.6797078768909754 0.12824074074074074 0.018779342723004695 0.07407407407407407
1 0.6460615545122588 0.2810185185185185 0.019300991131977047 0.06111111111111111