0 0.9177083333333333 0.649074074074074 0.051041666666666666 0.044444444444444446
0 0.6583333333333333 0.4601851851851852 0.05677083333333333 0.04722222222222222
0 0.36953125 0.42268518518518516 0.049479166666666664 0.049074074074074076
0 0.22708333333333333 0.4476851851851852 0.03229166666666667 0.05092592592592592
0 0.36380208333333336 0.6550925925925926 0.04375 0.04259259259259259
0 0.41848958333333336 0.6185185185185185 0.028645833333333332 0.05
0 0.24505208333333334 0.5574074074074075 0.05260416666666667 0.04259259259259259
0 0.7979166666666667 0.5722222222222222 0.0484375 0.04259259259259259
0 0.6471354166666666 0.5333333333333333 0.05260416666666667 0.04537037037037037
0 0.7869791666666667 0.39814814814814814 0.05260416666666667 0.044444444444444446
0 0.37786458333333334 0.5203703703703704 0.04375 0.040740740740740744
0 0.7372395833333333 0.6759259259259259 0.04791666666666667 0.044444444444444446
0 0.13828125 0.36666666666666664 0.0484375 0.06481481481481481