0 0.4390625 0.45740740740740743 0.0453125 0.05648148148148148
0 0.9067708333333333 0.49212962962962964 0.051041666666666666 0.04722222222222222
0 0.3645833333333333 0.3574074074074074 0.04479166666666667 0.04351851851851852
0 0.79296875 0.32731481481481484 0.04479166666666667 0.04537037037037037
0 0.4830729166666667 0.29953703703703705 0.044270833333333336 0.044444444444444446
0 0.68515625 0.7171296296296297 0.04791666666666667 0.06851851851851852
0 0.678125 0.5421296296296296 0.0484375 0.05185185185185185
0 0.9247395833333333 0.3962962962962963 0.044270833333333336 0.04259259259259259
0 0.043229166666666666 0.2912037037037037 0.0203125 0.05
0 0.7791666666666667 0.9078703703703703 0.05677083333333333 0.062037037037037036
0 0.9575520833333333 0.6162037037037037 0.04895833333333333 0.05092592592592592
0 0.54140625 0.13472222222222222 0.016666666666666666 0.046296296296296294