0 0.765625 0.46620370370370373 0.049479166666666664 0.040740740740740744
0 0.2833333333333333 0.3537037037037037 0.044270833333333336 0.03888888888888889
0 0.6697916666666667 0.4912037037037037 0.053125 0.06018518518518518
0 0.6080729166666666 0.42962962962962964 0.0546875 0.06111111111111111
0 0.6526041666666667 0.6462962962962963 0.04895833333333333 0.06018518518518518
0 0.26328125 0.40879629629629627 0.04739583333333333 0.041666666666666664
0 0.06979166666666667 0.42407407407407405 0.04895833333333333 0.04351851851851852
1 0.07526041666666666 0.2763888888888889 0.020833333333333332 0.06111111111111111
0 0.93671875 0.6310185185185185 0.05572916666666667 0.06388888888888888
1 0.26458333333333334 0.26157407407407407 0.01875 0.06296296296296296
0 0.4786458333333333 0.5550925925925926 0.04791666666666667 0.053703703703703705
0 0.7528645833333333 0.575462962962963 0.03854166666666667 0.06851851851851852
1 0.16458333333333333 0.23657407407407408 0.0265625 0.06296296296296296
0 0.16484375 0.5777777777777777 0.0578125 0.05740740740740741
0 0.6375 0.35833333333333334 0.044270833333333336 0.040740740740740744
0 0.9434895833333333 0.41805555555555557 0.05416666666666667 0.05555555555555555
1 0.5216145833333333 0.2638888888888889 0.026041666666666668 0.05740740740740741
1 0.8552083333333333 0.2657407407407407 0.022395833333333334 0.0712962962962963
1 0.428125 0.2972222222222222 0.0265625 0.07314814814814814
0 0.19140625 0.7481481481481481 0.059895833333333336 0.06574074074074074
0 0.020572916666666666 0.4587962962962963 0.040625 0.044444444444444446
1 0.8682291666666667 0.2875 0.0265625 0.07037037037037037
0 0.5348958333333333 0.4078703703703704 0.04739583333333333 0.058333333333333334