0 0.7496087636932708 0.4583333333333333 0.05112154407929056 0.0712962962962963
1 0.4139280125195618 0.2013888888888889 0.03495044340114763 0.06111111111111111
0 0.3792383933229004 0.4097222222222222 0.053208137715179966 0.05555555555555555
1 0.05581637976004173 0.2337962962962963 0.03755868544600939 0.05925925925925926
0 0.6557120500782473 0.4949074074074074 0.027125717266562335 0.05555555555555555
0 0.28821074595722485 0.5027777777777778 0.05112154407929056 0.05
1 0.2798643714136672 0.12824074074074074 0.036515388628064686 0.06111111111111111
0 0.07172665623369849 0.6023148148148149 0.05216484089723526 0.046296296296296294
1 0.12076160667709963 0.3611111111111111 0.03442879499217527 0.05092592592592592
1 0.6781429316640585 0.7412037037037037 0.02034428794992175 0.06018518518518518
0 0.40036515388628063 0.5347222222222222 0.05268648930620762 0.041666666666666664
1 0.22639540949400105 0.28888888888888886 0.03129890453834116 0.05648148148148148
1 0.6718831507563902 0.5722222222222222 0.026604068857589983 0.06574074074074074
1 0.07459572248304643 0.1388888888888889 0.037037037037037035 0.06111111111111111
1 0.09207094418362025 0.38425925925925924 0.02608242044861763 0.06018518518518518
1 0.6126760563380281 0.9078703703703703 0.019300991131977047 0.06296296296296296
1 0.5693792383933229 0.1398148148148148 0.018779342723004695 0.05185185185185185
1 0.2037037037037037 0.23796296296296296 0.0297339593114241 0.06018518518518518
0 0.38054251434533126 0.45555555555555555 0.053208137715179966 0.041666666666666664
1 0.6225873761085029 0.6532407407407408 0.022952529994783515 0.06481481481481481
1 0.7743870631194575 0.7939814814814815 0.0198226395409494 0.06851851851851852
1 0.36724047991653624 0.262037037037037 0.0297339593114241 0.06759259259259259
0 0.6254564423578508 0.43425925925925923 0.046948356807511735 0.09907407407407408
1 0.18440271257172666 0.3375 0.02764736567553469 0.05648148148148148
0 0.05216484089723526 0.5064814814814815 0.04903495044340115 0.05462962962962963
1 0.698226395409494 0.8800925925925925 0.018779342723004695 0.06574074074074074
1 0.7417840375586855 0.7768518518518519 0.022430881585811163 0.06574074074074074
1 0.5795513823682837 0.7486111111111111 0.0198226395409494 0.05555555555555555
1 0.04747000521648409 0.412962962962963 0.03808033385498174 0.06296296296296296
1 0.3223787167449139 0.7226851851851852 0.022430881585811163 0.05555555555555555
1 0.4144496609285342 0.09583333333333334 0.028690662493479395 0.06018518518518518
1 0.8286384976525821 0.03009259259259259 0.041731872717788214 0.05925925925925926
1 0.1950965049556599 0.19675925925925927 0.02608242044861763 0.062037037037037036
1 0.9014084507042254 0.575 0.030777256129368807 0.07777777777777778
1 0.37193531559728743 0.6365740740740741 0.025039123630672927 0.05277777777777778
1 0.29447052686489306 0.29907407407407405 0.03286384976525822 0.058333333333333334
1 0.2777777777777778 0.7282407407407407 0.025039123630672927 0.05555555555555555
1 0.543035993740219 0.22777777777777777 0.03025560772039645 0.06851851851851852
1 0.9629629629629629 0.8425925925925926 0.0297339593114241 0.06944444444444445
1 0.23187271778821075 0.7638888888888888 0.027125717266562335 0.05555555555555555
1 0.20344287949921752 0.3162037037037037 0.022952529994783515 0.05740740740740741
1 0.4329681794470527 0.687037037037037 0.028690662493479395 0.05462962962962963
1 0.6781429316640585 0.6587962962962963 0.02764736567553469 0.05740740740740741
1 0.08242044861763172 0.6652777777777777 0.023995826812728223 0.053703703703703705
0 0.5516431924882629 0.4847222222222222 0.046426708398539386 0.04259259259259259
1 0.9121022430881586 0.2513888888888889 0.03182055294731351 0.05
1 0.05764214919144497 0.7490740740740741 0.03495044340114763 0.05555555555555555
1 0.21700573813249868 0.8185185185185185 0.025039123630672927 0.05092592592592592
1 0.9770474700052165 0.6351851851851852 0.03442879499217527 0.04722222222222222
1 0.1429316640584246 0.6962962962962963 0.023995826812728223 0.04814814814814815
1 0.7232655190401669 0.037037037037037035 0.041731872717788214 0.06944444444444445
1 0.9564423578508086 0.07685185185185185 0.04381846635367762 0.05925925925925926
1 0.47704747000521647 0.6574074074074074 0.02608242044861763 0.053703703703703705
1 0.3899321857068336 0.7550925925925925 0.0198226395409494 0.07037037037037037
1 0.026604068857589983 0.8050925925925926 0.02764736567553469 0.05555555555555555
1 0.20787689097548254 0.6837962962962963 0.023995826812728223 0.06388888888888888
1 0.0594679186228482 0.8143518518518519 0.03182055294731351 0.046296296296296294
1 0.8690662493479395 0.6995370370370371 0.03234220135628586 0.05462962962962963
1 0.12571726656233698 0.7689814814814815 0.026604068857589983 0.04259259259259259
1 0.9063641105894628 0.1962962962962963 0.036515388628064686 0.05462962962962963
1 0.046426708398539386 0.06851851851851852 0.04329681794470527 0.05925925925925926
1 0.41653625456442356 0.7856481481481481 0.014606155451225874 0.05740740740740741
1 0.4238393322900365 0.6037037037037037 0.02556077203964528 0.05925925925925926
1 0.37715179968701096 0.7092592592592593 0.02138758476786646 0.049074074074074076
1 0.18909754825247782 0.8064814814814815 0.023474178403755867 0.062037037037037036
1 0.8330725091288471 0.7657407407407407 0.0297339593114241 0.058333333333333334
1 0.8802816901408451 0.8486111111111111 0.023474178403755867 0.075
1 0.38393322900365157 0.06666666666666667 0.036515388628064686 0.062037037037037036
0 0.8873239436619719 0.6273148148148148 0.041731872717788214 0.044444444444444446
1 0.8075117370892019 0.11388888888888889 0.022952529994783515 0.05462962962962963
1 0.1729264475743349 0.7583333333333333 0.026604068857589983 0.06759259259259259
1 0.11215440792905582 0.725925925925926 0.030777256129368807 0.05740740740740741
1 0.2537819509650496 0.6990740740740741 0.026604068857589983 0.06388888888888888
1 0.9199269692227439 0.6569444444444444 0.019300991131977047 0.05648148148148148
1 0.5284298382889933 0.3925925925925926 0.022952529994783515 0.04537037037037037
1 0.8369848721961398 0.7083333333333334 0.028169014084507043 0.041666666666666664
1 0.9019300991131977 0.1425925925925926 0.03442879499217527 0.05555555555555555
1 0.9760041731872717 0.16018518518518518 0.03338549817423057 0.05648148148148148
1 0.8841940532081377 0.04675925925925926 0.03755868544600939 0.06388888888888888
1 0.8583724569640062 0.5652777777777778 0.028690662493479395 0.028703703703703703
1 0.809076682316119 0.8490740740740741 0.02764736567553469 0.06851851851851852
1 0.9809598330725091 0.9351851851851852 0.016692749087115284 0.0712962962962963
1 0.3938445487741262 0.5680555555555555 0.02034428794992175 0.02962962962962963
1 0.7154407929055816 0.7310185185185185 0.028169014084507043 0.049074074074074076
1 0.5492957746478874 0.26944444444444443 0.01773604590505999 0.04259259259259259
1 0.5219092331768388 0.9365740740740741 0.022430881585811163 0.0712962962962963
1 0.5190401669274909 0.7101851851851851 0.020865936358894107 0.06111111111111111
1 0.3148148148148148 0.8004629629629629 0.01617110067814293 0.040740740740740744
1 0.5751173708920188 0.10555555555555556 0.019300991131977047 0.053703703703703705
1 0.8930620761606677 0.09259259259259259 0.03129890453834116 0.05185185185185185
1 0.9827856025039123 0.6680555555555555 0.03338549817423057 0.04259259259259259
1 0.5683359415753781 0.6791666666666667 0.018257694314032343 0.058333333333333334
1 0.5341679707876891 0.7222222222222222 0.020865936358894107 0.03796296296296296
1 0.9131455399061033 0.7189814814814814 0.030777256129368807 0.03611111111111111
1 0.42670839853938447 0.7189814814814814 0.03182055294731351 0.040740740740740744
1 0.9092331768388107 0.6861111111111111 0.024517475221700575 0.041666666666666664