0 0.76328125 0.39305555555555555 0.0484375 0.03981481481481482
0 0.5317708333333333 0.3388888888888889 0.04739583333333333 0.04351851851851852
0 0.28567708333333336 0.34629629629629627 0.046875 0.04351851851851852
0 0.09817708333333333 0.3819444444444444 0.04791666666666667 0.04722222222222222
0 0.225 0.4962962962962963 0.0484375 0.04351851851851852
0 0.8692708333333333 0.5810185185185185 0.0390625 0.05740740740740741
0 0.46380208333333334 0.487962962962963 0.04791666666666667 0.041666666666666664
0 0.09609375 0.48055555555555557 0.050520833333333334 0.046296296296296294
0 0.22604166666666667 0.4351851851851852 0.046875 0.04537037037037037
0 0.9611979166666667 0.29398148148148145 0.04635416666666667 0.03611111111111111
0 0.5268229166666667 0.6180555555555556 0.0265625 0.06666666666666667
0 0.35651041666666666 0.46435185185185185 0.04739583333333333 0.03888888888888889
0 0.44921875 0.399537037037037 0.04895833333333333 0.05740740740740741
0 0.8997395833333334 0.3587962962962963 0.05 0.03796296296296296
0 0.16640625 0.34675925925925927 0.042708333333333334 0.03888888888888889
0 0.08359375 0.5981481481481481 0.05260416666666667 0.06481481481481481
0 0.453125 0.14166666666666666 0.0171875 0.053703703703703705