0 0.4109375 0.5708333333333333 0.044270833333333336 0.06111111111111111
0 0.10260416666666666 0.6050925925925926 0.04791666666666667 0.05740740740740741
0 0.7260416666666667 0.6263888888888889 0.04739583333333333 0.04351851851851852
0 0.3033854166666667 0.600925925925926 0.043229166666666666 0.03981481481481482
0 0.47760416666666666 0.6675925925925926 0.027604166666666666 0.05555555555555555
0 0.2638020833333333 0.4273148148148148 0.05364583333333333 0.053703703703703705
0 0.7947916666666667 0.30416666666666664 0.05416666666666667 0.04814814814814815
0 0.8309895833333333 0.6157407407407407 0.046875 0.049074074074074076
0 0.48489583333333336 0.600925925925926 0.0453125 0.044444444444444446
0 0.8770833333333333 0.5356481481481481 0.052083333333333336 0.06851851851851852
1 0.81875 0.6842592592592592 0.024479166666666666 0.08703703703703704
0 0.6143229166666667 0.3787037037037037 0.049479166666666664 0.03611111111111111
0 0.05260416666666667 0.4078703703703704 0.05260416666666667 0.062037037037037036
0 0.8989583333333333 0.37546296296296294 0.051041666666666666 0.06018518518518518
0 0.5419270833333333 0.4587962962962963 0.04583333333333333 0.06018518518518518
0 0.028645833333333332 0.23796296296296296 0.0484375 0.0787037037037037