1 0.86669921875 0.885333251953125 0.03753662109375 0.05557708740234375
1 0.57421875 0.859332275390625 0.036346435546875 0.061914825439453126
0 0.69970703125 0.52781982421875 0.0504150390625 0.050078964233398436
1 0.60400390625 0.3692138671875 0.0207672119140625 0.06343154907226563
0 0.120849609375 0.521319580078125 0.05126953125 0.07372360229492188
1 0.0322265625 0.3122283935546875 0.0325927734375 0.06321487426757813
1 0.6435546875 0.4524169921875 0.030853271484375 0.06451492309570313
1 0.8544921875 0.36661376953125 0.0236968994140625 0.06689834594726562
1 0.380126953125 0.292510986328125 0.0191192626953125 0.06635665893554688
0 0.80712890625 0.56162109375 0.03338623046875 0.058502197265625
1 0.1319580078125 0.3455963134765625 0.027008056640625 0.06169815063476562
1 0.90625 0.3863311767578125 0.0256195068359375 0.058935546875
1 0.447265625 0.786529541015625 0.03460693359375 0.04650382995605469
1 0.274169921875 0.2825439453125 0.029144287109375 0.06841506958007812
0 0.89306640625 0.60755615234375 0.0574951171875 0.046422576904296874
1 0.7861328125 0.3854644775390625 0.033203125 0.08737411499023437
1 0.54931640625 0.44981689453125 0.0190582275390625 0.06332321166992187
1 0.254150390625 0.3256622314453125 0.02001953125 0.050566482543945315
1 0.9736328125 0.1765899658203125 0.035736083984375 0.07117767333984375
1 0.86328125 0.448516845703125 0.0264129638671875 0.08499069213867187
1 0.44677734375 0.34581298828125 0.028656005859375 0.050674819946289064
1 0.41650390625 0.384814453125 0.0180511474609375 0.0639190673828125
1 0.42333984375 0.2825439453125 0.018798828125 0.04284744262695313
1 0.68994140625 0.10281219482421874 0.02447509765625 0.0693359375
1 0.771484375 0.474517822265625 0.019989013671875 0.05414161682128906
1 0.3857421875 0.432049560546875 0.0218658447265625 0.05579376220703125
1 0.96435546875 0.3919647216796875 0.02484130859375 0.065869140625
1 0.03277587890625 0.2324920654296875 0.03228759765625 0.060289764404296876
0 0.37060546875 0.553387451171875 0.04986572265625 0.042603683471679685
1 0.8095703125 0.2589263916015625 0.020599365234375 0.06299819946289062
1 0.34033203125 0.24354248046875 0.0242767333984375 0.04276618957519531
1 0.16015625 0.19749908447265624 0.01666259765625 0.0572021484375
1 0.7109375 0.18807373046875 0.0202484130859375 0.07193603515625
1 0.54052734375 0.31461181640625 0.0258636474609375 0.05963973999023438
0 0.89306640625 0.7072265625 0.0574951171875 0.044255828857421874
1 0.19677734375 0.26954345703125 0.020965576171875 0.05666046142578125
1 0.7236328125 0.292510986328125 0.01837158203125 0.06451492309570313
1 0.85205078125 0.25914306640625 0.0276947021484375 0.06548995971679687
1 0.7880859375 0.17344818115234376 0.015838623046875 0.07599868774414062
1 0.60400390625 0.1848236083984375 0.0196380615234375 0.053924942016601564
1 0.5400390625 0.838531494140625 0.01983642578125 0.0535186767578125
0 0.378173828125 0.502685546875 0.0531005859375 0.04344329833984375
1 0.67626953125 0.365313720703125 0.017181396484375 0.062131500244140624
1 0.9482421875 0.95423583984375 0.0312042236328125 0.06142730712890625
1 0.5732421875 0.7782958984375 0.0284881591796875 0.06169815063476562
1 0.0753173828125 0.214508056640625 0.03533935546875 0.06662750244140625
1 0.5751953125 0.20833282470703124 0.0170440673828125 0.05538749694824219
1 0.6669921875 0.2411590576171875 0.0185394287109375 0.06852340698242188
1 0.61865234375 0.2602264404296875 0.0191650390625 0.054872894287109376
1 0.8818359375 0.13227996826171876 0.0201416015625 0.05579376220703125
1 0.63330078125 0.1930572509765625 0.015716552734375 0.06223983764648437