1 0.7959010416666668 0.6002592592592593 0.021453125 0.06673148148148147
0 0.4741197916666666 0.4843796296296296 0.04922395833333334 0.04326851851851852
0 0.6943385416666668 0.3535185185185185 0.046296875 0.04416666666666667
0 0.650390625 0.5590277777777778 0.03378125 0.05503703703703704
0 0.4926770833333334 0.38042592592592595 0.047515625 0.04858333333333333
0 0.7163072916666666 0.2580277777777778 0.04296875 0.046685185185185184
0 0.4611822916666667 0.23546296296296299 0.04458854166666667 0.04342592592592592
0 0.34082291666666664 0.5243055555555556 0.05633333333333333 0.05311111111111111
0 0.7182604166666666 0.4921851851851851 0.05291666666666666 0.04587037037037037
1 0.7768541666666666 0.5898240740740741 0.022322916666666668 0.06119444444444445
0 0.8735104166666667 0.3373055555555556 0.044640624999999996 0.05555555555555555