1 0.50886802295253 0.8935185185185185 0.03495044340114763 0.06111111111111111
1 0.983828899321857 0.19583333333333333 0.028169014084507043 0.09074074074074075
1 0.6197183098591549 0.8134259259259259 0.03442879499217527 0.06111111111111111
0 0.8836724047991653 0.6083333333333333 0.05894627021387585 0.046296296296296294
0 0.4590505998956703 0.5888888888888889 0.04903495044340115 0.04537037037037037
1 0.35732916014606153 0.6125 0.03390714658320292 0.053703703703703705
1 0.5565988523735003 0.7222222222222222 0.022430881585811163 0.062037037037037036
1 0.346113719353156 0.6814814814814815 0.03234220135628586 0.05277777777777778
0 0.6695357329160146 0.5412037037037037 0.047991653625456446 0.04722222222222222
0 0.87584767866458 0.5458333333333333 0.057902973395931145 0.041666666666666664
0 0.4859154929577465 0.5148148148148148 0.04590505998956703 0.05185185185185185
1 0.2190923317683881 0.8277777777777777 0.036515388628064686 0.062037037037037036
0 0.19300991131977047 0.4736111111111111 0.030777256129368807 0.05092592592592592
0 0.6197183098591549 0.5680555555555555 0.04538341158059468 0.05277777777777778
0 0.17318727177882107 0.4236111111111111 0.03755868544600939 0.05185185185185185
1 0.10485133020344288 0.5782407407407407 0.03390714658320292 0.06018518518518518
1 0.25612936880542514 0.9592592592592593 0.029212310902451747 0.058333333333333334
1 0.26917057902973396 0.5745370370370371 0.028690662493479395 0.06111111111111111
1 0.9530516431924883 0.3055555555555556 0.027125717266562335 0.06759259259259259
1 0.3171622326551904 0.6300925925925925 0.022952529994783515 0.06296296296296296
1 0.22430881585811163 0.28703703703703703 0.0297339593114241 0.06574074074074074
1 0.48852373500260826 0.6810185185185185 0.02608242044861763 0.05648148148148148
1 0.08163797600417319 0.3351851851851852 0.03182055294731351 0.06759259259259259
1 0.34402712571726657 0.2351851851851852 0.018257694314032343 0.06388888888888888
0 0.6220657276995305 0.49907407407407406 0.04903495044340115 0.03981481481481482
1 0.8847157016171101 0.17731481481481481 0.030777256129368807 0.0712962962962963
1 0.2762128325508607 0.9046296296296297 0.03182055294731351 0.05740740740740741
1 0.7480438184663537 0.29444444444444445 0.030777256129368807 0.06481481481481481
1 0.7793427230046949 0.7805555555555556 0.027125717266562335 0.05462962962962963
1 0.3145539906103286 0.3050925925925926 0.02190923317683881 0.06481481481481481
1 0.596244131455399 0.33194444444444443 0.020865936358894107 0.05277777777777778
1 0.7866458007303078 0.14351851851851852 0.029212310902451747 0.062037037037037036
1 0.40219092331768386 0.7842592592592592 0.03182055294731351 0.062037037037037036
1 0.3766301512780386 0.7416666666666667 0.019300991131977047 0.06481481481481481
1 0.7597809076682316 0.8712962962962963 0.03025560772039645 0.053703703703703705
1 0.26473656755346897 0.36574074074074076 0.020865936358894107 0.05648148148148148
1 0.11528429838288994 0.2023148148148148 0.028169014084507043 0.06481481481481481
1 0.44314032342201354 0.29259259259259257 0.02190923317683881 0.06018518518518518
1 0.17553468961919666 0.22777777777777777 0.024517475221700575 0.06296296296296296
1 0.9864371413667188 0.300462962962963 0.027125717266562335 0.0824074074074074
1 0.6165884194053208 0.9273148148148148 0.028690662493479395 0.049074074074074076
1 0.7866458007303078 0.3226851851851852 0.02190923317683881 0.06388888888888888
1 0.5628586332811685 0.7708333333333334 0.019300991131977047 0.06018518518518518
1 0.6888367240479917 0.3712962962962963 0.027125717266562335 0.06574074074074074
1 0.7733437663015128 0.9074074074074074 0.028690662493479395 0.053703703703703705
1 0.5633802816901409 0.2712962962962963 0.02034428794992175 0.06944444444444445
1 0.39593114241001565 0.8606481481481482 0.028690662493479395 0.05740740740740741
1 0.07668231611893583 0.274537037037037 0.023995826812728223 0.05555555555555555
1 0.41653625456442356 0.34629629629629627 0.023474178403755867 0.05740740740740741
1 0.8740219092331768 0.32731481481481484 0.02764736567553469 0.06018518518518518
1 0.48513302034428796 0.3013888888888889 0.015127803860198226 0.05555555555555555
1 0.5980699008868023 0.2439814814814815 0.018779342723004695 0.05185185185185185
1 0.6163275952008347 0.19722222222222222 0.02138758476786646 0.05277777777777778
1 0.6356285863328117 0.36157407407407405 0.02608242044861763 0.046296296296296294
1 0.9160146061554513 0.3912037037037037 0.03286384976525822 0.06574074074074074
1 0.6332811684924361 0.24537037037037038 0.020865936358894107 0.06111111111111111
1 0.1927490871152843 0.2013888888888889 0.02556077203964528 0.058333333333333334
1 0.46113719353155974 0.35185185185185186 0.018257694314032343 0.06666666666666667
1 0.6366718831507564 0.9550925925925926 0.03599374021909233 0.062037037037037036
1 0.5477308294209703 0.3800925925925926 0.029212310902451747 0.03981481481481482
1 0.22509128847157017 0.1787037037037037 0.020865936358894107 0.058333333333333334
1 0.8740219092331768 0.4722222222222222 0.02764736567553469 0.05925925925925926
1 0.03260302556077204 0.16296296296296298 0.020865936358894107 0.05740740740740741
1 0.6171100678142931 0.4125 0.01773604590505999 0.06111111111111111
1 0.34194053208137715 0.3490740740740741 0.019300991131977047 0.049074074074074076
1 0.06651017214397496 0.21064814814814814 0.02138758476786646 0.062037037037037036
1 0.29603547209181014 0.2439814814814815 0.018779342723004695 0.05277777777777778
1 0.3651538862806468 0.28379629629629627 0.024517475221700575 0.06574074074074074
1 0.4045383411580595 0.3726851851851852 0.017214397496087636 0.06481481481481481
1 0.7462180490349505 0.1712962962962963 0.023474178403755867 0.08518518518518518
1 0.39462702138758476 0.3287037037037037 0.01617110067814293 0.05555555555555555
1 0.665623369848722 0.31851851851851853 0.0297339593114241 0.058333333333333334
1 0.3002086593635889 0.2013888888888889 0.019300991131977047 0.05648148148148148
1 0.8482003129890454 0.3768518518518518 0.02764736567553469 0.06666666666666667
1 0.7222222222222222 0.6736111111111112 0.028690662493479395 0.07407407407407407
1 0.6186750130412102 0.09444444444444444 0.018779342723004695 0.04814814814814815
0 0.1011997913406364 0.25462962962962965 0.03808033385498174 0.03981481481481482
1 0.5516431924882629 0.412962962962963 0.025039123630672927 0.06388888888888888
1 0.7386541471048513 0.23981481481481481 0.028690662493479395 0.06296296296296296
1 0.6152842983828899 0.4699074074074074 0.02190923317683881 0.04537037037037037
1 0.9141888367240479 0.3236111111111111 0.03129890453834116 0.05
1 0.665623369848722 0.09490740740740741 0.02034428794992175 0.06018518518518518
1 0.019561815336463225 0.3236111111111111 0.029212310902451747 0.044444444444444446
1 0.6131977047470005 0.5189814814814815 0.025039123630672927 0.06574074074074074
1 0.011215440792905582 0.2462962962962963 0.02190923317683881 0.06851851851851852
1 0.9872196139801773 0.6375 0.024517475221700575 0.041666666666666664
1 0.9194053208137715 0.2875 0.028169014084507043 0.03981481481481482
1 0.7110067814293166 0.30833333333333335 0.02138758476786646 0.03425925925925926
1 0.9848721961398018 0.07222222222222222 0.01773604590505999 0.0712962962962963
1 0.6343244653103808 0.32314814814814813 0.03286384976525822 0.04722222222222222
1 0.798904538341158 0.2564814814814815 0.01773604590505999 0.06574074074074074