0 0.6240234375 0.505718994140625 0.0439453125 0.06489410400390624
0 0.62060546875 0.607989501953125 0.055938720703125 0.05124359130859375
1 0.3779296875 0.3867645263671875 0.0305023193359375 0.06500244140625
0 0.100341796875 0.49835205078125 0.052032470703125 0.04227867126464844
0 0.304443359375 0.463250732421875 0.03167724609375 0.06765670776367187
1 0.29052734375 0.703759765625 0.0240478515625 0.06299819946289062
1 0.408447265625 0.2896942138671875 0.0225830078125 0.0613189697265625
1 0.1094970703125 0.315045166015625 0.0301513671875 0.06516494750976562
0 0.61083984375 0.8545654296875 0.052032470703125 0.0682525634765625
1 0.81982421875 0.148638916015625 0.0259552001953125 0.070635986328125
1 0.931640625 0.3815643310546875 0.0255584716796875 0.06635665893554688
1 0.1114501953125 0.4110321044921875 0.036773681640625 0.06299819946289062
1 0.8916015625 0.3529632568359375 0.02655029296875 0.06765670776367187
1 0.5458984375 0.3538299560546875 0.0236053466796875 0.06576080322265625
0 0.8115234375 0.364447021484375 0.050994873046875 0.04211616516113281
1 0.36083984375 0.2801605224609375 0.02337646484375 0.06548995971679687
1 0.98681640625 0.15568084716796876 0.025665283203125 0.06944427490234376
1 0.2425537109375 0.2513427734375 0.0207672119140625 0.055062484741210935
1 0.479248046875 0.287744140625 0.0224151611328125 0.06548995971679687
1 0.494140625 0.364013671875 0.021942138671875 0.06662750244140625
0 0.7890625 0.460650634765625 0.0297088623046875 0.05687713623046875
1 0.305908203125 0.3369293212890625 0.033905029296875 0.072369384765625
1 0.6943359375 0.2446258544921875 0.0297088623046875 0.078436279296875
1 0.7431640625 0.39088134765625 0.02069091796875 0.07469863891601562
1 0.7529296875 0.20194091796875 0.01763916015625 0.0606689453125
1 0.6962890625 0.16109771728515626 0.0297088623046875 0.07442779541015625
1 0.06707763671875 0.2654266357421875 0.031982421875 0.06689834594726562
1 0.85400390625 0.397381591796875 0.0297088623046875 0.07101516723632813
1 0.1876220703125 0.1666229248046875 0.0204925537109375 0.06121063232421875
1 0.7890625 0.2270751953125 0.025665283203125 0.06099395751953125
1 0.60009765625 0.31634521484375 0.03192138671875 0.07556533813476562
1 0.49072265625 0.2236083984375 0.0246124267578125 0.052922821044921874
0 0.1041259765625 0.61622314453125 0.03839111328125 0.06971511840820313
1 0.98974609375 0.2992279052734375 0.017852783203125 0.06814422607421874
1 0.736328125 0.13856353759765624 0.0225372314453125 0.06310653686523438
0 0.98291015625 0.552520751953125 0.0333251953125 0.050187301635742185
1 0.89404296875 0.25567626953125 0.027801513671875 0.061914825439453126
1 0.8359375 0.2714935302734375 0.0213623046875 0.063702392578125
1 0.77392578125 0.3230621337890625 0.0216217041015625 0.06749420166015625
1 0.79931640625 0.841998291015625 0.040374755859375 0.07626953125
0 0.97998046875 0.653924560546875 0.036895751953125 0.043605804443359375
1 0.943359375 0.30247802734375 0.0272216796875 0.06359405517578125
1 0.96728515625 0.21873321533203124 0.026702880859375 0.06418991088867188
1 0.178466796875 0.858465576171875 0.033966064453125 0.05796051025390625
1 0.57421875 0.90396728515625 0.036346435546875 0.0587188720703125
0 0.0295867919921875 0.78609619140625 0.042724609375 0.08065719604492187
0 0.5981568422882976 0.5401234567901234 0.04868718483741954 0.05555555555555555