0 0.7028645833333333 0.4842592592592593 0.05416666666666667 0.058333333333333334
0 0.28567708333333336 0.7263888888888889 0.04010416666666667 0.05
1 0.17708333333333334 0.6800925925925926 0.017708333333333333 0.06111111111111111
0 0.8442708333333333 0.6439814814814815 0.046875 0.046296296296296294
0 0.8794270833333333 0.5287037037037037 0.05625 0.03981481481481482
0 0.31744791666666666 0.5680555555555555 0.041666666666666664 0.06666666666666667
0 0.43645833333333334 0.687962962962963 0.044270833333333336 0.04537037037037037
0 0.26666666666666666 0.5268518518518519 0.04010416666666667 0.06111111111111111
0 0.6424479166666667 0.6800925925925926 0.04791666666666667 0.044444444444444446
0 0.10729166666666666 0.5930555555555556 0.04791666666666667 0.04351851851851852
0 0.3453125 0.7564814814814815 0.0421875 0.04259259259259259
0 0.3651041666666667 0.2773148148148148 0.046875 0.05277777777777778
1 0.1953125 0.687962962962963 0.0203125 0.0824074074074074
0 0.28802083333333334 0.6800925925925926 0.04739583333333333 0.06388888888888888
0 0.8393229166666667 0.5912037037037037 0.05364583333333333 0.04259259259259259