1 0.8753260302556077 0.6680555555555555 0.03495044340114763 0.05925925925925926
1 0.1958789775691184 0.638425925925926 0.02764736567553469 0.06481481481481481
1 0.6862284820031299 0.6222222222222222 0.028690662493479395 0.05277777777777778
0 0.736567553468962 0.6638888888888889 0.0297339593114241 0.06481481481481481
0 0.5876369327073553 0.3787037037037037 0.0605112154407929 0.075
1 0.7477829942618675 0.7449074074074075 0.02764736567553469 0.06666666666666667
1 0.01617110067814293 0.7671296296296296 0.026604068857589983 0.06666666666666667
0 0.15179968701095461 0.5282407407407408 0.0297339593114241 0.053703703703703705
1 0.8051643192488263 0.7888888888888889 0.0297339593114241 0.04722222222222222
0 0.297339593114241 0.3296296296296296 0.046426708398539386 0.05185185185185185
1 0.9642670839853938 0.7060185185185185 0.0297339593114241 0.062037037037037036
1 0.3789775691184142 0.6916666666666667 0.02034428794992175 0.06296296296296296
1 0.3148148148148148 0.8347222222222223 0.018257694314032343 0.06388888888888888
1 0.43401147626499736 0.6527777777777778 0.02556077203964528 0.04351851851851852
0 0.7537819509650495 0.5476851851851852 0.03495044340114763 0.06944444444444445
1 0.2720396452790819 0.8097222222222222 0.02034428794992175 0.08425925925925926
1 0.2827334376630151 0.6875 0.02556077203964528 0.06296296296296296
1 0.4126238914971309 0.7444444444444445 0.022952529994783515 0.06851851851851852
1 0.6223265519040166 0.6324074074074074 0.022430881585811163 0.058333333333333334
1 0.06546687532603025 0.8268518518518518 0.03182055294731351 0.06851851851851852
1 0.1596244131455399 0.7726851851851851 0.025039123630672927 0.06481481481481481
1 0.49061032863849763 0.6717592592592593 0.02608242044861763 0.07407407407407407
1 0.23839332290036516 0.6916666666666667 0.019300991131977047 0.06296296296296296
0 0.2652582159624413 0.5361111111111111 0.05112154407929056 0.04722222222222222
1 0.6830985915492958 0.750462962962963 0.028169014084507043 0.05740740740740741
0 0.11032863849765258 0.3282407407407407 0.0683359415753782 0.06574074074074074
1 0.3735002608242045 0.774537037037037 0.026604068857589983 0.06574074074074074
1 0.5185185185185185 0.7393518518518518 0.02034428794992175 0.04722222222222222
1 0.43401147626499736 0.7236111111111111 0.020865936358894107 0.05740740740740741
0 0.9470526864893062 0.47175925925925927 0.0396452790818988 0.06944444444444445
1 0.8012519561815337 0.6541666666666667 0.03286384976525822 0.06944444444444445
1 0.11371935315597287 0.7731481481481481 0.03129890453834116 0.06759259259259259
1 0.08215962441314555 0.65 0.03495044340114763 0.06944444444444445
1 0.30907668231611896 0.9152777777777777 0.014084507042253521 0.06481481481481481
1 0.20031298904538342 0.7824074074074074 0.028690662493479395 0.06944444444444445
1 0.5568596765779864 0.7342592592592593 0.022952529994783515 0.049074074074074076
1 0.5391236306729265 0.637962962962963 0.020865936358894107 0.06759259259259259
1 0.815075639019301 0.8226851851851852 0.012519561815336464 0.041666666666666664
1 0.24074074074074073 0.7462962962962963 0.02608242044861763 0.05462962962962963
1 0.8541992696922275 0.17546296296296296 0.046948356807511735 0.07685185185185185
1 0.4603547209181012 0.11666666666666667 0.018257694314032343 0.062037037037037036
0 0.49061032863849763 0.5046296296296297 0.05581637976004173 0.06759259259259259
1 0.6917057902973396 0.6875 0.020865936358894107 0.058333333333333334