1 0.39505208333333336 0.7537037037037037 0.0265625 0.06296296296296296
0 0.8971354166666666 0.6236111111111111 0.05 0.03796296296296296
0 0.7208333333333333 0.4925925925925926 0.0546875 0.04259259259259259
0 0.7828125 0.39675925925925926 0.05625 0.04351851851851852
0 0.6299479166666667 0.5305555555555556 0.05 0.04351851851851852
0 0.22552083333333334 0.41388888888888886 0.04895833333333333 0.040740740740740744
0 0.8276041666666667 0.3351851851851852 0.04791666666666667 0.05462962962962963
0 0.64296875 0.5814814814814815 0.04791666666666667 0.041666666666666664
0 0.13307291666666668 0.5180555555555556 0.043229166666666666 0.06388888888888888
0 0.8169270833333333 0.5078703703703704 0.04583333333333333 0.046296296296296294
0 0.9046875 0.5337962962962963 0.05260416666666667 0.040740740740740744
0 0.96015625 0.45 0.0546875 0.05740740740740741
0 0.49375 0.5805555555555556 0.05 0.05
0 0.8083333333333333 0.6800925925925926 0.04635416666666667 0.040740740740740744
0 0.07239583333333334 0.4388888888888889 0.05 0.04814814814814815
0 0.9645833333333333 0.2222222222222222 0.050520833333333334 0.06388888888888888
1 0.6981770833333333 0.6907407407407408 0.029166666666666667 0.04814814814814815
1 0.77421875 0.7375 0.027083333333333334 0.06481481481481481
0 0.42083333333333334 0.17916666666666667 0.0484375 0.04537037037037037
1 0.2890625 0.7203703703703703 0.019270833333333334 0.05925925925925926
0 0.7869791666666667 0.24212962962962964 0.04583333333333333 0.06759259259259259
1 0.02265625 0.6583333333333333 0.028645833333333332 0.05648148148148148
0 0.5213541666666667 0.25601851851851853 0.04895833333333333 0.05648148148148148
1 0.05963541666666667 0.7041666666666667 0.03697916666666667 0.07777777777777778
1 0.011197916666666667 0.6222222222222222 0.016145833333333335 0.07314814814814814