0 0.6216145833333333 0.5166666666666667 0.050520833333333334 0.044444444444444446
0 0.7942708333333334 0.5273148148148148 0.052083333333333336 0.04259259259259259
0 0.33255208333333336 0.6666666666666666 0.04583333333333333 0.046296296296296294
0 0.6994791666666667 0.4134259259259259 0.030208333333333334 0.06296296296296296
0 0.06640625 0.5611111111111111 0.046875 0.04537037037037037
0 0.45260416666666664 0.6208333333333333 0.046875 0.044444444444444446
0 0.43802083333333336 0.6726851851851852 0.0453125 0.04351851851851852
0 0.1578125 0.612037037037037 0.046875 0.044444444444444446
0 0.9723958333333333 0.5921296296296297 0.0359375 0.06666666666666667
0 0.6755208333333333 0.5722222222222222 0.0484375 0.03796296296296296
0 0.6294270833333333 0.6310185185185185 0.04479166666666667 0.04259259259259259
0 0.26848958333333334 0.4962962962962963 0.04479166666666667 0.046296296296296294
0 0.12395833333333334 0.5013888888888889 0.04583333333333333 0.040740740740740744
0 0.0171875 0.6199074074074075 0.034375 0.04814814814814815
0 0.44427083333333334 0.8421296296296297 0.018229166666666668 0.044444444444444446
0 0.2869791666666667 0.09722222222222222 0.04895833333333333 0.058333333333333334