1 0.60498046875 0.24609375 0.026611328125 0.06282552083333333
0 0.10284423828125 0.3765190972222222 0.050048828125 0.03819444444444445
0 0.279296875 0.5073784722222222 0.05450439453125 0.042914496527777776
0 0.21728515625 0.6032986111111112 0.05645751953125 0.04334852430555555
0 0.3701171875 0.4696180555555556 0.04986572265625 0.04391818576388889
0 0.7744140625 0.5859375 0.0489501953125 0.040690104166666664
0 0.1723400297619048 0.6650338955026458 0.048126220703125 0.05502335482804239
0 0.35693359375 0.4186197916666667 0.04779052734375 0.04123263888888889
0 0.8668387276785715 0.4817708333333334 0.04320853097098218 0.06391059027777778
0 0.18310546875 0.4921875 0.0460205078125 0.04649522569444445
0 0.0953369140625 0.4661458333333333 0.0526123046875 0.04052734375
0 0.03985595703125 0.5499131944444444 0.0548095703125 0.057291666666666664
0 0.50634765625 0.4194878472222222 0.05023193359375 0.049614800347222224
0 0.1917724609375 0.3198784722222222 0.04620361328125 0.04115125868055555
0 0.927734375 0.5611979166666666 0.05023193359375 0.048394097222222224
0 0.0353945777529762 0.7777777777777779 0.05065627325148811 0.0636935763888889
1 0.3017578125 0.3094618055555556 0.0293121337890625 0.048014322916666664
1 0.2257080078125 0.2625868055555556 0.0272674560546875 0.06450737847222222
0 0.5791015625 0.8207465277777778 0.048309326171875 0.04527452256944445
1 0.7109375 0.2795138888888889 0.01934814453125 0.059136284722222224
0 0.212890625 0.7578125 0.04559326171875 0.0673828125
1 0.9772600446428574 0.3417762070105821 0.028860909598214354 0.0568705563822751
0 0.4786318824404763 0.7439236111111113 0.049083891369047686 0.056098090277777776
1 0.9404761904761911 0.29563492063492075 0.03720238095238092 0.07804232804232805
1 0.9888392857142859 0.37764550264550273 0.016369047619047686 0.07275132275132273