1 0.23333333333333334 0.43333333333333335 0.029166666666666667 0.07037037037037037
0 0.44036458333333334 0.3787037037037037 0.0375 0.04259259259259259
0 0.41302083333333334 0.4050925925925926 0.033854166666666664 0.04722222222222222
0 0.21536458333333333 0.37777777777777777 0.0515625 0.04259259259259259
0 0.40911458333333334 0.46435185185185185 0.050520833333333334 0.046296296296296294
0 0.8359375 0.4462962962962963 0.0359375 0.06944444444444445
0 0.91171875 0.3472222222222222 0.049479166666666664 0.04259259259259259
0 0.7611979166666667 0.2662037037037037 0.029166666666666667 0.037037037037037035
0 0.023958333333333335 0.23842592592592593 0.04583333333333333 0.046296296296296294
0 0.49505208333333334 0.6611111111111111 0.028125 0.05092592592592592
0 0.17421875 0.55 0.044270833333333336 0.05555555555555555
1 0.20911458333333333 0.4393518518518518 0.020833333333333332 0.06851851851851852