1 0.5114762649973917 0.3472222222222222 0.027125717266562335 0.062037037037037036
0 0.6038080333854982 0.5476851851851852 0.050078247261345854 0.041666666666666664
0 0.4394887845592071 0.44027777777777777 0.051643192488262914 0.04351851851851852
1 0.05868544600938967 0.2962962962962963 0.038601982263954095 0.0712962962962963
1 0.6815336463223787 0.24861111111111112 0.026604068857589983 0.06296296296296296
1 0.46765779864371415 0.6375 0.030777256129368807 0.04722222222222222
0 0.8411580594679187 0.5444444444444444 0.051643192488262914 0.04814814814814815
1 0.8140323422013563 0.6462962962962963 0.03129890453834116 0.05740740740740741
1 0.9548774126238915 0.19212962962962962 0.030777256129368807 0.05925925925925926
0 0.9577464788732394 0.48564814814814816 0.05268648930620762 0.041666666666666664
1 0.9741784037558685 0.700925925925926 0.03286384976525822 0.06111111111111111
0 0.8422013562858633 0.4439814814814815 0.050078247261345854 0.04259259259259259
1 0.6890975482524778 0.6509259259259259 0.024517475221700575 0.05740740740740741
1 0.6270213875847679 0.625462962962963 0.02190923317683881 0.06018518518518518
1 0.8255086071987481 0.6240740740740741 0.02608242044861763 0.05648148148148148
1 0.9817423056859677 0.7768518518518519 0.030777256129368807 0.06666666666666667
1 0.9765258215962441 0.8513888888888889 0.024517475221700575 0.07592592592592592
1 0.3510693792383933 0.3625 0.029212310902451747 0.0824074074074074
1 0.6314553990610329 0.18564814814814815 0.03390714658320292 0.05555555555555555
1 0.8969744392279604 0.7106481481481481 0.02556077203964528 0.05277777777777778
1 0.5928534167970788 0.7296296296296296 0.0297339593114241 0.07407407407407407
1 0.9765258215962441 0.1175925925925926 0.041731872717788214 0.05277777777777778
1 0.7013562858633281 0.15555555555555556 0.03495044340114763 0.05185185185185185
1 0.306207616066771 0.6069444444444444 0.019300991131977047 0.062037037037037036
0 0.3930620761606677 0.674074074074074 0.02764736567553469 0.07777777777777778
1 0.2994261867501304 0.6944444444444444 0.017214397496087636 0.0712962962962963
1 0.696661450182577 0.7532407407407408 0.022430881585811163 0.06388888888888888
1 0.022952529994783515 0.6148148148148148 0.030777256129368807 0.07685185185185185
1 0.7073552425665102 0.2037037037037037 0.01773604590505999 0.04722222222222222
1 0.2621283255086072 0.5949074074074074 0.023474178403755867 0.07037037037037037
1 0.23135106937923838 0.8708333333333333 0.020865936358894107 0.06111111111111111
1 0.1585811163275952 0.7069444444444445 0.030777256129368807 0.062037037037037036
1 0.689358372456964 0.12824074074074074 0.03129890453834116 0.06759259259259259
1 0.7543035993740219 0.600462962962963 0.03234220135628586 0.062037037037037036
1 0.24752217005738134 0.6504629629629629 0.020865936358894107 0.08055555555555556
0 0.37506520605112154 0.687037037037037 0.0406885758998435 0.03981481481481482
0 0.7673448095983307 0.49444444444444446 0.03755868544600939 0.05185185185185185
1 0.744131455399061 0.7018518518518518 0.03129890453834116 0.06388888888888888
1 0.43218570683359414 0.649537037037037 0.018257694314032343 0.06481481481481481
1 0.1011997913406364 0.8680555555555556 0.018257694314032343 0.06111111111111111
1 0.7923839332290037 0.6986111111111111 0.020865936358894107 0.06944444444444445
1 0.6064162754303599 0.7731481481481481 0.024517475221700575 0.05277777777777778
1 0.8988002086593636 0.7569444444444444 0.02764736567553469 0.06388888888888888
1 0.7232655190401669 0.7324074074074074 0.022952529994783515 0.058333333333333334
1 0.2996870109546166 0.7722222222222223 0.023995826812728223 0.062037037037037036
1 0.6974439227960355 0.275 0.03495044340114763 0.05277777777777778
1 0.9809598330725091 0.04583333333333333 0.03547209181011998 0.05740740740740741
1 0.7819509650495566 0.774537037037037 0.03129890453834116 0.062037037037037036
0 0.6171100678142931 0.45694444444444443 0.051643192488262914 0.03981481481481482
1 0.3794992175273865 0.7875 0.0198226395409494 0.06018518518518518
1 0.6507563901930099 0.737037037037037 0.03129890453834116 0.04537037037037037
1 0.7256129368805425 0.8143518518518519 0.03025560772039645 0.05925925925925926
1 0.15179968701095461 0.18796296296296297 0.029212310902451747 0.07314814814814814
1 0.5758998435054773 0.18425925925925926 0.02556077203964528 0.04351851851851852
1 0.0980699008868023 0.05787037037037037 0.02764736567553469 0.05462962962962963
1 0.55320813771518 0.6759259259259259 0.03025560772039645 0.04259259259259259
1 0.1992696922274387 0.6791666666666667 0.02608242044861763 0.053703703703703705
1 0.15779864371413668 0.7444444444444445 0.025039123630672927 0.03796296296296296
1 0.046948356807511735 0.7175925925925926 0.025039123630672927 0.04722222222222222
1 0.5631194574856546 0.7046296296296296 0.029212310902451747 0.037037037037037035
1 0.4619196661450183 0.6 0.01773604590505999 0.04722222222222222
1 0.37219613980177363 0.5972222222222222 0.016692749087115284 0.05462962962962963
1 0.6833594157537819 0.7986111111111112 0.018257694314032343 0.05925925925925926
1 0.7493479394887845 0.775 0.024517475221700575 0.046296296296296294
1 0.16353677621283255 0.5740740740740741 0.03390714658320292 0.046296296296296294
1 0.40036515388628063 0.7324074074074074 0.0198226395409494 0.06388888888888888
1 0.1640584246218049 0.5319444444444444 0.03129890453834116 0.05
1 0.8054251434533125 0.7939814814814815 0.02556077203964528 0.05740740740740741
1 0.548774126238915 0.6430555555555556 0.02608242044861763 0.05462962962962963
1 0.2665623369848722 0.08194444444444444 0.03442879499217527 0.062037037037037036