0 0.26640625 0.47175925925925927 0.0453125 0.06574074074074074
0 0.6674479166666667 0.7449074074074075 0.05416666666666667 0.05462962962962963
0 0.88203125 0.4824074074074074 0.053125 0.07222222222222222
0 0.78828125 0.4375 0.04479166666666667 0.06851851851851852
0 0.93671875 0.6050925925925926 0.058333333333333334 0.04351851851851852
0 0.37447916666666664 0.5717592592592593 0.053125 0.049074074074074076
0 0.21927083333333333 0.5592592592592592 0.051041666666666666 0.04537037037037037
0 0.7565104166666666 0.4115740740740741 0.04739583333333333 0.044444444444444446
1 0.06458333333333334 0.3453703703703704 0.029166666666666667 0.06111111111111111
1 0.32864583333333336 0.27546296296296297 0.021875 0.062037037037037036
0 0.5294270833333333 0.8226851851851852 0.052083333333333336 0.05555555555555555
0 0.6260416666666667 0.41805555555555557 0.0421875 0.05092592592592592
1 0.8265625 0.2722222222222222 0.025 0.046296296296296294
0 0.9083333333333333 0.31342592592592594 0.05 0.04259259259259259
1 0.43463541666666666 0.2490740740740741 0.0265625 0.06388888888888888
1 0.75 0.29444444444444445 0.03802083333333333 0.08055555555555556
0 0.10885416666666667 0.6875 0.058333333333333334 0.06296296296296296
1 0.09973958333333334 0.3023148148148148 0.030729166666666665 0.07962962962962963
0 0.98203125 0.4842592592592593 0.0359375 0.053703703703703705
0 0.013802083333333333 0.5115740740740741 0.027604166666666666 0.05092592592592592
1 0.05625 0.3902777777777778 0.024479166666666666 0.07685185185185185