1 0.1900634765625 0.806463623046875 0.034820556640625 0.06018142700195313
1 0.62548828125 0.4261993408203125 0.027374267578125 0.06321487426757813
1 0.59375 0.391314697265625 0.0232391357421875 0.06613998413085938
1 0.12115478515625 0.7054931640625 0.03839111328125 0.06489410400390624
0 0.4541015625 0.465850830078125 0.04803466796875 0.043091201782226564
1 0.61083984375 0.2008575439453125 0.022247314453125 0.06272735595703124
1 0.68603515625 0.79822998046875 0.0201416015625 0.050674819946289064
0 0.6962890625 0.5390869140625 0.054901123046875 0.04869766235351562
1 0.37646484375 0.851531982421875 0.02801513671875 0.05752716064453125
0 0.64501953125 0.68209228515625 0.04052734375 0.0606689453125
1 0.336669921875 0.390447998046875 0.030731201171875 0.0591522216796875
1 0.39501953125 0.9273681640625 0.0300445556640625 0.05232696533203125
1 0.04443359375 0.3689971923828125 0.0282135009765625 0.07247772216796874
1 0.425048828125 0.2762603759765625 0.02423095703125 0.07567367553710938
1 0.7529296875 0.2571929931640625 0.02886962890625 0.0565521240234375
1 0.1727294921875 0.16954803466796875 0.0220794677734375 0.05579376220703125
1 0.8251953125 0.3035614013671875 0.033599853515625 0.0693359375
1 0.64404296875 0.256109619140625 0.0235137939453125 0.05926055908203125
1 0.84912109375 0.3330291748046875 0.030853271484375 0.0673858642578125
1 0.58544921875 0.2790771484375 0.021942138671875 0.05322074890136719
1 0.88720703125 0.2134246826171875 0.021820068359375 0.06516494750976562
1 0.69287109375 0.329345703125 0.0203399658203125 0.06576080322265625
1 0.5458984375 0.367047119140625 0.02191162109375 0.06576080322265625
1 0.313720703125 0.21504974365234375 0.02001953125 0.06689834594726562
1 0.83447265625 0.72109375 0.037689208984375 0.05527915954589844
1 0.9521484375 0.05362701416015625 0.0162200927734375 0.06879425048828125
1 0.693359375 0.2593597412109375 0.017578125 0.06310653686523438
1 0.239501953125 0.3581634521484375 0.0222930908203125 0.06624832153320312
1 0.81591796875 0.37354736328125 0.02484130859375 0.061914825439453126
1 0.81689453125 0.45155029296875 0.030853271484375 0.06343154907226563
1 0.552734375 0.2805938720703125 0.020965576171875 0.042603683471679685
1 0.102294921875 0.295111083984375 0.0255126953125 0.06099395751953125
1 0.463623046875 0.2998779296875 0.0268096923828125 0.04211616516113281
1 0.95458984375 0.3009613037109375 0.035491943359375 0.07486114501953126
1 0.990234375 0.11992950439453125 0.018402099609375 0.0591522216796875
0 0.84130859375 0.54775390625 0.057281494140625 0.05232696533203125
1 0.6865234375 0.12101287841796875 0.024993896484375 0.07193603515625
1 0.036834716796875 0.22068328857421876 0.03656005859375 0.07274856567382812
1 0.787109375 0.2064910888671875 0.017913818359375 0.04607048034667969
0 0.93212890625 0.669525146484375 0.051544189453125 0.052435302734375
1 0.76318359375 0.3793975830078125 0.02191162109375 0.06787338256835937
1 0.78173828125 0.4489501953125 0.038177490234375 0.06787338256835937
1 0.88525390625 0.15741424560546874 0.0188751220703125 0.06624832153320312
1 0.9208984375 0.20551605224609376 0.0239105224609375 0.0647857666015625
1 0.716796875 0.64915771484375 0.028106689453125 0.05538749694824219
1 0.7900390625 0.416015625 0.01953125 0.05029563903808594
1 0.8310546875 0.13986358642578126 0.0184326171875 0.05904388427734375
1 0.2100830078125 0.673858642578125 0.03173828125 0.0537353515625
1 0.8447265625 0.4175323486328125 0.0235137939453125 0.06852340698242188
1 0.254150390625 0.2706268310546875 0.0274810791015625 0.06418991088867188
1 0.01674652099609375 0.8337646484375 0.0334930419921875 0.053437423706054685
1 0.88232421875 0.405615234375 0.0242767333984375 0.06251068115234375
1 0.89599609375 0.3276123046875 0.027435302734375 0.05861053466796875
1 0.09234619140625 0.16629791259765625 0.0225067138671875 0.06180648803710938
1 0.7802734375 0.2944610595703125 0.021697998046875 0.05538749694824219
1 0.37060546875 0.3377960205078125 0.0295867919921875 0.061102294921875
1 0.9892578125 0.19208221435546874 0.0205230712890625 0.08851165771484375
1 0.52587890625 0.96376953125 0.0276336669921875 0.054358291625976565
1 0.75 0.1319549560546875 0.0223236083984375 0.0572021484375
1 0.385498046875 0.25047607421875 0.024658203125 0.057635498046875
1 0.215576171875 0.314178466796875 0.022979736328125 0.0561187744140625
1 0.625 0.3286956787109375 0.0143890380859375 0.05709381103515625
1 0.82421875 0.184173583984375 0.0200958251953125 0.06321487426757813
0 0.8206354737219614 0.6010667588975693 0.0431112051631984 0.06054257993344902
1 0.5390625 0.22274169921875 0.0220794677734375 0.07610702514648438
1 0.73583984375 0.21808319091796874 0.024932861328125 0.04393081665039063
1 0.7314453125 0.47928466796875 0.03131103515625 0.05414161682128906
1 0.68798828125 0.841131591796875 0.023468017578125 0.0699859619140625
1 0.78173828125 0.621856689453125 0.0255584716796875 0.04980812072753906
1 0.323974609375 0.2502593994140625 0.027801513671875 0.0569854736328125
0 0.80224609375 0.552520751953125 0.0262603759765625 0.042061996459960935
1 0.2139892578125 0.2550262451171875 0.02508544921875 0.063702392578125
1 0.18896484375 0.2220916748046875 0.02508544921875 0.06538162231445313
1 0.79638671875 0.3247955322265625 0.0312042236328125 0.0673858642578125
1 0.72802734375 0.3971649169921875 0.0262603759765625 0.05796051025390625
1 0.86083984375 0.2706268310546875 0.0285491943359375 0.04344329833984375
1 0.51025390625 0.19847412109375 0.01322174072265625 0.05953140258789062
1 0.90283203125 0.2931610107421875 0.034698486328125 0.059423065185546874
1 0.52294921875 0.659991455078125 0.023101806640625 0.042061996459960935
1 0.6728515625 0.226641845703125 0.01812744140625 0.04886016845703125
1 0.66015625 0.95076904296875 0.0279083251953125 0.06944427490234376
0 0.73291015625 0.52781982421875 0.048492431640625 0.0582855224609375
1 0.53369140625 0.3345458984375 0.0153656005859375 0.05731048583984375
1 0.29345703125 0.34754638671875 0.029144287109375 0.06624832153320312
0 0.96826171875 0.08851165771484375 0.03167724609375 0.06548995971679687
1 0.267578125 0.2047576904296875 0.03204345703125 0.06749420166015625
1 0.3759765625 0.40648193359375 0.0182647705078125 0.041330718994140626
1 0.358154296875 0.2883941650390625 0.0237274169921875 0.06251068115234375