0 0.1859375 0.325 0.044270833333333336 0.044444444444444446
0 0.11041666666666666 0.3523148148148148 0.04895833333333333 0.046296296296296294
0 0.7049479166666667 0.35185185185185186 0.046875 0.03981481481481482
0 0.42291666666666666 0.29814814814814816 0.0453125 0.041666666666666664
0 0.8403645833333333 0.37037037037037035 0.050520833333333334 0.041666666666666664
0 0.08046875 0.39814814814814814 0.051041666666666666 0.04351851851851852
1 0.13385416666666666 0.9671296296296297 0.03333333333333333 0.06481481481481481
0 0.11276041666666667 0.44074074074074077 0.04791666666666667 0.04814814814814815
0 0.9661458333333334 0.38472222222222224 0.051041666666666666 0.04537037037037037
0 0.02890625 0.8388888888888889 0.0578125 0.05185185185185185
0 0.8513020833333333 0.8138888888888889 0.053125 0.07777777777777778
1 0.10833333333333334 0.9587962962962963 0.026041666666666668 0.06574074074074074