1 0.368896484375 0.584588623046875 0.021575927734375 0.0582855224609375
1 0.07135009765625 0.96116943359375 0.0323486328125 0.053329086303710936
1 0.875 0.15849761962890624 0.0269622802734375 0.060398101806640625
0 0.73681640625 0.5113525390625 0.0305023193359375 0.0578521728515625
0 0.06683349609375 0.565521240234375 0.042816162109375 0.06240234375
0 0.67724609375 0.594122314453125 0.03240966796875 0.0522186279296875
1 0.8974609375 0.419482421875 0.03314208984375 0.06418991088867188
1 0.3486328125 0.3780975341796875 0.0279083251953125 0.058935546875
1 0.53955078125 0.2706268310546875 0.018341064453125 0.07101516723632813
1 0.431396484375 0.25914306640625 0.022247314453125 0.05403327941894531
0 0.95751953125 0.5668212890625 0.06243896484375 0.04563713073730469
1 0.47119140625 0.3347625732421875 0.0193023681640625 0.06310653686523438
1 0.53076171875 0.3629302978515625 0.02655029296875 0.06814422607421874
0 0.59814453125 0.4870849609375 0.0457763671875 0.041899490356445315
1 0.0460205078125 0.643524169921875 0.044281005859375 0.0693359375
1 0.6826171875 0.3789642333984375 0.018402099609375 0.062131500244140624
1 0.9775390625 0.1484222412109375 0.0230255126953125 0.06527328491210938
1 0.28857421875 0.770062255859375 0.0322265625 0.06749420166015625
1 0.51513671875 0.3122283935546875 0.0173797607421875 0.06917343139648438
1 0.401123046875 0.353179931640625 0.0218658447265625 0.06359405517578125
0 0.2315673828125 0.545587158203125 0.04949951171875 0.049537277221679686
1 0.331298828125 0.3172119140625 0.0219879150390625 0.06418991088867188
1 0.7109375 0.3206787109375 0.0260009765625 0.06982345581054687
1 0.88330078125 0.3759307861328125 0.0313720703125 0.05251655578613281
0 0.2032470703125 0.4766845703125 0.0283355712890625 0.05303115844726562
1 0.95947265625 0.3191619873046875 0.0282135009765625 0.05963973999023438
1 0.59912109375 0.22447509765625 0.0203704833984375 0.05154151916503906
0 0.1485595703125 0.47408447265625 0.03277587890625 0.06418991088867188
1 0.20947265625 0.3347625732421875 0.033905029296875 0.06516494750976562
1 0.295166015625 0.38568115234375 0.0301513671875 0.05517082214355469
1 0.482177734375 0.38134765625 0.018402099609375 0.07459030151367188
1 0.9462890625 0.3889312744140625 0.041534423828125 0.06673583984375
0 0.3095703125 0.65089111328125 0.047882080078125 0.08065719604492187
0 0.31591796875 0.512652587890625 0.0260009765625 0.05414161682128906
1 0.149169921875 0.3607635498046875 0.030853271484375 0.059964752197265624
1 0.9111328125 0.238775634765625 0.029083251953125 0.07372360229492188
1 0.81884765625 0.2805938720703125 0.0296478271484375 0.06624832153320312
1 0.77587890625 0.3746307373046875 0.01812744140625 0.0665191650390625
1 0.294677734375 0.16131439208984374 0.01763916015625 0.05926055908203125
1 0.87158203125 0.2454925537109375 0.0323486328125 0.06516494750976562
1 0.98876953125 0.365313720703125 0.0227203369140625 0.0693359375
1 0.841796875 0.3910980224609375 0.02288818359375 0.0699859619140625
1 0.48046875 0.566387939453125 0.022247314453125 0.0812530517578125
1 0.693359375 0.08672409057617188 0.01358795166015625 0.06299819946289062
1 0.6748046875 0.322412109375 0.0216522216796875 0.053437423706054685
1 0.93212890625 0.967236328125 0.040313720703125 0.0537353515625
1 0.91357421875 0.3130950927734375 0.0248870849609375 0.06603164672851562
0 0.8232421875 0.248309326171875 0.049957275390625 0.04712677001953125
1 0.70947265625 0.91263427734375 0.023284912109375 0.06689834594726562
1 0.69677734375 0.95250244140625 0.0280609130859375 0.059748077392578126
1 0.054107666015625 0.19468231201171876 0.0236968994140625 0.05861053466796875
1 0.145751953125 0.3018280029296875 0.035003662109375 0.05752716064453125
1 0.72509765625 0.3581634521484375 0.02685546875 0.0608856201171875
1 0.54150390625 0.2363922119140625 0.017852783203125 0.05192070007324219
1 0.68359375 0.20508270263671874 0.026763916015625 0.05963973999023438
1 0.505859375 0.225775146484375 0.0261993408203125 0.05037689208984375
1 0.3779296875 0.37528076171875 0.0211181640625 0.06852340698242188
1 0.73876953125 0.288177490234375 0.026458740234375 0.06321487426757813
1 0.0872802734375 0.2307586669921875 0.0258636474609375 0.06814422607421874
1 0.35986328125 0.2818939208984375 0.0293121337890625 0.06765670776367187
1 0.44873046875 0.2860107421875 0.0214080810546875 0.06700668334960938
1 0.72119140625 0.2346588134765625 0.019500732421875 0.050566482543945315
1 0.60546875 0.09203262329101562 0.017181396484375 0.063702392578125
1 0.92333984375 0.85716552734375 0.0300445556640625 0.08109054565429688
1 0.196044921875 0.24527587890625 0.0276947021484375 0.050187301635742185
1 0.77099609375 0.21049957275390624 0.017913818359375 0.05633544921875
1 0.9599609375 0.05601043701171875 0.0160980224609375 0.0693359375
1 0.487548828125 0.2879608154296875 0.020599365234375 0.07009429931640625
0 0.1334228515625 0.62315673828125 0.03759765625 0.07399444580078125
1 0.455810546875 0.85543212890625 0.029541015625 0.05796051025390625
1 0.1796875 0.1579559326171875 0.0179901123046875 0.053924942016601564
1 0.85498046875 0.3481964111328125 0.02655029296875 0.049997711181640626
1 0.9306640625 0.1692230224609375 0.0299835205078125 0.0656524658203125
1 0.011962890625 0.2866607666015625 0.0244293212890625 0.06180648803710938
1 0.0251312255859375 0.25654296875 0.0318603515625 0.06418991088867188
1 0.37255859375 0.2374755859375 0.0224609375 0.060289764404296876
1 0.218017578125 0.2652099609375 0.023468017578125 0.05709381103515625
1 0.9140625 0.797796630859375 0.02484130859375 0.0608856201171875
1 0.71826171875 0.87969970703125 0.027587890625 0.04988937377929688
1 0.09588623046875 0.143438720703125 0.0204925537109375 0.07318191528320313
1 0.71337890625 0.793463134765625 0.03021240234375 0.04165573120117187
1 0.11279296875 0.184173583984375 0.0239105224609375 0.041411972045898436
1 0.2379150390625 0.22880859375 0.02685546875 0.05105400085449219
1 0.40966796875 0.280810546875 0.0182342529296875 0.05251655578613281
1 0.7080078125 0.84676513671875 0.03302001953125 0.051731109619140625
1 0.142822265625 0.2463592529296875 0.0192413330078125 0.052814483642578125
0 0.97607421875 0.08932418823242187 0.0345458984375 0.06527328491210938
0 0.16357421875 0.4331329345703125 0.049224853515625 0.043768310546875
1 0.19482421875 0.1924072265625 0.0199432373046875 0.05262489318847656
1 0.309326171875 0.20334930419921876 0.0165863037109375 0.05311241149902344
1 0.63037109375 0.4383331298828125 0.015960693359375 0.045799636840820314