1 0.828125 0.363580322265625 0.03155517578125 0.06814422607421874
1 0.4775390625 0.354913330078125 0.030731201171875 0.08932418823242187
0 0.3115234375 0.4628173828125 0.052337646484375 0.04319953918457031
0 0.9013671875 0.47061767578125 0.0300445556640625 0.05322074890136719
0 0.052337646484375 0.548187255859375 0.03424072265625 0.05953140258789062
0 0.0836181640625 0.452850341796875 0.0546875 0.04157447814941406
1 0.9560546875 0.35101318359375 0.027740478515625 0.0695526123046875
1 0.2252197265625 0.3490631103515625 0.0261077880859375 0.06359405517578125
0 0.78271484375 0.46715087890625 0.05145263671875 0.05154151916503906
1 0.9775390625 0.253509521484375 0.037109375 0.06727752685546876
1 0.7919921875 0.31201171875 0.0262603759765625 0.06251068115234375
1 0.40380859375 0.42294921875 0.022369384765625 0.062023162841796875
0 0.153076171875 0.53822021484375 0.03521728515625 0.07074432373046875
1 0.86181640625 0.228375244140625 0.029144287109375 0.0665191650390625
0 0.5732421875 0.500518798828125 0.0526123046875 0.05037689208984375
1 0.057281494140625 0.2953277587890625 0.02630615234375 0.060398101806640625
1 0.7138671875 0.165972900390625 0.01934814453125 0.0673858642578125
1 0.9130859375 0.226641845703125 0.0284423828125 0.06429824829101563
1 0.7470703125 0.359246826171875 0.0209197998046875 0.06142730712890625
1 0.78125 0.254376220703125 0.0241851806640625 0.05817718505859375
1 0.3388671875 0.3726806640625 0.0299224853515625 0.057635498046875
1 0.82177734375 0.2220916748046875 0.0282745361328125 0.06689834594726562
1 0.2171630859375 0.2142913818359375 0.029541015625 0.04504127502441406
1 0.6474609375 0.2236083984375 0.023193359375 0.06240234375
1 0.295654296875 0.204107666015625 0.019866943359375 0.05527915954589844
1 0.74951171875 0.3048614501953125 0.01358795166015625 0.03036155700683594
1 0.96533203125 0.17344818115234376 0.023773193359375 0.0639190673828125
1 0.398681640625 0.3347625732421875 0.0214080810546875 0.06576080322265625
1 0.537109375 0.32154541015625 0.026611328125 0.06527328491210938
1 0.65869140625 0.9239013671875 0.0251312255859375 0.060398101806640625
1 0.267333984375 0.2905609130859375 0.0296478271484375 0.06467742919921875
0 0.81884765625 0.680792236328125 0.05194091796875 0.0504852294921875
1 0.646484375 0.3031280517578125 0.0171051025390625 0.0606689453125
1 0.73291015625 0.2121246337890625 0.0214080810546875 0.0682525634765625
1 0.148681640625 0.32674560546875 0.0289764404296875 0.0565521240234375
1 0.385009765625 0.237908935546875 0.0214080810546875 0.05806884765625
1 0.32861328125 0.3018280029296875 0.022796630859375 0.05105400085449219
1 0.5712890625 0.886199951171875 0.0257568359375 0.0626190185546875
1 0.46142578125 0.268243408203125 0.0230255126953125 0.058502197265625
1 0.751953125 0.1722564697265625 0.01306915283203125 0.02654266357421875
1 0.340087890625 0.24874267578125 0.0276336669921875 0.05403327941894531
1 0.7080078125 0.08786163330078126 0.0163421630859375 0.06749420166015625
1 0.591796875 0.3477630615234375 0.01837158203125 0.04766845703125
1 0.5048828125 0.06381072998046874 0.0171051025390625 0.054439544677734375
1 0.6123046875 0.2394256591796875 0.0211639404296875 0.05882720947265625
1 0.5556640625 0.3845977783203125 0.01812744140625 0.04661216735839844
1 0.164794921875 0.821197509765625 0.039276123046875 0.06272735595703124
1 0.57568359375 0.1924072265625 0.026458740234375 0.05796051025390625
0 0.95263671875 0.09002838134765626 0.0328369140625 0.06917343139648438
1 0.413330078125 0.87796630859375 0.0379638671875 0.078436279296875
1 0.5146484375 0.222308349609375 0.0210113525390625 0.06776504516601563
1 0.8203125 0.88836669921875 0.0245208740234375 0.054872894287109376
1 0.04327392578125 0.2121246337890625 0.013275146484375 0.03507423400878906
1 0.5859375 0.3068115234375 0.0306243896484375 0.03678054809570312
1 0.90380859375 0.17626495361328126 0.01129150390625 0.020665359497070313
1 0.93408203125 0.05752716064453125 0.015960693359375 0.06841506958007812
1 0.78125 0.21158294677734374 0.0316162109375 0.04000358581542969
1 0.317138671875 0.2684600830078125 0.017303466796875 0.037701416015625
1 0.49951171875 0.19468231201171876 0.01358795166015625 0.0483184814453125
0 0.52392578125 0.6292236328125 0.0582275390625 0.07567367553710938
1 0.50341796875 0.3009613037109375 0.01554107666015625 0.05538749694824219
1 0.83544921875 0.17561492919921876 0.01146697998046875 0.024958229064941405