1 0.1640584246218049 0.4310185185185185 0.03547209181011998 0.05925925925925926
1 0.730829420970266 0.40185185185185185 0.022430881585811163 0.06944444444444445
1 0.5599895670318206 0.4273148148148148 0.030777256129368807 0.06944444444444445
1 0.656755346896192 0.362962962962963 0.025039123630672927 0.06388888888888888
1 0.09624413145539906 0.7837962962962963 0.03495044340114763 0.05648148148148148
0 0.48617631716223264 0.586574074074074 0.029212310902451747 0.053703703703703705
1 0.2104851330203443 0.8393518518518519 0.038601982263954095 0.05925925925925926
0 0.28821074595722485 0.5763888888888888 0.028690662493479395 0.04814814814814815
1 0.5135628586332812 0.8578703703703704 0.03442879499217527 0.05555555555555555
1 0.24830464267083985 0.6782407407407407 0.03442879499217527 0.05925925925925926
0 0.9355764214919144 0.6064814814814815 0.05738132498695879 0.04722222222222222
0 0.5743348982785602 0.5615740740740741 0.05112154407929056 0.04722222222222222
1 0.49295774647887325 0.22268518518518518 0.019300991131977047 0.06388888888888888
1 0.08659363588941053 0.41435185185185186 0.03390714658320292 0.06481481481481481
1 0.2477829942618675 0.3055555555555556 0.02764736567553469 0.06574074074074074
1 0.9780907668231612 0.16435185185185186 0.02556077203964528 0.06481481481481481
1 0.4538341158059468 0.2662037037037037 0.02138758476786646 0.05648148148148148
1 0.5352112676056338 0.9351851851851852 0.029212310902451747 0.06111111111111111
1 0.3218570683359416 0.3958333333333333 0.03025560772039645 0.06388888888888888
1 0.5845070422535211 0.3712962962962963 0.028690662493479395 0.05277777777777778
1 0.3257694314032342 0.3074074074074074 0.0198226395409494 0.07037037037037037
1 0.908189880020866 0.38981481481481484 0.03025560772039645 0.06296296296296296
1 0.6622326551904016 0.13657407407407407 0.022430881585811163 0.07037037037037037
0 0.3268127282211789 0.4847222222222222 0.05112154407929056 0.041666666666666664
1 0.5370370370370371 0.27175925925925926 0.022430881585811163 0.07314814814814814
1 0.5498174230568597 0.3541666666666667 0.0198226395409494 0.06388888888888888
1 0.4846113719353156 0.9680555555555556 0.018257694314032343 0.05555555555555555
1 0.7065727699530516 0.2013888888888889 0.020865936358894107 0.06944444444444445
0 0.7157016171100679 0.5837962962962963 0.05529473135106938 0.044444444444444446
1 0.08424621804903495 0.3402777777777778 0.017214397496087636 0.05
1 0.5018257694314032 0.3587962962962963 0.01617110067814293 0.06296296296296296
1 0.9071465832029212 0.24675925925925926 0.03129890453834116 0.06666666666666667
1 0.4606155451225874 0.3296296296296296 0.019300991131977047 0.07314814814814814
1 0.22430881585811163 0.9490740740740741 0.024517475221700575 0.05925925925925926
1 0.6103286384976526 0.28194444444444444 0.022952529994783515 0.06296296296296296
1 0.22509128847157017 0.1925925925925926 0.023474178403755867 0.058333333333333334
1 0.9154929577464789 0.8217592592592593 0.03755868544600939 0.062037037037037036
1 0.8471570161711007 0.32592592592592595 0.029212310902451747 0.053703703703703705
1 0.04329681794470527 0.2814814814814815 0.03234220135628586 0.06018518518518518
1 0.11267605633802817 0.3 0.022430881585811163 0.058333333333333334
1 0.7535211267605634 0.1398148148148148 0.02138758476786646 0.06944444444444445
1 0.6171100678142931 0.7199074074074074 0.028690662493479395 0.05648148148148148
1 0.5409494001043297 0.7578703703703704 0.0297339593114241 0.05740740740740741
1 0.08685446009389672 0.23796296296296296 0.023995826812728223 0.05740740740740741
1 0.7613458528951487 0.8333333333333334 0.024517475221700575 0.06388888888888888
1 0.7475221700573813 0.30972222222222223 0.030777256129368807 0.06574074074074074
1 0.8794992175273866 0.36944444444444446 0.028690662493479395 0.06481481481481481
1 0.2908189880020866 0.25555555555555554 0.018779342723004695 0.05092592592592592
1 0.4934793948878456 0.7180555555555556 0.03495044340114763 0.05462962962962963
1 0.15910276473656756 0.18194444444444444 0.023995826812728223 0.06574074074074074
1 0.45618153364632236 0.41388888888888886 0.030777256129368807 0.05925925925925926
1 0.7050078247261345 0.30324074074074076 0.0198226395409494 0.046296296296296294
1 0.6773604590505999 0.749537037037037 0.03442879499217527 0.05925925925925926
1 0.6113719353155973 0.2162037037037037 0.02034428794992175 0.049074074074074076
1 0.9898278560250391 0.2587962962962963 0.0198226395409494 0.06481481481481481
1 0.6684924360980699 0.8828703703703704 0.023474178403755867 0.05277777777777778
1 0.9293166405842462 0.3138888888888889 0.030777256129368807 0.04351851851851852
1 0.9042775169535733 0.9032407407407408 0.0406885758998435 0.08425925925925926
1 0.8236828377673449 0.1648148148148148 0.01773604590505999 0.06481481481481481
1 0.37871674491392804 0.2388888888888889 0.017214397496087636 0.05462962962962963
1 0.6752738654147105 0.6541666666666667 0.03234220135628586 0.05185185185185185
1 0.9332290036515388 0.055092592592592596 0.01617110067814293 0.06851851851851852
1 0.3304642670839854 0.21342592592592594 0.028690662493479395 0.075
0 0.949660928534168 0.08935185185185185 0.03547209181011998 0.06851851851851852
1 0.5772039645279082 0.17962962962962964 0.017214397496087636 0.06018518518518518
1 0.5200834637454356 0.812037037037037 0.019300991131977047 0.041666666666666664
1 0.9916536254564423 0.39814814814814814 0.013562858633281168 0.06388888888888888