0 0.1400146484375 0.6618923611111112 0.04876708984375 0.06450737847222222
0 0.465576171875 0.5230034722222222 0.050323486328125 0.046685112847222224
0 0.2476806640625 0.3723958333333333 0.047332763671875 0.040771484375
0 0.4052734375 0.6128472222222222 0.05291748046875 0.039388020833333336
0 0.3779296875 0.5004340277777778 0.0469970703125 0.04812282986111111
0 0.552734375 0.4796006944444444 0.046478271484375 0.04408094618055555
0 0.3165225074404764 0.779947916666667 0.0457691010974702 0.06222873263888889
0 0.2181396484375 0.5594618055555556 0.053802490234375 0.04031032986111111
0 0.287109375 0.4730902777777778 0.049224853515625 0.04391818576388889
0 0.479736328125 0.7152777777777778 0.046630859375 0.0749782986111111
0 0.491943359375 0.4244791666666667 0.042022705078125 0.041015625
0 0.66650390625 0.4290364583333333 0.04803466796875 0.042182074652777776
0 0.71240234375 0.8207465277777778 0.048309326171875 0.051703559027777776
0 0.3094424293154762 0.330078125 0.03864978608630955 0.061686197916666664
0 0.38916015625 0.6727430555555556 0.048583984375 0.048583984375
0 0.9599609375 0.5972222222222222 0.0546875 0.045708550347222224
1 0.6552734375 0.23936631944444445 0.0266571044921875 0.06439887152777778
0 0.65771484375 0.7534722222222222 0.049957275390625 0.045708550347222224
1 0.7548828125 0.2810329861111111 0.024993896484375 0.06212022569444445
1 0.9864730834960938 0.296875 0.0270538330078125 0.07579210069444445
1 0.541015625 0.2463107638888889 0.0293731689453125 0.06429036458333333