0 0.63232421875 0.3350694444444444 0.04168701171875 0.04147677951388889
0 0.94091796875 0.3891059027777778 0.04949951171875 0.04359266493055555
0 0.73876953125 0.3407118055555556 0.046112060546875 0.04739040798611111
0 0.72021484375 0.3940972222222222 0.0482177734375 0.038492838541666664
0 0.69140625 0.4670138888888889 0.043853759765625 0.04587131076388889
0 0.97900390625 0.5 0.038818359375 0.043755425347222224
0 0.91455078125 0.5203993055555556 0.052703857421875 0.05555555555555555
0 0.44384765625 0.2921006944444444 0.043853759765625 0.037841796875
0 0.142578125 0.3552517361111111 0.048492431640625 0.041015625
0 0.8056640625 0.8307291666666666 0.034942626953125 0.05588107638888889
1 0.8544921875 0.8914930555555556 0.029205322265625 0.0807834201388889
0 0.0153656005859375 0.3843315972222222 0.0301513671875 0.04039171006944445
0 0.35193452380952395 0.7685185185185189 0.0625 0.06878306878306883
1 0.8731398809523814 0.8948412698412702 0.02157738095238102 0.08597883597883602