0 0.6518229166666667 0.5356481481481481 0.051041666666666666 0.044444444444444446
0 0.27786458333333336 0.6768518518518518 0.04479166666666667 0.041666666666666664
0 0.584375 0.700925925925926 0.043229166666666666 0.04814814814814815
0 0.71640625 0.6504629629629629 0.046875 0.046296296296296294
0 0.19375 0.5203703703703704 0.04791666666666667 0.04814814814814815
0 0.46145833333333336 0.4601851851851852 0.050520833333333334 0.04537037037037037
0 0.15416666666666667 0.6078703703703704 0.044270833333333336 0.04351851851851852
0 0.16302083333333334 0.387037037037037 0.04791666666666667 0.04537037037037037
0 0.22552083333333334 0.2722222222222222 0.046875 0.06481481481481481
0 0.31484375 0.08333333333333333 0.05416666666666667 0.06296296296296296
0 0.45755208333333336 0.8657407407407407 0.017708333333333333 0.049074074074074076