0 0.2895148669796557 0.55 0.030777256129368807 0.06018518518518518
0 0.8818466353677621 0.5296296296296297 0.03129890453834116 0.053703703703703705
0 0.48643714136671884 0.3731481481481482 0.057902973395931145 0.07222222222222222
1 0.9413145539906104 0.6509259259259259 0.03286384976525822 0.06388888888888888
1 0.47183098591549294 0.6481481481481481 0.03129890453834116 0.09259259259259259
0 0.7660406885758998 0.5347222222222222 0.0505998956703182 0.05092592592592592
1 0.949660928534168 0.825462962962963 0.03234220135628586 0.062037037037037036
0 0.018779342723004695 0.45694444444444443 0.03390714658320292 0.05462962962962963
0 0.12597809076682315 0.46296296296296297 0.03129890453834116 0.0712962962962963
1 0.6356285863328117 0.6949074074074074 0.02608242044861763 0.058333333333333334
0 0.056338028169014086 0.549074074074074 0.05425143453312467 0.041666666666666664
1 0.8247261345852895 0.6388888888888888 0.02190923317683881 0.06851851851851852
0 0.5482524778299426 0.5018518518518519 0.05112154407929056 0.05092592592592592
1 0.2190923317683881 0.6231481481481481 0.03182055294731351 0.06574074074074074
1 0.6400625978090767 0.774074074074074 0.02138758476786646 0.06111111111111111
0 0.27699530516431925 0.663425925925926 0.028169014084507043 0.06296296296296296
1 0.5268648930620762 0.6782407407407407 0.020865936358894107 0.062037037037037036
1 0.7329160146061554 0.6847222222222222 0.030777256129368807 0.06388888888888888
1 0.3951486697965571 0.5777777777777777 0.03338549817423057 0.05925925925925926
1 0.20839853938445488 0.7865740740740741 0.03129890453834116 0.04814814814814815
1 0.9731351069379238 0.750462962962963 0.03129890453834116 0.06481481481481481
1 0.7822117892540428 0.6902777777777778 0.022430881585811163 0.06759259259259259
1 0.05216484089723526 0.7032407407407407 0.03234220135628586 0.058333333333333334
1 0.7417840375586855 0.8023148148148148 0.02034428794992175 0.07962962962962963
1 0.7021387584767866 0.8337962962962963 0.022430881585811163 0.06574074074074074
1 0.905320813771518 0.7726851851851851 0.028169014084507043 0.06296296296296296
1 0.332811684924361 0.625462962962963 0.02190923317683881 0.05648148148148148
1 0.8568075117370892 0.7717592592592593 0.019300991131977047 0.06388888888888888
1 0.5477308294209703 0.6166666666666667 0.02608242044861763 0.04814814814814815
1 0.2876890975482525 0.7939814814814815 0.024517475221700575 0.06111111111111111
1 0.2522170057381325 0.7203703703703703 0.02556077203964528 0.062037037037037036
1 0.5093896713615024 0.7787037037037037 0.026604068857589983 0.06759259259259259
1 0.45618153364632236 0.7412037037037037 0.018257694314032343 0.06481481481481481
1 0.32994261867501307 0.750462962962963 0.020865936358894107 0.053703703703703705
1 0.14788732394366197 0.6944444444444444 0.026604068857589983 0.062037037037037036
1 0.6987480438184663 0.9138888888888889 0.02190923317683881 0.06574074074074074
0 0.7793427230046949 0.3212962962962963 0.05216484089723526 0.05092592592592592
1 0.6431924882629108 0.07546296296296297 0.037037037037037035 0.06018518518518518
1 0.8179447052686489 0.7814814814814814 0.02138758476786646 0.06851851851851852
1 0.7720396452790819 0.7458333333333333 0.028169014084507043 0.058333333333333334
1 0.4042775169535733 0.12222222222222222 0.03547209181011998 0.07777777777777778
1 0.1640584246218049 0.175 0.05581637976004173 0.07314814814814814
1 0.39123630672926446 0.6601851851851852 0.025039123630672927 0.06296296296296296
1 0.05033907146583203 0.7717592592592593 0.03755868544600939 0.06851851851851852
1 0.6025039123630673 0.7388888888888889 0.02608242044861763 0.058333333333333334
0 0.9660928534167971 0.3189814814814815 0.06781429316640585 0.06388888888888888
1 0.47522170057381324 0.9365740740740741 0.020865936358894107 0.06851851851851852
1 0.557642149191445 0.11574074074074074 0.02556077203964528 0.06296296296296296
0 0.951225873761085 0.9087962962962963 0.030777256129368807 0.06759259259259259
1 0.5782472613458529 0.7287037037037037 0.018779342723004695 0.04814814814814815
1 0.5688575899843505 0.8074074074074075 0.018257694314032343 0.053703703703703705
1 0.806207616066771 0.11851851851851852 0.03390714658320292 0.04259259259259259
1 0.2676056338028169 0.8444444444444444 0.02138758476786646 0.06666666666666667
1 0.5824204486176318 0.6550925925925926 0.018257694314032343 0.04351851851851852
1 0.19979134063641105 0.8277777777777777 0.01564945226917058 0.04537037037037037
1 0.5023474178403756 0.9333333333333333 0.018779342723004695 0.05648148148148148
1 0.3249869587897757 0.6902777777777778 0.018257694314032343 0.040740740740740744
1 0.3828899321857068 0.7574074074074074 0.017214397496087636 0.05092592592592592
1 0.8262910798122066 0.8217592592592593 0.011476264997391758 0.025925925925925925
1 0.8980177360459051 0.8226851851851852 0.0099113197704747 0.018518518518518517
1 0.9345331246739698 0.9421296296296297 0.01617110067814293 0.06944444444444445
1 0.7720396452790819 0.787962962962963 0.030777256129368807 0.03888888888888889
1 0.03573291601460615 0.7837962962962963 0.01564945226917058 0.03425925925925926