0 0.30182291666666666 0.4962962962962963 0.05 0.04259259259259259
0 0.20703125 0.45416666666666666 0.049479166666666664 0.04537037037037037
0 0.5263020833333333 0.45046296296296295 0.051041666666666666 0.046296296296296294
0 0.41901041666666666 0.6884259259259259 0.042708333333333334 0.044444444444444446
0 0.040625 0.5634259259259259 0.0484375 0.05925925925925926
0 0.46197916666666666 0.3907407407407407 0.05 0.04722222222222222
0 0.05078125 0.611574074074074 0.046875 0.04259259259259259
0 0.80078125 0.6375 0.03125 0.058333333333333334
0 0.23385416666666667 0.5796296296296296 0.04739583333333333 0.04351851851851852
0 0.45703125 0.6157407407407407 0.04739583333333333 0.04537037037037037
0 0.6473958333333333 0.6814814814814815 0.04635416666666667 0.04259259259259259
0 0.01640625 0.38564814814814813 0.0328125 0.04351851851851852