0 0.8988002086593636 0.5208333333333334 0.05216484089723526 0.05
0 0.27021387584767864 0.5222222222222223 0.053208137715179966 0.04722222222222222
1 0.8930620761606677 0.6277777777777778 0.0297339593114241 0.07037037037037037
1 0.9741784037558685 0.774537037037037 0.02764736567553469 0.06759259259259259
0 0.2806468440271257 0.41203703703703703 0.05581637976004173 0.044444444444444446
1 0.011215440792905582 0.7138888888888889 0.02138758476786646 0.0787037037037037
1 0.8628064684402713 0.6888888888888889 0.027125717266562335 0.06018518518518518
0 0.45618153364632236 0.5226851851851851 0.04903495044340115 0.04814814814814815
1 0.11450182576943141 0.7097222222222223 0.02764736567553469 0.06481481481481481
1 0.7003129890453834 0.6912037037037037 0.023995826812728223 0.06666666666666667
0 0.7446531038080334 0.4837962962962963 0.0297339593114241 0.06296296296296296
1 0.2908189880020866 0.6277777777777778 0.02556077203964528 0.08333333333333333
0 0.3985393844548774 0.4337962962962963 0.04538341158059468 0.0712962962962963
1 0.2686489306207616 0.7861111111111111 0.029212310902451747 0.044444444444444446
1 0.5083463745435577 0.725462962962963 0.026604068857589983 0.06296296296296296
1 0.7636932707355243 0.8245370370370371 0.023995826812728223 0.07037037037037037
1 0.9175795513823682 0.7694444444444445 0.023995826812728223 0.06574074074074074
1 0.47209181011997914 0.6203703703703703 0.03129890453834116 0.06388888888888888
1 0.4011476264997392 0.6231481481481481 0.02764736567553469 0.049074074074074076
1 0.7994261867501304 0.6777777777777778 0.03025560772039645 0.062037037037037036
1 0.6298904538341158 0.7268518518518519 0.01564945226917058 0.058333333333333334
1 0.20918101199791342 0.6833333333333333 0.0297339593114241 0.075
1 0.8813249869587898 0.7731481481481481 0.022952529994783515 0.06296296296296296
1 0.6278038601982264 0.825462962962963 0.01773604590505999 0.07222222222222222
1 0.31351069379238394 0.7148148148148148 0.02138758476786646 0.06296296296296296
1 0.640584246218049 0.10833333333333334 0.023474178403755867 0.06111111111111111
1 0.8382889932185706 0.7421296296296296 0.02556077203964528 0.05648148148148148
1 0.6465832029212311 0.6509259259259259 0.028690662493479395 0.05092592592592592
1 0.1828377673448096 0.8217592592592593 0.023995826812728223 0.058333333333333334
1 0.7417840375586855 0.8953703703703704 0.024517475221700575 0.05462962962962963
1 0.8935837245696401 0.0837962962962963 0.026604068857589983 0.08333333333333333
1 0.5665101721439749 0.7805555555555556 0.027125717266562335 0.06481481481481481
1 0.23839332290036516 0.17685185185185184 0.048513302034428794 0.0712962962962963
1 0.6455399061032864 0.6898148148148148 0.0297339593114241 0.040740740740740744
1 0.09311424100156494 0.7620370370370371 0.025039123630672927 0.05092592592592592
0 0.33124673969744395 0.6541666666666667 0.047991653625456446 0.041666666666666664
1 0.8364632237871674 0.7861111111111111 0.03129890453834116 0.03796296296296296
1 0.7271778821074596 0.0837962962962963 0.03755868544600939 0.06388888888888888
1 0.3821074595722483 0.7129629629629629 0.02556077203964528 0.06111111111111111
1 0.6977047470005217 0.7731481481481481 0.018257694314032343 0.062037037037037036
1 0.800208659363589 0.8097222222222222 0.018257694314032343 0.06111111111111111
1 0.5263432446531038 0.7935185185185185 0.02138758476786646 0.07037037037037037
1 0.5639019300991132 0.6953703703703704 0.01617110067814293 0.044444444444444446
1 0.935054773082942 0.9416666666666667 0.01564945226917058 0.07037037037037037
1 0.6499739175795514 0.7833333333333333 0.01773604590505999 0.05740740740740741
1 0.6225873761085029 0.6027777777777777 0.015127803860198226 0.04259259259259259
1 0.9428794992175273 0.8087962962962963 0.02034428794992175 0.05555555555555555
1 0.47835159102764735 0.11805555555555555 0.0297339593114241 0.08055555555555556
0 0.9517475221700574 0.9092592592592592 0.03129890453834116 0.06851851851851852
0 0.7842983828899321 0.32546296296296295 0.06311945748565467 0.05925925925925926
1 0.5352112676056338 0.6393518518518518 0.03599374021909233 0.08796296296296297