1 0.1815185546875 0.6257568359375 0.032958984375 0.05774383544921875
0 0.439208984375 0.477984619140625 0.049957275390625 0.04766845703125
0 0.79052734375 0.582855224609375 0.055206298828125 0.04344329833984375
0 0.266357421875 0.458050537109375 0.05072021484375 0.04444541931152344
1 0.92431640625 0.641790771484375 0.03662109375 0.0572021484375
0 0.87158203125 0.34234619140625 0.054290771484375 0.04328079223632812
1 0.247314453125 0.682958984375 0.0345458984375 0.06018142700195313
0 0.409423828125 0.5390869140625 0.047882080078125 0.04704551696777344
0 0.1270751953125 0.4244659423828125 0.048492431640625 0.04016609191894531
1 0.302490234375 0.2372589111328125 0.0200958251953125 0.05882720947265625
0 0.14599609375 0.516119384765625 0.0482177734375 0.05232696533203125
1 0.36328125 0.2909942626953125 0.0242767333984375 0.05861053466796875
1 0.72119140625 0.08184890747070313 0.02630615234375 0.0639190673828125
0 0.75830078125 0.5182861328125 0.057281494140625 0.052435302734375
0 0.073974609375 0.52955322265625 0.031494140625 0.06451492309570313
0 0.52783203125 0.521319580078125 0.047698974609375 0.047505950927734374
1 0.4326171875 0.2719268798828125 0.027740478515625 0.06489410400390624
0 0.04010009765625 0.42294921875 0.049774169921875 0.047939300537109375
0 0.92236328125 0.58328857421875 0.057708740234375 0.04704551696777344
0 0.45458984375 0.603656005859375 0.051544189453125 0.04607048034667969
1 0.23974609375 0.3312957763671875 0.0252227783203125 0.06077728271484375
1 0.244140625 0.3793975830078125 0.0236053466796875 0.059748077392578126
1 0.68359375 0.297711181640625 0.021575927734375 0.06381072998046874
1 0.64990234375 0.7609619140625 0.027435302734375 0.0572021484375
1 0.0953369140625 0.66475830078125 0.037811279296875 0.0578521728515625
1 0.84228515625 0.680792236328125 0.030792236328125 0.06332321166992187
1 0.46728515625 0.3585968017578125 0.017242431640625 0.0569854736328125
1 0.2138671875 0.756195068359375 0.026611328125 0.0537353515625
1 0.865234375 0.3923980712890625 0.0210418701171875 0.047505950927734374
1 0.11578369140625 0.3312957763671875 0.033203125 0.0712860107421875
0 0.7666015625 0.65782470703125 0.054290771484375 0.044770431518554685
1 0.501953125 0.3395294189453125 0.026763916015625 0.07399444580078125
1 0.57568359375 0.2472259521484375 0.0253753662109375 0.06429824829101563
1 0.62060546875 0.2411590576171875 0.0201416015625 0.06711502075195312
1 0.1485595703125 0.3083282470703125 0.0341796875 0.0606689453125
0 0.6123046875 0.502252197265625 0.0274810791015625 0.05362701416015625
1 0.048126220703125 0.327178955078125 0.0271759033203125 0.06489410400390624
1 0.58056640625 0.4417999267578125 0.0301513671875 0.0613189697265625
1 0.52197265625 0.284710693359375 0.0276336669921875 0.0682525634765625
1 0.30078125 0.670391845703125 0.030670166015625 0.06635665893554688
1 0.82275390625 0.11906280517578124 0.0192718505859375 0.05926055908203125
1 0.66259765625 0.156005859375 0.0161590576171875 0.07090682983398437
1 0.33740234375 0.21288299560546875 0.017242431640625 0.05709381103515625
1 0.75244140625 0.2437591552734375 0.02691650390625 0.05731048583984375
1 0.69189453125 0.86583251953125 0.0287017822265625 0.05839385986328125
1 0.289794921875 0.27301025390625 0.0302734375 0.06527328491210938
1 0.28076171875 0.562054443359375 0.03179931640625 0.06381072998046874
1 0.95654296875 0.143438720703125 0.022796630859375 0.06007308959960937
1 0.0836181640625 0.2996612548828125 0.0306243896484375 0.05926055908203125
1 0.57177734375 0.8510986328125 0.033538818359375 0.05424995422363281
1 0.55078125 0.3577301025390625 0.0192718505859375 0.074969482421875
1 0.79150390625 0.19988250732421875 0.0284881591796875 0.068035888671875
0 0.249267578125 0.516552734375 0.03338623046875 0.05633544921875
1 0.330078125 0.8129638671875 0.02947998046875 0.055062484741210935
1 0.65869140625 0.250042724609375 0.0217437744140625 0.060398101806640625
1 0.64794921875 0.3083282470703125 0.0294189453125 0.06321487426757813
1 0.15966796875 0.825531005859375 0.038177490234375 0.05633544921875
1 0.7138671875 0.386114501953125 0.0213623046875 0.05424995422363281
0 0.70947265625 0.614923095703125 0.050811767578125 0.07074432373046875
1 0.69873046875 0.4201324462890625 0.017578125 0.0665191650390625
1 0.1171875 0.91610107421875 0.040618896484375 0.06451492309570313
1 0.2086181640625 0.13986358642578126 0.02056884765625 0.05622711181640625
1 0.8564453125 0.22794189453125 0.0297088623046875 0.05796051025390625
1 0.1929931640625 0.15849761962890624 0.0173797607421875 0.05538749694824219
1 0.0592041015625 0.2394256591796875 0.0299224853515625 0.05731048583984375
1 0.03790283203125 0.2714935302734375 0.0251312255859375 0.048047637939453124
1 0.15869140625 0.79302978515625 0.0229339599609375 0.05113525390625
1 0.54736328125 0.21234130859375 0.0235137939453125 0.052733230590820315
1 0.3818359375 0.20724945068359374 0.020721435546875 0.049049758911132814
1 0.98876953125 0.43768310546875 0.022369384765625 0.0606689453125
1 0.71240234375 0.2558929443359375 0.0190887451171875 0.048047637939453124
1 0.6904296875 0.12664642333984374 0.019378662109375 0.06576080322265625
1 0.0192413330078125 0.2012908935546875 0.02606201171875 0.05251655578613281
1 0.6396484375 0.267376708984375 0.0220794677734375 0.05882720947265625
1 0.356689453125 0.870166015625 0.029541015625 0.05403327941894531
1 0.9306640625 0.3466796875 0.0257568359375 0.0400848388671875
1 0.9140625 0.20269927978515626 0.030853271484375 0.0537353515625
1 0.1927490234375 0.5962890625 0.03448486328125 0.059856414794921875
0 0.018476636445827047 0.455603931568287 0.03695327289165403 0.06400937680844897
1 0.8564453125 0.433782958984375 0.03216552734375 0.08482818603515625
1 0.1134033203125 0.2511260986328125 0.03533935546875 0.054439544677734375
1 0.20947265625 0.2398590087890625 0.02044677734375 0.042603683471679685
1 0.2420654296875 0.2840606689453125 0.0167236328125 0.054439544677734375
1 0.720703125 0.802130126953125 0.024139404296875 0.048589324951171874
1 0.71142578125 0.3468963623046875 0.0289764404296875 0.03534507751464844
1 0.1593017578125 0.2012908935546875 0.019683837890625 0.04988937377929688
1 0.923828125 0.3789642333984375 0.027587890625 0.049537277221679686
1 0.2310791015625 0.1744232177734375 0.0261993408203125 0.06321487426757813
1 0.921875 0.160772705078125 0.0301055908203125 0.03734931945800781
1 0.6962890625 0.1854736328125 0.017578125 0.061914825439453126
1 0.1087646484375 0.2064910888671875 0.018157958984375 0.03561592102050781
1 0.603515625 0.178106689453125 0.015777587890625 0.04877891540527344
1 0.455322265625 0.2381256103515625 0.022247314453125 0.034478378295898435
1 0.413818359375 0.20616607666015624 0.014617919921875 0.03894729614257812
1 0.01467132568359375 0.13054656982421875 0.0265045166015625 0.09203262329101562
1 0.337158203125 0.94036865234375 0.03424072265625 0.05601043701171875
1 0.97265625 0.05403327941894531 0.0169830322265625 0.07101516723632813
1 0.861328125 0.18449859619140624 0.031982421875 0.040464019775390624
1 0.673828125 0.0682525634765625 0.027008056640625 0.07193603515625
1 0.5751953125 0.89183349609375 0.0283355712890625 0.04877891540527344
1 0.2322998046875 0.233575439453125 0.02215576171875 0.054954147338867186
1 0.334228515625 0.1809234619140625 0.01302337646484375 0.036645126342773435
1 0.58740234375 0.3412628173828125 0.0287017822265625 0.04401206970214844
1 0.578125 0.755328369140625 0.0303802490234375 0.048968505859375