1 0.8442879499217527 0.36342592592592593 0.03338549817423057 0.06388888888888888
1 0.9447052686489307 0.2708333333333333 0.02556077203964528 0.06111111111111111
1 0.7347417840375586 0.3435185185185185 0.028169014084507043 0.07592592592592592
1 0.3338549817423057 0.3282407407407407 0.02556077203964528 0.07037037037037037
1 0.3988002086593636 0.3388888888888889 0.026604068857589983 0.06481481481481481
1 0.30568596765779865 0.21064814814814814 0.022952529994783515 0.06296296296296296
1 0.08242044861763172 0.3763888888888889 0.026604068857589983 0.046296296296296294
0 0.6481481481481481 0.4425925925925926 0.04225352112676056 0.06388888888888888
1 0.639019300991132 0.33240740740740743 0.022952529994783515 0.05
0 0.5346896191966615 0.46064814814814814 0.05372978612415232 0.05185185185185185
1 0.8182055294731351 0.3111111111111111 0.028169014084507043 0.06388888888888888
1 0.7000521648408973 0.37546296296296294 0.030777256129368807 0.044444444444444446
1 0.018518518518518517 0.24583333333333332 0.028169014084507043 0.06851851851851852
1 0.7183098591549296 0.22824074074074074 0.018779342723004695 0.06018518518518518
1 0.3455920709441836 0.2111111111111111 0.02034428794992175 0.06296296296296296
1 0.4937402190923318 0.24351851851851852 0.022430881585811163 0.062037037037037036
1 0.8797600417318727 0.30324074074074076 0.023995826812728223 0.05925925925925926
1 0.5764214919144497 0.3194444444444444 0.019300991131977047 0.05740740740740741
1 0.8993218570683359 0.37916666666666665 0.041731872717788214 0.09074074074074075
1 0.5440792905581638 0.24027777777777778 0.023474178403755867 0.058333333333333334
1 0.9034950443401147 0.2564814814814815 0.02190923317683881 0.05092592592592592
1 0.1958789775691184 0.38101851851851853 0.02138758476786646 0.06111111111111111
1 0.017475221700573813 0.4083333333333333 0.03338549817423057 0.06851851851851852
1 0.4254042775169536 0.26851851851851855 0.02608242044861763 0.05462962962962963
1 0.1697965571205008 0.2949074074074074 0.0297339593114241 0.06574074074074074
1 0.11319770474700053 0.30462962962962964 0.03129890453834116 0.05648148148148148
1 0.2597809076682316 0.12314814814814815 0.0198226395409494 0.06759259259259259
1 0.4603547209181012 0.9722222222222222 0.022952529994783515 0.05277777777777778
1 0.2005738132498696 0.324537037037037 0.019300991131977047 0.06018518518518518
1 0.38341158059467917 0.1787037037037037 0.022430881585811163 0.075
1 0.8583724569640062 0.23148148148148148 0.02764736567553469 0.05555555555555555
1 0.16953573291601462 0.14629629629629629 0.024517475221700575 0.08148148148148149
1 0.2222222222222222 0.15185185185185185 0.022430881585811163 0.05925925925925926
1 0.5119979134063641 0.3398148148148148 0.014606155451225874 0.06388888888888888
1 0.8140323422013563 0.22546296296296298 0.0297339593114241 0.062037037037037036
1 0.7772561293688054 0.1925925925925926 0.020865936358894107 0.04259259259259259
1 0.9697443922796035 0.21851851851851853 0.02034428794992175 0.05185185185185185
1 0.0693792383933229 0.16666666666666666 0.024517475221700575 0.06481481481481481
1 0.28169014084507044 0.18194444444444444 0.02556077203964528 0.058333333333333334
1 0.041992696922274385 0.15601851851851853 0.024517475221700575 0.07314814814814814
1 0.12441314553990611 0.18796296296296297 0.02608242044861763 0.06851851851851852
1 0.1011997913406364 0.2351851851851852 0.024517475221700575 0.05462962962962963
1 0.7258737610850287 0.29907407407407405 0.03547209181011998 0.049074074074074076
1 0.6465832029212311 0.9162037037037037 0.026604068857589983 0.06759259259259259
1 0.6945748565466875 0.21157407407407408 0.02608242044861763 0.07407407407407407
1 0.11476264997391758 0.1449074074074074 0.01617110067814293 0.044444444444444446
1 0.7094418362023995 0.8851851851851852 0.0297339593114241 0.06481481481481481
0 0.15779864371413668 0.6324074074074074 0.06207616066770996 0.07037037037037037
1 0.09520083463745435 0.9055555555555556 0.02608242044861763 0.058333333333333334
1 0.8583724569640062 0.8569444444444444 0.03599374021909233 0.08148148148148149
1 0.6476264997391757 0.29305555555555557 0.03025560772039645 0.03888888888888889
1 0.0639019300991132 0.058333333333333334 0.01564945226917058 0.07037037037037037