0 0.23291601460615546 0.524074074074074 0.050078247261345854 0.03981481481481482
1 0.6841418883672404 0.600925925925926 0.02138758476786646 0.06481481481481481
1 0.8695878977569118 0.18888888888888888 0.03025560772039645 0.05925925925925926
1 0.20344287949921752 0.31805555555555554 0.03182055294731351 0.05648148148148148
0 0.46739697443922795 0.4462962962962963 0.05268648930620762 0.041666666666666664
1 0.6147626499739176 0.6393518518518518 0.025039123630672927 0.06296296296296296
1 0.46635367762128327 0.1486111111111111 0.03495044340114763 0.05462962962962963
1 0.5156494522691706 0.5763888888888888 0.030777256129368807 0.06388888888888888
1 0.053468961919666144 0.2574074074074074 0.0297339593114241 0.05462962962962963
1 0.6669274908711529 0.7981481481481482 0.022952529994783515 0.07037037037037037
0 0.8114241001564946 0.40370370370370373 0.05529473135106938 0.05
1 0.18779342723004694 0.22546296296296298 0.028169014084507043 0.05925925925925926
1 0.09780907668231612 0.5648148148148148 0.02764736567553469 0.05740740740740741
1 0.4154929577464789 0.7319444444444444 0.024517475221700575 0.05555555555555555
1 0.29029733959311427 0.700925925925926 0.023474178403755867 0.06574074074074074
1 0.46426708398539385 0.6481481481481481 0.023995826812728223 0.07314814814814814
1 0.859415753781951 0.1125 0.02608242044861763 0.053703703703703705
1 0.9634846113719353 0.6097222222222223 0.02764736567553469 0.06851851851851852
1 0.431924882629108 0.029166666666666667 0.017214397496087636 0.05462962962962963
1 0.041731872717788214 0.5893518518518519 0.03286384976525822 0.06666666666666667
1 0.2681272822117893 0.6652777777777777 0.019300991131977047 0.05092592592592592
1 0.9791340636411059 0.6810185185185185 0.03234220135628586 0.06388888888888888
1 0.16040688575899845 0.16435185185185186 0.037037037037037035 0.05925925925925926
1 0.2934272300469484 0.7944444444444444 0.025039123630672927 0.075
0 0.5996348461137193 0.4273148148148148 0.05372978612415232 0.04537037037037037
1 0.4780907668231612 0.06574074074074074 0.03234220135628586 0.05925925925925926
1 0.5552947313510693 0.687037037037037 0.022952529994783515 0.06481481481481481
0 0.37271778821074597 0.4236111111111111 0.03129890453834116 0.05185185185185185
1 0.6992696922274387 0.6884259259259259 0.028690662493479395 0.06388888888888888
1 0.43088158581116326 0.6736111111111112 0.026604068857589983 0.06481481481481481
1 0.7143974960876369 0.17037037037037037 0.026604068857589983 0.06666666666666667
1 0.8656755346896192 0.6125 0.027125717266562335 0.06481481481481481
1 0.8471570161711007 0.8199074074074074 0.027125717266562335 0.06481481481481481
1 0.8896713615023474 0.711574074074074 0.03286384976525822 0.07314814814814814
1 0.4154929577464789 0.5875 0.028690662493479395 0.053703703703703705
1 0.20735524256651017 0.6990740740740741 0.0297339593114241 0.06759259259259259
1 0.27908189880020867 0.6060185185185185 0.022430881585811163 0.062037037037037036
1 0.9903495044340115 0.18796296296296297 0.01773604590505999 0.05555555555555555
1 0.7172665623369848 0.8546296296296296 0.026604068857589983 0.07407407407407407
1 0.940792905581638 0.8305555555555556 0.03338549817423057 0.0787037037037037
1 0.8236828377673449 0.6509259259259259 0.03599374021909233 0.06388888888888888
0 0.17370892018779344 0.4337962962962963 0.050078247261345854 0.06759259259259259
1 0.8651538862806468 0.75 0.023474178403755867 0.06296296296296296
1 0.18596765779864372 0.05462962962962963 0.028169014084507043 0.05277777777777778
1 0.5101721439749609 0.6986111111111111 0.022952529994783515 0.06018518518518518
1 0.8398539384454877 0.5796296296296296 0.02556077203964528 0.07222222222222222
1 0.3458528951486698 0.7694444444444445 0.027125717266562335 0.05648148148148148
1 0.6220657276995305 0.12268518518518519 0.023474178403755867 0.053703703703703705
1 0.03990610328638498 0.7592592592592593 0.020865936358894107 0.06388888888888888
0 0.9175795513823682 0.36435185185185187 0.03547209181011998 0.05740740740740741
1 0.6249347939488784 0.350462962962963 0.03338549817423057 0.05277777777777778
1 0.5659885237350026 0.28379629629629627 0.0297339593114241 0.05648148148148148
1 0.19405320813771518 0.812037037037037 0.023995826812728223 0.05925925925925926
1 0.04094940010432968 0.6643518518518519 0.0198226395409494 0.05092592592592592
1 0.25821596244131456 0.7523148148148148 0.023995826812728223 0.06018518518518518
1 0.7882107459572248 0.8407407407407408 0.01617110067814293 0.06296296296296296
1 0.06572769953051644 0.7013888888888888 0.02190923317683881 0.05555555555555555
1 0.5821596244131455 0.7754629629629629 0.018257694314032343 0.06296296296296296
1 0.6327595200834637 0.24861111111111112 0.03495044340114763 0.05740740740740741
1 0.49739175795513824 0.24675925925925926 0.03025560772039645 0.06018518518518518
1 0.8974960876369327 0.7828703703703703 0.02556077203964528 0.04814814814814815
1 0.6231090245174752 0.8699074074074075 0.019300991131977047 0.06759259259259259
1 0.6645800730307773 0.7013888888888888 0.015127803860198226 0.049074074074074076
1 0.9334898278560251 0.9458333333333333 0.016692749087115284 0.06944444444444445
1 0.18231611893583724 0.7472222222222222 0.022430881585811163 0.05185185185185185
1 0.011997913406364111 0.7972222222222223 0.022952529994783515 0.04259259259259259
1 0.4444444444444444 0.2898148148148148 0.03547209181011998 0.05462962962962963
1 0.810641627543036 0.7189814814814814 0.03234220135628586 0.044444444444444446
1 0.4924360980699009 0.9393518518518519 0.019300991131977047 0.06111111111111111
1 0.454094940010433 0.7699074074074074 0.02764736567553469 0.06481481481481481
1 0.4736567553468962 0.1925925925925926 0.018779342723004695 0.04351851851851852