0 0.7446531038080334 0.5203703703703704 0.05112154407929056 0.044444444444444446
0 0.7837767344809599 0.5773148148148148 0.054773082942097026 0.04814814814814815
1 0.48487219613980176 0.6055555555555555 0.016692749087115284 0.06666666666666667
0 0.8661971830985915 0.6111111111111112 0.05894627021387585 0.04537037037037037
0 0.37871674491392804 0.4699074074074074 0.0505998956703182 0.049074074074074076
0 0.4744392279603547 0.5157407407407407 0.04590505998956703 0.03888888888888889
1 0.0936358894105373 0.8064814814814815 0.04277516953573292 0.05925925925925926
0 0.5448617631716224 0.47824074074074074 0.050078247261345854 0.05
1 0.3004694835680751 0.663425925925926 0.03390714658320292 0.06018518518518518
1 0.13197704747000522 0.6527777777777778 0.03234220135628586 0.05277777777777778
0 0.28377673448095986 0.44074074074074077 0.050078247261345854 0.04722222222222222
0 0.35967657798643715 0.5347222222222222 0.04903495044340115 0.04722222222222222
1 0.4572248304642671 0.3851851851851852 0.028690662493479395 0.06388888888888888
0 0.9306207616066771 0.5657407407407408 0.056859676577986434 0.05092592592592592
0 0.5297339593114241 0.5560185185185185 0.046948356807511735 0.04722222222222222
1 0.798904538341158 0.1050925925925926 0.023995826812728223 0.06481481481481481
1 0.7519561815336463 0.43148148148148147 0.03234220135628586 0.06296296296296296
1 0.1609285341679708 0.8351851851851851 0.038601982263954095 0.058333333333333334
1 0.0782472613458529 0.48935185185185187 0.03025560772039645 0.05
1 0.9092331768388107 0.8893518518518518 0.0297339593114241 0.05925925925925926
0 0.8735002608242045 0.6921296296296297 0.06259780907668232 0.05092592592592592
1 0.2433489827856025 0.3148148148148148 0.022430881585811163 0.058333333333333334
0 0.051382368283776736 0.41944444444444445 0.03755868544600939 0.06296296296296296
1 0.15127803860198227 0.6828703703703703 0.03442879499217527 0.053703703703703705
1 0.21517996870109546 0.28055555555555556 0.023995826812728223 0.05555555555555555
1 0.6854460093896714 0.399537037037037 0.018779342723004695 0.06759259259259259
1 0.8056859676577987 0.33055555555555555 0.03286384976525822 0.06481481481481481
0 0.1090245174752217 0.5726851851851852 0.058424621804903494 0.06296296296296296
1 0.9102764736567553 0.45092592592592595 0.03442879499217527 0.05740740740740741
1 0.4173187271778821 0.7050925925925926 0.02608242044861763 0.058333333333333334
1 0.36593635889410536 0.2777777777777778 0.025039123630672927 0.05185185185185185
1 0.9076682316118936 0.25462962962962965 0.0297339593114241 0.06111111111111111
1 0.48174230568596765 0.2810185185185185 0.022952529994783515 0.053703703703703705
1 0.26160667709963487 0.34814814814814815 0.03338549817423057 0.06296296296296296
1 0.40688575899843504 0.6282407407407408 0.02608242044861763 0.06018518518518518
1 0.45305164319248825 0.28194444444444444 0.02556077203964528 0.062037037037037036
1 0.5268648930620762 0.21712962962962962 0.02608242044861763 0.06388888888888888
1 0.8622848200312989 0.7560185185185185 0.03599374021909233 0.06111111111111111
1 0.752999478351591 0.2300925925925926 0.02190923317683881 0.05648148148148148
1 0.440792905581638 0.34120370370370373 0.016692749087115284 0.06018518518518518
1 0.31794470526864893 0.3537037037037037 0.026604068857589983 0.06481481481481481
1 0.7978612415232134 0.45416666666666666 0.029212310902451747 0.06018518518518518
1 0.16484089723526343 0.6333333333333333 0.0297339593114241 0.058333333333333334
1 0.3189880020865936 0.9041666666666667 0.02608242044861763 0.06666666666666667
1 0.9413145539906104 0.1935185185185185 0.02608242044861763 0.06111111111111111
1 0.14814814814814814 0.2518518518518518 0.027125717266562335 0.06018518518518518
1 0.6181533646322379 0.23842592592592593 0.0198226395409494 0.06574074074074074
1 0.7798643714136672 0.2587962962962963 0.018779342723004695 0.06018518518518518
1 0.5245174752217006 0.3162037037037037 0.02764736567553469 0.05277777777777778
1 0.5667709963484612 0.2050925925925926 0.025039123630672927 0.06759259259259259
1 0.8706311945748565 0.11944444444444445 0.01617110067814293 0.062037037037037036
1 0.6332811684924361 0.1398148148148148 0.019300991131977047 0.07407407407407407
1 0.8914971309337506 0.3768518518518518 0.029212310902451747 0.040740740740740744
1 0.05529473135106938 0.3375 0.03912363067292645 0.06574074074074074
1 0.3967136150234742 0.7412037037037037 0.02608242044861763 0.049074074074074076
1 0.400886802295253 0.3199074074074074 0.027125717266562335 0.05462962962962963
1 0.7475221700573813 0.8916666666666667 0.03025560772039645 0.05185185185185185
1 0.8124673969744393 0.18564814814814815 0.0297339593114241 0.05462962962962963
1 0.27699530516431925 0.26666666666666666 0.028169014084507043 0.06296296296296296
1 0.8823682837767345 0.17407407407407408 0.019300991131977047 0.058333333333333334
1 0.8716744913928013 0.3425925925925926 0.02764736567553469 0.040740740740740744
1 0.12754303599374023 0.20185185185185187 0.022430881585811163 0.06388888888888888
1 0.12597809076682315 0.35138888888888886 0.03286384976525822 0.046296296296296294
1 0.11658841940532082 0.26435185185185184 0.03547209181011998 0.06481481481481481
1 0.5117370892018779 0.8277777777777777 0.03025560772039645 0.05277777777777778
1 0.012519561815336464 0.32314814814814813 0.025039123630672927 0.07592592592592592
1 0.03495044340114763 0.24305555555555555 0.02556077203964528 0.07685185185185185
1 0.7509128847157016 0.17175925925925925 0.03129890453834116 0.05925925925925926
1 0.1664058424621805 0.774537037037037 0.03338549817423057 0.05925925925925926
1 0.352112676056338 0.8416666666666667 0.024517475221700575 0.05648148148148148
1 0.40271257172665625 0.24074074074074073 0.0198226395409494 0.06759259259259259
1 0.033646322378716745 0.1625 0.024517475221700575 0.053703703703703705
1 0.8414188836724048 0.2 0.019300991131977047 0.06388888888888888
1 0.21570161711006783 0.24166666666666667 0.025039123630672927 0.053703703703703705
1 0.8836724047991653 0.41388888888888886 0.030777256129368807 0.05092592592592592
1 0.07902973395931143 0.2125 0.0297339593114241 0.08055555555555556
1 0.8174230568596765 0.2550925925925926 0.017214397496087636 0.053703703703703705
1 0.797339593114241 0.2875 0.019300991131977047 0.05925925925925926
1 0.31324986958789774 0.3138888888888889 0.019300991131977047 0.05555555555555555
1 0.9713093375065206 0.1375 0.02556077203964528 0.06296296296296296
1 0.8448095983307251 0.3490740740740741 0.03286384976525822 0.06388888888888888
1 0.013823682837767345 0.8902777777777777 0.02764736567553469 0.09259259259259259
1 0.6353677621283255 0.4199074074074074 0.024517475221700575 0.03796296296296296
1 0.8745435576421492 0.24768518518518517 0.014084507042253521 0.05925925925925926
1 0.5878977569118414 0.29074074074074074 0.023995826812728223 0.05185185185185185
1 0.14475743348982786 0.1824074074074074 0.020865936358894107 0.05555555555555555
1 0.5693792383933229 0.8777777777777778 0.03338549817423057 0.05092592592592592
1 0.6763171622326551 0.2953703703703704 0.026604068857589983 0.06111111111111111
1 0.7563901930099113 0.7157407407407408 0.03442879499217527 0.05740740740740741
1 0.7290036515388628 0.3907407407407407 0.022952529994783515 0.041666666666666664
1 0.3281168492436098 0.16712962962962963 0.02034428794992175 0.05185185185185185
1 0.48278560250391234 0.23148148148148148 0.022952529994783515 0.040740740740740744
1 0.7021387584767866 0.1875 0.02764736567553469 0.037037037037037035
1 0.37219613980177363 0.21435185185185185 0.02608242044861763 0.05925925925925926
1 0.2931664058424622 0.2199074074074074 0.023474178403755867 0.05648148148148148
1 0.5185185185185185 0.7208333333333333 0.023474178403755867 0.05925925925925926
1 0.7451747522170057 0.8541666666666666 0.03495044340114763 0.05185185185185185
1 0.22639540949400105 0.12638888888888888 0.023995826812728223 0.07222222222222222
1 0.7754303599374022 0.4134259259259259 0.018779342723004695 0.05092592592592592
1 0.9047991653625457 0.7902777777777777 0.03755868544600939 0.06018518518518518
1 0.27725612936880545 0.22546296296296298 0.018779342723004695 0.03518518518518519
1 0.21231090245174752 0.15046296296296297 0.01564945226917058 0.04814814814814815
1 0.9681794470526864 0.047685185185185185 0.01773604590505999 0.0712962962962963
1 0.5912884715701617 0.06759259259259259 0.013562858633281168 0.04814814814814815
1 0.7616066770996348 0.30833333333333335 0.0297339593114241 0.05
1 0.11241523213354199 0.09722222222222222 0.020865936358894107 0.03981481481481482
1 0.1444966092853417 0.37962962962962965 0.02556077203964528 0.044444444444444446
1 0.5263432446531038 0.9273148148148148 0.027125717266562335 0.058333333333333334
1 0.6322378716744914 0.3875 0.03129890453834116 0.044444444444444446
1 0.912623891497131 0.16111111111111112 0.02190923317683881 0.05185185185185185
1 0.4154929577464789 0.5967592592592592 0.024517475221700575 0.06018518518518518
1 0.917057902973396 0.12037037037037036 0.03129890453834116 0.040740740740740744
1 0.8622848200312989 0.2800925925925926 0.020865936358894107 0.041666666666666664
1 0.2775169535732916 0.18564814814814815 0.028690662493479395 0.04351851851851852
1 0.41131977047470003 0.6782407407407407 0.02034428794992175 0.044444444444444446
1 0.06624934793948878 0.16435185185185186 0.018257694314032343 0.05
1 0.7284820031298904 0.35694444444444445 0.029212310902451747 0.04814814814814815
1 0.8774126238914971 0.30925925925925923 0.03338549817423057 0.041666666666666664
0 0.63302034428795 0.5861111111111111 0.0683359415753782 0.05925925925925926
1 0.8257694314032342 0.13842592592592592 0.0198226395409494 0.06018518518518518
1 0.08111632759520084 0.5231481481481481 0.025039123630672927 0.04537037037037037
1 0.7031820552947313 0.22407407407407406 0.016692749087115284 0.05092592592592592
1 0.5610328638497653 0.14305555555555555 0.019300991131977047 0.06851851851851852
0 0.9825247782994262 0.07962962962962963 0.02764736567553469 0.06018518518518518
1 0.15179968701095461 0.5939814814814814 0.03390714658320292 0.05092592592592592
1 0.3513302034428795 0.8032407407407407 0.016692749087115284 0.044444444444444446