1 0.48852373500260826 0.6527777777777778 0.027125717266562335 0.062037037037037036
0 0.39619196661450184 0.45231481481481484 0.050078247261345854 0.041666666666666664
0 0.5605112154407929 0.5597222222222222 0.051643192488262914 0.04351851851851852
1 0.9413145539906104 0.7037037037037037 0.038601982263954095 0.0712962962962963
1 0.31846635367762127 0.7513888888888889 0.026604068857589983 0.06296296296296296
1 0.5323422013562858 0.3625 0.030777256129368807 0.04722222222222222
0 0.15884194053208137 0.45555555555555555 0.051643192488262914 0.04814814814814815
1 0.18596765779864372 0.3537037037037037 0.03129890453834116 0.05740740740740741
1 0.045122587376108504 0.8078703703703703 0.030777256129368807 0.05925925925925926
0 0.04225352112676056 0.5143518518518518 0.05268648930620762 0.041666666666666664
1 0.025821596244131457 0.29907407407407405 0.03286384976525822 0.06111111111111111
0 0.15779864371413668 0.5560185185185185 0.050078247261345854 0.04259259259259259
1 0.3109024517475222 0.3490740740740741 0.024517475221700575 0.05740740740740741
1 0.3729786124152321 0.37453703703703706 0.02190923317683881 0.06018518518518518
1 0.17449139280125195 0.37592592592592594 0.02608242044861763 0.05648148148148148
1 0.018257694314032343 0.22314814814814815 0.030777256129368807 0.06666666666666667
1 0.023474178403755867 0.1486111111111111 0.024517475221700575 0.07592592592592592
1 0.6489306207616067 0.6375 0.029212310902451747 0.0824074074074074
1 0.3685446009389671 0.8143518518518519 0.03390714658320292 0.05555555555555555
1 0.10302556077203964 0.28935185185185186 0.02556077203964528 0.05277777777777778
1 0.40714658320292124 0.27037037037037037 0.0297339593114241 0.07407407407407407
1 0.023474178403755867 0.8824074074074074 0.041731872717788214 0.05277777777777778
1 0.2986437141366719 0.8444444444444444 0.03495044340114763 0.05185185185185185
1 0.693792383933229 0.39305555555555555 0.019300991131977047 0.062037037037037036
0 0.6069379238393323 0.32592592592592595 0.02764736567553469 0.07777777777777778
1 0.7005738132498696 0.3055555555555556 0.017214397496087636 0.0712962962962963
1 0.30333854981742303 0.24675925925925926 0.022430881585811163 0.06388888888888888
1 0.9770474700052165 0.3851851851851852 0.030777256129368807 0.07685185185185185
1 0.29264475743348983 0.7962962962962963 0.01773604590505999 0.04722222222222222
1 0.7378716744913928 0.4050925925925926 0.023474178403755867 0.07037037037037037
1 0.7686489306207616 0.12916666666666668 0.020865936358894107 0.06111111111111111
1 0.8414188836724048 0.29305555555555557 0.030777256129368807 0.062037037037037036
1 0.310641627543036 0.8717592592592592 0.03129890453834116 0.06759259259259259
1 0.24569640062597808 0.399537037037037 0.03234220135628586 0.062037037037037036
1 0.7524778299426187 0.34953703703703703 0.020865936358894107 0.08055555555555556
0 0.6249347939488784 0.31296296296296294 0.0406885758998435 0.03981481481481482
0 0.23265519040166927 0.5055555555555555 0.03755868544600939 0.05185185185185185
1 0.25586854460093894 0.29814814814814816 0.03129890453834116 0.06388888888888888
1 0.5678142931664059 0.350462962962963 0.018257694314032343 0.06481481481481481
1 0.8988002086593636 0.13194444444444445 0.018257694314032343 0.06111111111111111
1 0.20761606677099634 0.3013888888888889 0.020865936358894107 0.06944444444444445
1 0.3935837245696401 0.22685185185185186 0.024517475221700575 0.05277777777777778
1 0.1011997913406364 0.24305555555555555 0.02764736567553469 0.06388888888888888
1 0.27673448095983305 0.2675925925925926 0.022952529994783515 0.058333333333333334
1 0.7003129890453834 0.22777777777777777 0.023995826812728223 0.062037037037037036
1 0.30255607720396455 0.725 0.03495044340114763 0.05277777777777778
1 0.01904016692749087 0.9541666666666667 0.03547209181011998 0.05740740740740741
1 0.2180490349504434 0.22546296296296298 0.03129890453834116 0.062037037037037036
0 0.3828899321857068 0.5430555555555555 0.051643192488262914 0.03981481481481482
1 0.6205007824726134 0.2125 0.0198226395409494 0.06018518518518518
1 0.3492436098069901 0.26296296296296295 0.03129890453834116 0.04537037037037037
1 0.2743870631194575 0.18564814814814815 0.03025560772039645 0.05925925925925926
1 0.8482003129890454 0.812037037037037 0.029212310902451747 0.07314814814814814
1 0.4241001564945227 0.8157407407407408 0.02556077203964528 0.04351851851851852
1 0.9019300991131977 0.9421296296296297 0.02764736567553469 0.05462962962962963
1 0.44679186228482004 0.32407407407407407 0.03025560772039645 0.04259259259259259
1 0.8007303077725613 0.32083333333333336 0.02608242044861763 0.053703703703703705
1 0.8422013562858633 0.25555555555555554 0.025039123630672927 0.03796296296296296
1 0.9530516431924883 0.2824074074074074 0.025039123630672927 0.04722222222222222
1 0.4368805425143453 0.2953703703703704 0.029212310902451747 0.037037037037037035
1 0.5380803338549818 0.4 0.01773604590505999 0.04722222222222222
1 0.6278038601982264 0.4027777777777778 0.016692749087115284 0.05462962962962963
1 0.31664058424621805 0.2013888888888889 0.018257694314032343 0.05925925925925926
1 0.2506520605112154 0.225 0.024517475221700575 0.046296296296296294
1 0.8364632237871674 0.42592592592592593 0.03390714658320292 0.046296296296296294
1 0.5996348461137193 0.2675925925925926 0.0198226395409494 0.06388888888888888
1 0.8359415753781951 0.46805555555555556 0.03129890453834116 0.05
1 0.19457485654668752 0.20601851851851852 0.02556077203964528 0.05740740740740741
1 0.45122587376108503 0.35694444444444445 0.02608242044861763 0.05462962962962963
1 0.7334376630151278 0.9180555555555555 0.03442879499217527 0.062037037037037036