0 0.55078125 0.54775390625 0.0472412109375 0.044255828857421874
0 0.478759765625 0.47841796875 0.0296478271484375 0.06359405517578125
1 0.251708984375 0.623590087890625 0.028106689453125 0.061102294921875
1 0.6767578125 0.397381591796875 0.019500732421875 0.06917343139648438
1 0.8876953125 0.92650146484375 0.0303802490234375 0.062131500244140624
1 0.7177734375 0.1854736328125 0.0244293212890625 0.062023162841796875
1 0.1492919921875 0.36748046875 0.0300445556640625 0.050566482543945315
0 0.4208984375 0.488818359375 0.045257568359375 0.046964263916015624
0 0.478515625 0.65955810546875 0.0521240234375 0.05579376220703125
1 0.2401123046875 0.66302490234375 0.026702880859375 0.0695526123046875
1 0.55712890625 0.4027984619140625 0.0272216796875 0.06603164672851562
0 0.68310546875 0.518719482421875 0.050140380859375 0.05143318176269531
1 0.63134765625 0.3928314208984375 0.0265045166015625 0.076702880859375
1 0.7392578125 0.2723602294921875 0.0283355712890625 0.07009429931640625
1 0.1094970703125 0.36748046875 0.033843994140625 0.059423065185546874
0 0.340087890625 0.59022216796875 0.05194091796875 0.052733230590820315
1 0.7529296875 0.14993896484375 0.0199127197265625 0.061589813232421874
1 0.60107421875 0.599322509765625 0.0255126953125 0.07036514282226562
1 0.654296875 0.3018280029296875 0.023468017578125 0.06527328491210938
1 0.6220703125 0.2264251708984375 0.01751708984375 0.06272735595703124
1 0.495361328125 0.3276123046875 0.022369384765625 0.08293228149414063
1 0.52490234375 0.4001983642578125 0.0171051025390625 0.0695526123046875
1 0.50830078125 0.23660888671875 0.021331787109375 0.0738861083984375
1 0.9091796875 0.3241455078125 0.0208892822265625 0.06613998413085938
1 0.8623046875 0.3109283447265625 0.035552978515625 0.06635665893554688
1 0.345458984375 0.3988983154296875 0.03216552734375 0.07036514282226562
1 0.37060546875 0.3655303955078125 0.0266571044921875 0.05666046142578125
0 0.416748046875 0.59888916015625 0.038818359375 0.05622711181640625
1 0.450927734375 0.79129638671875 0.0216217041015625 0.06418991088867188
0 0.42529296875 0.53128662109375 0.0521240234375 0.046422576904296874
1 0.161376953125 0.3100616455078125 0.0271148681640625 0.05796051025390625
1 0.447021484375 0.752294921875 0.0236968994140625 0.05926055908203125
1 0.6142578125 0.3468963623046875 0.0235595703125 0.0673858642578125
1 0.82861328125 0.34061279296875 0.022247314453125 0.051622772216796876
1 0.0699462890625 0.3286956787109375 0.03460693359375 0.06548995971679687
1 0.5927734375 0.2918609619140625 0.0271148681640625 0.06635665893554688
1 0.31298828125 0.32674560546875 0.0230255126953125 0.06321487426757813
1 0.475830078125 0.4179656982421875 0.0282135009765625 0.06635665893554688
1 0.91650390625 0.21634979248046876 0.0301513671875 0.06429824829101563
1 0.81396484375 0.1410552978515625 0.0227203369140625 0.07101516723632813
1 0.6630859375 0.349713134765625 0.0247039794921875 0.06121063232421875
1 0.88720703125 0.2623931884765625 0.02386474609375 0.05963973999023438
0 0.27685546875 0.48448486328125 0.0546875 0.04669342041015625
1 0.392333984375 0.2983612060546875 0.0170440673828125 0.06018142700195313
0 0.7080078125 0.676025390625 0.02947998046875 0.053924942016601564
1 0.8671875 0.39088134765625 0.025177001953125 0.06402740478515626
1 0.5126953125 0.603656005859375 0.0215301513671875 0.05752716064453125
1 0.56103515625 0.22100830078125 0.0199432373046875 0.07074432373046875
1 0.9794921875 0.290777587890625 0.028594970703125 0.07074432373046875
1 0.88037109375 0.228375244140625 0.0287628173828125 0.055902099609375
1 0.8857421875 0.3572967529296875 0.024139404296875 0.05953140258789062
1 0.55517578125 0.3364959716796875 0.029205322265625 0.06662750244140625
1 0.130859375 0.223175048828125 0.0258026123046875 0.06440658569335937
1 0.7919921875 0.46368408203125 0.0194549560546875 0.04915809631347656
1 0.31103515625 0.17409820556640626 0.0239105224609375 0.0626190185546875
1 0.061431884765625 0.24700927734375 0.033203125 0.05094566345214844
1 0.8935546875 0.867132568359375 0.029144287109375 0.060506439208984374
1 0.135009765625 0.91090087890625 0.0293731689453125 0.05403327941894531
0 0.0165252685546875 0.448516845703125 0.03228759765625 0.063702392578125
1 0.66357421875 0.08249893188476562 0.02191162109375 0.06099395751953125
1 0.6904296875 0.293377685546875 0.027587890625 0.058935546875
1 0.703125 0.8927001953125 0.040313720703125 0.05687713623046875
0 0.9736328125 0.2623931884765625 0.050811767578125 0.0496185302734375
1 0.0210418701171875 0.2340087890625 0.031982421875 0.07442779541015625
1 0.378662109375 0.24267578125 0.0185394287109375 0.05213737487792969
1 0.6845703125 0.1800567626953125 0.02191162109375 0.06018142700195313
1 0.95751953125 0.05105400085449219 0.0164031982421875 0.07090682983398437
1 0.57861328125 0.2758270263671875 0.0240020751953125 0.05384368896484375
1 0.093505859375 0.83809814453125 0.04742431640625 0.05839385986328125
0 0.5263671875 0.722393798828125 0.044677734375 0.07740707397460937
1 0.90625 0.9013671875 0.0240478515625 0.05303115844726562
1 0.6796875 0.1358551025390625 0.0211181640625 0.05232696533203125
1 0.19580078125 0.2201416015625 0.027008056640625 0.06251068115234375
1 0.89990234375 0.81123046875 0.026611328125 0.041411972045898436
1 0.35205078125 0.246575927734375 0.0226287841796875 0.041330718994140626
1 0.250732421875 0.18579864501953125 0.0229339599609375 0.0682525634765625
1 0.2294921875 0.2641265869140625 0.0225830078125 0.05963973999023438
1 0.89892578125 0.2974945068359375 0.021453857421875 0.05731048583984375
1 0.82666015625 0.213641357421875 0.0235137939453125 0.068902587890625
1 0.051666259765625 0.17973175048828124 0.019561767578125 0.043687057495117185
1 0.6279296875 0.12252960205078126 0.02044677734375 0.05213737487792969
0 0.974609375 0.084503173828125 0.033660888671875 0.0665191650390625
1 0.218505859375 0.17940673828125 0.0226287841796875 0.055062484741210935
1 0.60205078125 0.18579864501953125 0.0171051025390625 0.06169815063476562
1 0.40185546875 0.946435546875 0.0305023193359375 0.07155685424804688
1 0.50830078125 0.06700668334960938 0.02215576171875 0.050756072998046874
1 0.88818359375 0.7470947265625 0.0311431884765625 0.039191055297851565
1 0.25927734375 0.9793701171875 0.0251312255859375 0.03851394653320313
1 0.75244140625 0.98023681640625 0.023773193359375 0.03743057250976563