0 0.4625 0.5861111111111111 0.041666666666666664 0.044444444444444446
0 0.8265625 0.6370370370370371 0.05 0.046296296296296294
0 0.24010416666666667 0.5037037037037037 0.046875 0.04537037037037037
0 0.5145833333333333 0.6453703703703704 0.04583333333333333 0.04259259259259259
0 0.36953125 0.45092592592592595 0.04583333333333333 0.04537037037037037
0 0.28802083333333334 0.3638888888888889 0.04895833333333333 0.046296296296296294
0 0.36041666666666666 0.6550925925925926 0.046875 0.04351851851851852
0 0.67734375 0.5268518518518519 0.04895833333333333 0.04722222222222222
0 0.7880208333333333 0.6800925925925926 0.04583333333333333 0.04351851851851852
0 0.20651041666666667 0.586574074074074 0.03854166666666667 0.04259259259259259
0 0.5427083333333333 0.325 0.028645833333333332 0.04814814814814815
0 0.5291666666666667 0.5402777777777777 0.049479166666666664 0.04259259259259259
0 0.6848958333333334 0.6884259259259259 0.03854166666666667 0.041666666666666664
0 0.4942708333333333 0.047685185185185185 0.05416666666666667 0.075
0 0.36380208333333336 0.5537037037037037 0.04739583333333333 0.044444444444444446
0 0.06458333333333334 0.38842592592592595 0.04010416666666667 0.04814814814814815
0 0.43854166666666666 0.8550925925925926 0.017708333333333333 0.06388888888888888