1 0.61083984375 0.3538299560546875 0.023651123046875 0.06516494750976562
0 0.2078857421875 0.539520263671875 0.05145263671875 0.04886016845703125
1 0.383544921875 0.7904296875 0.0229339599609375 0.0639190673828125
1 0.4873046875 0.3936981201171875 0.0293731689453125 0.062835693359375
1 0.267333984375 0.3796142578125 0.033660888671875 0.06576080322265625
1 0.455810546875 0.3637969970703125 0.0240936279296875 0.059423065185546874
0 0.3701171875 0.4766845703125 0.0300445556640625 0.059856414794921875
1 0.1439208984375 0.462384033203125 0.036834716796875 0.05601043701171875
0 0.53173828125 0.51048583984375 0.04931640625 0.046422576904296874
1 0.9501953125 0.4149322509765625 0.032470703125 0.062131500244140624
1 0.384765625 0.737994384765625 0.02447509765625 0.0565521240234375
1 0.45556640625 0.59542236328125 0.0209197998046875 0.05476455688476563
1 0.0205230712890625 0.827264404296875 0.03802490234375 0.05806884765625
1 0.62890625 0.2784271240234375 0.028656005859375 0.0574188232421875
0 0.28125 0.566387939453125 0.0343017578125 0.050756072998046874
0 0.4228515625 0.553387451171875 0.05145263671875 0.04504127502441406
1 0.6875 0.24180908203125 0.017913818359375 0.0578521728515625
1 0.1622314453125 0.6569580078125 0.032470703125 0.06700668334960938
0 0.323486328125 0.623590087890625 0.05389404296875 0.04452667236328125
1 0.66455078125 0.1774566650390625 0.02203369140625 0.06879425048828125
0 0.96240234375 0.59195556640625 0.0546875 0.044255828857421874
0 0.312255859375 0.50355224609375 0.0312042236328125 0.05094566345214844
1 0.2451171875 0.3165618896484375 0.0258026123046875 0.060398101806640625
1 0.79345703125 0.3871978759765625 0.0193023681640625 0.06223983764648437
1 0.5341796875 0.2896942138671875 0.0276947021484375 0.06429824829101563
1 0.59716796875 0.2966278076171875 0.0241851806640625 0.06440658569335937
1 0.9072265625 0.397381591796875 0.0259552001953125 0.062023162841796875
1 0.55078125 0.2132080078125 0.026763916015625 0.06814422607421874
0 0.37109375 0.68035888671875 0.042816162109375 0.0647857666015625
1 0.043365478515625 0.3663970947265625 0.03436279296875 0.052814483642578125
1 0.322998046875 0.2823272705078125 0.0177764892578125 0.0613189697265625
0 0.9580078125 0.50701904296875 0.058013916015625 0.04496002197265625
1 0.916015625 0.2948944091796875 0.02606201171875 0.06576080322265625
1 0.09930419921875 0.3009613037109375 0.03173828125 0.06635665893554688
1 0.982421875 0.287310791015625 0.0229339599609375 0.07166519165039062
1 0.405517578125 0.405181884765625 0.0262603759765625 0.05476455688476563
1 0.8017578125 0.3200286865234375 0.0279541015625 0.06711502075195312
1 0.55615234375 0.340179443359375 0.0194244384765625 0.06852340698242188
1 0.08038330078125 0.3542633056640625 0.029144287109375 0.047397613525390625
1 0.5712890625 0.3893646240234375 0.02691650390625 0.074969482421875
1 0.5517578125 0.598455810546875 0.0257568359375 0.0738861083984375
1 0.45166015625 0.3975982666015625 0.0182342529296875 0.059964752197265624
1 0.7724609375 0.20443267822265626 0.0265045166015625 0.06635665893554688
0 0.318603515625 0.456317138671875 0.0299224853515625 0.06787338256835937
1 0.7666015625 0.11819610595703126 0.0165863037109375 0.06007308959960937
1 0.765625 0.3347625732421875 0.021331787109375 0.04934768676757813
1 0.82470703125 0.2649932861328125 0.0257568359375 0.06700668334960938
1 0.1417236328125 0.2097412109375 0.0294189453125 0.05687713623046875
1 0.441650390625 0.291644287109375 0.0219879150390625 0.06516494750976562
1 0.1826171875 0.98197021484375 0.037109375 0.03426170349121094
1 0.82080078125 0.97330322265625 0.03173828125 0.04886016845703125
1 0.85693359375 0.20053253173828126 0.033660888671875 0.08574905395507812
1 0.81884765625 0.3512298583984375 0.0297088623046875 0.0578521728515625
1 0.223876953125 0.2558929443359375 0.0230255126953125 0.04235992431640625
1 0.83984375 0.318511962890625 0.027374267578125 0.06841506958007812
1 0.98193359375 0.3767974853515625 0.0296478271484375 0.05882720947265625
1 0.06292724609375 0.9031005859375 0.033843994140625 0.051622772216796876
1 0.302978515625 0.353179931640625 0.0240478515625 0.0647857666015625
1 0.1153564453125 0.26087646484375 0.035675048828125 0.06223983764648437
1 0.198974609375 0.17713165283203125 0.0216217041015625 0.05666046142578125
1 0.52001953125 0.2710601806640625 0.0194244384765625 0.046964263916015624
1 0.94970703125 0.3414794921875 0.0322265625 0.04886016845703125
1 0.51171875 0.19403228759765626 0.021331787109375 0.04661216735839844
1 0.78857421875 0.2879608154296875 0.0186920166015625 0.05143318176269531
1 0.07318115234375 0.219708251953125 0.025177001953125 0.06121063232421875
1 0.012054443359375 0.3243621826171875 0.0235137939453125 0.06402740478515626
1 0.1759033203125 0.237908935546875 0.0258026123046875 0.0578521728515625
1 0.72265625 0.4524169921875 0.022247314453125 0.04547462463378906
1 0.568359375 0.2905609130859375 0.022247314453125 0.07361526489257812
1 0.63232421875 0.1020538330078125 0.016845703125 0.08184890747070313
1 0.81494140625 0.91783447265625 0.03704833984375 0.05806884765625
1 0.9658203125 0.16889801025390624 0.0236968994140625 0.06576080322265625
1 0.68701171875 0.139105224609375 0.0226287841796875 0.08542404174804688
1 0.289306640625 0.2402923583984375 0.0217437744140625 0.04054527282714844
1 0.498046875 0.3321624755859375 0.01971435546875 0.059423065185546874
1 0.451171875 0.252642822265625 0.0221099853515625 0.04393081665039063
1 0.59033203125 0.210174560546875 0.029205322265625 0.060289764404296876
1 0.6044921875 0.874066162109375 0.0257110595703125 0.0591522216796875
1 0.95751953125 0.05465621948242187 0.0165252685546875 0.07144851684570312
0 0.544921875 0.682958984375 0.05108642578125 0.06343154907226563
1 0.8193359375 0.859332275390625 0.0274810791015625 0.05709381103515625
1 0.8125 0.2305419921875 0.028106689453125 0.057635498046875
1 0.1773681640625 0.17073974609375 0.0242767333984375 0.060289764404296876
1 0.3740234375 0.16889801025390624 0.0141754150390625 0.0565521240234375
1 0.496337890625 0.2894775390625 0.017181396484375 0.04300994873046875
1 0.82666015625 0.807330322265625 0.0264129638671875 0.04563713073730469
1 0.7802734375 0.16629791259765625 0.01554107666015625 0.05251655578613281
1 0.6279296875 0.1722564697265625 0.0224151611328125 0.062835693359375
0 0.97314453125 0.08834915161132813 0.0318603515625 0.0656524658203125
1 0.83349609375 0.8927001953125 0.0242767333984375 0.04607048034667969
1 0.67724609375 0.9655029296875 0.0282135009765625 0.033422088623046874
1 0.818359375 0.71502685546875 0.0374755859375 0.06451492309570313
1 0.011199951171875 0.2528594970703125 0.0221099853515625 0.05752716064453125