1 0.5825520833333333 0.14027777777777778 0.0203125 0.05925925925925926
0 0.60546875 0.2708333333333333 0.041666666666666664 0.03888888888888889
0 0.83984375 0.4726851851851852 0.049479166666666664 0.04814814814814815
0 0.71875 0.4115740740740741 0.04739583333333333 0.062037037037037036
0 0.5263020833333333 0.3990740740740741 0.0421875 0.05462962962962963
0 0.83046875 0.3699074074074074 0.052083333333333336 0.04351851851851852
0 0.6651041666666667 0.3375 0.040625 0.06759259259259259
0 0.23515625 0.35555555555555557 0.046875 0.046296296296296294
0 0.1125 0.48148148148148145 0.0546875 0.049074074074074076
0 0.02421875 0.4083333333333333 0.0484375 0.044444444444444446
0 0.2559895833333333 0.31527777777777777 0.033854166666666664 0.041666666666666664
1 0.5627604166666667 0.1439814814814815 0.0171875 0.0824074074074074