0 0.565625 0.39490740740740743 0.04583333333333333 0.05740740740740741
0 0.39010416666666664 0.3527777777777778 0.04635416666666667 0.044444444444444446
0 0.8296875 0.4009259259259259 0.052083333333333336 0.046296296296296294
0 0.14296875 0.35138888888888886 0.051041666666666666 0.046296296296296294
0 0.42239583333333336 0.6763888888888889 0.0515625 0.04814814814814815
0 0.78125 0.3050925925925926 0.04479166666666667 0.041666666666666664
0 0.22708333333333333 0.500462962962963 0.04739583333333333 0.04259259259259259
0 0.1328125 0.4648148148148148 0.050520833333333334 0.04351851851851852
0 0.334375 0.6226851851851852 0.04375 0.05740740740740741
0 0.03229166666666667 0.5069444444444444 0.05 0.04259259259259259
0 0.03333333333333333 0.3296296296296296 0.04375 0.05277777777777778
0 0.016145833333333335 0.4351851851851852 0.0296875 0.06111111111111111
0 0.7044270833333334 0.3597222222222222 0.04635416666666667 0.03796296296296296
0 0.24270833333333333 0.39537037037037037 0.0484375 0.05555555555555555
1 0.98359375 0.8851851851851852 0.0328125 0.062037037037037036