0 0.8442321681827071 0.5120290497202932 0.04087458932074317 0.05435829162597653
0 0.71044921875 0.529119873046875 0.056549072265625 0.050078964233398436
1 0.8154296875 0.3200286865234375 0.027069091796875 0.06727752685546876
0 0.87060546875 0.688592529296875 0.058563232421875 0.04766845703125
0 0.22422824223504592 0.5293100616078318 0.05051376350733157 0.05796051025390625
0 0.7978515625 0.582855224609375 0.055938720703125 0.04886016845703125
1 0.70654296875 0.4489501953125 0.0322265625 0.065869140625
1 0.38037109375 0.3572967529296875 0.02203369140625 0.06727752685546876
0 0.318603515625 0.53302001953125 0.050140380859375 0.04923934936523437
1 0.0224609375 0.87103271484375 0.042816162109375 0.05465621948242187
1 0.294921875 0.93603515625 0.03271484375 0.05601043701171875
0 0.2298583984375 0.461517333984375 0.052337646484375 0.0379180908203125
1 0.75244140625 0.3113616943359375 0.030853271484375 0.0647857666015625
1 0.67578125 0.4149322509765625 0.0274810791015625 0.0565521240234375
1 0.68896484375 0.759228515625 0.021209716796875 0.05953140258789062
1 0.51513671875 0.2617431640625 0.02191162109375 0.06906509399414062
1 0.224365234375 0.3750640869140625 0.03424072265625 0.06516494750976562
1 0.137451171875 0.3455963134765625 0.029876708984375 0.06852340698242188
1 0.63427734375 0.20367431640625 0.0225830078125 0.06576080322265625
1 0.11798095703125 0.640924072265625 0.034881591796875 0.050756072998046874
1 0.67626953125 0.31461181640625 0.02606201171875 0.06527328491210938
1 0.09417724609375 0.271710205078125 0.028106689453125 0.06332321166992187
1 0.62451171875 0.2912109375 0.028656005859375 0.06310653686523438
1 0.18359375 0.2879608154296875 0.02630615234375 0.0665191650390625
1 0.399658203125 0.444183349609375 0.01953125 0.06467742919921875
1 0.0755615234375 0.36748046875 0.027801513671875 0.059423065185546874
1 0.7138671875 0.2922943115234375 0.0287628173828125 0.063702392578125
1 0.7109375 0.2376922607421875 0.0293121337890625 0.07182769775390625
1 0.53271484375 0.384814453125 0.0253753662109375 0.03729515075683594
1 0.779296875 0.20724945068359374 0.0258026123046875 0.06180648803710938
1 0.96142578125 0.18189849853515624 0.0310211181640625 0.06635665893554688
1 0.7783203125 0.1579559326171875 0.018157958984375 0.06814422607421874
1 0.30419921875 0.80863037109375 0.0222930908203125 0.05465621948242187
1 0.325439453125 0.833331298828125 0.03021240234375 0.0565521240234375
1 0.321533203125 0.28167724609375 0.0295867919921875 0.06548995971679687
1 0.22607421875 0.3152618408203125 0.019378662109375 0.06332321166992187
1 0.2496337890625 0.2693267822265625 0.0226287841796875 0.08049468994140625
1 0.54931640625 0.89010009765625 0.023956298828125 0.05124359130859375
1 0.68310546875 0.20226593017578126 0.0173797607421875 0.061102294921875
1 0.470947265625 0.2927276611328125 0.0185089111328125 0.0504852294921875
1 0.93994140625 0.2823272705078125 0.0224609375 0.03512840270996094
1 0.39697265625 0.4092987060546875 0.0143890380859375 0.04563713073730469
1 0.039642333984375 0.2998779296875 0.035400390625 0.06321487426757813
1 0.291748046875 0.848065185546875 0.0271759033203125 0.05731048583984375
1 0.1175537109375 0.294244384765625 0.0208892822265625 0.05666046142578125
1 0.9765625 0.94383544921875 0.033843994140625 0.05904388427734375
1 0.92529296875 0.2129913330078125 0.026153564453125 0.07090682983398437
1 0.90625 0.08006134033203124 0.0163421630859375 0.07117767333984375
1 0.2305908203125 0.2511260986328125 0.0225067138671875 0.068902587890625
1 0.01062774658203125 0.2307586669921875 0.0212554931640625 0.0587188720703125
1 0.8876717092679534 0.30324074074074076 0.01564945226917058 0.05709876543209873
1 0.92431640625 0.18969879150390626 0.0199432373046875 0.05424995422363281
1 0.8776734480959834 0.3680555555555556 0.021735350373848068 0.05092592592592582