1 0.332811684924361 0.40555555555555556 0.020865936358894107 0.07222222222222222
1 0.6812728221178925 0.8393518518518519 0.03286384976525822 0.05185185185185185
1 0.2921231090245175 0.3148148148148148 0.03025560772039645 0.062037037037037036
1 0.854981742305686 0.5041666666666667 0.03599374021909233 0.06018518518518518
1 0.45565988523735 0.3148148148148148 0.029212310902451747 0.06759259259259259
1 0.5352112676056338 0.3731481481481482 0.023474178403755867 0.07037037037037037
0 0.2102243088158581 0.525 0.051643192488262914 0.044444444444444446
0 0.5419926969222744 0.5731481481481482 0.03129890453834116 0.06111111111111111
1 0.856546687532603 0.387037037037037 0.028690662493479395 0.07407407407407407
1 0.6617110067814294 0.3638888888888889 0.01564945226917058 0.06296296296296296
0 0.6176317162232655 0.6388888888888888 0.04903495044340115 0.044444444444444446
1 0.33072509128847155 0.3365740740740741 0.023995826812728223 0.06388888888888888
0 0.028429838288993217 0.6226851851851852 0.047991653625456446 0.062037037037037036
1 0.5297339593114241 0.3087962962962963 0.030777256129368807 0.06851851851851852
1 0.6841418883672404 0.22361111111111112 0.02556077203964528 0.07777777777777778
0 0.3907146583202921 0.5986111111111111 0.0495565988523735 0.044444444444444446
0 0.8622848200312989 0.6481481481481481 0.0505998956703182 0.05
1 0.1674491392801252 0.950925925925926 0.03808033385498174 0.062037037037037036
1 0.6220657276995305 0.29583333333333334 0.018257694314032343 0.05925925925925926
0 0.7261345852895149 0.5175925925925926 0.03129890453834116 0.05555555555555555
1 0.5571205007824727 0.3347222222222222 0.01773604590505999 0.062037037037037036
1 0.6085028690662494 0.3837962962962963 0.013041210224308816 0.02962962962962963
1 0.6465832029212311 0.20462962962962963 0.019300991131977047 0.06481481481481481
1 0.7339593114241002 0.2611111111111111 0.028169014084507043 0.07592592592592592
1 0.95565988523735 0.40046296296296297 0.024517475221700575 0.06574074074074074
1 0.22561293688054251 0.3111111111111111 0.03129890453834116 0.06574074074074074
0 0.22900365153886282 0.4875 0.044861763171622326 0.05185185185185185
1 0.6019822639540949 0.33796296296296297 0.02034428794992175 0.062037037037037036
1 0.7895148669796557 0.4337962962962963 0.030777256129368807 0.06111111111111111
0 0.9413145539906104 0.5842592592592593 0.046948356807511735 0.058333333333333334
1 0.7003129890453834 0.4300925925925926 0.03286384976525822 0.06481481481481481
1 0.4872196139801774 0.3685185185185185 0.015127803860198226 0.06759259259259259
1 0.8153364632237872 0.9652777777777778 0.03338549817423057 0.058333333333333334
1 0.13615023474178403 0.24722222222222223 0.0198226395409494 0.06388888888888888
1 0.08894105372978613 0.3282407407407407 0.03286384976525822 0.06111111111111111
1 0.9194053208137715 0.20462962962962963 0.027125717266562335 0.06481481481481481
1 0.5219092331768388 0.9453703703703704 0.02190923317683881 0.053703703703703705
1 0.8969744392279604 0.30694444444444446 0.018257694314032343 0.04722222222222222
1 0.15388628064684404 0.32083333333333336 0.03234220135628586 0.06759259259259259
1 0.16614501825769432 0.35833333333333334 0.025039123630672927 0.06481481481481481
1 0.8148148148148148 0.35138888888888886 0.022952529994783515 0.03888888888888889
1 0.04929577464788732 0.3527777777777778 0.03442879499217527 0.062037037037037036
1 0.15936358894105374 0.2861111111111111 0.025039123630672927 0.06944444444444445
1 0.8711528429838289 0.23148148148148148 0.03025560772039645 0.06944444444444445
1 0.1992696922274387 0.38564814814814813 0.025039123630672927 0.06018518518518518
1 0.6118935837245696 0.7847222222222222 0.028169014084507043 0.05555555555555555
1 0.1807511737089202 0.262037037037037 0.02138758476786646 0.06759259259259259
0 0.22483046426708397 0.6587962962962963 0.04590505998956703 0.06111111111111111
1 0.701095461658842 0.8800925925925925 0.03234220135628586 0.05555555555555555
1 0.23135106937923838 0.27824074074074073 0.018257694314032343 0.06759259259259259
1 0.7256129368805425 0.18611111111111112 0.018257694314032343 0.06018518518518518
1 0.8677621283255086 0.20416666666666666 0.02034428794992175 0.053703703703703705
1 0.699791340636411 0.4027777777777778 0.020865936358894107 0.06388888888888888
1 0.6768388106416275 0.9203703703703704 0.020865936358894107 0.05555555555555555
1 0.10015649452269171 0.30092592592592593 0.027125717266562335 0.06296296296296296
0 0.7039645279081899 0.5837962962962963 0.04121022430881586 0.040740740740740744
0 0.856546687532603 0.586574074074074 0.05581637976004173 0.05185185185185185