0 0.14736567553468963 0.5837962962962963 0.05529473135106938 0.041666666666666664
1 0.7475221700573813 0.31574074074074077 0.024517475221700575 0.046296296296296294
1 0.5448617631716224 0.4152777777777778 0.022430881585811163 0.05648148148148148
1 0.13901930099113197 0.6550925925925926 0.03234220135628586 0.062037037037037036
1 0.9439227960354721 0.26990740740740743 0.024517475221700575 0.05555555555555555
1 0.20735524256651017 0.17731481481481481 0.017214397496087636 0.05740740740740741
0 0.06572769953051644 0.43842592592592594 0.03234220135628586 0.062037037037037036
0 0.2942097026604069 0.5041666666666667 0.05372978612415232 0.046296296296296294
1 0.9014084507042254 0.23935185185185184 0.025039123630672927 0.05092592592592592
1 0.12154407929055816 0.6856481481481481 0.03495044340114763 0.06018518518518518
1 0.6338028169014085 0.8694444444444445 0.02190923317683881 0.058333333333333334
0 0.9715701617110067 0.6310185185185185 0.056859676577986434 0.05648148148148148
1 0.11997913406364111 0.2111111111111111 0.03286384976525822 0.05925925925925926
1 0.7217005738132499 0.25601851851851853 0.026604068857589983 0.05185185185185185
1 0.2279603547209181 0.8337962962962963 0.026604068857589983 0.05462962962962963
1 0.3854981742305686 0.825 0.024517475221700575 0.05555555555555555
1 0.8393322900365154 0.27037037037037037 0.020865936358894107 0.06111111111111111
1 0.37063119457485655 0.22870370370370371 0.02190923317683881 0.06944444444444445
1 0.6069379238393323 0.30648148148148147 0.026604068857589983 0.05185185185185185
1 0.16484089723526343 0.31574074074074077 0.022952529994783515 0.06759259259259259
1 0.1896191966614502 0.6699074074074074 0.026604068857589983 0.05925925925925926
1 0.909754825247783 0.6578703703703703 0.03234220135628586 0.062037037037037036
1 0.8729786124152321 0.4537037037037037 0.03390714658320292 0.06944444444444445
0 0.3215962441314554 0.5555555555555556 0.05112154407929056 0.06574074074074074
1 0.4295774647887324 0.2722222222222222 0.020865936358894107 0.05740740740740741
1 0.6992696922274387 0.20601851851851852 0.018779342723004695 0.06296296296296296
1 0.6426708398539385 0.17037037037037037 0.018257694314032343 0.06296296296296296
1 0.7754303599374022 0.6736111111111112 0.0297339593114241 0.058333333333333334
1 0.2237871674491393 0.23055555555555557 0.0297339593114241 0.07407407407407407
1 0.4217527386541471 0.33796296296296297 0.028690662493479395 0.06111111111111111
1 0.8779342723004695 0.3476851851851852 0.03129890453834116 0.06666666666666667
1 0.903755868544601 0.825462962962963 0.03286384976525822 0.06111111111111111
1 0.39123630672926446 0.26990740740740743 0.0198226395409494 0.06666666666666667
1 0.7715179968701096 0.2935185185185185 0.023995826812728223 0.04537037037037037
1 0.47522170057381324 0.399537037037037 0.02608242044861763 0.053703703703703705
1 0.5380803338549818 0.3282407407407407 0.02556077203964528 0.05925925925925926
1 0.08476786645800731 0.8078703703703703 0.02764736567553469 0.04722222222222222
1 0.012519561815336464 0.35462962962962963 0.025039123630672927 0.06018518518518518
1 0.6343244653103808 0.9518518518518518 0.02138758476786646 0.05277777777777778
1 0.9282733437663016 0.1787037037037037 0.02138758476786646 0.05925925925925926
1 0.9619196661450182 0.44722222222222224 0.029212310902451747 0.06666666666666667
1 0.7626499739175796 0.38935185185185184 0.03025560772039645 0.07314814814814814
1 0.7266562336984872 0.17453703703703705 0.023474178403755867 0.06574074074074074
1 0.952529994783516 0.050462962962962966 0.01617110067814293 0.07222222222222222
1 0.18466353677621283 0.3578703703703704 0.02190923317683881 0.06481481481481481
1 0.07772561293688054 0.2388888888888889 0.028169014084507043 0.06296296296296296
1 0.17214397496087636 0.2638888888888889 0.020865936358894107 0.06574074074074074
1 0.596244131455399 0.2064814814814815 0.02034428794992175 0.06944444444444445
1 0.04094940010432968 0.7652777777777777 0.026604068857589983 0.05277777777777778
1 0.059989567031820554 0.8490740740740741 0.0297339593114241 0.058333333333333334
1 0.8740219092331768 0.29259259259259257 0.024517475221700575 0.0712962962962963
1 0.5033907146583203 0.26435185185185184 0.02034428794992175 0.06296296296296296
1 0.7266562336984872 0.11990740740740741 0.022430881585811163 0.05925925925925926
1 0.3635889410537298 0.4486111111111111 0.01773604590505999 0.06388888888888888
1 0.5555555555555556 0.34305555555555556 0.022952529994783515 0.06296296296296296
1 0.7845592070944184 0.21296296296296297 0.01773604590505999 0.05277777777777778
1 0.5516431924882629 0.2759259259259259 0.018257694314032343 0.04814814814814815
1 0.9551382368283776 0.34074074074074073 0.03495044340114763 0.06481481481481481
1 0.6371935315597287 0.3162037037037037 0.016692749087115284 0.04537037037037037
1 0.6802295252999478 0.15416666666666667 0.0198226395409494 0.05925925925925926
1 0.806207616066771 0.4060185185185185 0.023995826812728223 0.09444444444444444
1 0.3208137715179969 0.30972222222222223 0.02556077203964528 0.062037037037037036
1 0.7509128847157016 0.35833333333333334 0.024517475221700575 0.06388888888888888
1 0.8262910798122066 0.24444444444444444 0.02764736567553469 0.044444444444444446
1 0.08085550339071466 0.1527777777777778 0.024517475221700575 0.07037037037037037
1 0.8526343244653104 0.37962962962962965 0.0198226395409494 0.062037037037037036
1 0.9741784037558685 0.525 0.026604068857589983 0.046296296296296294
1 0.02634324465310381 0.3148148148148148 0.03599374021909233 0.06666666666666667
1 0.9736567553468962 0.3050925925925926 0.027125717266562335 0.05092592592592592
1 0.013302034428794992 0.2550925925925926 0.026604068857589983 0.05555555555555555
1 0.5972874282733438 0.09722222222222222 0.012519561815336464 0.040740740740740744
1 0.8789775691184142 0.1736111111111111 0.02556077203964528 0.06944444444444445
1 0.9752217005738133 0.21898148148148147 0.024517475221700575 0.04722222222222222
1 0.6098069900886802 0.2638888888888889 0.01564945226917058 0.04537037037037037
1 0.3002086593635889 0.38287037037037036 0.0198226395409494 0.07314814814814814
1 0.11763171622326551 0.3074074074074074 0.038601982263954095 0.06574074074074074
1 0.42357850808555036 0.6851851851851852 0.01773604590505999 0.05555555555555555
1 0.4282733437663015 0.6574074074074074 0.020865936358894107 0.06481481481481481