0 0.7421875 0.2584635416666667 0.0439453125 0.039849175347222224
1 0.60498046875 0.1470269097222222 0.0179901123046875 0.06852213541666667
0 0.42138671875 0.3539496527777778 0.04803466796875 0.04408094618055555
0 0.63671875 0.2966579861111111 0.027435302734375 0.05211046006944445
0 0.18115234375 0.4583333333333333 0.05126953125 0.04367404513888889
0 0.740234375 0.4157986111111111 0.03289794921875 0.05381944444444445
0 0.85302734375 0.3211805555555556 0.044525146484375 0.0700954861111111
0 0.22265625 0.5746527777777778 0.0333251953125 0.068359375
0 0.982421875 0.3726128472222222 0.0305023193359375 0.05984157986111111
0 0.9267578125 0.4205729166666667 0.043609619140625 0.046332465277777776
0 0.322265625 0.4440104166666667 0.053192138671875 0.043511284722222224
0 0.426513671875 0.5069444444444444 0.053497314453125 0.043999565972222224
0 0.08477783203125 0.3415798611111111 0.046722412109375 0.041069878472222224
1 0.621651785714286 0.14153439153439157 0.015625 0.06878306878306881
0 0.4296875000000002 0.3082010582010583 0.05431547619047621 0.04761904761904764