1 0.9613980177360459 0.14953703703703702 0.0297339593114241 0.05555555555555555
1 0.11684924360980699 0.13796296296296295 0.037037037037037035 0.05925925925925926
0 0.2889932185706834 0.43842592592592594 0.05112154407929056 0.04537037037037037
1 0.6718831507563902 0.9120370370370371 0.017214397496087636 0.06111111111111111
1 0.3899321857068336 0.2828703703703704 0.026604068857589983 0.06388888888888888
0 0.33229003651538863 0.49074074074074076 0.047991653625456446 0.041666666666666664
0 0.16014606155451225 0.47314814814814815 0.0505998956703182 0.07222222222222222
0 0.8784559207094418 0.4064814814814815 0.058424621804903494 0.04722222222222222
1 0.23943661971830985 0.324537037037037 0.028690662493479395 0.07314814814814814
1 0.26134585289514867 0.22824074074074074 0.03547209181011998 0.05648148148148148
0 0.711528429838289 0.4615740740740741 0.053208137715179966 0.04722222222222222
0 0.7660406885758998 0.6509259259259259 0.050078247261345854 0.046296296296296294
0 0.392018779342723 0.46296296296296297 0.0505998956703182 0.04259259259259259
1 0.39280125195618154 0.38935185185185184 0.023995826812728223 0.07314814814814814
1 0.12023995826812728 0.30694444444444446 0.03182055294731351 0.062037037037037036
1 0.15597287428273343 0.3138888888888889 0.03390714658320292 0.05740740740740741
1 0.08763693270735524 0.34305555555555556 0.02556077203964528 0.06018518518518518
1 0.6504955659885238 0.09583333333333334 0.0396452790818988 0.062037037037037036
1 0.07016171100678142 0.2662037037037037 0.03599374021909233 0.06111111111111111
1 0.6416275430359938 0.16805555555555557 0.028169014084507043 0.075
0 0.02269170579029734 0.4888888888888889 0.044861763171622326 0.05555555555555555
1 0.6924882629107981 0.8726851851851852 0.022430881585811163 0.07407407407407407
1 0.7772561293688054 0.21944444444444444 0.03755868544600939 0.05462962962962963
1 0.5438184663536776 0.7578703703703704 0.016692749087115284 0.06851851851851852
1 0.7563901930099113 0.6930555555555555 0.018779342723004695 0.06296296296296296
1 0.9243609806990088 0.8305555555555556 0.028169014084507043 0.07685185185185185
1 0.9243609806990088 0.22685185185185186 0.036515388628064686 0.062037037037037036
1 0.5200834637454356 0.6699074074074074 0.02608242044861763 0.05925925925925926
1 0.8174230568596765 0.12268518518518519 0.024517475221700575 0.05555555555555555
0 0.24700052164840897 0.5555555555555556 0.053208137715179966 0.04259259259259259
1 0.8487219613980177 0.2550925925925926 0.03495044340114763 0.05740740740740741
1 0.8208137715179968 0.34675925925925927 0.023995826812728223 0.058333333333333334
1 0.7274387063119457 0.14444444444444443 0.019300991131977047 0.05462962962962963
1 0.6377151799687011 0.8060185185185185 0.01773604590505999 0.07222222222222222
1 0.9864371413667188 0.5393518518518519 0.027125717266562335 0.062037037037037036
1 0.058163797600417316 0.22592592592592592 0.0297339593114241 0.06111111111111111
1 0.26917057902973396 0.11342592592592593 0.03547209181011998 0.05740740740740741
1 0.0396452790818988 0.7694444444444445 0.03808033385498174 0.06851851851851852
1 0.4697443922796036 0.6763888888888889 0.018779342723004695 0.06851851851851852
1 0.24804381846635368 0.6703703703703704 0.030777256129368807 0.06481481481481481
1 0.7334376630151278 0.8828703703703704 0.025039123630672927 0.06759259259259259
1 0.8881064162754304 0.2861111111111111 0.029212310902451747 0.04259259259259259
1 0.9864371413667188 0.8296296296296296 0.020865936358894107 0.075
1 0.8531559728742827 0.8287037037037037 0.027125717266562335 0.07037037037037037
1 0.8041210224308816 0.6763888888888889 0.02190923317683881 0.04537037037037037
1 0.198226395409494 0.7611111111111111 0.023474178403755867 0.06666666666666667
1 0.7777777777777778 0.26805555555555555 0.03286384976525822 0.04722222222222222
1 0.1531038080333855 0.7666666666666667 0.023474178403755867 0.05925925925925926
1 0.7201356285863328 0.7759259259259259 0.018257694314032343 0.05648148148148148
1 0.5370370370370371 0.6074074074074074 0.018257694314032343 0.05648148148148148
1 0.2214397496087637 0.06481481481481481 0.03234220135628586 0.044444444444444446
1 0.868283776734481 0.674537037037037 0.025039123630672927 0.04537037037037037
1 0.3268127282211789 0.8060185185185185 0.018257694314032343 0.06018518518518518
1 0.8706311945748565 0.08287037037037037 0.0297339593114241 0.08703703703703704
1 0.7832550860719875 0.08472222222222223 0.0297339593114241 0.05740740740740741
0 0.9843505477308294 0.4041666666666667 0.03025560772039645 0.049074074074074076
0 0.2519561815336463 0.4986111111111111 0.0495565988523735 0.05092592592592592
1 0.9681794470526864 0.762962962962963 0.028690662493479395 0.075
1 0.44314032342201354 0.7314814814814815 0.023474178403755867 0.06481481481481481
1 0.21778821074595722 0.7074074074074074 0.024517475221700575 0.05462962962962963
1 0.08398539384454877 0.7898148148148149 0.022430881585811163 0.05462962962962963
1 0.834376630151278 0.6300925925925925 0.0297339593114241 0.03796296296296296
1 0.7642149191444966 0.16342592592592592 0.03912363067292645 0.05925925925925926
1 0.05555555555555555 0.7027777777777777 0.03025560772039645 0.06944444444444445
1 0.9903495044340115 0.638425925925926 0.018779342723004695 0.06296296296296296
1 0.11189358372456965 0.7282407407407407 0.03025560772039645 0.06111111111111111
1 0.2962962962962963 0.8060185185185185 0.018257694314032343 0.062037037037037036
1 0.30412102243088157 0.8847222222222222 0.01564945226917058 0.06851851851851852
1 0.7123109024517476 0.09953703703703703 0.03338549817423057 0.06666666666666667
1 0.26734480959833073 0.7814814814814814 0.020865936358894107 0.06018518518518518
1 0.599113197704747 0.8166666666666667 0.018257694314032343 0.05
1 0.8095983307250912 0.8574074074074074 0.022430881585811163 0.06296296296296296
1 0.8873239436619719 0.3263888888888889 0.03547209181011998 0.05092592592592592
1 0.23943661971830985 0.587037037037037 0.020865936358894107 0.03796296296296296
1 0.2696922274387063 0.8217592592592593 0.022430881585811163 0.04814814814814815
1 0.7754303599374022 0.5949074074074074 0.028169014084507043 0.08055555555555556
1 0.4350547730829421 0.16527777777777777 0.020865936358894107 0.07777777777777778
1 0.3534167970787689 0.7620370370370371 0.02138758476786646 0.06388888888888888
1 0.007303077725612937 0.6935185185185185 0.014084507042253521 0.053703703703703705
1 0.0693792383933229 0.36712962962962964 0.03025560772039645 0.044444444444444446
1 0.8721961398017736 0.7138888888888889 0.03182055294731351 0.04351851851851852
1 0.3335941575378195 0.6930555555555555 0.03025560772039645 0.06574074074074074
1 0.8022952529994783 0.7217592592592592 0.02034428794992175 0.041666666666666664
1 0.2921231090245175 0.6226851851851852 0.0297339593114241 0.05092592592592592
1 0.06990088680229525 0.8273148148148148 0.016692749087115284 0.040740740740740744
1 0.3808033385498174 0.7555555555555555 0.023995826812728223 0.06574074074074074
1 0.7725612936880543 0.7106481481481481 0.019300991131977047 0.053703703703703705
1 0.2936880542514345 0.7050925925925926 0.023474178403755867 0.053703703703703705
1 0.008346374543557642 0.7921296296296296 0.016692749087115284 0.07685185185185185
1 0.19405320813771518 0.8472222222222222 0.014084507042253521 0.05740740740740741
1 0.7334376630151278 0.750462962962963 0.03129890453834116 0.04259259259259259
1 0.730829420970266 0.587037037037037 0.02190923317683881 0.03148148148148148
1 0.10641627543035993 0.8472222222222222 0.01773604590505999 0.041666666666666664
1 0.5785080855503391 0.7685185185185185 0.016692749087115284 0.05092592592592592
1 0.4094940010432968 0.6805555555555556 0.019300991131977047 0.05648148148148148
1 0.9770474700052165 0.9351851851851852 0.017214397496087636 0.06574074074074074
1 0.8035993740219093 0.7564814814814815 0.03286384976525822 0.03888888888888889
1 0.1562336984872196 0.8356481481481481 0.02190923317683881 0.06574074074074074
1 0.7162232655190401 0.8199074074074074 0.03286384976525822 0.040740740740740744