0 0.6544079290558164 0.48009259259259257 0.05268648930620762 0.044444444444444446
0 0.9327073552425665 0.487962962962963 0.050078247261345854 0.05
1 0.19640062597809077 0.3958333333333333 0.03338549817423057 0.07037037037037037
1 0.39801773604590507 0.3194444444444444 0.023474178403755867 0.06388888888888888
1 0.6087636932707355 0.5421296296296296 0.02034428794992175 0.07685185185185185
0 0.7790818988002086 0.4625 0.048513302034428794 0.04537037037037037
1 0.8242044861763171 0.7328703703703704 0.037037037037037035 0.06296296296296296
1 0.38810641627543035 0.2652777777777778 0.0198226395409494 0.06111111111111111
1 0.19327073552425664 0.812962962962963 0.028690662493479395 0.05925925925925926
1 0.5719874804381847 0.37546296296296294 0.022430881585811163 0.05925925925925926
1 0.11189358372456965 0.14305555555555555 0.018779342723004695 0.06296296296296296
1 0.6105894627021388 0.2777777777777778 0.019300991131977047 0.06574074074074074
1 0.4300991131977048 0.2967592592592593 0.023995826812728223 0.062037037037037036
1 0.22404799165362546 0.1388888888888889 0.019300991131977047 0.06388888888888888
1 0.24960876369327073 0.3972222222222222 0.030777256129368807 0.06666666666666667
1 0.35941575378195095 0.24953703703703703 0.018779342723004695 0.06666666666666667
0 0.3633281168492436 0.5342592592592592 0.04381846635367762 0.075
1 0.5740740740740741 0.3300925925925926 0.01564945226917058 0.04537037037037037
1 0.35732916014606153 0.2972222222222222 0.018779342723004695 0.07037037037037037
1 0.8200312989045383 0.6763888888888889 0.03495044340114763 0.05740740740740741
1 0.37167449139280123 0.37175925925925923 0.018779342723004695 0.08796296296296297
0 0.4984350547730829 0.525 0.04903495044340115 0.05277777777777778
0 0.6570161711006781 0.6430555555555556 0.053208137715179966 0.046296296296296294
1 0.027386541471048513 0.4527777777777778 0.036515388628064686 0.062037037037037036
1 0.07172665623369849 0.425462962962963 0.03182055294731351 0.06111111111111111
1 0.3951486697965571 0.06620370370370371 0.013562858633281168 0.062037037037037036
1 0.1484089723526343 0.3050925925925926 0.028169014084507043 0.06666666666666667
1 0.6233698487219614 0.3699074074074074 0.0198226395409494 0.06759259259259259
1 0.9814814814814815 0.3425925925925926 0.037037037037037035 0.06759259259259259
1 0.7305685967657799 0.5717592592592593 0.03025560772039645 0.06018518518518518
1 0.13615023474178403 0.35694444444444445 0.03025560772039645 0.062037037037037036
1 0.699791340636411 0.3458333333333333 0.024517475221700575 0.0712962962962963
1 0.7099634846113719 0.8231481481481482 0.04538341158059468 0.05740740740740741
1 0.20448617631716223 0.7703703703703704 0.023995826812728223 0.05555555555555555
1 0.2895148669796557 0.37453703703703706 0.0297339593114241 0.06666666666666667
1 0.44001043296817943 0.9333333333333333 0.028169014084507043 0.05555555555555555
1 0.28325508607198746 0.23425925925925925 0.02556077203964528 0.06296296296296296
1 0.7723004694835681 0.32407407407407407 0.028690662493479395 0.05740740740740741
1 0.5639019300991132 0.25555555555555554 0.018779342723004695 0.05555555555555555
1 0.8933229003651539 0.30092592592592593 0.03182055294731351 0.06666666666666667
1 0.2235263432446531 0.3625 0.025039123630672927 0.05185185185185185
1 0.08685446009389672 0.39490740740740743 0.03286384976525822 0.05
1 0.3338549817423057 0.19490740740740742 0.024517475221700575 0.06296296296296296
1 0.09754825247782994 0.3106481481481482 0.03442879499217527 0.06018518518518518
1 0.02190923317683881 0.18009259259259258 0.020865936358894107 0.06944444444444445
1 0.689358372456964 0.2810185185185185 0.020865936358894107 0.05555555555555555
1 0.2537819509650496 0.33194444444444443 0.02190923317683881 0.04537037037037037
1 0.2104851330203443 0.28935185185185186 0.023995826812728223 0.06851851851851852
1 0.04590505998956703 0.34629629629629627 0.03390714658320292 0.05
1 0.7383933229003652 0.34120370370370373 0.030777256129368807 0.06481481481481481
1 0.6525821596244131 0.26481481481481484 0.025039123630672927 0.06944444444444445
1 0.3192488262910798 0.16342592592592592 0.014606155451225874 0.06111111111111111
1 0.8252477829942618 0.36342592592592593 0.02764736567553469 0.05277777777777778
1 0.440792905581638 0.3472222222222222 0.028169014084507043 0.06759259259259259
1 0.107981220657277 0.2712962962962963 0.026604068857589983 0.06018518518518518
1 0.9676577986437142 0.29583333333333334 0.038601982263954095 0.07037037037037037
1 0.7889932185706834 0.15092592592592594 0.026604068857589983 0.05555555555555555
1 0.19979134063641105 0.9453703703703704 0.029212310902451747 0.05648148148148148
1 0.025821596244131457 0.2828703703703704 0.022430881585811163 0.03981481481481482
1 0.23630672926447574 0.19768518518518519 0.019300991131977047 0.06759259259259259
1 0.06103286384976526 0.7101851851851851 0.03808033385498174 0.05555555555555555
1 0.19483568075117372 0.85 0.027125717266562335 0.06018518518518518
1 0.9553990610328639 0.23981481481481481 0.03234220135628586 0.05185185185185185
1 0.1752738654147105 0.16203703703703703 0.024517475221700575 0.06481481481481481
1 0.9055816379760042 0.24305555555555555 0.03025560772039645 0.06018518518518518
1 0.863849765258216 0.21805555555555556 0.027125717266562335 0.058333333333333334
1 0.7110067814293166 0.2013888888888889 0.020865936358894107 0.07037037037037037
1 0.1904016692749087 0.22870370370370371 0.028690662493479395 0.06574074074074074
1 0.08242044861763172 0.24074074074074073 0.020865936358894107 0.044444444444444446
1 0.41497130933750653 0.8902777777777777 0.024517475221700575 0.06018518518518518
1 0.9019300991131977 0.18564814814814815 0.023474178403755867 0.06666666666666667
1 0.5477308294209703 0.9550925925925926 0.01773604590505999 0.044444444444444446
1 0.24517475221700574 0.9791666666666666 0.03182055294731351 0.03888888888888889
1 0.41366718831507565 0.7754629629629629 0.022952529994783515 0.05092592592592592
1 0.7347417840375586 0.2662037037037037 0.03025560772039645 0.06388888888888888
1 0.037037037037037035 0.053703703703703705 0.017214397496087636 0.06944444444444445
1 0.9893062076160668 0.7143518518518519 0.02138758476786646 0.07592592592592592
1 0.788471570161711 0.19490740740740742 0.02138758476786646 0.06111111111111111
1 0.6366718831507564 0.31712962962962965 0.0198226395409494 0.05
1 0.41366718831507565 0.8287037037037037 0.02608242044861763 0.05462962962962963
0 0.04381846635367762 0.5990740740740741 0.05268648930620762 0.05277777777777778
1 0.6888367240479917 0.7199074074074074 0.018779342723004695 0.05
1 0.3954094940010433 0.22777777777777777 0.022430881585811163 0.06481481481481481
1 0.05712050078247261 0.6726851851851852 0.03547209181011998 0.058333333333333334
1 0.9859154929577465 0.15092592592592594 0.019300991131977047 0.06574074074074074
1 0.7814293166405842 0.28194444444444444 0.0198226395409494 0.040740740740740744
1 0.7769953051643192 0.11296296296296296 0.01773604590505999 0.05740740740740741
0 0.020865936358894107 0.08657407407407407 0.03182055294731351 0.06851851851851852
0 0.9882629107981221 0.5166666666666667 0.023474178403755867 0.04351851851851852
1 0.5925925925925926 0.2125 0.018257694314032343 0.046296296296296294
1 0.6653625456442358 0.23842592592592593 0.016692749087115284 0.05
1 0.409754825247783 0.18194444444444444 0.02556077203964528 0.05555555555555555
1 0.4076682316118936 0.7189814814814814 0.02034428794992175 0.046296296296296294
1 0.5070422535211268 0.056018518518518516 0.014084507042253521 0.049074074074074076
1 0.07042253521126761 0.8976851851851851 0.03547209181011998 0.053703703703703705
1 0.40271257172665625 0.8722222222222222 0.02608242044861763 0.05555555555555555
1 0.38967136150234744 0.9662037037037037 0.03234220135628586 0.03981481481481482
1 0.9809598330725091 0.27361111111111114 0.026604068857589983 0.06018518518518518