1 0.7582159624413145 0.6583333333333333 0.03234220135628586 0.06388888888888888
1 0.7128325508607198 0.047685185185185185 0.03129890453834116 0.05
1 0.5639019300991132 0.6277777777777778 0.016692749087115284 0.05925925925925926
1 0.7334376630151278 0.8611111111111112 0.01773604590505999 0.06111111111111111
1 0.5785080855503391 0.7032407407407407 0.020865936358894107 0.058333333333333334
1 0.7983828899321858 0.5421296296296296 0.023474178403755867 0.06296296296296296
1 0.7334376630151278 0.6791666666666667 0.03286384976525822 0.07037037037037037
0 0.3904538341158059 0.4699074074074074 0.05268648930620762 0.040740740740740744
1 0.28169014084507044 0.16666666666666666 0.022430881585811163 0.05925925925925926
1 0.8946270213875848 0.7388888888888889 0.02190923317683881 0.06851851851851852
1 0.9141888367240479 0.637962962962963 0.02764736567553469 0.062037037037037036
1 0.755868544600939 0.8731481481481481 0.027125717266562335 0.06481481481481481
1 0.9042775169535733 0.7143518518518519 0.02190923317683881 0.07037037037037037
0 0.1356285863328117 0.27870370370370373 0.05268648930620762 0.04537037037037037
1 0.6964006259780907 0.7680555555555556 0.022430881585811163 0.05925925925925926
1 0.7694314032342201 0.5898148148148148 0.028169014084507043 0.06574074074074074
1 0.9217527386541471 0.18055555555555555 0.03808033385498174 0.04722222222222222
1 0.6815336463223787 0.725 0.018257694314032343 0.05555555555555555
0 0.6737089201877934 0.5101851851851852 0.05372978612415232 0.05185185185185185
1 0.7391757955138237 0.7407407407407407 0.028690662493479395 0.06481481481481481
1 0.8315075639019301 0.6393518518518518 0.025039123630672927 0.06666666666666667
1 0.9634846113719353 0.07962962962962963 0.03599374021909233 0.05277777777777778
1 0.9754825247782994 0.5773148148148148 0.028690662493479395 0.06296296296296296
1 0.019561815336463225 0.10138888888888889 0.03495044340114763 0.06296296296296296
1 0.7044861763171623 0.8972222222222223 0.025039123630672927 0.06481481481481481
1 0.7939488784559207 0.7625 0.025039123630672927 0.062037037037037036
1 0.383150756390193 0.7398148148148148 0.016692749087115284 0.058333333333333334
1 0.8075117370892019 0.575 0.026604068857589983 0.06296296296296296
1 0.6421491914449661 0.7532407407407408 0.01773604590505999 0.06481481481481481
1 0.0683359415753782 0.06574074074074074 0.03755868544600939 0.06759259259259259
1 0.6624934793948879 0.8777777777777778 0.023995826812728223 0.07407407407407407
1 0.15492957746478872 0.6805555555555556 0.028169014084507043 0.05185185185185185
1 0.07798643714136672 0.6675925925925926 0.03808033385498174 0.053703703703703705
1 0.26134585289514867 0.7245370370370371 0.02190923317683881 0.06111111111111111
1 0.4217527386541471 0.7087962962962963 0.029212310902451747 0.05925925925925926
1 0.22326551904016692 0.6861111111111111 0.024517475221700575 0.062037037037037036
1 0.9087115284298383 0.7782407407407408 0.019300991131977047 0.05648148148148148
1 0.9624413145539906 0.6231481481481481 0.03182055294731351 0.062037037037037036
1 0.28325508607198746 0.7925925925925926 0.02034428794992175 0.06481481481481481
1 0.8721961398017736 0.6888888888888889 0.023995826812728223 0.06296296296296296
1 0.4029733959311424 0.6731481481481482 0.02138758476786646 0.06574074074074074
1 0.29029733959311427 0.2013888888888889 0.023474178403755867 0.05277777777777778
1 0.9893062076160668 0.7092592592592593 0.020865936358894107 0.06944444444444445
1 0.951225873761085 0.7199074074074074 0.027125717266562335 0.06111111111111111
1 0.6264997391757955 0.7847222222222222 0.024517475221700575 0.06296296296296296
1 0.9345331246739698 0.13935185185185187 0.03025560772039645 0.05925925925925926
1 0.7037037037037037 0.825462962962963 0.01773604590505999 0.07592592592592592
1 0.9551382368283776 0.774537037037037 0.018779342723004695 0.04259259259259259
1 0.25925925925925924 0.6606481481481481 0.02556077203964528 0.05925925925925926
1 0.8041210224308816 0.6129629629629629 0.02138758476786646 0.05740740740740741
1 0.8677621283255086 0.7199074074074074 0.03129890453834116 0.06481481481481481
1 0.04616588419405321 0.6129629629629629 0.023474178403755867 0.05
1 0.24934793948878456 0.7685185185185185 0.01773604590505999 0.05740740740740741
1 0.6439749608763693 0.7111111111111111 0.022952529994783515 0.06018518518518518
1 0.5756390193009912 0.09444444444444444 0.030777256129368807 0.05555555555555555
1 0.3205529473135107 0.7175925925925926 0.017214397496087636 0.06388888888888888
1 0.30203442879499215 0.8 0.022952529994783515 0.053703703703703705
1 0.10198226395409495 0.7351851851851852 0.02764736567553469 0.05740740740740741
0 0.5200834637454356 0.5226851851851851 0.048513302034428794 0.053703703703703705
1 0.5033907146583203 0.787962962962963 0.022430881585811163 0.058333333333333334
1 0.14267083985393844 0.7592592592592593 0.023474178403755867 0.06111111111111111
1 0.20448617631716223 0.8222222222222222 0.017214397496087636 0.05462962962962963
1 0.028429838288993217 0.749537037037037 0.023995826812728223 0.06296296296296296
1 0.5933750652060511 0.8226851851851852 0.014084507042253521 0.062037037037037036
1 0.1651017214397496 0.8046296296296296 0.026604068857589983 0.05648148148148148
1 0.8972352634324465 0.5703703703703704 0.02764736567553469 0.06944444444444445
1 0.6786645800730308 0.6449074074074074 0.03025560772039645 0.05092592592592592
0 0.0252999478351591 0.34953703703703703 0.046948356807511735 0.06944444444444445
0 0.020083463745435577 0.5476851851851852 0.03808033385498174 0.058333333333333334