1 0.8448095983307251 0.850462962962963 0.030777256129368807 0.058333333333333334
0 0.2741262389149713 0.4666666666666667 0.05268648930620762 0.03888888888888889
1 0.9546165884194053 0.041666666666666664 0.01617110067814293 0.0712962962962963
1 0.8526343244653104 0.3384259259259259 0.030777256129368807 0.06759259259259259
0 0.2876890975482525 0.5092592592592593 0.05529473135106938 0.040740740740740744
1 0.09963484611371935 0.3861111111111111 0.03599374021909233 0.06759259259259259
1 0.27543035993740217 0.7388888888888889 0.03495044340114763 0.06296296296296296
1 0.8095983307250912 0.31574074074074077 0.029212310902451747 0.07037037037037037
0 0.4548774126238915 0.5574074074074075 0.05216484089723526 0.04814814814814815
0 0.7636932707355243 0.5666666666666667 0.044861763171622326 0.06666666666666667
0 0.13510693792383932 0.5300925925925926 0.03286384976525822 0.062037037037037036
1 0.7626499739175796 0.26990740740740743 0.03129890453834116 0.075
0 0.1056338028169014 0.5861111111111111 0.054773082942097026 0.041666666666666664
0 0.5732916014606155 0.524074074074074 0.028690662493479395 0.06851851851851852
1 0.5985915492957746 0.34120370370370373 0.024517475221700575 0.06759259259259259
1 0.17970787689097548 0.7388888888888889 0.02556077203964528 0.06944444444444445
0 0.3758476786645801 0.5402777777777777 0.05112154407929056 0.040740740740740744
1 0.42905581637976004 0.3787037037037037 0.023474178403755867 0.06388888888888888
0 0.13302034428794993 0.49722222222222223 0.051643192488262914 0.041666666666666664
1 0.436358894105373 0.7578703703703704 0.025039123630672927 0.08148148148148149
1 0.8028169014084507 0.21435185185185185 0.029212310902451747 0.06481481481481481
1 0.9804381846635368 0.8870370370370371 0.03755868544600939 0.06296296296296296
1 0.11267605633802817 0.6671296296296296 0.03912363067292645 0.05648148148148148
1 0.7430881585811163 0.8143518518518519 0.03234220135628586 0.058333333333333334
1 0.4587897756911841 0.8425925925925926 0.02190923317683881 0.07314814814814814
0 0.983828899321857 0.5990740740740741 0.03025560772039645 0.06018518518518518
1 0.4444444444444444 0.33611111111111114 0.023474178403755867 0.06759259259259259
1 0.18205529473135107 0.8310185185185185 0.02764736567553469 0.053703703703703705
0 0.8510693792383933 0.5268518518518519 0.057902973395931145 0.049074074074074076
0 0.19170579029733958 0.42407407407407405 0.05372978612415232 0.05
1 0.7548252477829943 0.6680555555555555 0.028690662493479395 0.07037037037037037
1 0.27543035993740217 0.3101851851851852 0.03547209181011998 0.06388888888888888
1 0.036776212832550864 0.6958333333333333 0.04329681794470527 0.05462962962962963
1 0.8568075117370892 0.12268518518518519 0.025039123630672927 0.06481481481481481
1 0.22900365153886282 0.35324074074074074 0.030777256129368807 0.06296296296296296
1 0.9848721961398018 0.29953703703703705 0.02556077203964528 0.06944444444444445
1 0.5816379760041732 0.2569444444444444 0.020865936358894107 0.07592592592592592
1 0.2378716744913928 0.2337962962962963 0.0297339593114241 0.06666666666666667
1 0.4791340636411059 0.31342592592592594 0.022952529994783515 0.06574074074074074
1 0.6085028690662494 0.762962962962963 0.01773604590505999 0.05462962962962963
0 0.3865414710485133 0.44027777777777777 0.0505998956703182 0.049074074074074076
1 0.13954094940010434 0.3402777777777778 0.02608242044861763 0.05648148148148148
1 0.9087115284298383 0.2912037037037037 0.03442879499217527 0.075
1 0.9478351591027647 0.3638888888888889 0.023474178403755867 0.06018518518518518
1 0.6064162754303599 0.9282407407407407 0.03390714658320292 0.05555555555555555
1 0.43766301512780387 0.2611111111111111 0.02764736567553469 0.05740740740740741
1 0.87584767866458 0.23148148148148148 0.02556077203964528 0.06481481481481481
1 0.20787689097548254 0.31574074074074077 0.026604068857589983 0.05925925925925926
1 0.06416275430359937 0.32175925925925924 0.03338549817423057 0.06481481481481481
1 0.7050078247261345 0.8578703703703704 0.03442879499217527 0.044444444444444446
1 0.7519561815336463 0.7453703703703703 0.03182055294731351 0.05925925925925926
1 0.658320292123109 0.2222222222222222 0.016692749087115284 0.06388888888888888
1 0.10459050599895671 0.30972222222222223 0.0297339593114241 0.06481481481481481
1 0.011215440792905582 0.7574074074074074 0.022430881585811163 0.05555555555555555
1 0.5599895670318206 0.3435185185185185 0.020865936358894107 0.05925925925925926
1 0.9447052686489307 0.23148148148148148 0.036515388628064686 0.06388888888888888
1 0.3077725612936881 0.24027777777777778 0.02764736567553469 0.053703703703703705
1 0.014606155451225874 0.27037037037037037 0.026604068857589983 0.06759259259259259
1 0.15988523735002608 0.26064814814814813 0.02556077203964528 0.05740740740740741
1 0.20422535211267606 0.20046296296296295 0.024517475221700575 0.06944444444444445
1 0.26890975482524776 0.2013888888888889 0.026604068857589983 0.06481481481481481
1 0.6825769431403235 0.19583333333333333 0.018257694314032343 0.06481481481481481
1 0.6971830985915493 0.1675925925925926 0.018779342723004695 0.06388888888888888
1 0.7772561293688054 0.38842592592592595 0.02138758476786646 0.07407407407407407
1 0.015388628064684403 0.19490740740740742 0.029212310902451747 0.062037037037037036
1 0.6343244653103808 0.37222222222222223 0.018779342723004695 0.06481481481481481
1 0.6802295252999478 0.30092592592592593 0.030777256129368807 0.04537037037037037
1 0.14501825769431403 0.2152777777777778 0.023474178403755867 0.06481481481481481
1 0.9486176317162233 0.3060185185185185 0.03547209181011998 0.05740740740740741
1 0.40349504434011474 0.3060185185185185 0.018257694314032343 0.06296296296296296
1 0.8661971830985915 0.1763888888888889 0.03182055294731351 0.06574074074074074
1 0.5234741784037559 0.24768518518518517 0.023995826812728223 0.058333333333333334
1 0.16536254564423578 0.6430555555555556 0.028169014084507043 0.04722222222222222
1 0.5941575378195096 0.09074074074074075 0.015127803860198226 0.041666666666666664
1 0.2934272300469484 0.1486111111111111 0.026604068857589983 0.07037037037037037
1 0.6045905059989567 0.19305555555555556 0.014084507042253521 0.06388888888888888
1 0.059728742827334376 0.21851851851851853 0.03129890453834116 0.07685185185185185
1 0.41053729786124155 0.2361111111111111 0.014084507042253521 0.03611111111111111
1 0.9877412623891497 0.15046296296296297 0.023474178403755867 0.041666666666666664
1 0.5722483046426708 0.8296296296296296 0.03495044340114763 0.06944444444444445
1 0.5594679186228482 0.18888888888888888 0.023995826812728223 0.03888888888888889