0 0.74365234375 0.52435302734375 0.0313720703125 0.06007308959960937
0 0.951171875 0.652191162109375 0.059661865234375 0.050756072998046874
0 0.904296875 0.5702880859375 0.05987548828125 0.05213737487792969
0 0.962890625 0.599755859375 0.03143310546875 0.049049758911132814
1 0.45361328125 0.4040985107421875 0.0280609130859375 0.05644378662109375
1 0.85791015625 0.2675933837890625 0.021575927734375 0.0608856201171875
1 0.82275390625 0.652191162109375 0.022674560546875 0.059748077392578126
1 0.51953125 0.86756591796875 0.03302001953125 0.053437423706054685
1 0.6513671875 0.3499298095703125 0.027069091796875 0.06749420166015625
1 0.1910400390625 0.3761474609375 0.037109375 0.0665191650390625
1 0.806640625 0.8181640625 0.02508544921875 0.05774383544921875
1 0.52294921875 0.2948944091796875 0.029541015625 0.05904388427734375
1 0.9521484375 0.31287841796875 0.0263519287109375 0.06527328491210938
1 0.82470703125 0.233575439453125 0.027008056640625 0.04563713073730469
1 0.041473388671875 0.661724853515625 0.044097900390625 0.06299819946289062
1 0.6396484375 0.2467926025390625 0.02447509765625 0.08022384643554688
1 0.6455078125 0.165972900390625 0.0209197998046875 0.07469863891601562
1 0.6650390625 0.377880859375 0.02532958984375 0.06689834594726562
1 0.85107421875 0.430316162109375 0.0364990234375 0.05882720947265625
1 0.2225341796875 0.31201171875 0.02423095703125 0.06467742919921875
1 0.87158203125 0.3657470703125 0.035003662109375 0.08065719604492187
1 0.05792236328125 0.332379150390625 0.042877197265625 0.07274856567382812
1 0.7080078125 0.4123321533203125 0.0305633544921875 0.06841506958007812
1 0.90869140625 0.3299957275390625 0.034088134765625 0.060506439208984374
1 0.865234375 0.5113525390625 0.034820556640625 0.05113525390625
1 0.65869140625 0.711126708984375 0.034423828125 0.06359405517578125
1 0.84716796875 0.16868133544921876 0.0230255126953125 0.06500244140625
1 0.91845703125 0.1930572509765625 0.02838134765625 0.06180648803710938
1 0.98095703125 0.367047119140625 0.029083251953125 0.059964752197265624
1 0.98828125 0.2132080078125 0.0218658447265625 0.06527328491210938
1 0.74609375 0.356646728515625 0.0318603515625 0.06007308959960937
1 0.92578125 0.46541748046875 0.0293731689453125 0.079302978515625
0 0.94677734375 0.53128662109375 0.036773681640625 0.05105400085449219
1 0.1895751953125 0.16283111572265624 0.01525115966796875 0.047939300537109375
1 0.88330078125 0.665191650390625 0.037750244140625 0.08916168212890625
0 0.0345458984375 0.5546875 0.053009033203125 0.06418991088867188
1 0.78662109375 0.297711181640625 0.0316162109375 0.0656524658203125
1 0.70751953125 0.211907958984375 0.0177764892578125 0.06381072998046874
1 0.400146484375 0.35794677734375 0.02191162109375 0.0686859130859375
1 0.65576171875 0.96636962890625 0.025665283203125 0.052733230590820315
1 0.0210418701171875 0.691192626953125 0.0328369140625 0.0639190673828125
1 0.30908203125 0.20334930419921876 0.019989013671875 0.055062484741210935
1 0.298583984375 0.816864013671875 0.035736083984375 0.052733230590820315
1 0.7509765625 0.273443603515625 0.0224151611328125 0.05882720947265625
1 0.68603515625 0.288177490234375 0.0294189453125 0.048589324951171874
1 0.95849609375 0.4235992431640625 0.026153564453125 0.06402740478515626
1 0.1263427734375 0.84329833984375 0.0274810791015625 0.05192070007324219
1 0.32861328125 0.680792236328125 0.0374755859375 0.052733230590820315
1 0.45947265625 0.316778564453125 0.0293121337890625 0.06018142700195313
1 0.375 0.388714599609375 0.03289794921875 0.055902099609375
1 0.42431640625 0.2649932861328125 0.0200653076171875 0.055902099609375
1 0.14111328125 0.224908447265625 0.0248870849609375 0.07155685424804688
0 0.04217529296875 0.479718017578125 0.05291748046875 0.0513519287109375
1 0.7578125 0.4331329345703125 0.03326416015625 0.07009429931640625
1 0.92724609375 0.3828643798828125 0.0330810546875 0.06776504516601563
1 0.287109375 0.229241943359375 0.0257110595703125 0.06343154907226563
1 0.042236328125 0.2086578369140625 0.03521728515625 0.0699859619140625
1 0.481201171875 0.2636932373046875 0.0202484130859375 0.054547882080078124
1 0.951171875 0.05476455688476563 0.0169830322265625 0.0693359375
1 0.3330078125 0.3308624267578125 0.027587890625 0.05666046142578125
1 0.8857421875 0.3009613037109375 0.018768310546875 0.0448516845703125
1 0.5546875 0.3096282958984375 0.0240936279296875 0.045799636840820314
1 0.351806640625 0.27041015625 0.021453857421875 0.06321487426757813
1 0.9189453125 0.2805938720703125 0.03240966796875 0.06852340698242188
1 0.61328125 0.193707275390625 0.0180206298828125 0.072369384765625
1 0.76025390625 0.12393798828125 0.0196075439453125 0.060398101806640625
1 0.26123046875 0.56162109375 0.036285400390625 0.06906509399414062
1 0.313232421875 0.26781005859375 0.022979736328125 0.06099395751953125
1 0.447998046875 0.2513427734375 0.0161590576171875 0.04650382995605469
1 0.271240234375 0.18287353515625 0.018157958984375 0.0409515380859375
1 0.88623046875 0.21504974365234375 0.0223236083984375 0.05037689208984375
1 0.2327880859375 0.17713165283203125 0.027374267578125 0.0587188720703125
1 0.4833984375 0.4058319091796875 0.029876708984375 0.038730621337890625
1 0.52099609375 0.2259918212890625 0.025421142578125 0.04227867126464844
1 0.65380859375 0.09782867431640625 0.0191650390625 0.0673858642578125
1 0.1019287109375 0.66649169921875 0.036346435546875 0.06099395751953125
1 0.9677734375 0.474517822265625 0.0310821533203125 0.06489410400390624
1 0.8125 0.85283203125 0.0222015380859375 0.059856414794921875
1 0.080078125 0.253076171875 0.0292510986328125 0.059856414794921875
1 0.98583984375 0.4179656982421875 0.028106689453125 0.0613189697265625
0 0.966796875 0.08802413940429688 0.0310211181640625 0.06700668334960938
1 0.9905891418457031 0.16564788818359374 0.01882171630859375 0.05262489318847656
1 0.37451171875 0.2168914794921875 0.01861572265625 0.04319953918457031
1 0.66015625 0.2736602783203125 0.0300445556640625 0.06538162231445313
1 0.93212890625 0.12967987060546876 0.01282501220703125 0.05232696533203125
1 0.86865234375 0.32587890625 0.024383544921875 0.06402740478515626