0 0.74375 0.43703703703703706 0.052083333333333336 0.040740740740740744
0 0.5515625 0.40185185185185185 0.04739583333333333 0.04351851851851852
0 0.9385416666666667 0.5416666666666666 0.0546875 0.037037037037037035
0 0.6588541666666666 0.38425925925925924 0.04739583333333333 0.044444444444444446
0 0.37994791666666666 0.5476851851851852 0.04895833333333333 0.044444444444444446
0 0.34713541666666664 0.30416666666666664 0.04635416666666667 0.044444444444444446
0 0.18958333333333333 0.3680555555555556 0.04635416666666667 0.04351851851851852
0 0.8916666666666667 0.3541666666666667 0.04791666666666667 0.04722222222222222
0 0.43984375 0.7842592592592592 0.0515625 0.044444444444444446
0 0.23489583333333333 0.7078703703703704 0.036458333333333336 0.05
0 0.6229166666666667 0.3236111111111111 0.04739583333333333 0.041666666666666664
0 0.6604166666666667 0.49953703703703706 0.05416666666666667 0.04259259259259259
0 0.7940104166666667 0.7814814814814814 0.05 0.06018518518518518
0 0.58984375 0.6902777777777778 0.0484375 0.03611111111111111
0 0.5270833333333333 0.5564814814814815 0.04635416666666667 0.05555555555555555
0 0.9427083333333334 0.7680555555555556 0.057291666666666664 0.04722222222222222
0 0.6317708333333333 0.6018518518518519 0.05 0.041666666666666664
0 0.4354166666666667 0.8435185185185186 0.05572916666666667 0.05740740740740741
0 0.14010416666666667 0.475 0.0484375 0.05
0 0.7958333333333333 0.6694444444444444 0.06041666666666667 0.046296296296296294
0 0.73203125 0.5893518518518519 0.0546875 0.044444444444444446
0 0.4140625 0.711574074074074 0.052083333333333336 0.03796296296296296
0 0.51640625 0.7361111111111112 0.043229166666666666 0.05648148148148148