1 0.1536865234375 0.2485260009765625 0.0309600830078125 0.06467742919921875
1 0.1900634765625 0.266510009765625 0.0213623046875 0.0587188720703125
1 0.386474609375 0.26087646484375 0.0162811279296875 0.06223983764648437
1 0.2587890625 0.3646636962890625 0.0233306884765625 0.068902587890625
1 0.223388671875 0.243109130859375 0.02880859375 0.061589813232421874
1 0.0204925537109375 0.3100616455078125 0.038116455078125 0.06500244140625
1 0.197265625 0.3681304931640625 0.024932861328125 0.05202903747558594
1 0.08251953125 0.35101318359375 0.029815673828125 0.07117767333984375
0 0.63427734375 0.49141845703125 0.0509033203125 0.04409332275390625
1 0.69873046875 0.3512298583984375 0.022369384765625 0.06624832153320312
1 0.410400390625 0.3685638427734375 0.020721435546875 0.04812889099121094
0 0.199951171875 0.477984619140625 0.053985595703125 0.044607925415039065
0 0.1419677734375 0.366180419921875 0.0271759033203125 0.07020263671875
1 0.51708984375 0.31287841796875 0.0216522216796875 0.0613189697265625
0 0.5400390625 0.46455078125 0.046630859375 0.04972686767578125
1 0.78466796875 0.3399627685546875 0.03021240234375 0.06711502075195312
0 0.387451171875 0.630523681640625 0.060089111328125 0.05806884765625
0 0.2103271484375 0.6326904296875 0.051177978515625 0.04972686767578125
1 0.3583984375 0.33714599609375 0.0255126953125 0.06429824829101563
1 0.1820068359375 0.2069244384765625 0.0209197998046875 0.06381072998046874
1 0.53466796875 0.2340087890625 0.0216522216796875 0.06500244140625
1 0.487548828125 0.283843994140625 0.0156707763671875 0.060506439208984374
1 0.9609375 0.19847412109375 0.02630615234375 0.07209854125976563
1 0.830078125 0.15958099365234374 0.029541015625 0.06787338256835937
1 0.638671875 0.1960906982421875 0.01934814453125 0.09376602172851563
1 0.92431640625 0.397381591796875 0.02532958984375 0.060506439208984374
1 0.59423828125 0.3503631591796875 0.0216217041015625 0.05839385986328125
1 0.5888671875 0.18124847412109374 0.0160980224609375 0.06603164672851562
1 0.268798828125 0.239208984375 0.0252685546875 0.0665191650390625
1 0.9267578125 0.30594482421875 0.0304412841796875 0.070635986328125
1 0.857421875 0.22089996337890624 0.0207672119140625 0.06613998413085938
1 0.478759765625 0.9273681640625 0.03155517578125 0.06662750244140625
1 0.45849609375 0.3395294189453125 0.017181396484375 0.04704551696777344
1 0.662109375 0.268243408203125 0.025177001953125 0.05644378662109375
1 0.78564453125 0.2112579345703125 0.0203704833984375 0.06841506958007812
1 0.259521484375 0.865399169921875 0.03582763671875 0.065869140625
1 0.9140625 0.1731231689453125 0.0240020751953125 0.07090682983398437
1 0.2303466796875 0.3949981689453125 0.0141143798828125 0.029901123046875
1 0.70361328125 0.20551605224609376 0.0246124267578125 0.068035888671875
1 0.66845703125 0.9655029296875 0.023193359375 0.05622711181640625
1 0.408447265625 0.88489990234375 0.0213623046875 0.0639190673828125
1 0.50830078125 0.2441925048828125 0.0226287841796875 0.05601043701171875