0 0.94296875 0.6231481481481481 0.05 0.046296296296296294
0 0.3109375 0.5152777777777777 0.05260416666666667 0.04259259259259259
0 0.4979166666666667 0.625462962962963 0.04635416666666667 0.04722222222222222
0 0.6229166666666667 0.6652777777777777 0.044270833333333336 0.046296296296296294
0 0.12760416666666666 0.5375 0.0515625 0.041666666666666664
0 0.25052083333333336 0.41805555555555557 0.03125 0.05277777777777778
0 0.8807291666666667 0.562962962962963 0.04583333333333333 0.04351851851851852
0 0.97421875 0.5347222222222222 0.0515625 0.04351851851851852
0 0.7940104166666667 0.6166666666666667 0.0453125 0.041666666666666664
0 0.315625 0.6347222222222222 0.04739583333333333 0.04259259259259259
0 0.26953125 0.5740740740740741 0.04895833333333333 0.03796296296296296
0 0.515625 0.6763888888888889 0.0453125 0.04537037037037037
0 0.8213541666666667 0.5115740740740741 0.04791666666666667 0.044444444444444446
0 0.67734375 0.5074074074074074 0.0421875 0.053703703703703705
0 0.8046875 0.09722222222222222 0.03177083333333333 0.05462962962962963
0 0.0578125 0.0875 0.06458333333333334 0.08425925925925926
0 0.55625 0.8430555555555556 0.0171875 0.04259259259259259