1 0.047991653625456446 0.8314814814814815 0.04538341158059468 0.05555555555555555
0 0.19092331768388107 0.46435185185185185 0.030777256129368807 0.05555555555555555
1 0.2005738132498696 0.625 0.0297339593114241 0.06388888888888888
1 0.4094940010432968 0.7875 0.02190923317683881 0.06296296296296296
1 0.513302034428795 0.39675925925925926 0.023995826812728223 0.06666666666666667
0 0.2605633802816901 0.5564814814814815 0.05216484089723526 0.04722222222222222
1 0.29551382368283774 0.3902777777777778 0.03182055294731351 0.06481481481481481
0 0.41366718831507565 0.48657407407407405 0.0495565988523735 0.040740740740740744
1 0.9405320813771518 0.41388888888888886 0.036515388628064686 0.0712962962962963
0 0.5897235263432447 0.512962962962963 0.05112154407929056 0.04351851851851852
1 0.9394887845592071 0.29444444444444445 0.028690662493479395 0.06574074074074074
0 0.46765779864371415 0.5472222222222223 0.04590505998956703 0.04259259259259259
1 0.7037037037037037 0.26805555555555555 0.025039123630672927 0.06851851851851852
0 0.35159102764736566 0.5143518518518518 0.048513302034428794 0.04351851851851852
1 0.5122587376108503 0.3490740740740741 0.023474178403755867 0.05740740740740741
1 0.6400625978090767 0.39351851851851855 0.017214397496087636 0.06759259259259259
1 0.08868022952529994 0.9041666666666667 0.030777256129368807 0.05555555555555555
1 0.4076682316118936 0.7407407407407407 0.023474178403755867 0.06018518518518518
1 0.10772039645279081 0.35648148148148145 0.0297339593114241 0.04814814814814815
1 0.06964006259780908 0.362962962962963 0.03390714658320292 0.05555555555555555
1 0.12154407929055816 0.3037037037037037 0.03338549817423057 0.06296296296296296
1 0.4525299947835159 0.3365740740740741 0.022430881585811163 0.06296296296296296
1 0.6820552947313511 0.18009259259259258 0.022952529994783515 0.06111111111111111
1 0.5790297339593115 0.3416666666666667 0.02034428794992175 0.06666666666666667
1 0.6304121022430882 0.3486111111111111 0.024517475221700575 0.05092592592592592
1 0.9827856025039123 0.41898148148148145 0.026604068857589983 0.062037037037037036
0 0.3823682837767345 0.6305555555555555 0.041731872717788214 0.06018518518518518
1 0.32994261867501307 0.3597222222222222 0.0297339593114241 0.05925925925925926
1 0.6544079290558164 0.27037037037037037 0.024517475221700575 0.07314814814814814
1 0.8208137715179968 0.38796296296296295 0.020865936358894107 0.06388888888888888
1 0.4300991131977048 0.412962962962963 0.03025560772039645 0.05462962962962963
1 0.8808033385498174 0.21666666666666667 0.02556077203964528 0.05555555555555555
1 0.7117892540427752 0.15694444444444444 0.024517475221700575 0.06851851851851852
1 0.5704225352112676 0.5953703703703703 0.028169014084507043 0.07407407407407407
1 0.5560772039645279 0.287962962962963 0.028690662493479395 0.06851851851851852
1 0.8453312467396974 0.35648148148148145 0.02138758476786646 0.05648148148148148
1 0.036776212832550864 0.33287037037037037 0.028690662493479395 0.04537037037037037
1 0.47991653625456443 0.3902777777777778 0.022430881585811163 0.06944444444444445
1 0.1664058424621805 0.19490740740740742 0.02608242044861763 0.06111111111111111
1 0.3492436098069901 0.28703703703703703 0.018257694314032343 0.06296296296296296
1 0.8427230046948356 0.9203703703703704 0.036515388628064686 0.05740740740740741
0 0.603547209181012 0.6944444444444444 0.05216484089723526 0.058333333333333334
0 0.9389671361502347 0.26157407407407407 0.05372978612415232 0.04814814814814815
1 0.8466353677621283 0.8629629629629629 0.030777256129368807 0.05462962962962963
1 0.5907668231611893 0.29305555555555557 0.02138758476786646 0.06574074074074074
1 0.19561815336463223 0.2587962962962963 0.02556077203964528 0.05925925925925926
1 0.220396452790819 0.18194444444444444 0.018779342723004695 0.06388888888888888
0 0.43557642149191445 0.6935185185185185 0.037037037037037035 0.05925925925925926
1 0.8466353677621283 0.26666666666666666 0.028690662493479395 0.06666666666666667
1 0.4726134585289515 0.24768518518518517 0.024517475221700575 0.06574074074074074
0 0.36071987480438183 0.4708333333333333 0.047991653625456446 0.04537037037037037
0 0.33437663015127805 0.5689814814814815 0.03442879499217527 0.049074074074074076
1 0.5785080855503391 0.2175925925925926 0.018779342723004695 0.07407407407407407
1 0.7918622848200313 0.2111111111111111 0.023995826812728223 0.06296296296296296
1 0.2728221178925404 0.32314814814814813 0.023474178403755867 0.053703703703703705
1 0.8672404799165363 0.32314814814814813 0.02138758476786646 0.058333333333333334
1 0.09598330725091289 0.2162037037037037 0.03025560772039645 0.062037037037037036
1 0.9775691184141888 0.33935185185185185 0.03390714658320292 0.05462962962962963
1 0.7876890975482524 0.337037037037037 0.02608242044861763 0.05
1 0.5980699008868023 0.10416666666666667 0.016692749087115284 0.06388888888888888
1 0.8257694314032342 0.3138888888888889 0.028690662493479395 0.06296296296296296
1 0.9882629107981221 0.16527777777777777 0.020865936358894107 0.06111111111111111
1 0.7793427230046949 0.13564814814814816 0.02034428794992175 0.06388888888888888
1 0.7083985393844549 0.2310185185185185 0.02034428794992175 0.04722222222222222
1 0.24621804903495045 0.25833333333333336 0.02190923317683881 0.05092592592592592
1 0.4780907668231612 0.5958333333333333 0.022952529994783515 0.06111111111111111
1 0.852112676056338 0.9777777777777777 0.03390714658320292 0.040740740740740744
1 0.1562336984872196 0.21805555555555556 0.018257694314032343 0.05185185185185185
1 0.6392801251956182 0.8782407407407408 0.03234220135628586 0.05648148148148148
1 0.3127282211789254 0.23703703703703705 0.026604068857589983 0.04722222222222222
1 0.591810119979134 0.39305555555555555 0.024517475221700575 0.06574074074074074
1 0.2102243088158581 0.9810185185185185 0.028690662493479395 0.03611111111111111
1 0.647887323943662 0.11851851851851852 0.014084507042253521 0.053703703703703705
1 0.8531559728742827 0.8087962962962963 0.02764736567553469 0.04259259259259259
1 0.13484611371935315 0.26851851851851855 0.03129890453834116 0.05740740740740741
1 0.5419926969222744 0.2708333333333333 0.025039123630672927 0.05277777777777778
1 0.956964006259781 0.05324074074074074 0.017214397496087636 0.0712962962962963
1 0.011737089201877934 0.16435185185185186 0.023474178403755867 0.05925925925925926
1 0.27803860198226393 0.17685185185185184 0.01564945226917058 0.04259259259259259
1 0.0252999478351591 0.2550925925925926 0.03390714658320292 0.05555555555555555
1 0.8012519561815337 0.1638888888888889 0.01773604590505999 0.04814814814814815
1 0.7501304121022431 0.4546296296296296 0.01773604590505999 0.04537037037037037
0 0.9736567553468962 0.08611111111111111 0.03129890453834116 0.06481481481481481
1 0.5615545122587376 0.7444444444444445 0.03338549817423057 0.06944444444444445
1 0.5706833594157538 0.19537037037037036 0.014084507042253521 0.041666666666666664
1 0.847678664580073 0.7217592592592592 0.03912363067292645 0.07407407407407407
1 0.8398539384454877 0.2263888888888889 0.028169014084507043 0.05740740740740741
1 0.19300991131977047 0.17824074074074073 0.025039123630672927 0.05555555555555555