1 0.2806468440271257 0.3375 0.03390714658320292 0.05740740740740741
1 0.3995826812728221 0.3148148148148148 0.02608242044861763 0.053703703703703705
0 0.8257694314032342 0.3907407407407407 0.05581637976004173 0.046296296296296294
1 0.7290036515388628 0.5708333333333333 0.03129890453834116 0.06296296296296296
1 0.8868022952529995 0.11342592592592593 0.03547209181011998 0.058333333333333334
0 0.6971830985915493 0.47962962962962963 0.046948356807511735 0.04259259259259259
0 0.346113719353156 0.5337962962962963 0.050078247261345854 0.04814814814814815
1 0.1134585289514867 0.34629629629629627 0.03182055294731351 0.058333333333333334
0 0.32472613458528954 0.47962962962962963 0.04747000521648409 0.05185185185185185
0 0.48226395409494 0.45092592592592595 0.04747000521648409 0.049074074074074076
1 0.13354199269692227 0.3189814814814815 0.028690662493479395 0.053703703703703705
0 0.7496087636932708 0.42083333333333334 0.05112154407929056 0.04722222222222222
0 0.5057381324986959 0.5291666666666667 0.04903495044340115 0.04814814814814815
1 0.8455920709441836 0.25092592592592594 0.029212310902451747 0.058333333333333334
0 0.5850286906624935 0.4166666666666667 0.047991653625456446 0.049074074074074076
0 0.2524778299426187 0.5708333333333333 0.04747000521648409 0.049074074074074076
1 0.07642149191444966 0.19675925925925927 0.041731872717788214 0.06481481481481481
0 0.8834115805946792 0.4398148148148148 0.05581637976004173 0.04537037037037037
1 0.4381846635367762 0.6106481481481482 0.0297339593114241 0.06574074074074074
1 0.7782994261867501 0.5472222222222223 0.03025560772039645 0.06296296296296296
1 0.06468440271257173 0.500462962962963 0.02764736567553469 0.07037037037037037
1 0.4384454877412624 0.7217592592592592 0.022952529994783515 0.06388888888888888
1 0.33568075117370894 0.19722222222222222 0.022952529994783515 0.053703703703703705
1 0.1398017736045905 0.16666666666666666 0.03234220135628586 0.06481481481481481
1 0.8531559728742827 0.8833333333333333 0.02190923317683881 0.06111111111111111
0 0.4381846635367762 0.48564814814814816 0.04434011476264997 0.044444444444444446
1 0.8907146583202922 0.5546296296296296 0.028169014084507043 0.053703703703703705
1 0.6661450182576943 0.7055555555555556 0.019300991131977047 0.06018518518518518
1 0.37845592070944184 0.25925925925925924 0.03182055294731351 0.053703703703703705
1 0.4658320292123109 0.399537037037037 0.0198226395409494 0.06018518518518518
1 0.7949921752738655 0.6717592592592593 0.022430881585811163 0.062037037037037036
1 0.7916014606155451 0.9009259259259259 0.018779342723004695 0.05462962962962963
0 0.8111632759520083 0.31527777777777777 0.06103286384976526 0.04537037037037037
1 0.8338549817423057 0.6550925925925926 0.023474178403755867 0.06666666666666667
0 0.09728742827334376 0.42407407407407405 0.03286384976525822 0.07222222222222222
1 0.7417840375586855 0.8449074074074074 0.018779342723004695 0.06481481481481481
1 0.2994261867501304 0.09768518518518518 0.04329681794470527 0.07314814814814814
1 0.3369848721961398 0.16157407407407406 0.03182055294731351 0.06296296296296296
1 0.7347417840375586 0.11064814814814815 0.0198226395409494 0.049074074074074076
1 0.9595722483046427 0.862037037037037 0.02034428794992175 0.05740740740740741
1 0.5756390193009912 0.7148148148148148 0.02556077203964528 0.062037037037037036
1 0.1497130933750652 0.36712962962962964 0.030777256129368807 0.05555555555555555
1 0.3841940532081377 0.36944444444444446 0.027125717266562335 0.058333333333333334
1 0.4238393322900365 0.6532407407407408 0.023995826812728223 0.06574074074074074
1 0.03573291601460615 0.6611111111111111 0.03338549817423057 0.06481481481481481
1 0.7655190401669275 0.7384259259259259 0.02034428794992175 0.06666666666666667
1 0.7347417840375586 0.7796296296296297 0.023474178403755867 0.05648148148148148
0 0.019300991131977047 0.5796296296296296 0.038601982263954095 0.05185185185185185
1 0.15049556598852373 0.22083333333333333 0.03599374021909233 0.07777777777777778
0 0.9775691184141888 0.43148148148148147 0.04277516953573292 0.049074074074074076
1 0.6048513302034428 0.7611111111111111 0.023995826812728223 0.06111111111111111
1 0.06155451225873761 0.7708333333333334 0.02608242044861763 0.06481481481481481
1 0.8124673969744393 0.861574074074074 0.0198226395409494 0.06111111111111111
1 0.3873239436619718 0.6912037037037037 0.018779342723004695 0.06296296296296296
1 0.6165884194053208 0.8976851851851851 0.014084507042253521 0.0787037037037037
1 0.24021909233176839 0.6546296296296297 0.03286384976525822 0.06759259259259259
1 0.20996348461137193 0.8574074074074074 0.03442879499217527 0.0787037037037037
1 0.8914971309337506 0.7453703703703703 0.0297339593114241 0.058333333333333334
1 0.11058946270213876 0.6486111111111111 0.03390714658320292 0.046296296296296294
1 0.689358372456964 0.7782407407407408 0.01564945226917058 0.05277777777777778
1 0.49426186750130413 0.17314814814814813 0.024517475221700575 0.05740740740740741
1 0.5117370892018779 0.7833333333333333 0.022952529994783515 0.05925925925925926
1 0.8265519040166928 0.7976851851851852 0.022430881585811163 0.06018518518518518
0 0.9692227438706312 0.49537037037037035 0.051643192488262914 0.04259259259259259
1 0.5106937923839332 0.07083333333333333 0.020865936358894107 0.06018518518518518
1 0.6697965571205008 0.6064814814814815 0.017214397496087636 0.07407407407407407
1 0.31559728742827337 0.8402777777777778 0.023474178403755867 0.06388888888888888
1 0.9316640584246219 0.8111111111111111 0.022952529994783515 0.05185185185185185
1 0.3510693792383933 0.7287037037037037 0.024517475221700575 0.05740740740740741
1 0.868283776734481 0.8222222222222222 0.02556077203964528 0.05277777777777778
1 0.4981742305685968 0.27824074074074073 0.03234220135628586 0.06481481481481481
1 0.5560772039645279 0.8092592592592592 0.023474178403755867 0.06111111111111111
1 0.8604590505998957 0.6587962962962963 0.018257694314032343 0.041666666666666664
1 0.2016171100678143 0.7199074074074074 0.03025560772039645 0.062037037037037036
1 0.5492957746478874 0.11944444444444445 0.030777256129368807 0.05092592592592592
1 0.8617631716223265 0.8574074074074074 0.023474178403755867 0.06296296296296296
1 0.2600417318727178 0.7282407407407407 0.02556077203964528 0.07314814814814814
1 0.10067814293166406 0.7398148148148148 0.03547209181011998 0.06111111111111111
1 0.7811684924360981 0.7185185185185186 0.022430881585811163 0.06296296296296296
1 0.8028169014084507 0.7513888888888889 0.015127803860198226 0.049074074074074076
1 0.7295252999478351 0.14953703703703702 0.03338549817423057 0.05462962962962963
1 0.2965571205007825 0.6837962962962963 0.01773604590505999 0.05648148148148148
1 0.13354199269692227 0.7458333333333333 0.027125717266562335 0.053703703703703705
1 0.6864893062076161 0.8152777777777778 0.027125717266562335 0.037037037037037035
1 0.3901930099113198 0.7625 0.023995826812728223 0.06574074074074074
1 0.8437663015127804 0.7171296296296297 0.025039123630672927 0.03981481481481482
1 0.7569118414188837 0.5972222222222222 0.02034428794992175 0.05925925925925926
1 0.7430881585811163 0.24768518518518517 0.02138758476786646 0.03888888888888889
1 0.8740219092331768 0.6263888888888889 0.028690662493479395 0.040740740740740744
1 0.8685446009389671 0.5847222222222223 0.02034428794992175 0.04259259259259259
1 0.6259780907668232 0.6222222222222222 0.02138758476786646 0.05925925925925926
1 0.8988002086593636 0.8421296296296297 0.02608242044861763 0.05185185185185185
1 0.11919666145018258 0.7967592592592593 0.03129890453834116 0.06759259259259259
1 0.711528429838289 0.6106481481481482 0.027125717266562335 0.03518518518518519
1 0.516171100678143 0.7092592592592593 0.023995826812728223 0.05648148148148148
1 0.13354199269692227 0.4078703703703704 0.03338549817423057 0.049074074074074076