1 0.6823161189358372 0.29768518518518516 0.02764736567553469 0.07037037037037037
1 0.8244653103808033 0.4 0.03547209181011998 0.06018518518518518
1 0.5852895148669797 0.37777777777777777 0.027125717266562335 0.06759259259259259
1 0.5464267083985394 0.38564814814814813 0.017214397496087636 0.032407407407407406
1 0.539906103286385 0.7388888888888889 0.02034428794992175 0.05555555555555555
1 0.6027647365675535 0.300462962962963 0.024517475221700575 0.06574074074074074
1 0.08946270213875848 0.24444444444444444 0.0297339593114241 0.06666666666666667
1 0.29160146061554515 0.4847222222222222 0.0297339593114241 0.06759259259259259
1 0.7978612415232134 0.32685185185185184 0.02556077203964528 0.058333333333333334
1 0.4715701617110068 0.350462962962963 0.027125717266562335 0.062037037037037036
1 0.19248826291079812 0.37916666666666665 0.03025560772039645 0.06759259259259259
1 0.24856546687532602 0.2824074074074074 0.02034428794992175 0.06388888888888888
1 0.8302034428794992 0.30787037037037035 0.02764736567553469 0.06481481481481481
1 0.5200834637454356 0.3351851851851852 0.02608242044861763 0.06111111111111111
1 0.3828899321857068 0.2490740740740741 0.022952529994783515 0.07592592592592592
1 0.6486697965571205 0.36064814814814816 0.022952529994783515 0.06666666666666667
1 0.24308815858111632 0.3861111111111111 0.028169014084507043 0.0787037037037037
0 0.8317683881064163 0.5416666666666666 0.028169014084507043 0.053703703703703705
1 0.8810641627543035 0.28055555555555556 0.02608242044861763 0.06851851851851852
1 0.29447052686489306 0.3194444444444444 0.037037037037037035 0.08611111111111111
1 0.3427230046948357 0.41805555555555557 0.02608242044861763 0.062037037037037036
0 0.9175795513823682 0.5504629629629629 0.03182055294731351 0.06666666666666667
0 0.4791340636411059 0.5717592592592593 0.029212310902451747 0.049074074074074076
1 0.9507042253521126 0.38287037037037036 0.03495044340114763 0.062037037037037036
1 0.7519561815336463 0.31203703703703706 0.02034428794992175 0.05555555555555555
0 0.6142410015649452 0.4615740740740741 0.03129890453834116 0.05462962962962963
1 0.3442879499217527 0.9481481481481482 0.03390714658320292 0.053703703703703705
1 0.3729786124152321 0.17037037037037037 0.023474178403755867 0.062037037037037036
0 0.6100678142931664 0.5555555555555556 0.036515388628064686 0.03796296296296296
1 0.9032342201356286 0.35462962962962963 0.03286384976525822 0.06574074074074074
1 0.06155451225873761 0.4324074074074074 0.025039123630672927 0.06574074074074074
1 0.4551382368283777 0.8212962962962963 0.030777256129368807 0.05462962962962963
1 0.5774647887323944 0.32592592592592595 0.03025560772039645 0.058333333333333334
1 0.49269692227438705 0.2949074074074074 0.027125717266562335 0.06111111111111111
1 0.4619196661450183 0.2439814814814815 0.02190923317683881 0.06481481481481481
1 0.18648930620761606 0.20879629629629629 0.026604068857589983 0.06388888888888888
1 0.6220657276995305 0.937962962962963 0.02556077203964528 0.05277777777777778
1 0.0738132498695879 0.35324074074074074 0.023995826812728223 0.06111111111111111
1 0.08841940532081377 0.3263888888888889 0.03338549817423057 0.05555555555555555
1 0.3046426708398539 0.46296296296296297 0.018779342723004695 0.06388888888888888
1 0.44235785080855505 0.4064814814814815 0.022952529994783515 0.08611111111111111
0 0.37167449139280123 0.5180555555555556 0.04329681794470527 0.058333333333333334
0 0.6011997913406364 0.6199074074074075 0.03755868544600939 0.049074074074074076
0 0.049817423056859676 0.5611111111111111 0.047991653625456446 0.05462962962962963
1 0.07172665623369849 0.9333333333333333 0.029212310902451747 0.05277777777777778
1 0.24647887323943662 0.2726851851851852 0.013562858633281168 0.024074074074074074
1 0.017996870109546165 0.35185185185185186 0.03234220135628586 0.08611111111111111
1 0.41053729786124155 0.2949074074074074 0.02608242044861763 0.06018518518518518
1 0.4624413145539906 0.9004629629629629 0.025039123630672927 0.05462962962962963
1 0.5263432446531038 0.2847222222222222 0.01617110067814293 0.05925925925925926
1 0.24621804903495045 0.19675925925925927 0.01773604590505999 0.07407407407407407
1 0.9100156494522692 0.34444444444444444 0.016692749087115284 0.03518518518518519
1 0.7475221700573813 0.27037037037037037 0.023474178403755867 0.05555555555555555
1 0.05033907146583203 0.3013888888888889 0.02556077203964528 0.053703703703703705
1 0.440792905581638 0.8587962962962963 0.03390714658320292 0.05740740740740741
1 0.803338549817423 0.3162037037037037 0.014084507042253521 0.025