1 0.18988002086593636 0.5898148148148148 0.028690662493479395 0.06388888888888888
0 0.9021909233176839 0.4759259259259259 0.03599374021909233 0.05648148148148148
1 0.6807511737089202 0.32175925925925924 0.0297339593114241 0.05185185185185185
1 0.3763693270735524 0.5601851851851852 0.02608242044861763 0.07592592592592592
1 0.8359415753781951 0.5819444444444445 0.03390714658320292 0.06851851851851852
1 0.7467396974439228 0.5625 0.02764736567553469 0.06851851851851852
0 0.5245174752217006 0.49907407407407406 0.0495565988523735 0.041666666666666664
1 0.4081898800208659 0.13703703703703704 0.03495044340114763 0.05740740740740741
1 0.27543035993740217 0.6282407407407408 0.027125717266562335 0.06759259259259259
1 0.346113719353156 0.6208333333333333 0.029212310902451747 0.058333333333333334
0 0.3338549817423057 0.3972222222222222 0.0297339593114241 0.06018518518518518
1 0.8142931664058425 0.24444444444444444 0.03390714658320292 0.05555555555555555
0 0.07616066770996348 0.41712962962962963 0.036515388628064686 0.05740740740740741
1 0.6883150756390193 0.6773148148148148 0.023474178403755867 0.06666666666666667
1 0.056598852373500264 0.5921296296296297 0.03442879499217527 0.075
1 0.6559728742827334 0.7462962962962963 0.024517475221700575 0.07222222222222222
1 0.2709963484611372 0.8537037037037037 0.02138758476786646 0.06851851851851852
1 0.6147626499739176 0.6791666666666667 0.02138758476786646 0.06388888888888888
1 0.016692749087115284 0.7560185185185185 0.02764736567553469 0.06388888888888888
0 0.24804381846635368 0.4152777777777778 0.054773082942097026 0.04537037037037037
1 0.017475221700573813 0.5972222222222222 0.030777256129368807 0.06481481481481481
1 0.4047991653625456 0.7296296296296296 0.023474178403755867 0.06481481481481481
1 0.6077203964527909 0.5898148148148148 0.03025560772039645 0.06759259259259259
1 0.02190923317683881 0.19768518518518519 0.04121022430881586 0.05648148148148148
1 0.1278038601982264 0.8027777777777778 0.03234220135628586 0.07407407407407407
1 0.4350547730829421 0.6296296296296297 0.018779342723004695 0.06759259259259259
1 0.9567031820552947 0.7342592592592593 0.03025560772039645 0.06481481481481481
1 0.08737610850286906 0.663425925925926 0.028690662493479395 0.058333333333333334
1 0.0605112154407929 0.812037037037037 0.023995826812728223 0.06388888888888888
1 0.4780907668231612 0.575 0.030777256129368807 0.06111111111111111
1 0.4715701617110068 0.7810185185185186 0.02764736567553469 0.062037037037037036
1 0.43896713615023475 0.03009259259259259 0.03338549817423057 0.053703703703703705
1 0.3813249869587898 0.2310185185185185 0.02138758476786646 0.058333333333333334
1 0.7180490349504434 0.8 0.019300991131977047 0.06111111111111111
1 0.22561293688054251 0.7888888888888889 0.02138758476786646 0.07037037037037037
1 0.03573291601460615 0.11157407407407408 0.04121022430881586 0.05925925925925926
1 0.7068335941575378 0.15324074074074073 0.037037037037037035 0.05648148148148148
0 0.9543557642149192 0.5393518518518519 0.04903495044340115 0.04537037037037037
0 0.5109546165884195 0.3972222222222222 0.05112154407929056 0.06944444444444445
1 0.19431403234220135 0.8361111111111111 0.028690662493479395 0.0787037037037037
1 0.24569640062597808 0.33055555555555555 0.03442879499217527 0.049074074074074076
1 0.3129890453834116 0.2759259259259259 0.03234220135628586 0.05740740740740741
1 0.409754825247783 0.8111111111111111 0.01773604590505999 0.058333333333333334
1 0.9094940010432968 0.7638888888888888 0.022952529994783515 0.06574074074074074
1 0.17136150234741784 0.6925925925925925 0.018779342723004695 0.06666666666666667
1 0.37741262389149716 0.07083333333333333 0.03599374021909233 0.058333333333333334
1 0.848982785602504 0.65 0.018779342723004695 0.053703703703703705
1 0.5766823161189358 0.7712962962962963 0.027125717266562335 0.08981481481481482
1 0.7146583202921231 0.053703703703703705 0.023995826812728223 0.06574074074074074
1 0.8823682837767345 0.7162037037037037 0.023995826812728223 0.06666666666666667
1 0.37506520605112154 0.8175925925925925 0.016692749087115284 0.058333333333333334
1 0.8075117370892019 0.6939814814814815 0.028690662493479395 0.053703703703703705
1 0.5013041210224308 0.7037037037037037 0.02138758476786646 0.05925925925925926
1 0.4394887845592071 0.7587962962962963 0.01564945226917058 0.06666666666666667
1 0.3270735524256651 0.7083333333333334 0.02034428794992175 0.05648148148148148
1 0.4287949921752739 0.2671296296296296 0.03495044340114763 0.05648148148148148
1 0.24960876369327073 0.2462962962962963 0.03599374021909233 0.05555555555555555
1 0.9898278560250391 0.6935185185185185 0.0198226395409494 0.06851851851851852
1 0.8335941575378195 0.7662037037037037 0.02190923317683881 0.06574074074074074
1 0.2334376630151278 0.6768518518518518 0.018779342723004695 0.046296296296296294
1 0.16692749087115286 0.16296296296296298 0.028690662493479395 0.05925925925925926
1 0.3823682837767345 0.6435185185185185 0.018257694314032343 0.06574074074074074
1 0.2553468961919666 0.10555555555555556 0.029212310902451747 0.05
1 0.800208659363589 0.8537037037037037 0.018779342723004695 0.07222222222222222
1 0.5166927490871153 0.7773148148148148 0.015127803860198226 0.05
1 0.9835680751173709 0.037037037037037035 0.0297339593114241 0.05185185185185185
1 0.8604590505998957 0.7800925925925926 0.026604068857589983 0.05277777777777778
1 0.08294209702660407 0.7069444444444445 0.03286384976525822 0.03981481481481482
1 0.33437663015127805 0.7486111111111111 0.0297339593114241 0.03888888888888889
1 0.43557642149191445 0.9027777777777778 0.011476264997391758 0.040740740740740744
1 0.013302034428794992 0.6768518518518518 0.025039123630672927 0.05
0 0.05216484089723526 0.9050925925925926 0.030777256129368807 0.06666666666666667