0 0.61962890625 0.6292236328125 0.0330810546875 0.06332321166992187
0 0.720703125 0.566387939453125 0.0289764404296875 0.058935546875
0 0.459716796875 0.573321533203125 0.04986572265625 0.04650382995605469
0 0.52685546875 0.516119384765625 0.03179931640625 0.054358291625976565
1 0.78857421875 0.3312957763671875 0.03533935546875 0.07827377319335938
1 0.55615234375 0.727593994140625 0.0276947021484375 0.062131500244140624
0 0.92578125 0.575921630859375 0.034423828125 0.0639190673828125
1 0.54248046875 0.2953277587890625 0.026458740234375 0.062131500244140624
0 0.431884765625 0.508319091796875 0.0531005859375 0.042603683471679685
1 0.7685546875 0.3044281005859375 0.0274810791015625 0.062835693359375
1 0.02947998046875 0.2883941650390625 0.034881591796875 0.06332321166992187
0 0.08282470703125 0.484918212890625 0.049407958984375 0.04452667236328125
1 0.7119140625 0.1900238037109375 0.021484375 0.06018142700195313
1 0.72216796875 0.3087615966796875 0.02801513671875 0.06917343139648438
1 0.05145263671875 0.3364959716796875 0.03228759765625 0.06121063232421875
1 0.88818359375 0.16023101806640624 0.0297088623046875 0.07264022827148438
1 0.1177978515625 0.3655303955078125 0.033721923828125 0.06418991088867188
1 0.30810546875 0.4292327880859375 0.029205322265625 0.0665191650390625
1 0.2939453125 0.336712646484375 0.029205322265625 0.06418991088867188
1 0.59716796875 0.444183349609375 0.0169219970703125 0.0647857666015625
1 0.8583984375 0.248309326171875 0.038818359375 0.07697372436523438
1 0.93310546875 0.17973175048828124 0.02947998046875 0.06603164672851562
1 0.09893798828125 0.2706268310546875 0.039337158203125 0.06240234375
1 0.95458984375 0.4110321044921875 0.0287628173828125 0.07361526489257812
1 0.61962890625 0.26434326171875 0.0284423828125 0.06359405517578125
1 0.8505859375 0.18709869384765626 0.0272674560546875 0.07361526489257812
1 0.6669921875 0.2987945556640625 0.0204925537109375 0.07009429931640625
1 0.986328125 0.315045166015625 0.024566650390625 0.06169815063476562
1 0.431884765625 0.8684326171875 0.0364990234375 0.051839447021484374
1 0.2076416015625 0.84849853515625 0.029815673828125 0.059964752197265624
1 0.2218017578125 0.22046661376953125 0.021942138671875 0.07144851684570312
1 0.1708984375 0.9308349609375 0.040008544921875 0.0587188720703125
1 0.6064453125 0.193707275390625 0.0227203369140625 0.06689834594726562
1 0.96240234375 0.227508544921875 0.0316162109375 0.061102294921875
1 0.94775390625 0.28687744140625 0.030731201171875 0.06787338256835937
1 0.5888671875 0.2721435546875 0.0236968994140625 0.06879425048828125
1 0.397216796875 0.2788604736328125 0.026611328125 0.04934768676757813
1 0.84033203125 0.9239013671875 0.0304412841796875 0.05752716064453125
1 0.68115234375 0.1248046875 0.0265045166015625 0.06635665893554688
1 0.615234375 0.397381591796875 0.0221099853515625 0.0569854736328125
1 0.54296875 0.18904876708984375 0.01483917236328125 0.06765670776367187
1 0.1661376953125 0.2675933837890625 0.028656005859375 0.0734527587890625
1 0.1341552734375 0.304644775390625 0.0258636474609375 0.06169815063476562
1 0.6396484375 0.2389923095703125 0.0201416015625 0.05322074890136719
1 0.15478515625 0.2324920654296875 0.0154266357421875 0.04988937377929688
1 0.2318115234375 0.820330810546875 0.0330810546875 0.061102294921875
1 0.0237274169921875 0.2788604736328125 0.01861572265625 0.03461380004882812
1 0.54052734375 0.26087646484375 0.0144500732421875 0.027815628051757812
0 0.98291015625 0.3761474609375 0.03240966796875 0.04555587768554688
1 0.61376953125 0.3702972412109375 0.021453857421875 0.03415336608886719
1 0.2161865234375 0.796063232421875 0.024749755859375 0.06310653686523438
1 0.45905059989567015 0.3595679012345679 0.020865936358894107 0.06481481481481481