1 0.2863849765258216 0.6986111111111111 0.03234220135628586 0.046296296296296294
0 0.486697965571205 0.2513888888888889 0.05216484089723526 0.041666666666666664
1 0.7154407929055816 0.8171296296296297 0.02034428794992175 0.062037037037037036
0 0.3513302034428795 0.5375 0.05372978612415232 0.05092592592592592
1 0.2743870631194575 0.7425925925925926 0.0297339593114241 0.04259259259259259
0 0.1872717788210746 0.3976851851851852 0.05268648930620762 0.04722222222222222
1 0.13458528951486698 0.6935185185185185 0.029212310902451747 0.075
1 0.9076682316118936 0.7375 0.022430881585811163 0.09537037037037037
1 0.8247261345852895 0.6273148148148148 0.024517475221700575 0.06666666666666667
0 0.10198226395409495 0.36527777777777776 0.03286384976525822 0.05462962962962963
1 0.3489827856025039 0.6106481481481482 0.03286384976525822 0.06388888888888888
1 0.6815336463223787 0.7652777777777777 0.023995826812728223 0.058333333333333334
0 0.32316118935837246 0.2671296296296296 0.050078247261345854 0.05185185185185185
1 0.19118414188836724 0.6662037037037037 0.028690662493479395 0.05648148148148148
1 0.9115805946791862 0.6518518518518519 0.03547209181011998 0.06759259259259259
1 0.852112676056338 0.6805555555555556 0.024517475221700575 0.06851851851851852
1 0.5605112154407929 0.060648148148148145 0.03338549817423057 0.05740740740740741
1 0.591810119979134 0.6837962962962963 0.02608242044861763 0.062037037037037036
1 0.516171100678143 0.7328703703703704 0.018257694314032343 0.0712962962962963
1 0.9071465832029212 0.8064814814814815 0.02190923317683881 0.06759259259259259
1 0.8834115805946792 0.06388888888888888 0.023474178403755867 0.053703703703703705
0 0.19405320813771518 0.4597222222222222 0.05529473135106938 0.04537037037037037
1 0.16901408450704225 0.7240740740740741 0.022430881585811163 0.06018518518518518
0 0.6314553990610329 0.4236111111111111 0.04747000521648409 0.04537037037037037
1 0.6158059467918623 0.7837962962962963 0.0198226395409494 0.06481481481481481
0 0.7201356285863328 0.5930555555555556 0.028169014084507043 0.06388888888888888
1 0.4251434533124674 0.700925925925926 0.02034428794992175 0.05648148148148148
1 0.54434011476265 0.7018518518518518 0.024517475221700575 0.06666666666666667
1 0.6431924882629108 0.6541666666666667 0.02608242044861763 0.05925925925925926
1 0.24621804903495045 0.6203703703703703 0.030777256129368807 0.062037037037037036
1 0.44966092853416795 0.6680555555555555 0.027125717266562335 0.06759259259259259
0 0.7720396452790819 0.29305555555555557 0.05372978612415232 0.05185185185185185
1 0.547470005216484 0.7777777777777778 0.018257694314032343 0.05555555555555555
1 0.11137193531559729 0.7597222222222222 0.028690662493479395 0.05648148148148148
1 0.07850808555033907 0.674074074074074 0.03234220135628586 0.06574074074074074
0 0.022952529994783515 0.5226851851851851 0.03182055294731351 0.05740740740740741
0 0.6987480438184663 0.49398148148148147 0.05112154407929056 0.049074074074074076
1 0.6533646322378717 0.736574074074074 0.02034428794992175 0.05555555555555555
0 0.5766823161189358 0.38425925925925924 0.0505998956703182 0.04814814814814815
1 0.14162754303599373 0.7949074074074074 0.024517475221700575 0.07222222222222222
1 0.656755346896192 0.8592592592592593 0.01617110067814293 0.06666666666666667
1 0.8012519561815337 0.6935185185185185 0.020865936358894107 0.06851851851851852
1 0.5625978090766823 0.625462962962963 0.02138758476786646 0.06111111111111111
1 0.3252477829942619 0.7416666666666667 0.022952529994783515 0.06851851851851852
1 0.8369848721961398 0.7555555555555555 0.028169014084507043 0.08333333333333333
1 0.4538341158059468 0.7263888888888889 0.016692749087115284 0.06666666666666667
0 0.39123630672926446 0.3962962962962963 0.04277516953573292 0.05648148148148148
0 0.19718309859154928 0.5148148148148148 0.054773082942097026 0.04259259259259259
1 0.979394887845592 0.7143518518518519 0.036515388628064686 0.07777777777777778
1 0.5049556598852374 0.6680555555555555 0.025039123630672927 0.06574074074074074
0 0.8315075639019301 0.38472222222222224 0.056859676577986434 0.06944444444444445
1 0.9726134585289515 0.8087962962962963 0.030777256129368807 0.06388888888888888
0 0.7269170579029735 0.375 0.05216484089723526 0.053703703703703705
1 0.3539384454877413 0.7148148148148148 0.015127803860198226 0.06574074074074074
1 0.8437663015127804 0.600462962962963 0.022430881585811163 0.06851851851851852
1 0.9848721961398018 0.24768518518518517 0.03025560772039645 0.058333333333333334
1 0.007303077725612937 0.7217592592592592 0.014084507042253521 0.05185185185185185
1 0.8969744392279604 0.9101851851851852 0.022952529994783515 0.07314814814814814
1 0.47209181011997914 0.7754629629629629 0.018257694314032343 0.05925925925925926
1 0.9893062076160668 0.6375 0.019300991131977047 0.075
0 0.6875326030255607 0.5476851851851852 0.05738132498695879 0.05277777777777778
0 0.7310902451747522 0.5652777777777778 0.046426708398539386 0.05648148148148148
1 0.18153364632237873 0.7638888888888888 0.02764736567553469 0.06481481481481481
1 0.6418883672404799 0.7097222222222223 0.03182055294731351 0.05925925925925926