0 0.228125 0.5662037037037037 0.0515625 0.04351851851851852
0 0.42265625 0.5990740740740741 0.049479166666666664 0.04259259259259259
0 0.02734375 0.4597222222222222 0.05364583333333333 0.03888888888888889
0 0.5489583333333333 0.29444444444444445 0.053125 0.041666666666666664
0 0.734375 0.29768518518518516 0.03802083333333333 0.049074074074074076
0 0.6221354166666667 0.6962962962962963 0.04635416666666667 0.041666666666666664
0 0.9817708333333334 0.4513888888888889 0.036458333333333336 0.05092592592592592
0 0.5395833333333333 0.15555555555555556 0.05677083333333333 0.053703703703703705
0 0.5356770833333333 0.2162037037037037 0.05416666666666667 0.04537037037037037
0 0.31328125 0.6171296296296296 0.04739583333333333 0.04722222222222222
0 0.2421875 0.41574074074074074 0.052083333333333336 0.04259259259259259
0 0.8330729166666667 0.5254629629629629 0.04791666666666667 0.04351851851851852
0 0.7895833333333333 0.6314814814814815 0.04635416666666667 0.04259259259259259
0 0.07786458333333333 0.6481481481481481 0.04895833333333333 0.044444444444444446
0 0.4434895833333333 0.4462962962962963 0.050520833333333334 0.049074074074074076
0 0.5908854166666667 0.4546296296296296 0.049479166666666664 0.05462962962962963
0 0.3768229166666667 0.31296296296296294 0.051041666666666666 0.044444444444444446
0 0.14739583333333334 0.34675925925925927 0.044270833333333336 0.049074074074074076
0 0.9872395833333333 0.5231481481481481 0.025520833333333333 0.040740740740740744
0 0.44583333333333336 0.2550925925925926 0.040625 0.044444444444444446
0 0.315625 0.500462962962963 0.0546875 0.040740740740740744
0 0.1765625 0.21851851851851853 0.0546875 0.05740740740740741
0 0.028125 0.23842592592592593 0.05572916666666667 0.046296296296296294
0 0.3497395833333333 0.6754629629629629 0.033854166666666664 0.040740740740740744
0 0.340625 0.4041666666666667 0.05 0.04537037037037037
0 0.9760416666666667 0.33287037037037037 0.04791666666666667 0.05092592592592592