0 0.43020833333333336 0.4337962962962963 0.051041666666666666 0.041666666666666664
0 0.7606770833333333 0.5800925925925926 0.0484375 0.04259259259259259
0 0.95546875 0.4476851851851852 0.0546875 0.044444444444444446
0 0.6151041666666667 0.4837962962962963 0.04791666666666667 0.04259259259259259
0 0.5518229166666667 0.5555555555555556 0.04791666666666667 0.04259259259259259
0 0.62265625 0.6467592592592593 0.04375 0.041666666666666664
0 0.35989583333333336 0.1814814814814815 0.0546875 0.046296296296296294
0 0.8041666666666667 0.42453703703703705 0.0515625 0.05462962962962963
0 0.6919270833333333 0.6944444444444444 0.043229166666666666 0.04351851851851852
0 0.6791666666666667 0.3763888888888889 0.04739583333333333 0.03888888888888889
0 0.56640625 0.3861111111111111 0.04635416666666667 0.03796296296296296
0 0.8388020833333333 0.19907407407407407 0.0578125 0.04351851851851852
0 0.8486979166666667 0.13657407407407407 0.06041666666666667 0.05
0 0.41901041666666666 0.6324074074074074 0.0453125 0.044444444444444446
0 0.04895833333333333 0.5648148148148148 0.0546875 0.044444444444444446
0 0.6513020833333333 0.5976851851851852 0.03229166666666667 0.05
0 0.7479166666666667 0.24861111111111112 0.0578125 0.046296296296296294
0 0.09036458333333333 0.49166666666666664 0.040625 0.05277777777777778
0 0.890625 0.25092592592592594 0.04375 0.04722222222222222
0 0.7466145833333333 0.3111111111111111 0.0484375 0.046296296296296294
0 0.9802083333333333 0.21064814814814814 0.03958333333333333 0.03796296296296296
0 0.48463541666666665 0.2050925925925926 0.0515625 0.053703703703703705
0 0.12734375 0.36342592592592593 0.051041666666666666 0.03888888888888889