0 0.418212890625 0.449383544921875 0.0293731689453125 0.0626190185546875
0 0.03338623046875 0.385247802734375 0.033966064453125 0.07182769775390625
1 0.70556640625 0.3334625244140625 0.0272674560546875 0.06917343139648438
1 0.63427734375 0.3464630126953125 0.019012451171875 0.06711502075195312
1 0.325439453125 0.885333251953125 0.0302734375 0.06613998413085938
1 0.08404541015625 0.272576904296875 0.02886962890625 0.06516494750976562
1 0.1890869140625 0.3663970947265625 0.0222930908203125 0.0608856201171875
1 0.39306640625 0.33367919921875 0.0177154541015625 0.054872894287109376
0 0.52490234375 0.473651123046875 0.0310211181640625 0.05752716064453125
1 0.984527587890625 0.165106201171875 0.03094482421875 0.06776504516601563
1 0.16455078125 0.250042724609375 0.0297088623046875 0.050674819946289064
1 0.2138671875 0.3161285400390625 0.0293731689453125 0.06321487426757813
1 0.54736328125 0.297711181640625 0.017303466796875 0.060289764404296876
1 0.452880859375 0.3178619384765625 0.027008056640625 0.06223983764648437
1 0.34033203125 0.37181396484375 0.025421142578125 0.03994941711425781
1 0.68505859375 0.2147247314453125 0.0164642333984375 0.06272735595703124
1 0.1470947265625 0.401715087890625 0.021453857421875 0.058935546875
1 0.4814453125 0.2428924560546875 0.0174407958984375 0.057635498046875
1 0.6044921875 0.271710205078125 0.017578125 0.048508071899414064
1 0.29638671875 0.3466796875 0.0310821533203125 0.07540283203125
1 0.1265869140625 0.360980224609375 0.0238189697265625 0.04980812072753906
1 0.325927734375 0.263043212890625 0.0276336669921875 0.05796051025390625
1 0.395751953125 0.918701171875 0.0386962890625 0.06121063232421875
1 0.8291015625 0.3308624267578125 0.0296478271484375 0.05752716064453125
1 0.58740234375 0.1752899169921875 0.0179901123046875 0.06944427490234376
1 0.0170440673828125 0.3135284423828125 0.03289794921875 0.07415695190429687
1 0.2119140625 0.2294586181640625 0.0243377685546875 0.06299819946289062
1 0.9033203125 0.190673828125 0.0263519287109375 0.07274856567382812
1 0.9267578125 0.3048614501953125 0.0285491943359375 0.05527915954589844
1 0.58251953125 0.970703125 0.0283355712890625 0.0556854248046875
1 0.1273193359375 0.2584930419921875 0.022979736328125 0.05113525390625
0 0.181640625 0.863665771484375 0.04083251953125 0.07713623046875
1 0.85791015625 0.159906005859375 0.0272216796875 0.084503173828125
1 0.7275390625 0.20941619873046874 0.01751708984375 0.06689834594726562
1 0.454345703125 0.2407257080078125 0.021240234375 0.04547462463378906
1 0.249755859375 0.18579864501953125 0.0180511474609375 0.056768798828125
1 0.79638671875 0.210174560546875 0.023773193359375 0.06402740478515626
1 0.84033203125 0.39088134765625 0.027069091796875 0.0572021484375
1 0.74755859375 0.17940673828125 0.01678466796875 0.05904388427734375
0 0.07489013671875 0.622723388671875 0.0413818359375 0.06624832153320312
1 0.57666015625 0.08184890747070313 0.0154266357421875 0.0673858642578125
1 0.95556640625 0.360113525390625 0.036346435546875 0.09100341796875
1 0.154052734375 0.3117950439453125 0.029541015625 0.06180648803710938
1 0.0582275390625 0.225341796875 0.0257568359375 0.050078964233398436