1 0.028385416666666666 0.5328703703703703 0.0359375 0.05
0 0.55234375 0.6388888888888888 0.0484375 0.04351851851851852
0 0.3328125 0.6231481481481481 0.050520833333333334 0.044444444444444446
0 0.09375 0.5944444444444444 0.052083333333333336 0.03981481481481482
0 0.928125 0.5689814814814815 0.04739583333333333 0.041666666666666664
0 0.7309895833333333 0.674537037037037 0.04583333333333333 0.04351851851851852
0 0.77734375 0.6236111111111111 0.0484375 0.046296296296296294
0 0.6307291666666667 0.55 0.04739583333333333 0.044444444444444446
1 0.84921875 0.749537037037037 0.026041666666666668 0.05925925925925926
0 0.3734375 0.8564814814814815 0.03229166666666667 0.03796296296296296
0 0.35390625 0.4412037037037037 0.052083333333333336 0.06111111111111111
0 0.5453125 0.6078703703703704 0.043229166666666666 0.04351851851851852