1 0.26123046875 0.659991455078125 0.0352783203125 0.0572021484375
0 0.2919921875 0.511785888671875 0.0496826171875 0.0461517333984375
1 0.0975341796875 0.652191162109375 0.0330810546875 0.05232696533203125
1 0.7548828125 0.44981689453125 0.0284423828125 0.05953140258789062
1 0.281005859375 0.3078948974609375 0.0188751220703125 0.04590797424316406
0 0.2203369140625 0.4313995361328125 0.049407958984375 0.03851394653320313
1 0.373779296875 0.30767822265625 0.019012451171875 0.059964752197265624
0 0.464599609375 0.46021728515625 0.04742431640625 0.047939300537109375
0 0.64599609375 0.508319091796875 0.03875732421875 0.042441177368164065
1 0.0537109375 0.495751953125 0.0287017822265625 0.07020263671875
1 0.4189453125 0.3845977783203125 0.0211181640625 0.06527328491210938
0 0.31494140625 0.46021728515625 0.047515869140625 0.0483184814453125
0 0.71240234375 0.57462158203125 0.047698974609375 0.046341323852539064
1 0.383544921875 0.683392333984375 0.0264129638671875 0.05752716064453125
0 0.53564453125 0.57115478515625 0.0482177734375 0.05029563903808594
1 0.0953369140625 0.3490631103515625 0.03326416015625 0.04777679443359375
0 0.7880859375 0.61102294921875 0.054412841796875 0.04650382995605469
0 0.83740234375 0.5546875 0.060516357421875 0.04758720397949219
1 0.2203369140625 0.343646240234375 0.02752685546875 0.06548995971679687
0 0.7490234375 0.66822509765625 0.05780029296875 0.047858047485351565
1 0.0560302734375 0.79996337890625 0.03753662109375 0.061102294921875
0 0.406005859375 0.49921875 0.0301513671875 0.051839447021484374
1 0.1844482421875 0.282110595703125 0.03192138671875 0.0582855224609375
1 0.7080078125 0.42554931640625 0.0299835205078125 0.06440658569335937
1 0.82958984375 0.74796142578125 0.023101806640625 0.05202903747558594
1 0.12127685546875 0.8337646484375 0.028656005859375 0.06489410400390624
1 0.875 0.442449951171875 0.022796630859375 0.0578521728515625
0 0.0633544921875 0.582855224609375 0.051177978515625 0.07681121826171874
0 0.94384765625 0.565087890625 0.06268310546875 0.048047637939453124
1 0.495361328125 0.308978271484375 0.0225067138671875 0.0578521728515625
1 0.12744140625 0.760528564453125 0.0219879150390625 0.040870285034179686
1 0.61279296875 0.3728973388671875 0.015899658203125 0.05622711181640625
1 0.86474609375 0.8857666015625 0.038238525390625 0.0587188720703125
1 0.1334228515625 0.633123779296875 0.0301513671875 0.05517082214355469
1 0.11376953125 0.682958984375 0.0257568359375 0.053437423706054685
1 0.2481689453125 0.280810546875 0.0321044921875 0.06359405517578125
1 0.65283203125 0.3902313232421875 0.0233306884765625 0.07637786865234375
1 0.71728515625 0.89010009765625 0.0240020751953125 0.04942893981933594
1 0.361083984375 0.738427734375 0.0250396728515625 0.05796051025390625
1 0.91650390625 0.20551605224609376 0.0252685546875 0.06489410400390624
1 0.40283203125 0.341046142578125 0.0210113525390625 0.059423065185546874
1 0.34375 0.2142913818359375 0.0180206298828125 0.04877891540527344
1 0.28662109375 0.353179931640625 0.03289794921875 0.06917343139648438
1 0.8193359375 0.3380126953125 0.022796630859375 0.06749420166015625
0 0.421875 0.544287109375 0.03033447265625 0.052922821044921874
1 0.837890625 0.11689605712890624 0.0263519287109375 0.058502197265625
1 0.4755859375 0.71676025390625 0.034423828125 0.06343154907226563
1 0.1199951171875 0.2502593994140625 0.036224365234375 0.059964752197265624
1 0.320556640625 0.82943115234375 0.030792236328125 0.05384368896484375
1 0.3681640625 0.608856201171875 0.02801513671875 0.08033218383789062
1 0.55615234375 0.2823272705078125 0.0224609375 0.0587188720703125
1 0.341064453125 0.2688934326171875 0.0282745361328125 0.054358291625976565
1 0.857421875 0.370947265625 0.0294189453125 0.041899490356445315
1 0.0206451416015625 0.3356292724609375 0.0300445556640625 0.06527328491210938
1 0.28369140625 0.90830078125 0.03289794921875 0.0591522216796875
1 0.70263671875 0.3884979248046875 0.017181396484375 0.040328598022460936
1 0.7470703125 0.256976318359375 0.0251312255859375 0.06310653686523438
1 0.7783203125 0.0970703125 0.0223236083984375 0.051731109619140625
1 0.58642578125 0.243109130859375 0.027740478515625 0.06440658569335937
1 0.457763671875 0.240509033203125 0.015960693359375 0.0556854248046875
1 0.10052490234375 0.1991241455078125 0.024993896484375 0.06310653686523438
1 0.88037109375 0.2489593505859375 0.0287628173828125 0.06142730712890625
1 0.671875 0.18254852294921875 0.0271148681640625 0.036563873291015625
1 0.94384765625 0.14008026123046874 0.02069091796875 0.06223983764648437
1 0.7265625 0.15568084716796876 0.0218658447265625 0.07724456787109375
1 0.77783203125 0.327178955078125 0.030914306640625 0.06489410400390624
1 0.08062744140625 0.260009765625 0.0333251953125 0.0582855224609375
1 0.71826171875 0.236175537109375 0.02508544921875 0.06332321166992187
1 0.53271484375 0.88056640625 0.0268096923828125 0.05546875
1 0.375244140625 0.23660888671875 0.0180511474609375 0.065869140625
1 0.7255859375 0.748828125 0.02947998046875 0.042522430419921875
1 0.1324462890625 0.807763671875 0.040313720703125 0.05414161682128906
1 0.24560546875 0.22089996337890624 0.018646240234375 0.03786392211914062
1 0.7646484375 0.2825439453125 0.02880859375 0.0639190673828125
1 0.30517578125 0.165106201171875 0.01473236083984375 0.052733230590820315
1 0.64990234375 0.290777587890625 0.0182647705078125 0.059748077392578126
1 0.1878662109375 0.1508056640625 0.020965576171875 0.06272735595703124
1 0.447509765625 0.59368896484375 0.03302001953125 0.06727752685546876
1 0.476318359375 0.822064208984375 0.020965576171875 0.0569854736328125
1 0.267333984375 0.21504974365234375 0.0177764892578125 0.0522186279296875
1 0.71435546875 0.849365234375 0.033905029296875 0.054439544677734375
1 0.73046875 0.3070281982421875 0.0295867919921875 0.05124359130859375
1 0.845703125 0.3345458984375 0.02203369140625 0.03851394653320313
1 0.1827392578125 0.2385589599609375 0.0204925537109375 0.05232696533203125
1 0.314697265625 0.135638427734375 0.0170440673828125 0.05839385986328125
1 0.2548828125 0.18254852294921875 0.0292510986328125 0.04504127502441406
1 0.85546875 0.173773193359375 0.02691650390625 0.05796051025390625
1 0.537109375 0.2132080078125 0.0230255126953125 0.04942893981933594
1 0.78759765625 0.17593994140625 0.02001953125 0.06727752685546876
1 0.61767578125 0.18124847412109374 0.0163421630859375 0.06359405517578125
1 0.01332855224609375 0.2446258544921875 0.0262603759765625 0.07426528930664063
1 0.11419677734375 0.18287353515625 0.0304412841796875 0.055902099609375
1 0.81201171875 0.2008575439453125 0.026611328125 0.060289764404296876
0 0.927734375 0.504852294921875 0.0531005859375 0.049049758911132814
1 0.212890625 0.3018280029296875 0.021820068359375 0.041005706787109374
1 0.054412841796875 0.21418304443359376 0.03240966796875 0.06018142700195313
1 0.88525390625 0.1562225341796875 0.0250396728515625 0.052435302734375
1 0.98486328125 0.237042236328125 0.0258026123046875 0.05143318176269531
1 0.703125 0.35274658203125 0.029083251953125 0.04758720397949219
1 0.2000732421875 0.139105224609375 0.022674560546875 0.05839385986328125
1 0.78759765625 0.249609375 0.01554107666015625 0.04988937377929688
1 0.892578125 0.11711273193359376 0.0294189453125 0.041005706787109374
1 0.115966796875 0.591522216796875 0.0333251953125 0.047858047485351565
1 0.4951171875 0.92823486328125 0.02685546875 0.05527915954589844
1 0.98828125 0.19338226318359375 0.0225067138671875 0.043687057495117185
1 0.85498046875 0.408648681640625 0.0221099853515625 0.04758720397949219
1 0.84814453125 0.300311279296875 0.03179931640625 0.04124946594238281
1 0.986328125 0.3178619384765625 0.0248870849609375 0.07654037475585937
1 0.74072265625 0.40648193359375 0.022369384765625 0.05963973999023438
1 0.5009765625 0.21678314208984376 0.0142822265625 0.0569854736328125
1 0.01282501220703125 0.161639404296875 0.0255584716796875 0.06169815063476562