1 0.748565466875326 0.2712962962962963 0.03129890453834116 0.07407407407407407
1 0.1387584767866458 0.34305555555555556 0.038601982263954095 0.09166666666666666
0 0.2436098069900887 0.7287037037037037 0.05372978612415232 0.05185185185185185
0 0.57981220657277 0.47685185185185186 0.06207616066770996 0.05462962962962963
0 0.16249347939488784 0.625 0.05425143453312467 0.05092592592592592
1 0.20526864893062077 0.324537037037037 0.028169014084507043 0.062037037037037036
1 0.7430881585811163 0.36064814814814816 0.023995826812728223 0.06388888888888888
0 0.2104851330203443 0.5787037037037037 0.056338028169014086 0.04537037037037037
1 0.4749608763693271 0.3476851851851852 0.017214397496087636 0.05740740740740741
1 0.8403755868544601 0.2064814814814815 0.023474178403755867 0.06296296296296296
0 0.25821596244131456 0.5115740740740741 0.05268648930620762 0.041666666666666664
1 0.6669274908711529 0.3787037037037037 0.023995826812728223 0.06759259259259259
1 0.8153364632237872 0.23425925925925925 0.025039123630672927 0.07222222222222222
1 0.7003129890453834 0.3638888888888889 0.02556077203964528 0.06296296296296296
1 0.9457485654668754 0.33564814814814814 0.03912363067292645 0.08888888888888889
1 0.1697965571205008 0.3990740740740741 0.03025560772039645 0.058333333333333334
1 0.38054251434533126 0.31712962962962965 0.02556077203964528 0.05555555555555555
1 0.4316640584246218 0.32731481481481484 0.01773604590505999 0.06296296296296296
1 0.6768388106416275 0.31712962962962965 0.027125717266562335 0.07314814814814814
0 0.2681272822117893 0.4638888888888889 0.050078247261345854 0.041666666666666664
1 0.7856025039123631 0.40694444444444444 0.03182055294731351 0.06018518518518518
0 0.34533124673969745 0.45092592592592595 0.05112154407929056 0.04351851851851852
1 0.5646844027125717 0.225 0.023474178403755867 0.06111111111111111
1 0.011997913406364111 0.3699074074074074 0.023995826812728223 0.06574074074074074
1 0.695357329160146 0.25925925925925924 0.03234220135628586 0.08611111111111111
1 0.1364110589462702 0.2708333333333333 0.03182055294731351 0.04351851851851852
1 0.6444966092853417 0.4 0.02138758476786646 0.06388888888888888
1 0.3714136671883151 0.38981481481481484 0.03234220135628586 0.06296296296296296
1 0.612415232133542 0.31851851851851853 0.018779342723004695 0.07037037037037037
1 0.07250912884715702 0.3925925925925926 0.03182055294731351 0.06574074074074074
1 0.8685446009389671 0.44814814814814813 0.03338549817423057 0.06574074074074074
1 0.49765258215962443 0.29398148148148145 0.026604068857589983 0.08333333333333333
1 0.5146061554512259 0.4162037037037037 0.022430881585811163 0.06666666666666667
0 0.5033907146583203 0.6597222222222222 0.05372978612415232 0.0712962962962963
1 0.03234220135628586 0.27175925925925926 0.03808033385498174 0.06666666666666667
1 0.007563901930099113 0.2518518518518518 0.015127803860198226 0.053703703703703705
1 0.3468961919666145 0.3425925925925926 0.028169014084507043 0.06481481481481481
1 0.6851851851851852 0.9569444444444445 0.020865936358894107 0.05740740740740741
1 0.8236828377673449 0.30648148148148147 0.03234220135628586 0.06296296296296296
1 0.7871674491392802 0.7953703703703704 0.03286384976525822 0.05277777777777778
0 0.01773604590505999 0.6074074074074074 0.03495044340114763 0.037037037037037035
1 0.27256129368805426 0.2652777777777778 0.023474178403755867 0.06481481481481481
1 0.2775169535732916 0.3263888888888889 0.023474178403755867 0.06388888888888888
1 0.2994261867501304 0.3060185185185185 0.023474178403755867 0.06111111111111111
1 0.8695878977569118 0.26666666666666666 0.022952529994783515 0.08703703703703704
0 0.968961919666145 0.6930555555555555 0.05738132498695879 0.062037037037037036
1 0.951225873761085 0.45601851851851855 0.027125717266562335 0.06481481481481481
1 0.7738654147104851 0.19074074074074074 0.014606155451225874 0.041666666666666664
1 0.8145539906103286 0.37175925925925923 0.02556077203964528 0.06481481481481481
0 0.31194574856546686 0.6407407407407407 0.05216484089723526 0.04722222222222222
1 0.184924360980699 0.26435185185185184 0.017214397496087636 0.05925925925925926
1 0.8341158059467919 0.9314814814814815 0.03495044340114763 0.05740740740740741
1 0.8348982785602503 0.8527777777777777 0.038601982263954095 0.053703703703703705
1 0.5033907146583203 0.2569444444444444 0.013562858633281168 0.032407407407407406
1 0.3526343244653104 0.9708333333333333 0.03547209181011998 0.053703703703703705
1 0.4306207616066771 0.25416666666666665 0.016692749087115284 0.04259259259259259
1 0.12702138758476786 0.21435185185185185 0.02190923317683881 0.04351851851851852
1 0.5039123630672926 0.21157407407407408 0.013562858633281168 0.046296296296296294
0 0.6971830985915493 0.6643518518518519 0.0505998956703182 0.06018518518518518
1 0.8988002086593636 0.11388888888888889 0.02190923317683881 0.0712962962962963
1 0.3635889410537298 0.25555555555555554 0.013562858633281168 0.040740740740740744
1 0.31768388106416273 0.24583333333333332 0.01773604590505999 0.062037037037037036
1 0.16562336984872197 0.2375 0.01773604590505999 0.041666666666666664
1 0.9713093375065206 0.4074074074074074 0.03182055294731351 0.08981481481481482
1 0.8607198748043818 0.8939814814814815 0.02556077203964528 0.06851851851851852
0 0.5667709963484612 0.5217592592592593 0.05581637976004173 0.062037037037037036