0 0.08385416666666666 0.6069444444444444 0.04739583333333333 0.04814814814814815
0 0.3140625 0.5606481481481481 0.04895833333333333 0.05555555555555555
0 0.15859375 0.5254629629629629 0.0515625 0.049074074074074076
0 0.16015625 0.4041666666666667 0.0578125 0.05277777777777778
0 0.7552083333333334 0.6472222222222223 0.04739583333333333 0.05648148148148148
0 0.8018229166666667 0.725925925925926 0.044270833333333336 0.046296296296296294
1 0.54921875 0.7138888888888889 0.0296875 0.06666666666666667
1 0.05859375 0.6995370370370371 0.030208333333333334 0.07314814814814814
1 0.16458333333333333 0.7462962962962963 0.017708333333333333 0.06296296296296296
0 0.6916666666666667 0.0912037037037037 0.052083333333333336 0.06018518518518518
0 0.29713541666666665 0.5967592592592592 0.05260416666666667 0.04259259259259259