1 0.78564453125 0.359246826171875 0.0302734375 0.06727752685546876
0 0.81201171875 0.47235107421875 0.029205322265625 0.0561187744140625
1 0.9013671875 0.3438629150390625 0.0240936279296875 0.07144851684570312
1 0.349365234375 0.4149322509765625 0.0284423828125 0.06467742919921875
1 0.67041015625 0.16456451416015624 0.020294189453125 0.060289764404296876
1 0.98681640625 0.20551605224609376 0.022247314453125 0.07540283203125
0 0.203369140625 0.4454833984375 0.0306243896484375 0.057635498046875
1 0.73974609375 0.30074462890625 0.021575927734375 0.06982345581054687
1 0.362060546875 0.884033203125 0.040252685546875 0.079302978515625
1 0.60498046875 0.3100616455078125 0.019195556640625 0.06299819946289062
1 0.0160980224609375 0.2935943603515625 0.0258026123046875 0.06635665893554688
1 0.61181640625 0.224041748046875 0.0214080810546875 0.06429824829101563
1 0.822265625 0.2270751953125 0.02752685546875 0.06548995971679687
1 0.1815185546875 0.211907958984375 0.0299224853515625 0.04393081665039063
1 0.546875 0.347113037109375 0.0254669189453125 0.051731109619140625
1 0.9228515625 0.17474822998046874 0.0220794677734375 0.0656524658203125
1 0.29345703125 0.3767974853515625 0.03021240234375 0.050756072998046874
1 0.67822265625 0.08574905395507812 0.0191192626953125 0.06635665893554688
1 0.703125 0.2147247314453125 0.0214080810546875 0.07036514282226562
1 0.57666015625 0.250042724609375 0.0216217041015625 0.06359405517578125
1 0.7822265625 0.2147247314453125 0.027435302734375 0.068035888671875
1 0.493408203125 0.334112548828125 0.0250396728515625 0.06982345581054687
1 0.7021484375 0.3195953369140625 0.018402099609375 0.07599868774414062
1 0.93798828125 0.24267578125 0.0255126953125 0.06673583984375
1 0.445556640625 0.340179443359375 0.024749755859375 0.06310653686523438
1 0.181884765625 0.3434295654296875 0.0153045654296875 0.035399246215820315
0 0.6298828125 0.657391357421875 0.02947998046875 0.05403327941894531
0 0.45947265625 0.491851806640625 0.0548095703125 0.049049758911132814
0 0.705078125 0.462384033203125 0.048583984375 0.048399734497070315
1 0.12451171875 0.823797607421875 0.04534912109375 0.07626953125
1 0.87451171875 0.2246917724609375 0.02056884765625 0.06749420166015625
1 0.51904296875 0.884033203125 0.02752685546875 0.062023162841796875
1 0.235107421875 0.226641845703125 0.027587890625 0.05839385986328125
1 0.76806640625 0.89183349609375 0.03143310546875 0.08022384643554688
1 0.74609375 0.24700927734375 0.0217742919921875 0.042522430419921875
1 0.990234375 0.29554443359375 0.0185089111328125 0.07599868774414062
1 0.5439453125 0.305078125 0.0300445556640625 0.0398681640625
1 0.34765625 0.246142578125 0.027587890625 0.062023162841796875
1 0.60400390625 0.93343505859375 0.0230255126953125 0.062835693359375
1 0.3046875 0.2277252197265625 0.030670166015625 0.0838531494140625
1 0.281982421875 0.285577392578125 0.02447509765625 0.05752716064453125
0 0.9501953125 0.09170761108398437 0.0299835205078125 0.06749420166015625
1 0.357177734375 0.3241455078125 0.0216217041015625 0.049997711181640626
0 0.8193359375 0.667791748046875 0.03204345703125 0.06906509399414062
1 0.46826171875 0.12913818359375 0.01473236083984375 0.025161361694335936
0 0.33544921875 0.621856689453125 0.059967041015625 0.07047348022460938
1 0.93408203125 0.05904388427734375 0.01554107666015625 0.07020263671875
1 0.42919921875 0.2721435546875 0.015777587890625 0.040789031982421876
1 0.467041015625 0.26781005859375 0.01763916015625 0.060398101806640625
1 0.023101806640625 0.2155914306640625 0.01554107666015625 0.02685413360595703
1 0.11029052734375 0.2927276611328125 0.014556884765625 0.031688690185546875
1 0.10723876953125 0.33194580078125 0.0301055908203125 0.06381072998046874
0 0.24199082055023038 0.3454434618537808 0.03500029249328921 0.0708178013931085