0 0.8711528429838289 0.5925925925925926 0.0605112154407929 0.04814814814814815
0 0.26369327073552423 0.47962962962962963 0.03025560772039645 0.058333333333333334
0 0.30568596765779865 0.5685185185185185 0.050078247261345854 0.041666666666666664
1 0.9491392801251957 0.07268518518518519 0.017214397496087636 0.0712962962962963
0 0.8690662493479395 0.5254629629629629 0.03338549817423057 0.05740740740740741
0 0.4619196661450183 0.5074074074074074 0.048513302034428794 0.04259259259259259
0 0.39619196661450184 0.5662037037037037 0.04903495044340115 0.04537037037037037
1 0.405320813771518 0.30092592592592593 0.02034428794992175 0.06296296296296296
1 0.44522691705790296 0.3625 0.023474178403755867 0.06759259259259259
1 0.30412102243088157 0.7523148148148148 0.03286384976525822 0.05648148148148148
1 0.2621283255086072 0.8379629629629629 0.03755868544600939 0.05185185185185185
1 0.7083985393844549 0.3611111111111111 0.018257694314032343 0.06574074074074074
1 0.5279081898800209 0.8236111111111111 0.028690662493479395 0.06666666666666667
1 0.04538341158059468 0.2949074074074074 0.03547209181011998 0.06388888888888888
0 0.9507042253521126 0.6416666666666667 0.06311945748565467 0.05
0 0.6499739175795514 0.5328703703703703 0.047991653625456446 0.05092592592592592
1 0.4877412623891497 0.399537037037037 0.029212310902451747 0.06296296296296296
1 0.3758476786645801 0.7282407407407407 0.028169014084507043 0.062037037037037036
0 0.8578508085550339 0.47314814814814815 0.056859676577986434 0.049074074074074076
1 0.6971830985915493 0.2564814814814815 0.028690662493479395 0.06759259259259259
1 0.8951486697965572 0.4162037037037037 0.036515388628064686 0.06944444444444445
0 0.440792905581638 0.6791666666666667 0.03547209181011998 0.06388888888888888
1 0.838810641627543 0.37777777777777777 0.029212310902451747 0.0712962962962963
1 0.8041210224308816 0.25416666666666665 0.02608242044861763 0.06666666666666667
0 0.6572769953051644 0.5967592592592592 0.04277516953573292 0.05
1 0.23604590505998957 0.9092592592592592 0.0396452790818988 0.06111111111111111
1 0.7196139801773604 0.17685185185185184 0.01773604590505999 0.06944444444444445
1 0.34820031298904536 0.44027777777777777 0.036515388628064686 0.06851851851851852
1 0.5093896713615024 0.35509259259259257 0.01617110067814293 0.06481481481481481
0 0.12597809076682315 0.5268518518518519 0.056338028169014086 0.046296296296296294
1 0.4337506520605112 0.8777777777777778 0.02556077203964528 0.05185185185185185
1 0.643453312467397 0.13194444444444445 0.015127803860198226 0.07592592592592592
1 0.13823682837767345 0.30648148148148147 0.029212310902451747 0.06111111111111111
1 0.8158581116327596 0.3421296296296296 0.02556077203964528 0.075
1 0.1969222743870631 0.1685185185185185 0.015127803860198226 0.044444444444444446
1 0.6812728221178925 0.18796296296296297 0.0198226395409494 0.05462962962962963
1 0.690923317683881 0.9004629629629629 0.0297339593114241 0.0787037037037037
1 0.3651538862806468 0.31296296296296294 0.022952529994783515 0.06666666666666667
1 0.6870109546165885 0.7962962962962963 0.02608242044861763 0.08796296296296297
1 0.9861763171622326 0.7527777777777778 0.02764736567553469 0.06574074074074074
1 0.3797600417318727 0.37407407407407406 0.020865936358894107 0.05277777777777778
1 0.8873239436619719 0.275 0.03129890453834116 0.05925925925925926
1 0.09702660406885759 0.39305555555555555 0.029212310902451747 0.06666666666666667
1 0.6507563901930099 0.33055555555555555 0.02138758476786646 0.0824074074074074
1 0.8455920709441836 0.9046296296296297 0.037037037037037035 0.06944444444444445
1 0.8325508607198748 0.8245370370370371 0.03338549817423057 0.06111111111111111
1 0.26264997391757955 0.25972222222222224 0.01773604590505999 0.06296296296296296
1 0.2999478351591028 0.37083333333333335 0.03442879499217527 0.06388888888888888
1 0.7378716744913928 0.32175925925925924 0.01564945226917058 0.03611111111111111
1 0.017996870109546165 0.6694444444444444 0.03442879499217527 0.06111111111111111
1 0.025821596244131457 0.9430555555555555 0.030777256129368807 0.05925925925925926
1 0.33854981742305684 0.3587962962962963 0.025039123630672927 0.06296296296296296
1 0.6695357329160146 0.4263888888888889 0.02764736567553469 0.06851851851851852
1 0.2587376108502869 0.7319444444444444 0.02138758476786646 0.04259259259259259
1 0.01564945226917058 0.763425925925926 0.0297339593114241 0.05925925925925926
1 0.795774647887324 0.17083333333333334 0.027125717266562335 0.05740740740740741
1 0.9027125717266562 0.1912037037037037 0.02034428794992175 0.06388888888888888
1 0.1739697443922796 0.1865740740740741 0.01773604590505999 0.053703703703703705
1 0.1298904538341158 0.23425925925925925 0.02556077203964528 0.05925925925925926
1 0.35524256651017216 0.26296296296296295 0.016692749087115284 0.062037037037037036
1 0.7889932185706834 0.39490740740740743 0.03390714658320292 0.0787037037037037
1 0.4538341158059468 0.7671296296296296 0.02764736567553469 0.06666666666666667
1 0.28821074595722485 0.2800925925925926 0.023995826812728223 0.06388888888888888
1 0.516171100678143 0.28703703703703703 0.023995826812728223 0.04537037037037037
1 0.08868022952529994 0.32731481481481484 0.022952529994783515 0.04537037037037037
1 0.2806468440271257 0.225 0.02764736567553469 0.04537037037037037
1 0.827073552425665 0.041666666666666664 0.015127803860198226 0.04537037037037037
1 0.31637976004173185 0.31805555555555554 0.02190923317683881 0.06111111111111111
1 0.5957224830464267 0.2722222222222222 0.016692749087115284 0.05462962962962963
1 0.24569640062597808 0.41712962962962963 0.023995826812728223 0.05092592592592592
1 0.4525299947835159 0.21944444444444444 0.023474178403755867 0.08611111111111111
1 0.9254042775169535 0.3449074074074074 0.03338549817423057 0.04814814814814815
1 0.6489306207616067 0.2726851851851852 0.03025560772039645 0.03981481481481482
0 0.9634846113719353 0.10416666666666667 0.028690662493479395 0.06481481481481481
1 0.061293688054251436 0.20601851851851852 0.02138758476786646 0.04259259259259259
1 0.9926969222743871 0.3365740740740741 0.014084507042253521 0.03518518518518519
1 0.9853938445487741 0.8925925925925926 0.029212310902451747 0.06111111111111111
1 0.42618675013041213 0.725462962962963 0.02190923317683881 0.03888888888888889
1 0.20761606677099634 0.2449074074074074 0.028690662493479395 0.053703703703703705
1 0.0198226395409494 0.25833333333333336 0.030777256129368807 0.062037037037037036