0 0.634765625 0.6944444444444444 0.04595947265625 0.0703125
1 0.7373046875 0.2179904513888889 0.017913818359375 0.06510416666666667
0 0.5771484375 0.4390190972222222 0.0455322265625 0.05300564236111111
1 0.71923828125 0.2230902777777778 0.0197906494140625 0.07259114583333333
0 0.2313232421875 0.6193576388888888 0.040252685546875 0.05162217881944445
0 0.767578125 0.4704861111111111 0.051666259765625 0.044243706597222224
0 0.1724853515625 0.3246527777777778 0.046478271484375 0.04014756944444445
0 0.93115234375 0.3776041666666667 0.046539306640625 0.046061197916666664
0 0.4248046875 0.5577256944444444 0.0535888671875 0.04443359375
0 0.27587890625 0.4544270833333333 0.0469970703125 0.04432508680555555
0 0.22509765625 0.3793402777777778 0.0316162109375 0.06179470486111111
0 0.92724609375 0.3326822916666667 0.044677734375 0.043267144097222224
0 0.85595703125 0.5868055555555556 0.05224609375 0.06380208333333333
0 0.372802734375 0.3179253472222222 0.04486083984375 0.03683810763888889
0 0.456787109375 0.6462673611111112 0.05889892578125 0.05211046006944445
0 0.4594842819940477 0.4062500000000001 0.042945498511904746 0.06190321180555555
0 0.1441650390625 0.7365451388888888 0.056854248046875 0.05300564236111111
0 0.66748046875 0.3151041666666667 0.0418831961495536 0.056098090277777776