0 0.31220657276995306 0.5787037037037037 0.046426708398539386 0.05925925925925926
1 0.350547730829421 0.8268518518518518 0.020865936358894107 0.062037037037037036
0 0.751434533124674 0.5388888888888889 0.05268648930620762 0.04351851851851852
0 0.8703703703703703 0.5416666666666666 0.046948356807511735 0.09537037037037037
0 0.9102764736567553 0.48657407407407405 0.04590505998956703 0.05092592592592592
0 0.458528951486698 0.524074074074074 0.05112154407929056 0.04351851851851852
0 0.8249869587897757 0.4981481481481482 0.0505998956703182 0.04537037037037037
1 0.05555555555555555 0.43657407407407406 0.03755868544600939 0.06388888888888888
0 0.20422535211267606 0.5462962962962963 0.0594679186228482 0.05092592592592592
1 0.36384976525821594 0.8694444444444445 0.029212310902451747 0.05648148148148148
1 0.6911841418883672 0.7217592592592592 0.04747000521648409 0.09074074074074075
0 0.2822117892540428 0.34675925925925927 0.05268648930620762 0.04814814814814815
1 0.8325508607198748 0.7027777777777777 0.028690662493479395 0.06666666666666667
1 0.2811684924360981 0.7759259259259259 0.03599374021909233 0.05
1 0.9603547209181011 0.8486111111111111 0.03912363067292645 0.06018518518518518
1 0.30073030777256127 0.9013888888888889 0.02608242044861763 0.06018518518518518
0 0.8236828377673449 0.4393518518518518 0.05372978612415232 0.041666666666666664
1 0.09676577986437142 0.44722222222222224 0.03390714658320292 0.05925925925925926
1 0.9561815336463224 0.25416666666666665 0.03338549817423057 0.06388888888888888
1 0.6280646844027126 0.8490740740740741 0.02190923317683881 0.06481481481481481
1 0.29551382368283774 0.8282407407407407 0.0297339593114241 0.06018518518518518
1 0.058163797600417316 0.37222222222222223 0.023474178403755867 0.062037037037037036
1 0.23291601460615546 0.6925925925925925 0.03442879499217527 0.05277777777777778
1 0.9308815858111633 0.6837962962962963 0.029212310902451747 0.06388888888888888
1 0.8568075117370892 0.2916666666666667 0.022952529994783515 0.04537037037037037
1 0.03129890453834116 0.4078703703703704 0.018779342723004695 0.04351851851851852
1 0.6679707876890976 0.5958333333333333 0.02138758476786646 0.07592592592592592
1 0.09285341679707877 0.22361111111111112 0.028169014084507043 0.0787037037037037
1 0.6278038601982264 0.8 0.01773604590505999 0.04814814814814815
1 0.8515910276473657 0.22962962962962963 0.0297339593114241 0.05925925925925926
1 0.809076682316119 0.7625 0.03599374021909233 0.05555555555555555
1 0.2827334376630151 0.7185185185185186 0.03234220135628586 0.04814814814814815
1 0.9024517475221701 0.6555555555555556 0.03495044340114763 0.058333333333333334
1 0.5305164319248826 0.4203703703703704 0.018779342723004695 0.053703703703703705
1 0.26264997391757955 0.8759259259259259 0.029212310902451747 0.058333333333333334
1 0.5182576943140323 0.25046296296296294 0.018779342723004695 0.06944444444444445
1 0.33255086071987483 0.37175925925925923 0.030777256129368807 0.049074074074074076
1 0.19979134063641105 0.15925925925925927 0.026604068857589983 0.06944444444444445
1 0.22613458528951486 0.37037037037037035 0.029212310902451747 0.03796296296296296
1 0.04094940010432968 0.29953703703703705 0.025039123630672927 0.07962962962962963
1 0.9024517475221701 0.24537037037037038 0.02556077203964528 0.058333333333333334
1 0.4945226917057903 0.9074074074074074 0.0396452790818988 0.06388888888888888
1 0.33750652060511216 0.2162037037037037 0.024517475221700575 0.05462962962962963
1 0.7965571205007824 0.8837962962962963 0.04121022430881586 0.05648148148148148
1 0.8586332811684925 0.9222222222222223 0.03547209181011998 0.04259259259259259
1 0.8116849243609807 0.3226851851851852 0.028690662493479395 0.05740740740740741
1 0.8273343766301513 0.6435185185185185 0.026604068857589983 0.037037037037037035
1 0.4658320292123109 0.18194444444444444 0.018779342723004695 0.05277777777777778
1 0.12441314553990611 0.8763888888888889 0.02608242044861763 0.06018518518518518
1 0.396452790818988 0.08333333333333333 0.018779342723004695 0.0712962962962963
1 0.12649973917579552 0.16435185185185186 0.02608242044861763 0.07037037037037037
1 0.9908711528429839 0.7189814814814814 0.01773604590505999 0.062037037037037036
1 0.15466875326030255 0.7953703703703704 0.03234220135628586 0.06111111111111111
1 0.24308815858111632 0.1337962962962963 0.019300991131977047 0.06481481481481481
1 0.193792383933229 0.3175925925925926 0.02608242044861763 0.041666666666666664
1 0.31194574856546686 0.2916666666666667 0.02190923317683881 0.06944444444444445
1 0.980699008868023 0.2037037037037037 0.03025560772039645 0.05648148148148148
1 0.6032863849765259 0.31296296296296294 0.02556077203964528 0.06111111111111111
1 0.9835680751173709 0.16111111111111112 0.02556077203964528 0.05277777777777778
1 0.9937402190923318 0.29907407407407405 0.011997913406364111 0.07407407407407407
1 0.4843505477308294 0.22083333333333333 0.017214397496087636 0.053703703703703705
1 0.3218570683359416 0.07777777777777778 0.01564945226917058 0.07222222222222222
1 0.11815336463223787 0.8361111111111111 0.02138758476786646 0.04259259259259259
1 0.4238393322900365 0.18935185185185185 0.022952529994783515 0.06481481481481481
1 0.17579551382368283 0.6546296296296297 0.03495044340114763 0.05092592592592592
1 0.19483568075117372 0.8810185185185185 0.0297339593114241 0.05462962962962963
1 0.26160667709963487 0.6453703703703704 0.02190923317683881 0.05462962962962963
1 0.9770474700052165 0.6078703703703704 0.03547209181011998 0.04259259259259259
1 0.9606155451225874 0.6393518518518518 0.025039123630672927 0.053703703703703705
1 0.4300991131977048 0.8810185185185185 0.03912363067292645 0.05648148148148148
1 0.18935837245696402 0.27870370370370373 0.03025560772039645 0.04351851851851852
1 0.7584767866458008 0.18101851851851852 0.02190923317683881 0.06388888888888888
1 0.3612415232133542 0.10416666666666667 0.013562858633281168 0.058333333333333334
1 0.7762128325508607 0.2800925925925926 0.03495044340114763 0.05555555555555555
1 0.43114241001564946 0.8337962962962963 0.029212310902451747 0.05092592592592592
1 0.735263432446531 0.2949074074074074 0.0297339593114241 0.06481481481481481
0 0.9887845592070944 0.4875 0.02190923317683881 0.06574074074074074
1 0.2905581637976004 0.40694444444444444 0.02138758476786646 0.07037037037037037
1 0.8967136150234741 0.1537037037037037 0.02556077203964528 0.06759259259259259
1 0.0649452269170579 0.7162037037037037 0.026604068857589983 0.058333333333333334
1 0.7018779342723005 0.25092592592592594 0.02764736567553469 0.06388888888888888
1 0.7816901408450704 0.16944444444444445 0.022952529994783515 0.05277777777777778
1 0.671622326551904 0.1685185185185185 0.02034428794992175 0.062037037037037036
1 0.7723004694835681 0.35 0.027125717266562335 0.06574074074074074
1 0.07563901930099114 0.1736111111111111 0.0198226395409494 0.053703703703703705
1 0.7266562336984872 0.18009259259259258 0.016692749087115284 0.06296296296296296
1 0.27543035993740217 0.28055555555555556 0.025039123630672927 0.046296296296296294
1 0.6617110067814294 0.30092592592592593 0.0297339593114241 0.06111111111111111
1 0.27256129368805426 0.38055555555555554 0.022430881585811163 0.0712962962962963
1 0.31533646322378717 0.2361111111111111 0.028690662493479395 0.040740740740740744
1 0.022952529994783515 0.05648148148148148 0.017214397496087636 0.0712962962962963
1 0.62415232133542 0.26666666666666666 0.022952529994783515 0.05925925925925926
1 0.2788210745957225 0.23657407407407408 0.01773604590505999 0.05277777777777778
1 0.3382889932185707 0.17685185185185184 0.03129890453834116 0.040740740740740744
1 0.49165362545644237 0.10231481481481482 0.011997913406364111 0.03518518518518519