1 0.5396452790818989 0.5587962962962963 0.02556077203964528 0.053703703703703705
1 0.4131455399061033 0.5898148148148148 0.026604068857589983 0.06296296296296296
0 0.5346896191966615 0.3347222222222222 0.04121022430881586 0.05740740740740741
0 0.5229525299947835 0.5041666666666667 0.029212310902451747 0.053703703703703705
1 0.6444966092853417 0.8004629629629629 0.019300991131977047 0.06574074074074074
1 0.5498174230568597 0.6444444444444445 0.028690662493479395 0.05925925925925926
0 0.5712050078247262 0.5041666666666667 0.04903495044340115 0.04259259259259259
0 0.5346896191966615 0.44583333333333336 0.051643192488262914 0.04259259259259259
1 0.7905581637976005 0.7162037037037037 0.03286384976525822 0.07222222222222222
1 0.1664058424621805 0.6268518518518519 0.03286384976525822 0.05555555555555555
0 0.5996348461137193 0.3055555555555556 0.04903495044340115 0.05092592592592592
1 0.12754303599374023 0.6648148148148149 0.0297339593114241 0.0712962962962963
1 0.5010432968179447 0.2324074074074074 0.018779342723004695 0.06111111111111111
1 0.6622326551904016 0.6407407407407407 0.022430881585811163 0.06388888888888888
1 0.5073030777256129 0.19444444444444445 0.03234220135628586 0.06296296296296296
1 0.4227960354720918 0.6240740740740741 0.025039123630672927 0.05740740740740741
1 0.7652582159624414 0.8064814814814815 0.023995826812728223 0.06666666666666667
1 0.9608763693270735 0.6680555555555555 0.02608242044861763 0.06666666666666667
1 0.6768388106416275 0.8537037037037037 0.0198226395409494 0.06666666666666667
1 0.319509650495566 0.35509259259259257 0.030777256129368807 0.06481481481481481
0 0.3758476786645801 0.49953703703703706 0.03234220135628586 0.06018518518518518
0 0.45774647887323944 0.3472222222222222 0.05268648930620762 0.05277777777777778
1 0.368283776734481 0.6587962962962963 0.028169014084507043 0.05740740740740741
0 0.8145539906103286 0.3074074074074074 0.054773082942097026 0.058333333333333334
1 0.9321857068335941 0.6398148148148148 0.03442879499217527 0.05925925925925926
1 0.7050078247261345 0.6685185185185185 0.019300991131977047 0.075
1 0.7256129368805425 0.6273148148148148 0.02556077203964528 0.06481481481481481
1 0.6416275430359938 0.6916666666666667 0.01617110067814293 0.07037037037037037
1 0.054773082942097026 0.7037037037037037 0.03286384976525822 0.06388888888888888
1 0.6859676577986437 0.5939814814814814 0.020865936358894107 0.07222222222222222
1 0.6431924882629108 0.38101851851851853 0.02608242044861763 0.0787037037037037
0 0.8153364632237872 0.47314814814814815 0.05268648930620762 0.05648148148148148
1 0.44861763171622326 0.6939814814814815 0.01617110067814293 0.06296296296296296
1 0.8794992175273866 0.6430555555555556 0.03182055294731351 0.05185185185185185
1 0.03990610328638498 0.6564814814814814 0.0297339593114241 0.0712962962962963
1 0.856546687532603 0.8490740740740741 0.03025560772039645 0.07685185185185185
1 0.8735002608242045 0.7731481481481481 0.030777256129368807 0.06851851851851852
1 0.21387584767866458 0.6805555555555556 0.02764736567553469 0.06388888888888888
1 0.036776212832550864 0.37546296296296294 0.04121022430881586 0.06018518518518518
1 0.6014606155451225 0.8930555555555556 0.01773604590505999 0.062037037037037036
1 0.9360980699008868 0.5944444444444444 0.025039123630672927 0.07314814814814814
1 0.6019822639540949 0.799537037037037 0.023474178403755867 0.04722222222222222
1 0.028429838288993217 0.21712962962962962 0.03495044340114763 0.06296296296296296
1 0.5824204486176318 0.5791666666666667 0.029212310902451747 0.05555555555555555
1 0.28012519561815336 0.7231481481481481 0.02608242044861763 0.05185185185185185
1 0.20213875847678664 0.6222222222222222 0.02138758476786646 0.05185185185185185
1 0.17814293166405842 0.763425925925926 0.029212310902451747 0.06666666666666667
1 0.744131455399061 0.6976851851851852 0.022952529994783515 0.06759259259259259
1 0.24256651017214398 0.7708333333333334 0.020865936358894107 0.06296296296296296
1 0.027386541471048513 0.7759259259259259 0.03025560772039645 0.07037037037037037
1 0.0683359415753782 0.7611111111111111 0.028690662493479395 0.06944444444444445
0 0.6781429316640585 0.27824074074074073 0.0505998956703182 0.04722222222222222
1 0.6011997913406364 0.662962962962963 0.02556077203964528 0.06111111111111111
1 0.702660406885759 0.9032407407407408 0.018779342723004695 0.06481481481481481
1 0.09989567031820552 0.8314814814814815 0.029212310902451747 0.08333333333333333
1 0.16353677621283255 0.1439814814814815 0.03390714658320292 0.05925925925925926
1 0.3974960876369327 0.7402777777777778 0.016692749087115284 0.04537037037037037
1 0.9418362023995827 0.7282407407407407 0.02190923317683881 0.06111111111111111
1 0.6690140845070423 0.2375 0.03599374021909233 0.07037037037037037
1 0.20083463745435576 0.08194444444444444 0.03338549817423057 0.05
1 0.47417840375586856 0.8013888888888889 0.02138758476786646 0.05740740740740741
1 0.6763171622326551 0.6944444444444444 0.022952529994783515 0.06666666666666667
1 0.9574856546687532 0.1259259259259259 0.04590505998956703 0.06574074074074074
1 0.9720918101199791 0.7921296296296296 0.03599374021909233 0.07685185185185185
1 0.6202399582681273 0.5824074074074074 0.02556077203964528 0.06574074074074074
0 0.041992696922274385 0.5814814814814815 0.0505998956703182 0.03981481481481482
1 0.5414710485133021 0.6935185185185185 0.02608242044861763 0.058333333333333334
1 0.7347417840375586 0.8101851851851852 0.01773604590505999 0.062037037037037036
1 0.5633802816901409 0.38101851851851853 0.023474178403755867 0.058333333333333334
1 0.42618675013041213 0.7592592592592593 0.02608242044861763 0.06759259259259259
1 0.3273343766301513 0.725462962962963 0.027125717266562335 0.049074074074074076
1 0.843244653103808 0.5236111111111111 0.029212310902451747 0.05185185185185185
1 0.9209702660406885 0.6819444444444445 0.02556077203964528 0.06388888888888888
1 0.29577464788732394 0.812962962962963 0.0198226395409494 0.06666666666666667
1 0.49400104329681793 0.7671296296296296 0.015127803860198226 0.058333333333333334
0 0.2300469483568075 0.5273148148148148 0.04381846635367762 0.05740740740740741
1 0.6264997391757955 0.7171296296296297 0.015127803860198226 0.05462962962962963
1 0.7005738132498696 0.7444444444444445 0.023995826812728223 0.05462962962962963
1 0.9535732916014606 0.9416666666666667 0.01617110067814293 0.06759259259259259
1 0.10406885758998435 0.7361111111111112 0.02608242044861763 0.04537037037037037
1 0.5464267083985394 0.7601851851851852 0.02556077203964528 0.06388888888888888
1 0.027908189880020865 0.3398148148148148 0.03182055294731351 0.05555555555555555
1 0.7882107459572248 0.09583333333333334 0.03442879499217527 0.058333333333333334
1 0.6841418883672404 0.7393518518518518 0.02138758476786646 0.06481481481481481
1 0.7290036515388628 0.8393518518518519 0.019300991131977047 0.05
1 0.20761606677099634 0.7356481481481482 0.027125717266562335 0.06574074074074074
1 0.25508607198748046 0.812037037037037 0.0198226395409494 0.053703703703703705
0 0.9707876890975482 0.9101851851851852 0.03390714658320292 0.06944444444444445
1 0.9486176317162233 0.06481481481481481 0.03912363067292645 0.06481481481481481
1 0.7318727177882107 0.8694444444444445 0.017214397496087636 0.04722222222222222
1 0.8802816901408451 0.8166666666666667 0.019300991131977047 0.05185185185185185
1 0.5018257694314032 0.9310185185185185 0.014606155451225874 0.06666666666666667
1 0.36098069900886803 0.7074074074074074 0.016692749087115284 0.041666666666666664
1 0.42462180490349505 0.6578703703703703 0.017214397496087636 0.04537037037037037
1 0.8041210224308816 0.8199074074074074 0.025039123630672927 0.0787037037037037
1 0.00782472613458529 0.8152777777777778 0.01564945226917058 0.05
0 0.6817944705268649 0.43796296296296294 0.08189880020865936 0.058333333333333334
1 0.9608763693270735 0.1865740740740741 0.03547209181011998 0.040740740740740744