0 0.6435546875 0.4157986111111111 0.0457763671875 0.042046440972222224
0 0.55859375 0.7339409722222222 0.058349609375 0.049506293402777776
0 0.386474609375 0.7829861111111112 0.0535888671875 0.052897135416666664
0 0.685546875 0.5698784722222222 0.048126220703125 0.047037760416666664
0 0.447998046875 0.4427083333333333 0.04986572265625 0.042046440972222224
0 0.8408203125 0.7673611111111112 0.056121826171875 0.041314019097222224
0 0.299072265625 0.5512152777777778 0.053192138671875 0.039632161458333336
0 0.51611328125 0.5121527777777778 0.047607421875 0.04383680555555555
0 0.59375 0.2975260416666667 0.03948974609375 0.04234483506944445
0 0.7373046875 0.7912326388888888 0.053009033203125 0.04275173611111111
0 0.9833984375 0.7664930555555556 0.034027099609375 0.05495876736111111
0 0.833984375 0.5464409722222222 0.052032470703125 0.04258897569444445
0 0.96044921875 0.3760850694444444 0.048858642578125 0.04226345486111111
0 0.5283203125 0.3387586805555556 0.04302978515625 0.043511284722222224
0 0.74462890625 0.8611111111111112 0.057281494140625 0.045111762152777776
0 0.308349609375 0.3615451388888889 0.042877197265625 0.05577256944444445
0 0.460205078125 0.6076388888888888 0.05059814453125 0.04391818576388889
0 0.5361328125 0.4055989583333333 0.044677734375 0.04847547743055555
0 0.6259765625 0.6853298611111112 0.046112060546875 0.046223958333333336
0 0.254638671875 0.7977430555555556 0.053497314453125 0.04893663194444445
0 0.74853515625 0.72265625 0.033660888671875 0.05381944444444445
0 0.87890625 0.3031684027777778 0.048858642578125 0.046685112847222224
0 0.56494140625 0.6102430555555556 0.047149658203125 0.03870985243055555