0 0.56787109375 0.5598876953125 0.04534912109375 0.04504127502441406
0 0.494140625 0.4801513671875 0.029205322265625 0.06662750244140625
1 0.7470703125 0.2745269775390625 0.02838134765625 0.0682525634765625
1 0.68408203125 0.397381591796875 0.0245208740234375 0.06662750244140625
0 0.43505859375 0.490118408203125 0.047882080078125 0.047316360473632815
1 0.460205078125 0.793896484375 0.0279083251953125 0.065869140625
1 0.56689453125 0.402581787109375 0.0213623046875 0.0665191650390625
1 0.64208984375 0.39434814453125 0.01751708984375 0.07654037475585937
1 0.264892578125 0.626190185546875 0.035491943359375 0.06635665893554688
1 0.1124267578125 0.3689971923828125 0.0316162109375 0.0556854248046875
0 0.70263671875 0.523486328125 0.05145263671875 0.046964263916015624
1 0.352783203125 0.4021484375 0.0217437744140625 0.06516494750976562
1 0.87353515625 0.3949981689453125 0.0343017578125 0.06299819946289062
0 0.495361328125 0.660858154296875 0.048126220703125 0.06077728271484375
1 0.37548828125 0.364013671875 0.0263519287109375 0.06906509399414062
0 0.358642578125 0.598455810546875 0.05242919921875 0.05154151916503906
1 0.9140625 0.32327880859375 0.0232391357421875 0.06727752685546876
1 0.53564453125 0.402581787109375 0.0284423828125 0.062131500244140624
1 0.69384765625 0.1802734375 0.015838623046875 0.06548995971679687
1 0.87548828125 0.3109283447265625 0.0262603759765625 0.06429824829101563
1 0.607421875 0.60582275390625 0.0279541015625 0.08033218383789062
1 0.83251953125 0.3434295654296875 0.03240966796875 0.0535186767578125
0 0.44140625 0.533453369140625 0.050048828125 0.0457183837890625
1 0.155517578125 0.3702972412109375 0.023468017578125 0.05086441040039062
1 0.89990234375 0.86669921875 0.042022705078125 0.060289764404296876
1 0.98291015625 0.289910888671875 0.0292510986328125 0.07469863891601562
1 0.69775390625 0.2779937744140625 0.0255584716796875 0.08065719604492187
1 0.69140625 0.12567138671875 0.0182647705078125 0.06787338256835937
1 0.455078125 0.74796142578125 0.02215576171875 0.04712677001953125
1 0.32177734375 0.332379150390625 0.0309600830078125 0.06018142700195313
1 0.72509765625 0.18579864501953125 0.0238189697265625 0.06310653686523438
1 0.1685791015625 0.3102783203125 0.036712646484375 0.06776504516601563
0 0.29150390625 0.4853515625 0.052032470703125 0.04886016845703125
1 0.403564453125 0.30074462890625 0.02423095703125 0.05644378662109375
1 0.5595703125 0.3399627685546875 0.0280609130859375 0.07567367553710938
0 0.546875 0.721527099609375 0.04638671875 0.07144851684570312
1 0.521484375 0.603656005859375 0.02203369140625 0.05752716064453125
1 0.63818359375 0.11732940673828125 0.0160980224609375 0.06451492309570313
1 0.0810546875 0.3295623779296875 0.035888671875 0.061102294921875
1 0.65966796875 0.3276123046875 0.0224609375 0.06451492309570313
1 0.485595703125 0.4244659423828125 0.0236053466796875 0.055902099609375
1 0.59912109375 0.292510986328125 0.018829345703125 0.0665191650390625
1 0.890625 0.3542633056640625 0.0269622802734375 0.05633544921875
1 0.50244140625 0.339312744140625 0.0228424072265625 0.06451492309570313
1 0.818359375 0.14138031005859375 0.0261993408203125 0.07540283203125
1 0.67578125 0.354913330078125 0.0196075439453125 0.062131500244140624
1 0.2017822265625 0.2220916748046875 0.03033447265625 0.0591522216796875
1 0.75634765625 0.1731231689453125 0.0303802490234375 0.07155685424804688
1 0.1436767578125 0.9135009765625 0.0292510986328125 0.0522186279296875
1 0.83642578125 0.205841064453125 0.0294189453125 0.07654037475585937
1 0.0161590576171875 0.277777099609375 0.0310821533203125 0.07155685424804688
1 0.239013671875 0.2688934326171875 0.0268096923828125 0.05303115844726562
1 0.88916015625 0.225341796875 0.02337646484375 0.05817718505859375
1 0.62060546875 0.3507965087890625 0.0191650390625 0.063702392578125
1 0.06561279296875 0.2519927978515625 0.03167724609375 0.047235107421875
1 0.6064453125 0.18904876708984375 0.0210418701171875 0.06418991088867188
1 0.0273284912109375 0.2333587646484375 0.029541015625 0.074969482421875
1 0.9365234375 0.18579864501953125 0.0193023681640625 0.062023162841796875
1 0.387939453125 0.2444091796875 0.02276611328125 0.053329086303710936
1 0.6689453125 0.0834197998046875 0.019683837890625 0.06500244140625
1 0.28759765625 0.2652099609375 0.023101806640625 0.04344329833984375
1 0.89453125 0.925634765625 0.043365478515625 0.065869140625
1 0.285888671875 0.13986358642578126 0.0208892822265625 0.07036514282226562
1 0.102294921875 0.842864990234375 0.036224365234375 0.05731048583984375
1 0.3154296875 0.172906494140625 0.017852783203125 0.05687713623046875
1 0.6337890625 0.3044281005859375 0.02056884765625 0.06982345581054687
0 0.435302734375 0.608856201171875 0.042572021484375 0.05752716064453125
1 0.58203125 0.275177001953125 0.0252227783203125 0.05752716064453125
1 0.8955078125 0.26954345703125 0.0219879150390625 0.062835693359375
1 0.258056640625 0.18774871826171874 0.0230712890625 0.06776504516601563
1 0.13916015625 0.2255584716796875 0.0313720703125 0.06440658569335937
1 0.95703125 0.051839447021484374 0.0163421630859375 0.07209854125976563
0 0.0401611328125 0.4524169921875 0.047515869140625 0.059856414794921875
0 0.9736328125 0.2619598388671875 0.03839111328125 0.04886016845703125
1 0.509765625 0.237042236328125 0.02056884765625 0.08022384643554688
1 0.658203125 0.2402923583984375 0.023193359375 0.0504852294921875
0 0.71337890625 0.69249267578125 0.052032470703125 0.0587188720703125
1 0.75244140625 0.23834228515625 0.019683837890625 0.038080596923828126
1 0.5712890625 0.2259918212890625 0.03155517578125 0.06765670776367187
1 0.8564453125 0.2927276611328125 0.018768310546875 0.04384956359863281
1 0.35546875 0.247442626953125 0.0240478515625 0.0452850341796875
1 0.9052734375 0.81123046875 0.03662109375 0.03837852478027344
1 0.376220703125 0.3256622314453125 0.0201416015625 0.042603683471679685
1 0.5126953125 0.06711502075195312 0.019683837890625 0.0569854736328125
1 0.31298828125 0.2849273681640625 0.0191192626953125 0.04173698425292969
0 0.9736328125 0.08526153564453125 0.0325927734375 0.06603164672851562
1 0.062103271484375 0.178106689453125 0.0301513671875 0.04504127502441406
1 0.501953125 0.295111083984375 0.021240234375 0.06321487426757813
1 0.7138671875 0.89530029296875 0.03314208984375 0.05817718505859375
1 0.8427734375 0.1674896240234375 0.0189056396484375 0.044770431518554685
1 0.4521484375 0.2303253173828125 0.018829345703125 0.04590797424316406