1 0.472412109375 0.636590576171875 0.033782958984375 0.052435302734375
1 0.8759765625 0.88836669921875 0.0303802490234375 0.04923934936523437
1 0.63720703125 0.89530029296875 0.03594970703125 0.06321487426757813
0 0.4951171875 0.532586669921875 0.048583984375 0.04336204528808594
1 0.91162109375 0.848931884765625 0.0310211181640625 0.06402740478515626
1 0.3134765625 0.83463134765625 0.035552978515625 0.062023162841796875
1 0.3193359375 0.295111083984375 0.0261077880859375 0.0665191650390625
0 0.728515625 0.633123779296875 0.054901123046875 0.048399734497070315
0 0.30029296875 0.5321533203125 0.050994873046875 0.03889312744140625
0 0.2274169921875 0.501385498046875 0.049774169921875 0.042061996459960935
0 0.045196533203125 0.5425537109375 0.057281494140625 0.04384956359863281
1 0.73583984375 0.82076416015625 0.0364990234375 0.058935546875
0 0.42236328125 0.477984619140625 0.04443359375 0.04070777893066406
1 0.982421875 0.31807861328125 0.033538818359375 0.06538162231445313
0 0.716796875 0.585455322265625 0.053802490234375 0.046422576904296874
1 0.25830078125 0.2825439453125 0.026153564453125 0.06727752685546876
1 0.66162109375 0.780029296875 0.0257110595703125 0.063702392578125
1 0.5419921875 0.06500244140625 0.0153045654296875 0.06635665893554688
1 0.87060546875 0.2875274658203125 0.024749755859375 0.06251068115234375
1 0.65673828125 0.720660400390625 0.02886962890625 0.0565521240234375
1 0.44189453125 0.622723388671875 0.0248870849609375 0.06018142700195313
0 0.380126953125 0.53128662109375 0.04931640625 0.048968505859375
0 0.73486328125 0.51915283203125 0.057281494140625 0.04384956359863281
1 0.65869140625 0.4391998291015625 0.02276611328125 0.06613998413085938
0 0.91455078125 0.562921142578125 0.05792236328125 0.046883010864257814
1 0.51318359375 0.06402740478515626 0.01214599609375 0.06440658569335937
1 0.88134765625 0.9343017578125 0.0282745361328125 0.05384368896484375
1 0.461181640625 0.75662841796875 0.02447509765625 0.0606689453125
1 0.0108184814453125 0.62489013671875 0.0217742919921875 0.059856414794921875
1 0.88818359375 0.1765899658203125 0.029083251953125 0.06624832153320312
1 0.0635986328125 0.93170166015625 0.0343017578125 0.050674819946289064
1 0.90869140625 0.3310791015625 0.0264129638671875 0.06169815063476562
1 0.202880859375 0.342779541015625 0.03179931640625 0.07074432373046875
1 0.432861328125 0.2589263916015625 0.0240478515625 0.058502197265625
1 0.57470703125 0.2875274658203125 0.0200653076171875 0.07442779541015625
1 0.52685546875 0.366180419921875 0.020965576171875 0.07459030151367188
1 0.8330078125 0.68555908203125 0.0343017578125 0.07442779541015625
1 0.97900390625 0.3971649169921875 0.0369873046875 0.063702392578125
1 0.323974609375 0.19511566162109376 0.0196380615234375 0.05882720947265625
1 0.73828125 0.244842529296875 0.0259552001953125 0.05806884765625
1 0.15185546875 0.221441650390625 0.0292510986328125 0.06251068115234375
1 0.452880859375 0.367047119140625 0.0261077880859375 0.04661216735839844
1 0.72314453125 0.4352996826171875 0.0289306640625 0.079302978515625
1 0.377685546875 0.9689697265625 0.038116455078125 0.05538749694824219
1 0.83935546875 0.181573486328125 0.0253753662109375 0.07442779541015625
1 0.986328125 0.47928466796875 0.0262603759765625 0.07784042358398438
1 0.7373046875 0.939501953125 0.0282135009765625 0.0556854248046875
1 0.3603515625 0.38394775390625 0.0181884765625 0.051622772216796876
1 0.5087890625 0.7782958984375 0.019866943359375 0.05527915954589844
1 0.42724609375 0.323712158203125 0.0181884765625 0.06440658569335937
0 0.90576171875 0.645257568359375 0.050140380859375 0.052922821044921874
1 0.775390625 0.3369293212890625 0.025909423828125 0.06489410400390624
1 0.427978515625 0.679058837890625 0.0282745361328125 0.05527915954589844
1 0.919921875 0.2519927978515625 0.0261077880859375 0.06776504516601563
1 0.658203125 0.292510986328125 0.020965576171875 0.0730194091796875
1 0.80419921875 0.353179931640625 0.026763916015625 0.06299819946289062
1 0.38525390625 0.614923095703125 0.0303802490234375 0.06272735595703124
1 0.7734375 0.95250244140625 0.038543701171875 0.06343154907226563
1 0.21484375 0.2199249267578125 0.0213623046875 0.06467742919921875
1 0.388916015625 0.90743408203125 0.033843994140625 0.0572021484375
1 0.27685546875 0.2069244384765625 0.0189056396484375 0.06332321166992187
1 0.014007568359375 0.2201416015625 0.02685546875 0.06603164672851562
1 0.57177734375 0.3633636474609375 0.024993896484375 0.06500244140625
1 0.12359619140625 0.16564788818359374 0.0181884765625 0.06381072998046874
1 0.751953125 0.38048095703125 0.02685546875 0.05037689208984375
1 0.1727294921875 0.2836273193359375 0.022674560546875 0.06240234375
1 0.71484375 0.3468963623046875 0.0217742919921875 0.0483184814453125
1 0.595703125 0.69422607421875 0.0182647705078125 0.0556854248046875
1 0.3740234375 0.2675933837890625 0.0192413330078125 0.05579376220703125
1 0.75048828125 0.11001663208007813 0.026153564453125 0.07264022827148438
1 0.19287109375 0.61708984375 0.02508544921875 0.05796051025390625
1 0.1217041015625 0.3412628173828125 0.0290374755859375 0.04328079223632812
1 0.63525390625 0.230975341796875 0.0210113525390625 0.0461517333984375
1 0.476806640625 0.3022613525390625 0.0244293212890625 0.07513198852539063
1 0.841796875 0.2550262451171875 0.02838134765625 0.061102294921875
1 0.59130859375 0.225341796875 0.01678466796875 0.05113525390625
1 0.044677734375 0.2545928955078125 0.02386474609375 0.05251655578613281
1 0.349853515625 0.3455963134765625 0.03021240234375 0.040870285034179686
1 0.11102294921875 0.25654296875 0.0313720703125 0.06321487426757813
1 0.386474609375 0.25654296875 0.0225830078125 0.049049758911132814
1 0.0816650390625 0.213641357421875 0.0272674560546875 0.05601043701171875
1 0.11474609375 0.30941162109375 0.0282745361328125 0.04452667236328125
1 0.50830078125 0.84849853515625 0.0304412841796875 0.06240234375
1 0.689453125 0.264776611328125 0.0200958251953125 0.06007308959960937
1 0.51806640625 0.22880859375 0.0240478515625 0.06538162231445313
1 0.7021484375 0.13780517578125 0.0173797607421875 0.05579376220703125
1 0.01111602783203125 0.318511962890625 0.0222930908203125 0.043091201782226564
1 0.0245208740234375 0.3468963623046875 0.0207672119140625 0.04972686767578125
1 0.98779296875 0.1913238525390625 0.0229339599609375 0.06944427490234376
1 0.705078125 0.10470809936523437 0.0165863037109375 0.038297271728515624
1 0.63427734375 0.195440673828125 0.0258026123046875 0.033936691284179685
1 0.2427978515625 0.17713165283203125 0.0251312255859375 0.0587188720703125
1 0.8095703125 0.3221954345703125 0.0191192626953125 0.03910980224609375
1 0.53564453125 0.305511474609375 0.0164642333984375 0.0537353515625
1 0.50537109375 0.3416961669921875 0.0240478515625 0.061589813232421874
1 0.0345458984375 0.22024993896484374 0.02838134765625 0.03407211303710937
1 0.69287109375 0.2086578369140625 0.0171051025390625 0.05113525390625
1 0.54345703125 0.2450592041015625 0.0185394287109375 0.050566482543945315