0 0.2393798828125 0.602789306640625 0.031982421875 0.06538162231445313
1 0.395751953125 0.32587890625 0.0237274169921875 0.06402740478515626
0 0.1376953125 0.534320068359375 0.05291748046875 0.04444541931152344
1 0.58544921875 0.352313232421875 0.0234222412109375 0.0647857666015625
1 0.1448974609375 0.9759033203125 0.03021240234375 0.046964263916015624
0 0.193359375 0.56162109375 0.0439453125 0.048508071899414064
0 0.0830078125 0.4576171875 0.051666259765625 0.042522430419921875
0 0.357421875 0.557720947265625 0.050048828125 0.044689178466796875
0 0.318603515625 0.467584228515625 0.02838134765625 0.05882720947265625
0 0.4580078125 0.508319091796875 0.04986572265625 0.041005706787109374
1 0.9873046875 0.4296661376953125 0.0233306884765625 0.06673583984375
0 0.861328125 0.581988525390625 0.054595947265625 0.04070777893066406
1 0.026763916015625 0.8961669921875 0.036285400390625 0.0496185302734375
1 0.17431640625 0.18124847412109374 0.020294189453125 0.052733230590820315
1 0.367919921875 0.398681640625 0.0252227783203125 0.05926055908203125
1 0.350830078125 0.780462646484375 0.03271484375 0.062023162841796875
1 0.5986328125 0.25914306640625 0.0210418701171875 0.07914047241210938
1 0.2294921875 0.16543121337890626 0.018096923828125 0.04972686767578125
1 0.64599609375 0.2623931884765625 0.027069091796875 0.06689834594726562
1 0.63134765625 0.17843170166015626 0.02191162109375 0.061589813232421874
1 0.271728515625 0.3455963134765625 0.0299224853515625 0.06402740478515626
0 0.2578125 0.493585205078125 0.03277587890625 0.05953140258789062
1 0.07135009765625 0.2901275634765625 0.03582763671875 0.06489410400390624
1 0.11163330078125 0.20833282470703124 0.029541015625 0.05709381103515625
1 0.58837890625 0.3941314697265625 0.029754638671875 0.06343154907226563
1 0.75341796875 0.3837310791015625 0.0252685546875 0.05953140258789062
1 0.52685546875 0.3369293212890625 0.0187225341796875 0.06223983764648437
1 0.292236328125 0.2818939208984375 0.0300445556640625 0.059964752197265624
0 0.83544921875 0.50355224609375 0.0521240234375 0.04669342041015625
1 0.66455078125 0.11061248779296876 0.020843505859375 0.07117767333984375
1 0.462646484375 0.353179931640625 0.0240936279296875 0.06624832153320312
1 0.7314453125 0.329345703125 0.026763916015625 0.05322074890136719
1 0.413818359375 0.2927276611328125 0.0268096923828125 0.06944427490234376
0 0.270263671875 0.447216796875 0.050811767578125 0.041411972045898436
1 0.88037109375 0.2844940185546875 0.03515625 0.06624832153320312
1 0.41845703125 0.3923980712890625 0.0301513671875 0.06007308959960937
1 0.7509765625 0.17626495361328126 0.0185394287109375 0.07220687866210937
1 0.541015625 0.3884979248046875 0.0177154541015625 0.07599868774414062
1 0.56982421875 0.30767822265625 0.020599365234375 0.07361526489257812
1 0.2242431640625 0.37008056640625 0.0271148681640625 0.06971511840820313
1 0.015659332275390625 0.3663970947265625 0.03131866455078125 0.0574188232421875
1 0.86083984375 0.391748046875 0.032470703125 0.06852340698242188
1 0.7822265625 0.967236328125 0.024993896484375 0.06018142700195313
1 0.1253662109375 0.654791259765625 0.042633056640625 0.06673583984375
1 0.50634765625 0.2901275634765625 0.021484375 0.0693359375
1 0.7724609375 0.3217620849609375 0.0287017822265625 0.058502197265625
1 0.79150390625 0.354046630859375 0.019683837890625 0.06169815063476562
1 0.356201171875 0.733660888671875 0.03155517578125 0.06007308959960937
1 0.810546875 0.3100616455078125 0.020172119140625 0.058935546875
1 0.450439453125 0.387847900390625 0.021453857421875 0.06624832153320312
1 0.496337890625 0.04607048034667969 0.0173797607421875 0.06711502075195312
1 0.488037109375 0.2675933837890625 0.024383544921875 0.05687713623046875
1 0.29150390625 0.1406219482421875 0.0169830322265625 0.059423065185546874
1 0.5205078125 0.20334930419921876 0.0184783935546875 0.072369384765625
1 0.2578125 0.235308837890625 0.026702880859375 0.0522186279296875
1 0.74072265625 0.10822906494140624 0.0200958251953125 0.0606689453125
1 0.199462890625 0.13607177734375 0.0213623046875 0.05232696533203125
1 0.9716796875 0.2541595458984375 0.028167724609375 0.0730194091796875
1 0.9140625 0.4088653564453125 0.02484130859375 0.06018142700195313
1 0.78662109375 0.9100341796875 0.03289794921875 0.06018142700195313
1 0.54248046875 0.294677734375 0.0225830078125 0.070635986328125
1 0.69189453125 0.447650146484375 0.021240234375 0.04536628723144531
0 0.291748046875 0.658258056640625 0.0472412109375 0.0682525634765625
1 0.9453125 0.3815643310546875 0.03240966796875 0.053437423706054685
1 0.94140625 0.273876953125 0.0225067138671875 0.0656524658203125
0 0.88427734375 0.2548095703125 0.0535888671875 0.04563713073730469
1 0.045684814453125 0.3503631591796875 0.0285491943359375 0.0457183837890625
1 0.52880859375 0.607989501953125 0.019500732421875 0.04393081665039063
1 0.56298828125 0.2246917724609375 0.0271759033203125 0.05774383544921875
1 0.984375 0.3486297607421875 0.02752685546875 0.0682525634765625
1 0.83154296875 0.1960906982421875 0.0221099853515625 0.08721160888671875
1 0.2049560546875 0.2901275634765625 0.0216217041015625 0.053924942016601564
1 0.04931640625 0.21288299560546875 0.0297088623046875 0.06776504516601563
0 0.467529296875 0.676458740234375 0.050811767578125 0.06982345581054687
1 0.196533203125 0.250909423828125 0.022674560546875 0.048047637939453124
1 0.5556640625 0.874066162109375 0.03533935546875 0.0587188720703125
1 0.78125 0.229241943359375 0.019500732421875 0.05579376220703125
1 0.9794921875 0.808197021484375 0.0394287109375 0.052733230590820315
1 0.91943359375 0.33887939453125 0.0248870849609375 0.04980812072753906
1 0.78125 0.844598388671875 0.034820556640625 0.04972686767578125
1 0.143310546875 0.2428924560546875 0.0273284912109375 0.08233642578125
1 0.98291015625 0.886199951171875 0.033538818359375 0.0574188232421875
1 0.9882278442382812 0.21049957275390624 0.0235443115234375 0.05633544921875
1 0.9580078125 0.053924942016601564 0.0171051025390625 0.07166519165039062
1 0.42041015625 0.35101318359375 0.021942138671875 0.04923934936523437
1 0.78466796875 0.8060302734375 0.03460693359375 0.0448516845703125
1 0.424560546875 0.2571929931640625 0.025665283203125 0.04070777893066406
1 0.9326171875 0.16564788818359374 0.0292510986328125 0.061914825439453126
1 0.2181396484375 0.3221954345703125 0.0284423828125 0.04923934936523437
1 0.364501953125 0.21678314208984376 0.0144500732421875 0.0418182373046875
1 0.426025390625 0.5910888671875 0.0241851806640625 0.05622711181640625
1 0.59716796875 0.0780029296875 0.0156707763671875 0.059964752197265624
0 0.97412109375 0.08769912719726562 0.03265380859375 0.06662750244140625
1 0.974609375 0.547320556640625 0.03424072265625 0.058935546875
1 0.962890625 0.689459228515625 0.044921875 0.07318191528320313
1 0.50732421875 0.75662841796875 0.0301055908203125 0.03309707641601563
1 0.256103515625 0.17561492919921876 0.0171051025390625 0.042061996459960935
1 0.64013671875 0.93343505859375 0.036285400390625 0.08769912719726562
1 0.98779296875 0.846331787109375 0.0233306884765625 0.04877891540527344