0 0.62890625 0.3712962962962963 0.04791666666666667 0.046296296296296294
0 0.6528645833333333 0.49675925925925923 0.046875 0.04537037037037037
0 0.5463541666666667 0.4486111111111111 0.04895833333333333 0.046296296296296294
0 0.5697916666666667 0.6601851851851852 0.04583333333333333 0.041666666666666664
0 0.45859375 0.5939814814814814 0.04479166666666667 0.04722222222222222
0 0.9697916666666667 0.5574074074074075 0.0484375 0.04259259259259259
0 0.803125 0.3523148148148148 0.052083333333333336 0.05740740740740741
0 0.09739583333333333 0.6407407407407407 0.049479166666666664 0.05092592592592592
0 0.5580729166666667 0.5564814814814815 0.04635416666666667 0.03888888888888889
0 0.90625 0.40555555555555556 0.028645833333333332 0.062037037037037036
0 0.23828125 0.5328703703703703 0.0484375 0.04351851851851852
0 0.41380208333333335 0.6504629629629629 0.0453125 0.041666666666666664
0 0.14140625 0.6847222222222222 0.04583333333333333 0.040740740740740744
0 0.7208333333333333 0.5949074074074074 0.03802083333333333 0.04259259259259259
0 0.6065104166666667 0.04953703703703704 0.05416666666666667 0.08425925925925926
0 0.3885416666666667 0.5467592592592593 0.04791666666666667 0.041666666666666664
0 0.24244791666666668 0.6962962962962963 0.044270833333333336 0.04722222222222222
0 0.315625 0.33055555555555555 0.0578125 0.05
0 0.5604166666666667 0.8597222222222223 0.016666666666666666 0.06666666666666667