1 0.94140625 0.8892333984375 0.03912353515625 0.060398101806640625
0 0.8876953125 0.539520263671875 0.03173828125 0.060398101806640625
1 0.5771484375 0.2649932861328125 0.0206451416015625 0.06787338256835937
0 0.53466796875 0.513519287109375 0.0230712890625 0.0457183837890625
1 0.446044921875 0.3033447265625 0.01953125 0.06879425048828125
1 0.44189453125 0.3880645751953125 0.0177154541015625 0.06381072998046874
1 0.9169921875 0.3715972900390625 0.0330810546875 0.06418991088867188
1 0.71142578125 0.452850341796875 0.0224609375 0.0665191650390625
1 0.68603515625 0.1995574951171875 0.0191650390625 0.0656524658203125
1 0.66064453125 0.382647705078125 0.0180511474609375 0.06673583984375
1 0.7734375 0.2964111328125 0.02655029296875 0.06879425048828125
1 0.7548828125 0.186773681640625 0.0239105224609375 0.072369384765625
1 0.83056640625 0.1744232177734375 0.0264129638671875 0.0606689453125
1 0.60009765625 0.857598876953125 0.024566650390625 0.05517082214355469
1 0.6396484375 0.86583251953125 0.037322998046875 0.05963973999023438
1 0.089111328125 0.3143951416015625 0.0360107421875 0.06310653686523438
1 0.5810546875 0.35101318359375 0.0265045166015625 0.06381072998046874
1 0.62841796875 0.453717041015625 0.015838623046875 0.06077728271484375
1 0.1971435546875 0.3477630615234375 0.0236053466796875 0.054358291625976565
0 0.52490234375 0.578955078125 0.0489501953125 0.041168212890625
1 0.970703125 0.3828643798828125 0.03338623046875 0.05774383544921875
1 0.71875 0.367047119140625 0.021087646484375 0.05904388427734375
1 0.89990234375 0.2623931884765625 0.027740478515625 0.06527328491210938
1 0.5126953125 0.3624969482421875 0.0287017822265625 0.05806884765625
1 0.71630859375 0.2593597412109375 0.0225372314453125 0.0613189697265625
0 0.734375 0.697259521484375 0.0482177734375 0.05644378662109375
1 0.62353515625 0.75662841796875 0.0282135009765625 0.051731109619140625
0 0.1571044921875 0.536053466796875 0.049041748046875 0.06018142700195313
1 0.93115234375 0.451116943359375 0.0289764404296875 0.07724456787109375
1 0.85546875 0.3962982177734375 0.021697998046875 0.0712860107421875
1 0.3671875 0.3137451171875 0.0295867919921875 0.0613189697265625
1 0.83447265625 0.48275146484375 0.0305023193359375 0.05579376220703125
0 0.982421875 0.581988525390625 0.03802490234375 0.04934768676757813
1 0.31689453125 0.33887939453125 0.029205322265625 0.0513519287109375
1 0.6416015625 0.96810302734375 0.0304412841796875 0.05687713623046875
1 0.09466552734375 0.840264892578125 0.040618896484375 0.05579376220703125
1 0.8759765625 0.2721435546875 0.0208892822265625 0.06180648803710938
1 0.171630859375 0.207574462890625 0.02838134765625 0.0693359375
1 0.468994140625 0.416015625 0.0313720703125 0.06527328491210938
1 0.85009765625 0.290777587890625 0.0199127197265625 0.065869140625
1 0.488037109375 0.2745269775390625 0.021087646484375 0.06852340698242188
1 0.2919921875 0.1731231689453125 0.0276336669921875 0.0587188720703125
1 0.74755859375 0.124371337890625 0.0289306640625 0.05192070007324219
1 0.08819580078125 0.2363922119140625 0.03173828125 0.05538749694824219
1 0.65283203125 0.19164886474609374 0.016845703125 0.06240234375
0 0.916015625 0.718060302734375 0.057281494140625 0.050078964233398436
1 0.474365234375 0.07442779541015625 0.01512908935546875 0.06429824829101563
1 0.252685546875 0.27821044921875 0.0154266357421875 0.05557708740234375
0 0.380126953125 0.563787841796875 0.049407958984375 0.08591156005859375
1 0.625 0.20833282470703124 0.01678466796875 0.06223983764648437
1 0.02215576171875 0.3117950439453125 0.0379638671875 0.06489410400390624
1 0.93603515625 0.2935943603515625 0.03143310546875 0.052922821044921874
1 0.020965576171875 0.2437591552734375 0.0323486328125 0.05953140258789062
1 0.2130126953125 0.1995574951171875 0.0289306640625 0.06548995971679687
1 0.340576171875 0.2571929931640625 0.020172119140625 0.04886016845703125
1 0.51513671875 0.7956298828125 0.022247314453125 0.04766845703125
1 0.133056640625 0.2307586669921875 0.0210418701171875 0.039191055297851565
1 0.66796875 0.2667266845703125 0.0284881591796875 0.05094566345214844
1 0.556640625 0.97503662109375 0.0279541015625 0.0461517333984375