0 0.4708333333333333 0.5708333333333333 0.049479166666666664 0.04537037037037037
0 0.5432291666666667 0.6222222222222222 0.049479166666666664 0.040740740740740744
0 0.59765625 0.4375 0.043229166666666666 0.06296296296296296
0 0.2171875 0.6143518518518518 0.05 0.041666666666666664
0 0.5486979166666667 0.37407407407407406 0.04739583333333333 0.04537037037037037
0 0.38828125 0.3611111111111111 0.04375 0.04259259259259259
0 0.615625 0.3398148148148148 0.0453125 0.03888888888888889
0 0.03411458333333333 0.3768518518518518 0.046875 0.044444444444444446
0 0.35104166666666664 0.5777777777777777 0.051041666666666666 0.044444444444444446
0 0.46822916666666664 0.30648148148148147 0.046875 0.03888888888888889
0 0.24166666666666667 0.41574074074074074 0.040625 0.05462962962962963
0 0.3536458333333333 0.5226851851851851 0.04791666666666667 0.044444444444444446
0 0.018489583333333334 0.4837962962962963 0.03697916666666667 0.04537037037037037
0 0.22473958333333333 0.2847222222222222 0.04583333333333333 0.04259259259259259
0 0.44427083333333334 0.43194444444444446 0.0484375 0.040740740740740744
0 0.5182291666666666 0.7717592592592593 0.05416666666666667 0.04259259259259259
0 0.5408854166666667 0.5282407407407408 0.0375 0.06388888888888888
0 0.07916666666666666 0.7148148148148148 0.057291666666666664 0.053703703703703705
0 0.46015625 0.6638888888888889 0.0484375 0.06111111111111111
0 0.39921875 0.48148148148148145 0.0515625 0.058333333333333334