0 0.8151041666666666 0.4736111111111111 0.05364583333333333 0.04259259259259259
0 0.8747395833333333 0.6796296296296296 0.04791666666666667 0.044444444444444446
0 0.48489583333333336 0.6652777777777777 0.04479166666666667 0.041666666666666664
0 0.36171875 0.45740740740740743 0.0453125 0.03796296296296296
0 0.7799479166666666 0.5412037037037037 0.05 0.046296296296296294
0 0.02734375 0.19768518518518519 0.0546875 0.05277777777777778
0 0.14348958333333334 0.1259259259259259 0.057291666666666664 0.04722222222222222
0 0.5065104166666666 0.4337962962962963 0.05260416666666667 0.044444444444444446
0 0.38723958333333336 0.5560185185185185 0.050520833333333334 0.03888888888888889
0 0.93828125 0.5763888888888888 0.052083333333333336 0.04259259259259259
0 0.55390625 0.6180555555555556 0.04479166666666667 0.03981481481481482
0 0.5096354166666667 0.5370370370370371 0.0484375 0.04537037037037037
0 0.93984375 0.40555555555555556 0.05364583333333333 0.046296296296296294
0 0.04192708333333333 0.6555555555555556 0.040625 0.03981481481481482
0 0.2833333333333333 0.36944444444444446 0.05 0.07407407407407407