1 0.7490871152842984 0.3375 0.03390714658320292 0.05648148148148148
0 0.7003129890453834 0.5407407407407407 0.04747000521648409 0.04814814814814815
1 0.5631194574856546 0.4041666666666667 0.01773604590505999 0.06666666666666667
0 0.5545122587376109 0.5476851851851852 0.046426708398539386 0.046296296296296294
0 0.6040688575899843 0.4527777777777778 0.04903495044340115 0.04814814814814815
1 0.6358894105372979 0.6921296296296297 0.024517475221700575 0.06111111111111111
0 0.2811684924360981 0.3435185185185185 0.057902973395931145 0.05
1 0.9107981220657277 0.3486111111111111 0.030777256129368807 0.05092592592592592
0 0.17918622848200313 0.4625 0.03442879499217527 0.049074074074074076
1 0.8852373500260824 0.16712962962962963 0.03808033385498174 0.06388888888888888
0 0.23135106937923838 0.39814814814814814 0.054773082942097026 0.04722222222222222
1 0.18518518518518517 0.25324074074074077 0.03338549817423057 0.053703703703703705
0 0.7245696400625978 0.49166666666666664 0.0505998956703182 0.04537037037037037
0 0.306207616066771 0.42685185185185187 0.04590505998956703 0.04814814814814815
0 0.06990088680229525 0.4425925925925926 0.03390714658320292 0.06759259259259259
1 0.9115805946791862 0.6523148148148148 0.03286384976525822 0.04537037037037037
0 0.7942097026604069 0.5689814814814815 0.05112154407929056 0.04351851851851852
0 0.3646322378716745 0.49675925925925923 0.028169014084507043 0.05925925925925926
1 0.013562858633281168 0.6939814814814815 0.026604068857589983 0.07037037037037037
0 0.4877412623891497 0.4361111111111111 0.0495565988523735 0.05
1 0.9494001043296818 0.20277777777777778 0.04590505998956703 0.05740740740740741
1 0.5847678664580073 0.7231481481481481 0.02556077203964528 0.06666666666666667
1 0.6439749608763693 0.262037037037037 0.028169014084507043 0.05555555555555555
1 0.25039123630672927 0.5550925925925926 0.022430881585811163 0.06111111111111111
0 0.9499217527386542 0.4162037037037037 0.05112154407929056 0.07037037037037037
1 0.8928012519561815 0.750462962962963 0.027125717266562335 0.05740740740740741
1 0.14162754303599373 0.11666666666666667 0.03547209181011998 0.06111111111111111
1 0.3612415232133542 0.7074074074074074 0.02608242044861763 0.06018518518518518
1 0.2996870109546166 0.5731481481481482 0.026604068857589983 0.058333333333333334
1 0.5884194053208138 0.6111111111111112 0.02608242044861763 0.06296296296296296
1 0.8912363067292645 0.3189814814814815 0.03442879499217527 0.05185185185185185
1 0.35654668753260305 0.612037037037037 0.01617110067814293 0.07685185185185185
1 0.7853416797078769 0.6587962962962963 0.03234220135628586 0.06574074074074074
1 0.2861241523213354 0.7699074074074074 0.02034428794992175 0.05
1 0.6484089723526343 0.38055555555555554 0.0297339593114241 0.05555555555555555
1 0.5109546165884195 0.6972222222222222 0.02764736567553469 0.06574074074074074
1 0.2889932185706834 0.10972222222222222 0.022430881585811163 0.05092592592592592
1 0.8234220135628586 0.7217592592592592 0.028690662493479395 0.06018518518518518
1 0.1278038601982264 0.749537037037037 0.028690662493479395 0.06296296296296296
0 0.09467918622848201 0.49953703703703706 0.05268648930620762 0.04537037037037037
1 0.8781950965049556 0.3685185185185185 0.0297339593114241 0.06111111111111111
1 0.6215440792905582 0.3189814814814815 0.027125717266562335 0.05462962962962963
1 0.6145018257694314 0.49212962962962964 0.029212310902451747 0.05462962962962963
1 0.16614501825769432 0.8870370370370371 0.016692749087115284 0.05740740740740741
1 0.8776734480959834 0.23796296296296296 0.03025560772039645 0.053703703703703705
1 0.40375586854460094 0.6074074074074074 0.028169014084507043 0.06944444444444445
1 0.2806468440271257 0.8324074074074074 0.018779342723004695 0.05462962962962963
1 0.2576943140323422 0.7458333333333333 0.019300991131977047 0.06018518518518518
1 0.7271778821074596 0.6486111111111111 0.024517475221700575 0.07037037037037037
1 0.952529994783516 0.5152777777777777 0.03338549817423057 0.05
1 0.1507563901930099 0.6305555555555555 0.029212310902451747 0.03981481481481482
1 0.08946270213875848 0.8138888888888889 0.025039123630672927 0.05462962962962963
1 0.6058946270213876 0.6606481481481481 0.016692749087115284 0.06018518518518518
1 0.7605633802816901 0.7203703703703703 0.02556077203964528 0.06759259259259259
1 0.4188836724047992 0.7662037037037037 0.018779342723004695 0.06666666666666667
1 0.15519040166927492 0.5949074074074074 0.03234220135628586 0.05
1 0.22613458528951486 0.9060185185185186 0.01617110067814293 0.05555555555555555
1 0.24178403755868544 0.7185185185185186 0.023995826812728223 0.06111111111111111
1 0.06285863328116849 0.8629629629629629 0.02138758476786646 0.062037037037037036
1 0.2279603547209181 0.6782407407407407 0.023995826812728223 0.06481481481481481
1 0.6917057902973396 0.16944444444444445 0.02556077203964528 0.05277777777777778
1 0.5328638497652582 0.28564814814814815 0.022952529994783515 0.058333333333333334
1 0.9076682316118936 0.8004629629629629 0.022952529994783515 0.06296296296296296
1 0.98226395409494 0.6666666666666666 0.03234220135628586 0.06296296296296296
1 0.22170057381324987 0.8296296296296296 0.03234220135628586 0.06666666666666667
1 0.38967136150234744 0.8189814814814815 0.016692749087115284 0.06944444444444445
1 0.17240479916536255 0.7537037037037037 0.025039123630672927 0.07962962962962963
1 0.7235263432446531 0.09074074074074075 0.03390714658320292 0.058333333333333334
1 0.6319770474700053 0.7652777777777777 0.018257694314032343 0.06574074074074074
1 0.14736567553468963 0.825925925925926 0.02764736567553469 0.058333333333333334
1 0.14006259780907668 0.5537037037037037 0.03286384976525822 0.062037037037037036
1 0.19092331768388107 0.6666666666666666 0.029212310902451747 0.06666666666666667
1 0.690923317683881 0.20462962962962963 0.020865936358894107 0.05185185185185185
1 0.6617110067814294 0.7930555555555555 0.0297339593114241 0.058333333333333334
1 0.9285341679707877 0.7425925925925926 0.03234220135628586 0.05925925925925926
1 0.3359415753781951 0.8189814814814815 0.026604068857589983 0.03611111111111111
1 0.3028169014084507 0.6143518518518518 0.02190923317683881 0.04351851851851852
1 0.2939488784559207 0.15185185185185185 0.03338549817423057 0.05462962962962963
1 0.6917057902973396 0.8694444444444445 0.02190923317683881 0.06574074074074074
1 0.8912363067292645 0.8203703703703704 0.022952529994783515 0.06574074074074074
1 0.21961398017736045 0.7462962962962963 0.01617110067814293 0.053703703703703705
1 0.44966092853416795 0.7199074074074074 0.028169014084507043 0.062037037037037036
1 0.4775691184141888 0.12083333333333333 0.03390714658320292 0.053703703703703705
1 0.15832029212310902 0.8578703703703704 0.020865936358894107 0.062037037037037036
1 0.8505477308294209 0.8009259259259259 0.018779342723004695 0.04537037037037037
1 0.5323422013562858 0.17962962962962964 0.03182055294731351 0.05185185185185185
1 0.7506520605112155 0.8175925925925925 0.0297339593114241 0.04537037037037037
1 0.6692749087115284 0.7300925925925926 0.01564945226917058 0.04722222222222222
1 0.5075639019300991 0.7842592592592592 0.026604068857589983 0.06111111111111111
1 0.16458007303077726 0.6652777777777777 0.026604068857589983 0.04259259259259259
1 0.7363067292644757 0.7875 0.024517475221700575 0.05185185185185185
1 0.14006259780907668 0.1865740740740741 0.03599374021909233 0.04537037037037037
1 0.1914449660928534 0.8032407407407407 0.019300991131977047 0.06111111111111111
1 0.4658320292123109 0.788425925925926 0.026604068857589983 0.05740740740740741
1 0.7005738132498696 0.8291666666666667 0.022952529994783515 0.04351851851851852
1 0.30359937402190923 0.65 0.0297339593114241 0.04537037037037037
1 0.017214397496087636 0.7662037037037037 0.023995826812728223 0.05555555555555555
1 0.15832029212310902 0.700462962962963 0.03129890453834116 0.03981481481481482
1 0.11971830985915492 0.8388888888888889 0.026604068857589983 0.05092592592592592
1 0.28325508607198746 0.25324074074074077 0.02034428794992175 0.03981481481481482
1 0.9574856546687532 0.7851851851851852 0.0297339593114241 0.08333333333333333
1 0.547470005216484 0.7550925925925925 0.01773604590505999 0.04814814814814815
1 0.27256129368805426 0.5893518518518519 0.028690662493479395 0.05277777777777778
1 0.514866979655712 0.07361111111111111 0.022952529994783515 0.06018518518518518
1 0.7571726656233698 0.7611111111111111 0.022430881585811163 0.05648148148148148
1 0.810641627543036 0.8532407407407407 0.026604068857589983 0.06388888888888888
1 0.9921752738654147 0.8347222222222223 0.015127803860198226 0.06388888888888888
1 0.7636932707355243 0.7810185185185186 0.01773604590505999 0.03796296296296296
1 0.015127803860198226 0.8087962962962963 0.03025560772039645 0.03981481481481482
1 0.5571205007824727 0.7351851851851852 0.018257694314032343 0.06759259259259259
1 0.45461658841940533 0.7537037037037037 0.03182055294731351 0.041666666666666664