0 0.4507042253521127 0.4837962962962963 0.04329681794470527 0.04722222222222222
0 0.24074074074074073 0.7060185185185185 0.04329681794470527 0.05648148148148148
1 0.5620761606677099 0.6810185185185185 0.037037037037037035 0.09814814814814815
1 0.39801773604590507 0.7976851851851852 0.02556077203964528 0.05555555555555555
0 0.44679186228482004 0.5310185185185186 0.050078247261345854 0.04537037037037037
0 0.2655190401669275 0.5115740740740741 0.030777256129368807 0.05648148148148148
0 0.04825247782994262 0.6023148148148149 0.05112154407929056 0.06666666666666667
1 0.45305164319248825 0.31296296296296294 0.026604068857589983 0.06018518518518518
0 0.33255086071987483 0.7328703703703704 0.03442879499217527 0.05740740740740741
1 0.09337506520605113 0.20787037037037037 0.02556077203964528 0.0712962962962963
1 0.4473135106937924 0.20601851851851852 0.017214397496087636 0.05462962962962963
1 0.3124673969744392 0.1300925925925926 0.02034428794992175 0.06574074074074074
1 0.3729786124152321 0.3263888888888889 0.02034428794992175 0.06574074074074074
1 0.27047470005216484 0.324537037037037 0.023995826812728223 0.06111111111111111
1 0.8429838288993219 0.35833333333333334 0.03547209181011998 0.06759259259259259
0 0.13171622326551904 0.5731481481481482 0.03182055294731351 0.049074074074074076
1 0.2686489306207616 0.43842592592592594 0.023474178403755867 0.06574074074074074
0 0.32968179447052687 0.5314814814814814 0.046426708398539386 0.041666666666666664
1 0.856546687532603 0.3101851851851852 0.024517475221700575 0.05185185185185185
1 0.3685446009389671 0.13703703703703704 0.013562858633281168 0.05925925925925926
1 0.804642670839854 0.1912037037037037 0.02556077203964528 0.07777777777777778
1 0.3544600938967136 0.4666666666666667 0.026604068857589983 0.05740740740740741
0 0.7222222222222222 0.4532407407407407 0.053208137715179966 0.04351851851851852
0 0.17579551382368283 0.6708333333333333 0.057902973395931145 0.05092592592592592
1 0.22404799165362546 0.12361111111111112 0.01617110067814293 0.05925925925925926
0 0.27725612936880545 0.5898148148148148 0.05372978612415232 0.046296296296296294
1 0.30907668231611896 0.24953703703703703 0.024517475221700575 0.05925925925925926
1 0.03234220135628586 0.24444444444444444 0.038601982263954095 0.09814814814814815
1 0.8497652582159625 0.2537037037037037 0.023995826812728223 0.07407407407407407
1 0.7386541471048513 0.25555555555555554 0.024517475221700575 0.06666666666666667
1 0.6979655712050078 0.32916666666666666 0.022952529994783515 0.06018518518518518
1 0.11580594679186229 0.30324074074074076 0.027125717266562335 0.06944444444444445
1 0.30333854981742303 0.43657407407407406 0.028169014084507043 0.06481481481481481
1 0.741001564945227 0.38842592592592595 0.024517475221700575 0.053703703703703705
1 0.27543035993740217 0.2162037037037037 0.018779342723004695 0.06018518518518518
1 0.3935837245696401 0.8416666666666667 0.028690662493479395 0.06666666666666667
1 0.18753260302556077 0.4115740740740741 0.023474178403755867 0.06388888888888888
1 0.47078768909754826 0.4300925925925926 0.025039123630672927 0.06296296296296296
1 0.22743870631194574 0.43287037037037035 0.03025560772039645 0.06481481481481481
1 0.8847157016171101 0.22083333333333333 0.027125717266562335 0.06574074074074074
1 0.14945226917057902 0.20601851851851852 0.02764736567553469 0.062037037037037036
1 0.7683881064162754 0.1912037037037037 0.02138758476786646 0.07314814814814814
1 0.8695878977569118 0.6782407407407407 0.02556077203964528 0.058333333333333334
1 0.7083985393844549 0.27824074074074073 0.028690662493479395 0.06481481481481481
1 0.9707876890975482 0.29398148148148145 0.03547209181011998 0.06018518518518518
1 0.16458007303077726 0.2949074074074074 0.02608242044861763 0.08055555555555556
1 0.350547730829421 0.6458333333333334 0.026604068857589983 0.06111111111111111
1 0.41992696922274386 0.24953703703703703 0.022952529994783515 0.06018518518518518
1 0.539906103286385 0.3277777777777778 0.018779342723004695 0.06018518518518518
1 0.5988523735002608 0.2902777777777778 0.02190923317683881 0.04722222222222222
1 0.5618153364632238 0.9722222222222222 0.03599374021909233 0.05092592592592592
1 0.28508085550339074 0.29768518518518516 0.02138758476786646 0.05462962962962963
1 0.04825247782994262 0.06435185185185185 0.015127803860198226 0.06851851851851852
1 0.3218570683359416 0.21388888888888888 0.01617110067814293 0.046296296296296294
1 0.6421491914449661 0.28194444444444444 0.02190923317683881 0.05648148148148148
1 0.7754303599374022 0.3449074074074074 0.02608242044861763 0.06481481481481481
1 0.27725612936880545 0.6574074074074074 0.024517475221700575 0.03888888888888889
1 0.06338028169014084 0.18796296296296297 0.019300991131977047 0.05092592592592592
1 0.6737089201877934 0.25092592592592594 0.028690662493479395 0.06111111111111111
1 0.5166927490871153 0.27685185185185185 0.02608242044861763 0.04722222222222222
1 0.18022952529994785 0.21296296296296297 0.02138758476786646 0.06296296296296296
1 0.8808033385498174 0.8064814814814815 0.03495044340114763 0.06666666666666667
1 0.48043818466353677 0.40324074074074073 0.023995826812728223 0.06481481481481481
1 0.36958789775691187 0.2773148148148148 0.019300991131977047 0.04722222222222222
1 0.807772561293688 0.27870370370370373 0.03182055294731351 0.06481481481481481
1 0.699791340636411 0.3990740740740741 0.029212310902451747 0.04722222222222222
1 0.6280646844027126 0.21157407407407408 0.02608242044861763 0.049074074074074076
1 0.1992696922274387 0.3685185185185185 0.022430881585811163 0.06111111111111111
1 0.48487219613980176 0.06898148148148148 0.018257694314032343 0.06018518518518518
1 0.18988002086593636 0.16064814814814815 0.029212310902451747 0.075
1 0.6930099113197705 0.924537037037037 0.02138758476786646 0.05185185185185185
1 0.22013562858633282 0.7731481481481481 0.036515388628064686 0.07037037037037037
1 0.017996870109546165 0.3773148148148148 0.025039123630672927 0.04722222222222222
1 0.2423056859676578 0.18333333333333332 0.018779342723004695 0.06388888888888888
1 0.392018779342723 0.20601851851851852 0.022952529994783515 0.07037037037037037
0 0.05216484089723526 0.9263888888888889 0.03912363067292645 0.062037037037037036
1 0.3072509128847157 0.3592592592592593 0.026604068857589983 0.07962962962962963
0 0.6392801251956182 0.5671296296296297 0.048513302034428794 0.04814814814814815
1 0.2543035993740219 0.37175925925925923 0.022952529994783515 0.06851851851851852
1 0.24804381846635368 0.3055555555555556 0.02556077203964528 0.062037037037037036
1 0.9835680751173709 0.8 0.030777256129368807 0.06296296296296296
1 0.7193531559728743 0.8606481481481482 0.025039123630672927 0.05648148148148148
1 0.9616588419405321 0.18796296296296297 0.023474178403755867 0.028703703703703703
1 0.35159102764736566 0.37592592592592594 0.02034428794992175 0.04722222222222222
1 0.532603025560772 0.10972222222222222 0.012519561815336464 0.030555555555555555
1 0.4859154929577465 0.274537037037037 0.015127803860198226 0.044444444444444446
1 0.42488262910798125 0.08148148148148149 0.013041210224308816 0.040740740740740744
1 0.19874804381846636 0.287962962962963 0.020865936358894107 0.053703703703703705
1 0.5516431924882629 0.2074074074074074 0.017214397496087636 0.05648148148148148
1 0.05607720396452791 0.4842592592592593 0.02556077203964528 0.03518518518518519