0 0.201171875 0.4800370370370371 0.049958333333333334 0.03938888888888889
1 0.8198229166666666 0.7578148148148148 0.026411458333333335 0.07899074074074074
0 0.34082291666666664 0.5464444444444444 0.055817708333333334 0.04014814814814815
0 0.4721666666666666 0.38281481481481483 0.04467708333333333 0.047851851851851854
0 0.10284375 0.28688888888888886 0.04849479166666667 0.038953703703703706
0 0.18505729166666668 0.33073148148148146 0.04654166666666667 0.04155555555555556
0 0.97265625 0.39323148148148146 0.053010416666666664 0.044842592592592594
0 0.21008333333333334 0.39951851851851855 0.050140625 0.03976851851851852
0 0.7553697916666666 0.5260462962962963 0.050505208333333336 0.05007407407407407
0 0.4311510416666666 0.5043425925925926 0.02865625 0.0587037037037037
0 0.3666979166666666 0.8888888888888888 0.06097395833333333 0.05251851851851852
0 0.371828125 0.3389722222222222 0.045015625000000004 0.032601851851851854
0 0.7934583333333334 0.21712037037037038 0.044432291666666665 0.05319444444444445
1 0.8411458333333334 0.7658703703703703 0.02753125 0.08200925925925925
0 0.8139895833333333 0.6858425925925926 0.05803645833333334 0.06216666666666667