0 0.5877604166666667 0.5643518518518519 0.050520833333333334 0.040740740740740744
0 0.428125 0.5407407407407407 0.0484375 0.046296296296296294
0 0.9247395833333333 0.4111111111111111 0.051041666666666666 0.04351851851851852
0 0.18984375 0.5152777777777777 0.04479166666666667 0.044444444444444446
0 0.45546875 0.45046296296296295 0.044270833333333336 0.06574074074074074
0 0.8208333333333333 0.4273148148148148 0.05520833333333333 0.04722222222222222
1 0.12291666666666666 0.3925925925925926 0.033854166666666664 0.06944444444444445
0 0.8809895833333333 0.7333333333333333 0.053125 0.05277777777777778
0 0.68984375 0.8314814814814815 0.05 0.058333333333333334
1 0.38125 0.2773148148148148 0.021875 0.06111111111111111
1 0.15520833333333334 0.30416666666666664 0.0359375 0.07592592592592592
1 0.82109375 0.29074074074074074 0.0359375 0.075
0 0.51953125 0.6643518518518519 0.0484375 0.06111111111111111
1 0.8932291666666666 0.2662037037037037 0.03229166666666667 0.05555555555555555
1 0.11901041666666666 0.34444444444444444 0.020833333333333332 0.05648148148148148