1 0.5542514345331246 0.2791666666666667 0.019300991131977047 0.06018518518518518
1 0.6838810641627543 0.21342592592592594 0.03547209181011998 0.05925925925925926
0 0.5571205007824727 0.5106481481481482 0.02608242044861763 0.05925925925925926
1 0.41053729786124155 0.7472222222222222 0.02034428794992175 0.07407407407407407
0 0.8526343244653104 0.4546296296296296 0.051643192488262914 0.05740740740740741
0 0.9021909233176839 0.5513888888888889 0.0495565988523735 0.040740740740740744
1 0.8244653103808033 0.1388888888888889 0.03599374021909233 0.05925925925925926
1 0.34950443401147624 0.8111111111111111 0.014606155451225874 0.062037037037037036
0 0.15440792905581638 0.44583333333333336 0.05581637976004173 0.03981481481481482
0 0.8411580594679187 0.48842592592592593 0.051643192488262914 0.04351851851851852
1 0.27543035993740217 0.9083333333333333 0.014606155451225874 0.05925925925925926
1 0.797339593114241 0.3055555555555556 0.030777256129368807 0.05740740740740741
0 0.696661450182577 0.55 0.05268648930620762 0.037037037037037035
1 0.41210224308815857 0.6032407407407407 0.02138758476786646 0.05555555555555555
1 0.2889932185706834 0.0787037037037037 0.0406885758998435 0.06481481481481481
0 0.6358894105372979 0.49953703703703706 0.04329681794470527 0.058333333333333334
1 0.4793948878455921 0.6680555555555555 0.026604068857589983 0.06481481481481481
1 0.7149191444966093 0.3287037037037037 0.024517475221700575 0.06296296296296296
1 0.3111632759520083 0.8037037037037037 0.019300991131977047 0.06388888888888888
1 0.8437663015127804 0.3050925925925926 0.03182055294731351 0.05925925925925926
1 0.17683881064162754 0.21064814814814814 0.036515388628064686 0.05648148148148148
0 0.4890453834115806 0.47453703703703703 0.04538341158059468 0.05277777777777778
0 0.7130933750652061 0.4546296296296296 0.0505998956703182 0.07407407407407407
1 0.7055294731351069 0.6657407407407407 0.022430881585811163 0.058333333333333334
1 0.5083463745435577 0.7347222222222223 0.01617110067814293 0.07037037037037037
1 0.08555033907146584 0.2310185185185185 0.036515388628064686 0.05648148148148148
1 0.8828899321857069 0.24722222222222223 0.03547209181011998 0.06574074074074074
1 0.6585811163275952 0.6259259259259259 0.03129890453834116 0.08425925925925926
1 0.03234220135628586 0.8351851851851851 0.02556077203964528 0.075
0 0.5957224830464267 0.43425925925925923 0.048513302034428794 0.04814814814814815
1 0.6784037558685446 0.11064814814814815 0.03547209181011998 0.05648148148148148
1 0.9864371413667188 0.3638888888888889 0.027125717266562335 0.05092592592592592
1 0.860980699008868 0.7800925925925926 0.03025560772039645 0.05740740740740741
1 0.7548252477829943 0.737037037037037 0.023474178403755867 0.058333333333333334
1 0.8873239436619719 0.700462962962963 0.04121022430881586 0.06851851851851852
1 0.6898800208659364 0.7574074074074074 0.019300991131977047 0.06111111111111111
1 0.9123630672926447 0.7722222222222223 0.03234220135628586 0.06944444444444445
1 0.9887845592070944 0.6912037037037037 0.02190923317683881 0.06666666666666667
1 0.17475221700573812 0.26435185185185184 0.03182055294731351 0.04814814814814815
1 0.5307772561293688 0.6851851851851852 0.028169014084507043 0.06574074074074074
1 0.10693792383933229 0.8351851851851851 0.028690662493479395 0.06759259259259259
1 0.8706311945748565 0.3398148148148148 0.02556077203964528 0.05740740740740741
1 0.08294209702660407 0.675 0.023474178403755867 0.04722222222222222
1 0.5586854460093896 0.37175925925925923 0.020865936358894107 0.058333333333333334
1 0.8881064162754304 0.8217592592592593 0.025039123630672927 0.06388888888888888
1 0.6189358372456965 0.6791666666666667 0.019300991131977047 0.07222222222222222
1 0.903755868544601 0.18194444444444444 0.03286384976525822 0.05740740740740741
1 0.4254042775169536 0.6625 0.0198226395409494 0.05740740740740741
0 0.19666145018257694 0.6467592592592593 0.041731872717788214 0.049074074074074076
1 0.15779864371413668 0.6796296296296296 0.019300991131977047 0.05092592592592592
1 0.30333854981742303 0.1625 0.02608242044861763 0.07777777777777778
1 0.9509650495565989 0.7902777777777777 0.028690662493479395 0.06018518518518518
1 0.3828899321857068 0.9041666666666667 0.011997913406364111 0.040740740740740744
1 0.6572769953051644 0.8004629629629629 0.023474178403755867 0.06388888888888888
1 0.08007303077725612 0.07453703703703704 0.03182055294731351 0.08518518518518518
1 0.8896713615023474 0.3638888888888889 0.028169014084507043 0.04722222222222222
1 0.11919666145018258 0.3458333333333333 0.036515388628064686 0.053703703703703705
1 0.9687010954616588 0.3337962962962963 0.03182055294731351 0.03425925925925926
1 0.5156494522691706 0.17083333333333334 0.01617110067814293 0.04259259259259259
1 0.37506520605112154 0.06296296296296296 0.040166927490871154 0.06666666666666667
1 0.9786124152321335 0.7328703703703704 0.030777256129368807 0.06666666666666667
1 0.1484089723526343 0.8527777777777777 0.0198226395409494 0.06481481481481481
1 0.21335419926969224 0.12222222222222222 0.02764736567553469 0.05555555555555555
1 0.15466875326030255 0.07546296296296297 0.03808033385498174 0.05925925925925926
1 0.11580594679186229 0.6361111111111111 0.03286384976525822 0.04537037037037037
1 0.26604068857589985 0.8643518518518518 0.0198226395409494 0.0712962962962963
1 0.23082942097026604 0.07592592592592592 0.03547209181011998 0.062037037037037036
1 0.05920709441836203 0.2722222222222222 0.02556077203964528 0.04722222222222222
1 0.572509128847157 0.7472222222222222 0.023474178403755867 0.06296296296296296
1 0.18988002086593636 0.6953703703703704 0.022430881585811163 0.046296296296296294
1 0.8004694835680751 0.7398148148148148 0.022952529994783515 0.05555555555555555
1 0.22665623369848723 0.7208333333333333 0.017214397496087636 0.04537037037037037
1 0.2378716744913928 0.7759259259259259 0.017214397496087636 0.05185185185185185
1 0.21961398017736045 0.8680555555555556 0.026604068857589983 0.06574074074074074
1 0.6267605633802817 0.7875 0.017214397496087636 0.040740740740740744
1 0.1825769431403234 0.1550925925925926 0.03442879499217527 0.062037037037037036
1 0.07902973395931143 0.7157407407407408 0.03025560772039645 0.04259259259259259
1 0.9434011476264997 0.7027777777777777 0.03390714658320292 0.049074074074074076
1 0.06207616066770996 0.31527777777777777 0.03808033385498174 0.05092592592592592
1 0.7597809076682316 0.8050925925925926 0.022952529994783515 0.046296296296296294
1 0.7290036515388628 0.09537037037037037 0.036515388628064686 0.062037037037037036
1 0.015127803860198226 0.1884259259259259 0.028690662493479395 0.062037037037037036
1 0.17814293166405842 0.5976851851851852 0.02764736567553469 0.06851851851851852
1 0.3735002608242045 0.7569444444444444 0.02034428794992175 0.04722222222222222
1 0.45983307250912886 0.9486111111111111 0.01773604590505999 0.05648148148148148
1 0.689358372456964 0.8222222222222222 0.01773604590505999 0.041666666666666664
1 0.1278038601982264 0.14027777777777778 0.0297339593114241 0.05648148148148148
1 0.7136150234741784 0.6101851851851852 0.03129890453834116 0.03611111111111111
1 0.8398539384454877 0.7189814814814814 0.0297339593114241 0.05648148148148148
1 0.19092331768388107 0.7402777777777778 0.018257694314032343 0.05925925925925926
1 0.5138236828377674 0.13703703703703704 0.028169014084507043 0.04722222222222222
1 0.22274387063119458 0.5819444444444445 0.028169014084507043 0.046296296296296294
1 0.543035993740219 0.7222222222222222 0.014606155451225874 0.03981481481481482
1 0.23969744392279604 0.8189814814814815 0.03286384976525822 0.040740740740740744
1 0.7636932707355243 0.8629629629629629 0.019300991131977047 0.03333333333333333