0 0.8484611371935316 0.4666666666666667 0.03547209181011998 0.05462962962962963
1 0.17136150234741784 0.5921296296296297 0.02190923317683881 0.06759259259259259
1 0.5049556598852374 0.7819444444444444 0.019300991131977047 0.06851851851851852
1 0.35602503912363065 0.5601851851851852 0.0198226395409494 0.06851851851851852
1 0.3901930099113198 0.1375 0.03495044340114763 0.05462962962962963
1 0.7245696400625978 0.5643518518518519 0.02556077203964528 0.06574074074074074
1 0.037037037037037035 0.5740740740740741 0.04747000521648409 0.07222222222222222
1 0.3281168492436098 0.6175925925925926 0.022430881585811163 0.05648148148148148
1 0.5983307250912885 0.6782407407407407 0.022952529994783515 0.06296296296296296
1 0.974960876369327 0.6824074074074075 0.03234220135628586 0.05
1 0.819509650495566 0.5796296296296296 0.0297339593114241 0.06481481481481481
1 0.3656755346896192 0.22407407407407406 0.027125717266562335 0.06018518518518518
0 0.30073030777256127 0.39351851851851855 0.05216484089723526 0.04722222222222222
0 0.03755868544600939 0.4060185185185185 0.057902973395931145 0.05092592592592592
0 0.2016171100678143 0.4125 0.05581637976004173 0.05
0 0.48487219613980176 0.5027777777777778 0.030777256129368807 0.06851851851851852
1 0.2553468961919666 0.6259259259259259 0.02190923317683881 0.06296296296296296
1 0.15232133541992696 0.6949074074074074 0.023474178403755867 0.07222222222222222
1 0.368283776734481 0.6402777777777777 0.029212310902451747 0.06666666666666667
1 0.414188836724048 0.03518518518518519 0.029212310902451747 0.05092592592592592
1 0.046426708398539386 0.6412037037037037 0.03547209181011998 0.06296296296296296
1 0.19979134063641105 0.6203703703703703 0.022952529994783515 0.06296296296296296
1 0.046426708398539386 0.8087962962962963 0.02608242044861763 0.06388888888888888
0 0.9076682316118936 0.5287037037037037 0.05112154407929056 0.04259259259259259
1 0.2537819509650496 0.8490740740740741 0.03286384976525822 0.06481481481481481
1 0.42436098069900885 0.7587962962962963 0.017214397496087636 0.06666666666666667
1 0.9358372456964006 0.7305555555555555 0.03182055294731351 0.05648148148148148
1 0.5878977569118414 0.5828703703703704 0.03234220135628586 0.05925925925925926
1 0.2905581637976004 0.27546296296296297 0.028690662493479395 0.058333333333333334
1 0.6857068335941575 0.7166666666666667 0.023474178403755867 0.06388888888888888
1 0.352112676056338 0.07268518518518519 0.023474178403755867 0.05925925925925926
1 0.7960354720918101 0.24027777777777778 0.030777256129368807 0.04814814814814815
1 0.8630672926447575 0.7148148148148148 0.026604068857589983 0.06388888888888888
1 0.4726134585289515 0.725462962962963 0.023995826812728223 0.06111111111111111
0 0.46087636932707354 0.38657407407407407 0.04747000521648409 0.044444444444444446
1 0.20996348461137193 0.7875 0.022952529994783515 0.07407407407407407
1 0.8933229003651539 0.7625 0.025039123630672927 0.06018518518518518
1 0.15571205007824726 0.16064814814814815 0.0396452790818988 0.06018518518518518
1 0.48043818466353677 0.6523148148148148 0.02556077203964528 0.05925925925925926
1 0.17970787689097548 0.8324074074074074 0.0297339593114241 0.07777777777777778
1 0.23917579551382367 0.09351851851851851 0.03495044340114763 0.05648148148148148
1 0.3873239436619718 0.7087962962962963 0.017214397496087636 0.058333333333333334
1 0.7910798122065728 0.6902777777777778 0.025039123630672927 0.053703703703703705
1 0.6854460093896714 0.2 0.0198226395409494 0.044444444444444446
1 0.8169014084507042 0.7601851851851852 0.0198226395409494 0.06481481481481481
1 0.41653625456442356 0.6620370370370371 0.0198226395409494 0.044444444444444446
1 0.22743870631194574 0.20555555555555555 0.025039123630672927 0.04814814814814815
1 0.6452790818988002 0.7342592592592593 0.026604068857589983 0.05648148148148148
1 0.22561293688054251 0.324537037037037 0.03390714658320292 0.05185185185185185
1 0.396452790818988 0.8078703703703703 0.020865936358894107 0.05925925925925926
1 0.07616066770996348 0.6652777777777777 0.025039123630672927 0.05462962962962963
1 0.42566510172143973 0.8893518518518518 0.015127803860198226 0.06018518518518518
1 0.11476264997391758 0.7953703703703704 0.03182055294731351 0.06759259259259259
1 0.46087636932707354 0.562037037037037 0.023995826812728223 0.05462962962962963
1 0.6653625456442358 0.3125 0.02608242044861763 0.0712962962962963
1 0.9624413145539906 0.03611111111111111 0.036515388628064686 0.05092592592592592
1 0.7031820552947313 0.7986111111111112 0.023995826812728223 0.058333333333333334
1 0.40923317683881066 0.2601851851851852 0.03495044340114763 0.05555555555555555
1 0.5224308815858112 0.9342592592592592 0.01773604590505999 0.07037037037037037
1 0.6864893062076161 0.14953703703703702 0.036515388628064686 0.058333333333333334
1 0.8505477308294209 0.7791666666666667 0.018257694314032343 0.05277777777777778
1 0.2222222222222222 0.6731481481481482 0.025039123630672927 0.04722222222222222
1 0.011737089201877934 0.10231481481481482 0.02138758476786646 0.06388888888888888
1 0.5550339071465832 0.7611111111111111 0.02556077203964528 0.05462962962962963
1 0.3145539906103286 0.7069444444444445 0.022952529994783515 0.06018518518518518
1 0.6995305164319249 0.05277777777777778 0.028169014084507043 0.06388888888888888
1 0.3202921231090245 0.7458333333333333 0.03129890453834116 0.03796296296296296
1 0.7608242044861763 0.8032407407407407 0.026604068857589983 0.04814814814814815
1 0.01278038601982264 0.18981481481481483 0.02556077203964528 0.05555555555555555
0 0.051382368283776736 0.9037037037037037 0.03390714658320292 0.06944444444444445
1 0.06885758998435054 0.9337962962962963 0.01617110067814293 0.06666666666666667