0 0.4240729166666667 0.7430555555555556 0.05389583333333334 0.05330555555555556
0 0.10015625 0.6684074074074075 0.04867708333333333 0.04147222222222222
0 0.11554166666666667 0.4882777777777778 0.04803645833333334 0.047657407407407405
0 0.4536145833333334 0.42144444444444445 0.050505208333333336 0.04571296296296296
0 0.8151041666666666 0.4779074074074074 0.03815625 0.05433333333333333
0 0.307859375 0.46093518518518517 0.051541666666666666 0.04578703703703704
0 0.218140625 0.4995648148148148 0.05233854166666666 0.04511111111111111
0 0.5356458333333334 0.8211851851851851 0.04940625 0.05150925925925926
1 0.966796875 0.38737037037037036 0.03555208333333334 0.07346296296296297
0 0.7192395833333334 0.5724814814814815 0.029312500000000002 0.049805555555555554
0 0.8701197916666668 0.5638055555555556 0.050140625 0.049046296296296296
1 0.5893541666666666 0.2456574074074074 0.026197916666666664 0.06027777777777777
0 0.057374999999999995 0.37174074074074076 0.049588541666666666 0.04187962962962963
1 0.203125 0.2743055555555556 0.028333333333333332 0.03518518518518519
0 0.3163229166666667 0.40625 0.03875520833333333 0.05452777777777778
0 0.029817708333333335 0.4587685185185185 0.054197916666666665 0.04172222222222222
1 0.6918958333333334 0.2775648148148148 0.022203125 0.062333333333333324
0 0.151125 0.3142407407407407 0.04699479166666667 0.041074074074074075
0 0.15851041666666665 0.5915555555555555 0.04922395833333334 0.056962962962962965
0 0.11377083333333333 0.7617222222222222 0.047088541666666664 0.06439814814814815
1 0.280515625 0.29839814814814813 0.026411458333333335 0.07346296296296297
1 0.9262708333333334 0.31575925925925924 0.028015625 0.051027777777777776