1 0.57666015625 0.8649658203125 0.0236968994140625 0.05322074890136719
1 0.0616455078125 0.767462158203125 0.03759765625 0.05817718505859375
1 0.2890625 0.87276611328125 0.036285400390625 0.06007308959960937
0 0.77490234375 0.5425537109375 0.04840087890625 0.0673858642578125
0 0.6738174271322378 0.5167279278790509 0.04905910024309637 0.06418452792697488
0 0.0894775390625 0.405181884765625 0.04986572265625 0.04590797424316406
1 0.2115478515625 0.761395263671875 0.0302734375 0.06077728271484375
1 0.12939453125 0.64049072265625 0.034088134765625 0.0513519287109375
0 0.400390625 0.5910888671875 0.055816650390625 0.06169815063476562
0 0.304931640625 0.502685546875 0.051849365234375 0.04869766235351562
1 0.373291015625 0.737994384765625 0.023468017578125 0.06451492309570313
1 0.556640625 0.73756103515625 0.0297088623046875 0.05465621948242187
1 0.74951171875 0.2272918701171875 0.02056884765625 0.06814422607421874
0 0.409423828125 0.4628173828125 0.05242919921875 0.040870285034179686
1 0.424072265625 0.80343017578125 0.036834716796875 0.06381072998046874
1 0.6298828125 0.34581298828125 0.0223236083984375 0.0673858642578125
1 0.102294921875 0.62315673828125 0.0261993408203125 0.05687713623046875
1 0.2303466796875 0.710693359375 0.026763916015625 0.060506439208984374
1 0.3837890625 0.36488037109375 0.02880859375 0.06251068115234375
1 0.424560546875 0.904833984375 0.0341796875 0.0574188232421875
0 0.401123046875 0.544287109375 0.053314208984375 0.04344329833984375
1 0.2998046875 0.699859619140625 0.0243377685546875 0.06251068115234375
0 0.5732421875 0.509185791015625 0.0489501953125 0.06121063232421875
1 0.97265625 0.91783447265625 0.03533935546875 0.06332321166992187
1 0.08477783203125 0.869732666015625 0.042572021484375 0.06272735595703124
0 0.640625 0.58675537109375 0.04168701171875 0.05362701416015625
1 0.9208984375 0.74622802734375 0.033721923828125 0.046964263916015624
1 0.96923828125 0.1588226318359375 0.03021240234375 0.06548995971679687
1 0.0592041015625 0.58675537109375 0.041839599609375 0.06538162231445313
1 0.5859375 0.2558929443359375 0.0292510986328125 0.06635665893554688
1 0.1915283203125 0.661724853515625 0.027435302734375 0.0556854248046875
1 0.5390625 0.633123779296875 0.021453857421875 0.06689834594726562
1 0.83984375 0.9723984718322753 0.041473388671875 0.05520305633544922
1 0.90625 0.428582763671875 0.0369873046875 0.07361526489257812
1 0.91455078125 0.804296875 0.038909912109375 0.054872894287109376
1 0.391357421875 0.21158294677734374 0.02056884765625 0.0582855224609375
1 0.6220703125 0.0918701171875 0.0169219970703125 0.062131500244140624
1 0.78515625 0.207574462890625 0.020294189453125 0.06662750244140625
1 0.92236328125 0.34234619140625 0.0321044921875 0.059856414794921875
1 0.389404296875 0.2896942138671875 0.021820068359375 0.05362701416015625
1 0.685546875 0.2645599365234375 0.016845703125 0.062023162841796875
1 0.689453125 0.3425628662109375 0.0218658447265625 0.058935546875
1 0.88134765625 0.18124847412109374 0.029083251953125 0.07074432373046875
1 0.7021484375 0.11971282958984375 0.024139404296875 0.06635665893554688
1 0.050323486328125 0.932568359375 0.03515625 0.057635498046875
1 0.09686279296875 0.319378662109375 0.035552978515625 0.05601043701171875
1 0.19482421875 0.19273223876953124 0.028656005859375 0.062023162841796875
1 0.440185546875 0.3200286865234375 0.0272674560546875 0.04812889099121094
1 0.529296875 0.2948944091796875 0.0236053466796875 0.07047348022460938
1 0.89697265625 0.95943603515625 0.0305633544921875 0.05601043701171875
1 0.1978759765625 0.83116455078125 0.0279541015625 0.054954147338867186
1 0.732421875 0.96290283203125 0.04193115234375 0.068035888671875
1 0.132080078125 0.2409423828125 0.0302734375 0.04661216735839844
0 0.08163043018673387 0.4970520019531251 0.046745853493719874 0.04634132385253895
1 0.218017578125 0.322412109375 0.02801513671875 0.06814422607421874
0 0.52880859375 0.575054931640625 0.045867919921875 0.05622711181640625
1 0.3955078125 0.93690185546875 0.03753662109375 0.06429824829101563
1 0.0560302734375 0.262176513671875 0.02838134765625 0.06787338256835937
1 0.329345703125 0.276910400390625 0.0219879150390625 0.05517082214355469
1 0.432373046875 0.386114501953125 0.0201416015625 0.07540283203125
1 0.681640625 0.4383331298828125 0.0209197998046875 0.05709381103515625
1 0.489501953125 0.283843994140625 0.0241851806640625 0.06467742919921875
1 0.0083160400390625 0.152972412109375 0.0165252685546875 0.060506439208984374
1 0.8203125 0.1549224853515625 0.0169219970703125 0.06240234375
1 0.033905029296875 0.1683563232421875 0.0252685546875 0.06418991088867188
1 0.240234375 0.23487548828125 0.0284423828125 0.05546875
1 0.8330078125 0.13683013916015624 0.01666259765625 0.06343154907226563
1 0.22119140625 0.1774566650390625 0.021484375 0.0561187744140625
1 0.15625 0.3068115234375 0.03240966796875 0.04669342041015625
1 0.8818359375 0.3052947998046875 0.023651123046875 0.051839447021484374
1 0.06646728515625 0.18287353515625 0.0235595703125 0.049537277221679686
1 0.32421875 0.21808319091796874 0.0233306884765625 0.052733230590820315
1 0.1190185546875 0.2753936767578125 0.033477783203125 0.06077728271484375
1 0.481201171875 0.3403961181640625 0.020294189453125 0.06603164672851562
1 0.578125 0.3195953369140625 0.0280609130859375 0.058935546875
1 0.865234375 0.4248992919921875 0.0292510986328125 0.0522186279296875
1 0.9872016906738281 0.332379150390625 0.02559661865234375 0.042441177368164065
1 0.40185546875 0.4344329833984375 0.023101806640625 0.036563873291015625
1 0.283447265625 0.2693267822265625 0.0255126953125 0.061589813232421874
1 0.8154296875 0.88836669921875 0.0364990234375 0.04704551696777344
1 0.927734375 0.14419708251953126 0.0237274169921875 0.060506439208984374
1 0.26220703125 0.303778076171875 0.02203369140625 0.06624832153320312
1 0.84423828125 0.2268585205078125 0.019195556640625 0.035480499267578125
1 0.1783447265625 0.237908935546875 0.0210418701171875 0.0561187744140625
1 0.91064453125 0.861932373046875 0.033477783203125 0.0569854736328125
1 0.552734375 0.21786651611328126 0.021575927734375 0.03889312744140625
1 0.196533203125 0.2961944580078125 0.0194244384765625 0.05029563903808594
1 0.132568359375 0.1854736328125 0.025909423828125 0.047397613525390625
1 0.919921875 0.2805938720703125 0.029754638671875 0.035399246215820315
1 0.52587890625 0.0673858642578125 0.019378662109375 0.06142730712890625
1 0.984375 0.36748046875 0.02337646484375 0.04292869567871094
1 0.9814453125 0.8406982421875 0.0369873046875 0.05687713623046875
1 0.98046875 0.06489410400390624 0.017181396484375 0.0712860107421875
1 0.84375 0.298577880859375 0.01763916015625 0.03298873901367187
1 0.434814453125 0.28167724609375 0.031494140625 0.04124946594238281
1 0.720703125 0.2732269287109375 0.0243377685546875 0.04669342041015625
1 0.87548828125 0.2654266357421875 0.0154266357421875 0.046422576904296874
1 0.28076171875 0.2064910888671875 0.025909423828125 0.037565994262695315
1 0.72265625 0.233575439453125 0.0276947021484375 0.03629302978515625