0 0.78955078125 0.7634548611111112 0.058349609375 0.06005859375
0 0.73828125 0.4835069444444444 0.052032470703125 0.04408094618055555
0 0.076416015625 0.3615451388888889 0.048126220703125 0.042182074652777776
0 0.74609375 0.3224826388888889 0.048126220703125 0.043999565972222224
0 0.62158203125 0.625 0.052520751953125 0.04641384548611111
0 0.058990478515625 0.3899739583333333 0.052337646484375 0.043158637152777776
1 0.285888671875 0.9774305555555556 0.02069091796875 0.044243706597222224
0 0.313232421875 0.3155381944444444 0.048126220703125 0.03683810763888889
0 0.442626953125 0.3572048611111111 0.045684814453125 0.04359266493055555
1 0.98974609375 0.2345920138888889 0.019561767578125 0.05740017361111111
0 0.5283203125 0.14388020833333334 0.034088134765625 0.06130642361111111