0 0.56787109375 0.4177517361111111 0.04803466796875 0.040934244791666664
0 0.7529296875 0.6827256944444444 0.050994873046875 0.0681423611111111
1 0.76171875 0.2443576388888889 0.0222015380859375 0.06510416666666667
0 0.875 0.4739583333333333 0.050811767578125 0.04527452256944445
0 0.7197265625 0.4357638888888889 0.0504150390625 0.042914496527777776
0 0.459228515625 0.3233506944444444 0.044342041015625 0.04847547743055555
0 0.34033203125 0.3932291666666667 0.037384033203125 0.06391059027777778
0 0.634765625 0.6345486111111112 0.05633544921875 0.04578993055555555
0 0.77197265625 0.3094618055555556 0.04046630859375 0.06401909722222222
0 0.271240234375 0.3211805555555556 0.045196533203125 0.039388020833333336
0 0.43994140625 0.2879774305555556 0.03759765625 0.04250759548611111
0 0.06585693359375 0.2923177083333333 0.046630859375 0.04931640625
0 0.5673828125 0.5577256944444444 0.050323486328125 0.04052734375
0 0.4560546875 0.6471354166666666 0.056549072265625 0.0478515625
0 0.389404296875 0.4674479166666667 0.0469970703125 0.043999565972222224
0 0.273681640625 0.734375 0.051544189453125 0.05685763888888889
0 0.9730911254882812 0.5768229166666666 0.0538177490234375 0.06130642361111111
1 0.7421875000000002 0.23280423280423282 0.017113095238095254 0.07671957671957673