1 0.09844970703125 0.399114990234375 0.0330810546875 0.06402740478515626
1 0.61474609375 0.90830078125 0.0341796875 0.06527328491210938
1 0.7587890625 0.9204345703125 0.0289764404296875 0.05424995422363281
1 0.70703125 0.457183837890625 0.0299224853515625 0.05403327941894531
1 0.109130859375 0.229241943359375 0.026458740234375 0.05839385986328125
0 0.1446533203125 0.5408203125 0.055419921875 0.04211616516113281
1 0.288818359375 0.791729736328125 0.01837158203125 0.04598922729492187
0 0.453125 0.50615234375 0.050140380859375 0.04070777893066406
0 0.058441162109375 0.4430999755859375 0.049591064453125 0.0409515380859375
1 0.143798828125 0.22024993896484374 0.0229339599609375 0.051731109619140625
1 0.22802734375 0.3663970947265625 0.0273284912109375 0.058502197265625
1 0.91455078125 0.73756103515625 0.034881591796875 0.054872894287109376
1 0.72509765625 0.750128173828125 0.036163330078125 0.05538749694824219
1 0.2509765625 0.2753936767578125 0.022674560546875 0.05143318176269531
1 0.8544921875 0.725860595703125 0.03448486328125 0.06662750244140625
1 0.07879638671875 0.266943359375 0.0293731689453125 0.0574188232421875
1 0.294921875 0.251776123046875 0.0254669189453125 0.060398101806640625
1 0.4033203125 0.3780975341796875 0.0274810791015625 0.052922821044921874
1 0.322265625 0.250042724609375 0.0299224853515625 0.06310653686523438
1 0.376953125 0.243975830078125 0.0184326171875 0.053924942016601564
1 0.11297607421875 0.282977294921875 0.0262603759765625 0.06321487426757813
1 0.321533203125 0.321978759765625 0.0224151611328125 0.040464019775390624
1 0.97900390625 0.737994384765625 0.028594970703125 0.058502197265625
1 0.2142333984375 0.810797119140625 0.035491943359375 0.05029563903808594
1 0.1396484375 0.809063720703125 0.0341796875 0.05538749694824219
1 0.1837158203125 0.8753662109375 0.029083251953125 0.0695526123046875
1 0.1826171875 0.24180908203125 0.0257568359375 0.0665191650390625
1 0.59716796875 0.3928314208984375 0.0220794677734375 0.06727752685546876
0 0.97705078125 0.632257080078125 0.047332763671875 0.04869766235351562
1 0.1796875 0.3310791015625 0.023193359375 0.054358291625976565
1 0.446533203125 0.32501220703125 0.0245208740234375 0.06603164672851562
1 0.74755859375 0.807763671875 0.02423095703125 0.062835693359375
1 0.05072021484375 0.3533966064453125 0.03460693359375 0.0535186767578125
1 0.19482421875 0.752728271484375 0.0305023193359375 0.057635498046875
1 0.2198486328125 0.1943572998046875 0.021240234375 0.05709381103515625
1 0.68505859375 0.309844970703125 0.0262603759765625 0.05311241149902344
1 0.341064453125 0.34581298828125 0.02056884765625 0.05476455688476563
1 0.89208984375 0.87103271484375 0.029083251953125 0.06121063232421875
1 0.06695556640625 0.297711181640625 0.030792236328125 0.0699859619140625
1 0.27197265625 0.3414794921875 0.0289306640625 0.05086441040039062
1 0.492919921875 0.3936981201171875 0.0243377685546875 0.04319953918457031
1 0.63623046875 0.3516632080078125 0.0171051025390625 0.05731048583984375
1 0.89892578125 0.19338226318359375 0.0276947021484375 0.0556854248046875
1 0.1617431640625 0.2688934326171875 0.017242431640625 0.03650970458984375
1 0.73583984375 0.2927276611328125 0.0210418701171875 0.065869140625
1 0.358642578125 0.6534912109375 0.028167724609375 0.0647857666015625
1 0.270751953125 0.19847412109375 0.0190582275390625 0.05709381103515625
1 0.89501953125 0.918701171875 0.0273284912109375 0.052814483642578125
1 0.66015625 0.186773681640625 0.0186920166015625 0.061102294921875
1 0.853515625 0.2201416015625 0.019989013671875 0.045122528076171876
1 0.7216796875 0.256109619140625 0.0169219970703125 0.04942893981933594
1 0.8583984375 0.3553466796875 0.0214080810546875 0.05666046142578125
1 0.40966796875 0.22447509765625 0.0243377685546875 0.044607925415039065
1 0.0794677734375 0.20724945068359374 0.0184783935546875 0.050187301635742185
1 0.52734375 0.646990966796875 0.0230255126953125 0.059964752197265624
1 0.5703125 0.268243408203125 0.015777587890625 0.07020263671875
1 0.59228515625 0.2255584716796875 0.01483917236328125 0.0569854736328125
1 0.7998046875 0.1334716796875 0.0180511474609375 0.06121063232421875
0 0.50537109375 0.30767822265625 0.041229248046875 0.038811874389648435
1 0.78369140625 0.668658447265625 0.0323486328125 0.09604110717773437
1 0.9111328125 0.304644775390625 0.020965576171875 0.059748077392578126
1 0.849609375 0.4383331298828125 0.0202484130859375 0.041980743408203125
1 0.04443359375 0.377880859375 0.0271148681640625 0.03837852478027344
1 0.96630859375 0.3048614501953125 0.0174407958984375 0.042061996459960935
1 0.481689453125 0.260009765625 0.01450347900390625 0.05817718505859375
1 0.8857421875 0.16218109130859376 0.02838134765625 0.06381072998046874
1 0.986328125 0.20334930419921876 0.0255584716796875 0.06673583984375
1 0.5791015625 0.34754638671875 0.02056884765625 0.06121063232421875
1 0.83154296875 0.279510498046875 0.0217437744140625 0.04536628723144531
1 0.939453125 0.4149322509765625 0.0225067138671875 0.062023162841796875
1 0.9599609375 0.2220916748046875 0.0245208740234375 0.052922821044921874
1 0.6845703125 0.11516265869140625 0.0167236328125 0.06240234375
1 0.8173828125 0.35101318359375 0.020843505859375 0.06841506958007812
1 0.88232421875 0.3958648681640625 0.0258636474609375 0.06624832153320312
1 0.94140625 0.34581298828125 0.03033447265625 0.04988937377929688
1 0.09466552734375 0.1930572509765625 0.019195556640625 0.05086441040039062
1 0.88720703125 0.8337646484375 0.0240020751953125 0.05817718505859375
1 0.982421875 0.4261993408203125 0.0312042236328125 0.06418991088867188
1 0.038543701171875 0.1887237548828125 0.0295867919921875 0.06332321166992187
1 0.89013671875 0.33194580078125 0.029876708984375 0.0535186767578125
1 0.92333984375 0.445050048828125 0.037261962890625 0.061589813232421874
1 0.3955078125 0.344512939453125 0.0292510986328125 0.04016609191894531
1 0.87255859375 0.2948944091796875 0.0289764404296875 0.04157447814941406
1 0.17578125 0.737994384765625 0.033905029296875 0.05644378662109375