0 0.66015625 0.35525 0.043458333333333335 0.03635185185185185
1 0.8994166666666668 0.2777777777777778 0.021697916666666664 0.05881481481481482
0 0.369140625 0.4068981481481481 0.050270833333333334 0.06130555555555555
0 0.4370104166666666 0.5598981481481482 0.049776041666666666 0.03843518518518518
0 0.8442395833333334 0.43186111111111114 0.049041666666666664 0.04000925925925926
1 0.110109375 0.2912314814814815 0.024796875 0.06760185185185186
0 0.7192395833333334 0.7339444444444444 0.0533125 0.0658611111111111
0 0.9174791666666666 0.45702777777777776 0.047697916666666666 0.04367592592592593
0 0.24694270833333334 0.4752592592592592 0.04891145833333333 0.061907407407407404
1 0.7094739583333334 0.25563888888888886 0.019609375 0.0661388888888889
0 0.6694322916666666 0.40841666666666665 0.04595833333333333 0.04014814814814815
0 0.7495104166666666 0.5772592592592594 0.05732291666666667 0.057074074074074076
0 0.2849114583333333 0.42687037037037034 0.052244791666666665 0.041638888888888885
0 0.2530104166666666 0.6471388888888888 0.050890624999999995 0.061796296296296294
0 0.15722916666666667 0.5690092592592593 0.051666666666666666 0.04535185185185185
0 0.9287135416666668 0.6154537037037038 0.057588541666666666 0.046685185185185184
0 0.2827135416666666 0.3513425925925926 0.038114583333333334 0.06309259259259259
0 0.9731458333333334 0.5355925925925926 0.049588541666666666 0.04543518518518518
1 0.810546875 0.23827777777777776 0.029203125 0.06428703703703705
0 0.14930729166666667 0.4518240740740741 0.04641666666666667 0.06439814814814815
1 0.5453854166666667 0.2962962962962963 0.03422395833333333 0.08465740740740742