1 0.9256651017214398 0.6722222222222223 0.03025560772039645 0.07037037037037037
1 0.9447052686489307 0.32546296296296295 0.040166927490871154 0.06018518518518518
1 0.33098591549295775 0.2013888888888889 0.026604068857589983 0.062037037037037036
0 0.38028169014084506 0.7763888888888889 0.037037037037037035 0.03611111111111111
1 0.11189358372456965 0.21435185185185185 0.036515388628064686 0.05462962962962963
0 0.20448617631716223 0.49398148148148147 0.05425143453312467 0.049074074074074076
0 0.3617631716223266 0.3814814814814815 0.04747000521648409 0.08148148148148149
1 0.34533124673969745 0.09351851851851851 0.036515388628064686 0.05185185185185185
1 0.17031820552947313 0.30185185185185187 0.023474178403755867 0.06296296296296296
1 0.23735002608242045 0.3125 0.028690662493479395 0.05648148148148148
1 0.3951486697965571 0.7467592592592592 0.022430881585811163 0.06759259259259259
1 0.8148148148148148 0.662962962962963 0.03286384976525822 0.06666666666666667
1 0.33881064162754304 0.7361111111111112 0.020865936358894107 0.06018518518518518
0 0.9603547209181011 0.5194444444444445 0.05529473135106938 0.04537037037037037
1 0.33255086071987483 0.9037037037037037 0.01564945226917058 0.062037037037037036
1 0.05216484089723526 0.6555555555555556 0.02764736567553469 0.06018518518518518
1 0.22952529994783516 0.3523148148148148 0.023474178403755867 0.05092592592592592
0 0.22065727699530516 0.4115740740740741 0.056859676577986434 0.05462962962962963
1 0.6875326030255607 0.6393518518518518 0.028169014084507043 0.058333333333333334
1 0.20213875847678664 0.5472222222222223 0.03025560772039645 0.07222222222222222
1 0.21439749608763695 0.8861111111111111 0.01773604590505999 0.06111111111111111
1 0.49765258215962443 0.6564814814814814 0.02556077203964528 0.058333333333333334
1 0.42331768388106417 0.6564814814814814 0.02556077203964528 0.05740740740740741
1 0.35732916014606153 0.6097222222222223 0.03338549817423057 0.06944444444444445
1 0.7081377151799687 0.45046296296296295 0.02608242044861763 0.04351851851851852
1 0.625717266562337 0.7694444444444445 0.02190923317683881 0.06666666666666667
1 0.40584246218049036 0.6199074074074075 0.019300991131977047 0.07592592592592592
1 0.1288471570161711 0.7240740740740741 0.03025560772039645 0.06666666666666667
1 0.5224308815858112 0.6921296296296297 0.026604068857589983 0.06296296296296296
1 0.34089723526343246 0.6532407407407408 0.023995826812728223 0.05462962962962963
1 0.23135106937923838 0.5935185185185186 0.019300991131977047 0.06018518518518518
1 0.8244653103808033 0.3074074074074074 0.019300991131977047 0.05185185185185185
1 0.9376630151278038 0.37083333333333335 0.036515388628064686 0.06018518518518518
1 0.8466353677621283 0.7509259259259259 0.028690662493479395 0.06666666666666667
1 0.5938967136150235 0.10231481481481482 0.027125717266562335 0.05462962962962963
1 0.5761606677099634 0.6953703703703704 0.020865936358894107 0.06296296296296296
1 0.8930620761606677 0.20555555555555555 0.03129890453834116 0.05740740740740741
0 0.8390714658320292 0.5689814814814815 0.03912363067292645 0.05185185185185185
1 0.45748565466875324 0.7481481481481481 0.02190923317683881 0.06574074074074074
1 0.9058424621804904 0.7347222222222223 0.022952529994783515 0.05277777777777778
1 0.8442879499217527 0.4462962962962963 0.030777256129368807 0.06018518518518518
1 0.5524256651017214 0.1337962962962963 0.030777256129368807 0.062037037037037036
1 0.4932185706833594 0.7458333333333333 0.024517475221700575 0.058333333333333334
1 0.8988002086593636 0.8194444444444444 0.024517475221700575 0.05925925925925926
1 0.2733437663015128 0.6620370370370371 0.02190923317683881 0.06666666666666667
1 0.5477308294209703 0.6523148148148148 0.019300991131977047 0.06481481481481481
1 0.2016171100678143 0.7763888888888889 0.025039123630672927 0.075
1 0.23395931142410015 0.7027777777777777 0.025039123630672927 0.05555555555555555
1 0.3568075117370892 0.8828703703703704 0.014084507042253521 0.062037037037037036
1 0.19640062597809077 0.11898148148148148 0.023474178403755867 0.05462962962962963
1 0.5571205007824727 0.023148148148148147 0.02034428794992175 0.041666666666666664
1 0.7623891497130934 0.6935185185185185 0.024517475221700575 0.058333333333333334
1 0.44522691705790296 0.8037037037037037 0.022430881585811163 0.05277777777777778
1 0.4747000521648409 0.7074074074074074 0.02556077203964528 0.06296296296296296
1 0.38471570161711005 0.07268518518518519 0.023474178403755867 0.05648148148148148
1 0.3526343244653104 0.1287037037037037 0.029212310902451747 0.05
1 0.2889932185706834 0.8518518518518519 0.014606155451225874 0.06111111111111111
1 0.5451225873761085 0.3074074074074074 0.028690662493479395 0.05
1 0.8304642670839854 0.7861111111111111 0.02190923317683881 0.07222222222222222
1 0.9710485133020345 0.6504629629629629 0.02608242044861763 0.05925925925925926
1 0.7446531038080334 0.8175925925925925 0.018257694314032343 0.05740740740740741
1 0.3868022952529995 0.32083333333333336 0.03390714658320292 0.0712962962962963
1 0.10693792383933229 0.8402777777777778 0.027125717266562335 0.075
1 0.6888367240479917 0.06296296296296296 0.023474178403755867 0.05462962962962963
1 0.21439749608763695 0.6393518518518518 0.024517475221700575 0.05092592592592592
1 0.8069900886802295 0.725925925925926 0.020865936358894107 0.044444444444444446
1 0.881585811163276 0.6722222222222223 0.03495044340114763 0.06296296296296296
1 0.03625456442357851 0.9481481481481482 0.017214397496087636 0.07037037037037037
1 0.5607720396452791 0.26064814814814813 0.028169014084507043 0.05462962962962963
1 0.7592592592592593 0.7532407407407408 0.028690662493479395 0.06111111111111111
1 0.11815336463223787 0.7893518518518519 0.022952529994783515 0.05277777777777778
1 0.3223787167449139 0.25925925925925924 0.018779342723004695 0.05648148148148148
1 0.7029212310902452 0.8055555555555556 0.024517475221700575 0.04814814814814815
1 0.9804381846635368 0.7824074074074074 0.03129890453834116 0.06111111111111111
1 0.779603547209181 0.7712962962962963 0.018779342723004695 0.053703703703703705
1 0.6737089201877934 0.7666666666666667 0.025039123630672927 0.06111111111111111
1 0.037037037037037035 0.7333333333333333 0.023995826812728223 0.049074074074074076
1 0.2676056338028169 0.7282407407407407 0.01564945226917058 0.049074074074074076
1 0.15832029212310902 0.8305555555555556 0.025039123630672927 0.062037037037037036
1 0.04381846635367762 0.5768518518518518 0.027125717266562335 0.04259259259259259
1 0.7417840375586855 0.6407407407407407 0.019300991131977047 0.062037037037037036
1 0.5440792905581638 0.2050925925925926 0.019300991131977047 0.04722222222222222
1 0.48200312989045385 0.961574074074074 0.018779342723004695 0.05925925925925926
1 0.31011997913406364 0.7787037037037037 0.0198226395409494 0.04722222222222222
1 0.14345331246739698 0.7532407407407408 0.019300991131977047 0.041666666666666664
1 0.6001564945226917 0.6032407407407407 0.023995826812728223 0.04259259259259259
1 0.22952529994783516 0.7532407407407408 0.023995826812728223 0.06296296296296296
1 0.5446009389671361 0.7212962962962963 0.018779342723004695 0.053703703703703705
1 0.6990088680229525 0.7263888888888889 0.018779342723004695 0.05555555555555555
1 0.7141366718831508 0.4935185185185185 0.018257694314032343 0.03796296296296296
1 0.07276995305164319 0.5138888888888888 0.026604068857589983 0.03518518518518519
1 0.7276995305164319 0.725925925925926 0.024517475221700575 0.06388888888888888
1 0.15127803860198227 0.01712962962962963 0.028690662493479395 0.032407407407407406
1 0.3729786124152321 0.6800925925925926 0.02556077203964528 0.041666666666666664
1 0.16458007303077726 0.6814814814814815 0.02138758476786646 0.04722222222222222
0 0.019561815336463225 0.9162037037037037 0.030777256129368807 0.06481481481481481
1 0.49765258215962443 0.9416666666666667 0.014084507042253521 0.062037037037037036
1 0.2436098069900887 0.8287037037037037 0.027125717266562335 0.06944444444444445
0 0.01278038601982264 0.44583333333333336 0.023474178403755867 0.041666666666666664
1 0.6737089201877934 0.8074074074074075 0.016692749087115284 0.03796296296296296
1 0.99113197704747 0.8694444444444445 0.017214397496087636 0.05277777777777778
1 0.6904016692749088 0.700462962962963 0.019300991131977047 0.05092592592592592