0 0.9324465310380803 0.4787037037037037 0.044861763171622326 0.062037037037037036
0 0.3205529473135107 0.4777777777777778 0.030777256129368807 0.06851851851851852
0 0.3427230046948357 0.5888888888888889 0.03129890453834116 0.06574074074074074
1 0.9898278560250391 0.22916666666666666 0.018779342723004695 0.06481481481481481
1 0.7154407929055816 0.30648148148148147 0.027125717266562335 0.05740740740740741
1 0.8862806468440271 0.3074074074074074 0.023474178403755867 0.06111111111111111
1 0.9131455399061033 0.37175925925925923 0.026604068857589983 0.06851851851851852
1 0.8213354199269692 0.324537037037037 0.027125717266562335 0.062037037037037036
1 0.5560772039645279 0.36342592592592593 0.026604068857589983 0.07037037037037037
1 0.4702660406885759 0.3402777777777778 0.023995826812728223 0.06574074074074074
1 0.9334898278560251 0.2337962962962963 0.022952529994783515 0.06574074074074074
1 0.22561293688054251 0.3087962962962963 0.03025560772039645 0.062037037037037036
1 0.2540427751695357 0.8203703703703704 0.0495565988523735 0.07685185185185185
1 0.711528429838289 0.22685185185185186 0.018257694314032343 0.062037037037037036
1 0.021648408972352633 0.29444444444444445 0.03912363067292645 0.05925925925925926
0 0.4984350547730829 0.47685185185185186 0.0495565988523735 0.05185185185185185
1 0.7793427230046949 0.175 0.02608242044861763 0.06851851851851852
1 0.6606677099634846 0.3523148148148148 0.02556077203964528 0.04722222222222222
1 0.852112676056338 0.2574074074074074 0.02608242044861763 0.06111111111111111
1 0.5213875847678665 0.2773148148148148 0.018779342723004695 0.06944444444444445
1 0.6387584767866458 0.16574074074074074 0.02138758476786646 0.053703703703703705
1 0.6737089201877934 0.2662037037037037 0.020865936358894107 0.05740740740740741
0 0.022430881585811163 0.5657407407407408 0.0406885758998435 0.058333333333333334
0 0.34533124673969745 0.3435185185185185 0.04747000521648409 0.04259259259259259
0 0.4637454355764215 0.5592592592592592 0.041731872717788214 0.04814814814814815
1 0.6601460615545123 0.8962962962962963 0.03286384976525822 0.06296296296296296
1 0.418622848200313 0.37824074074074077 0.02034428794992175 0.05
1 0.8935837245696401 0.2310185185185185 0.0297339593114241 0.06296296296296296
1 0.6421491914449661 0.2759259259259259 0.01773604590505999 0.05648148148148148
1 0.7509128847157016 0.9152777777777777 0.037037037037037035 0.062037037037037036
1 0.7563901930099113 0.10833333333333334 0.018779342723004695 0.05277777777777778
0 0.7918622848200313 0.5208333333333334 0.054773082942097026 0.053703703703703705
1 0.2819509650495566 0.21296296296296297 0.03025560772039645 0.044444444444444446
1 0.8153364632237872 0.19490740740740742 0.01617110067814293 0.06481481481481481
1 0.5805946791862285 0.300462962962963 0.02138758476786646 0.05185185185185185
1 0.32785602503912364 0.2824074074074074 0.023995826812728223 0.05925925925925926
1 0.09624413145539906 0.2800925925925926 0.03390714658320292 0.05925925925925926
1 0.39723526343244653 0.28935185185185186 0.02764736567553469 0.05462962962962963
1 0.5821596244131455 0.2152777777777778 0.022952529994783515 0.08518518518518518
1 0.4937402190923318 0.8814814814814815 0.02608242044861763 0.07777777777777778
1 0.9546165884194053 0.1912037037037037 0.020865936358894107 0.058333333333333334
1 0.6421491914449661 0.39814814814814814 0.017214397496087636 0.046296296296296294
1 0.6244131455399061 0.30462962962962964 0.018779342723004695 0.06111111111111111
1 0.4989567031820553 0.42777777777777776 0.02034428794992175 0.04351851851851852
1 0.5610328638497653 0.33240740740740743 0.01564945226917058 0.030555555555555555
1 0.3093375065206051 0.37407407407407406 0.02764736567553469 0.0824074074074074
1 0.9345331246739698 0.0587962962962963 0.01564945226917058 0.07037037037037037
0 0.8604590505998957 0.6898148148148148 0.06781429316640585 0.06481481481481481
1 0.13119457485654668 0.2902777777777778 0.03129890453834116 0.06296296296296296
1 0.012519561815336464 0.2351851851851852 0.025039123630672927 0.05925925925925926
0 0.9517475221700574 0.09074074074074075 0.03182055294731351 0.06851851851851852
1 0.45670318205529475 0.24074074074074073 0.018779342723004695 0.05925925925925926
1 0.5404277516953573 0.2152777777777778 0.027125717266562335 0.05092592592592592