0 0.8896484375 0.5616319444444444 0.0482177734375 0.043755425347222224
0 0.54248046875 0.5707465277777778 0.05023193359375 0.048665364583333336
0 0.634765625 0.6167534722222222 0.050506591796875 0.04931640625
0 0.84423828125 0.4470486111111111 0.04913330078125 0.04416232638888889
0 0.287353515625 0.3825954861111111 0.04193115234375 0.061089409722222224
0 0.630859375 0.4025607638888889 0.0325927734375 0.06624348958333333
0 0.7783203125 0.5238715277777778 0.049041748046875 0.046685112847222224
0 0.64501953125 0.3348524305555556 0.043701171875 0.03993055555555555
0 0.0384521484375 0.453125 0.044342041015625 0.05740017361111111
0 0.028656005859375 0.3543836805555556 0.048583984375 0.040473090277777776
0 0.42724609375 0.3355034722222222 0.043609619140625 0.04416232638888889