0 0.07198748043818466 0.5333333333333333 0.05216484089723526 0.03888888888888889
1 0.2433489827856025 0.4356481481481482 0.026604068857589983 0.06574074074074074
1 0.5821596244131455 0.8638888888888889 0.03547209181011998 0.05740740740740741
0 0.8886280646844027 0.5925925925925926 0.058424621804903494 0.04814814814814815
1 0.8022952529994783 0.41064814814814815 0.018779342723004695 0.06666666666666667
1 0.6186750130412102 0.43657407407407406 0.018779342723004695 0.07222222222222222
0 0.631716223265519 0.6060185185185185 0.047991653625456446 0.04537037037037037
1 0.7193531559728743 0.36944444444444446 0.019300991131977047 0.06944444444444445
0 0.4572248304642671 0.49675925925925923 0.04903495044340115 0.040740740740740744
0 0.015127803860198226 0.4425925925925926 0.028690662493479395 0.058333333333333334
1 0.9707876890975482 0.7962962962962963 0.03755868544600939 0.05555555555555555
1 0.37871674491392804 0.32037037037037036 0.025039123630672927 0.06666666666666667
1 0.4937402190923318 0.29444444444444445 0.023474178403755867 0.06296296296296296
0 0.7295252999478351 0.5842592592592593 0.05372978612415232 0.04351851851851852
1 0.7764736567553469 0.37962962962962965 0.0198226395409494 0.06481481481481481
1 0.17579551382368283 0.3685185185185185 0.02556077203964528 0.07222222222222222
1 0.5811163275952008 0.19027777777777777 0.02190923317683881 0.058333333333333334
1 0.7631716223265519 0.20972222222222223 0.026604068857589983 0.0712962962962963
1 0.6158059467918623 0.9273148148148148 0.02138758476786646 0.06296296296296296
1 0.8140323422013563 0.3101851851851852 0.03025560772039645 0.06759259259259259
1 0.9715701617110067 0.24953703703703703 0.038601982263954095 0.07222222222222222
1 0.6640584246218049 0.2912037037037037 0.02034428794992175 0.058333333333333334
1 0.9736567553468962 0.399537037037037 0.03390714658320292 0.06388888888888888
1 0.9311424100156495 0.19074074074074074 0.02608242044861763 0.06851851851851852
1 0.6786645800730308 0.7245370370370371 0.020865936358894107 0.05648148148148148
1 0.15179968701095461 0.41805555555555557 0.023474178403755867 0.06388888888888888
1 0.9287949921752738 0.35509259259259257 0.03129890453834116 0.062037037037037036
1 0.6069379238393323 0.7671296296296296 0.03025560772039645 0.05462962962962963
1 0.3854981742305686 0.4101851851851852 0.02608242044861763 0.06018518518518518
1 0.7217005738132499 0.14444444444444443 0.027125717266562335 0.06481481481481481
1 0.6465832029212311 0.37453703703703706 0.018257694314032343 0.062037037037037036
1 0.03808033385498174 0.2708333333333333 0.03808033385498174 0.05925925925925926
1 0.3369848721961398 0.25972222222222224 0.02556077203964528 0.06388888888888888
1 0.30855503390714656 0.6847222222222222 0.02138758476786646 0.06388888888888888
1 0.17188315075639019 0.7541666666666667 0.025039123630672927 0.05740740740740741
1 0.5594679186228482 0.33194444444444443 0.01564945226917058 0.04351851851851852
1 0.5477308294209703 0.24027777777777778 0.024517475221700575 0.06666666666666667
1 0.2908189880020866 0.7976851851851852 0.023995826812728223 0.05925925925925926
1 0.8184663536776213 0.837037037037037 0.040166927490871154 0.062037037037037036
1 0.6058946270213876 0.35694444444444445 0.02764736567553469 0.06574074074074074
1 0.010432968179447054 0.24305555555555555 0.02034428794992175 0.06666666666666667
1 0.30438184663536777 0.3194444444444444 0.03182055294731351 0.06388888888888888
1 0.11163275952008346 0.2851851851851852 0.03234220135628586 0.06296296296296296
1 0.17788210745957225 0.3037037037037037 0.024517475221700575 0.05740740740740741
1 0.7347417840375586 0.8944444444444445 0.03338549817423057 0.05
1 0.2762128325508607 0.2 0.023995826812728223 0.05648148148148148
1 0.9595722483046427 0.9143518518518519 0.037037037037037035 0.05462962962962963
1 0.7535211267605634 0.32037037037037036 0.029212310902451747 0.05462962962962963
1 0.5933750652060511 0.2810185185185185 0.01564945226917058 0.041666666666666664
1 0.6048513302034428 0.16620370370370371 0.022430881585811163 0.06944444444444445
1 0.15597287428273343 0.23564814814814813 0.019300991131977047 0.06388888888888888
1 0.7446531038080334 0.6680555555555555 0.03547209181011998 0.053703703703703705
1 0.19405320813771518 0.15324074074074073 0.02190923317683881 0.07314814814814814
1 0.14371413667188315 0.3490740740740741 0.01773604590505999 0.05277777777777778
0 0.46896191966614503 0.6087962962962963 0.0505998956703182 0.06851851851851852
1 0.5140845070422535 0.4324074074074074 0.02034428794992175 0.049074074074074076
1 0.5542514345331246 0.9680555555555556 0.01773604590505999 0.05185185185185185
1 0.0099113197704747 0.31296296296296294 0.0198226395409494 0.04537037037037037
1 0.21648408972352634 0.18888888888888888 0.02556077203964528 0.05648148148148148
1 0.5151278038601982 0.20092592592592592 0.028690662493479395 0.08425925925925926
1 0.5620761606677099 0.7296296296296296 0.03547209181011998 0.05555555555555555
1 0.8656755346896192 0.19722222222222222 0.03182055294731351 0.08055555555555556
1 0.7423056859676578 0.7518518518518519 0.03599374021909233 0.05925925925925926
1 0.2806468440271257 0.9453703703703704 0.03025560772039645 0.062037037037037036
1 0.6596244131455399 0.21481481481481482 0.018257694314032343 0.03888888888888889
1 0.7996870109546166 0.16111111111111112 0.028169014084507043 0.075
1 0.9092331768388107 0.2898148148148148 0.03338549817423057 0.03981481481481482
1 0.13406364110589464 0.22361111111111112 0.02138758476786646 0.03796296296296296
1 0.477829942618675 0.2263888888888889 0.019300991131977047 0.040740740740740744
1 0.01564945226917058 0.9629629629629629 0.030777256129368807 0.053703703703703705
1 0.9321857068335941 0.06296296296296296 0.016692749087115284 0.06666666666666667
1 0.29577464788732394 0.8671296296296296 0.03547209181011998 0.040740740740740744
1 0.986697965571205 0.18703703703703703 0.02608242044861763 0.03981481481481482
1 0.8119457485654669 0.03148148148148148 0.014084507042253521 0.05185185185185185
0 0.9486176317162233 0.09259259259259259 0.03286384976525822 0.06851851851851852
1 0.4175795513823683 0.22407407407407406 0.02608242044861763 0.075