0 0.18177083333333333 0.5907407407407408 0.0328125 0.05185185185185185
0 0.0609375 0.5805555555555556 0.05 0.044444444444444446
0 0.9322916666666666 0.46574074074074073 0.053125 0.040740740740740744
0 0.41848958333333336 0.6282407407407408 0.042708333333333334 0.044444444444444446
0 0.8494791666666667 0.6546296296296297 0.04583333333333333 0.037037037037037035
0 0.93828125 0.6587962962962963 0.040625 0.053703703703703705
0 0.27291666666666664 0.3800925925925926 0.051041666666666666 0.03796296296296296
0 0.06197916666666667 0.3060185185185185 0.0546875 0.05462962962962963
0 0.48776041666666664 0.17222222222222222 0.0515625 0.05740740740740741
0 0.14947916666666666 0.38796296296296295 0.053125 0.04259259259259259
0 0.28854166666666664 0.5564814814814815 0.049479166666666664 0.04722222222222222
0 0.22604166666666667 0.4847222222222222 0.028645833333333332 0.04814814814814815
0 0.8973958333333333 0.5592592592592592 0.050520833333333334 0.03796296296296296
0 0.36432291666666666 0.19490740740740742 0.05364583333333333 0.05555555555555555
0 0.7390625 0.4935185185185185 0.027083333333333334 0.05185185185185185
0 0.019010416666666665 0.41712962962962963 0.03802083333333333 0.04351851851851852
0 0.15416666666666667 0.6787037037037037 0.04739583333333333 0.04259259259259259
0 0.24453125 0.6412037037037037 0.0453125 0.04259259259259259
0 0.77890625 0.5689814814814815 0.03854166666666667 0.05740740740740741
0 0.37890625 0.4217592592592593 0.05 0.041666666666666664
0 0.025 0.19398148148148148 0.040625 0.046296296296296294
0 0.6854166666666667 0.3574074074074074 0.0515625 0.06759259259259259