1 0.19170579029733958 0.6277777777777778 0.028690662493479395 0.06296296296296296
0 0.8797600417318727 0.3435185185185185 0.05425143453312467 0.041666666666666664
0 0.45983307250912886 0.47962962962962963 0.0505998956703182 0.04722222222222222
0 0.16588419405320814 0.5199074074074074 0.04903495044340115 0.05
0 0.2863849765258216 0.46111111111111114 0.051643192488262914 0.04814814814814815
0 0.14580073030777257 0.42314814814814816 0.04903495044340115 0.03981481481481482
1 0.103547209181012 0.6643518518518519 0.03495044340114763 0.058333333333333334
1 0.7044861763171623 0.4203703703703704 0.0297339593114241 0.06388888888888888
0 0.09467918622848201 0.5356481481481481 0.05216484089723526 0.040740740740740744
0 0.5492957746478874 0.5236111111111111 0.04903495044340115 0.04722222222222222
1 0.30855503390714656 0.6675925925925926 0.028169014084507043 0.06018518518518518
0 0.017996870109546165 0.45185185185185184 0.02764736567553469 0.049074074074074076
1 0.557642149191445 0.36574074074074076 0.023474178403755867 0.07222222222222222
0 0.47104851330203446 0.6055555555555555 0.051643192488262914 0.04351851851851852
0 0.4254042775169536 0.5388888888888889 0.04747000521648409 0.049074074074074076
1 0.30985915492957744 0.23842592592592593 0.025039123630672927 0.06296296296296296
1 0.37193531559728743 0.2884259259259259 0.02138758476786646 0.05740740740740741
1 0.6797078768909754 0.06666666666666667 0.022430881585811163 0.0712962962962963
0 0.7743870631194575 0.5185185185185185 0.056859676577986434 0.053703703703703705
0 0.054773082942097026 0.4273148148148148 0.0495565988523735 0.04722222222222222
1 0.8526343244653104 0.6796296296296296 0.03129890453834116 0.062037037037037036
1 0.6695357329160146 0.15555555555555556 0.0198226395409494 0.06759259259259259
1 0.698226395409494 0.8703703703703703 0.03390714658320292 0.05925925925925926
1 0.288471570161711 0.5685185185185185 0.020865936358894107 0.062037037037037036
1 0.2509128847157016 0.7148148148148148 0.038601982263954095 0.05555555555555555
1 0.5855503390714658 0.8916666666666667 0.016692749087115284 0.04722222222222222
0 0.800208659363589 0.6449074074074074 0.03755868544600939 0.06296296296296296
1 0.22326551904016692 0.7560185185185185 0.03025560772039645 0.05555555555555555
0 0.9462702138758476 0.5819444444444445 0.0594679186228482 0.04722222222222222
1 0.4767866458007303 0.35555555555555557 0.020865936358894107 0.05277777777777778
1 0.8656755346896192 0.287962962962963 0.03025560772039645 0.06574074074074074
0 0.015910276473656754 0.5046296296296297 0.0297339593114241 0.04814814814814815
1 0.7157016171100679 0.26666666666666666 0.023995826812728223 0.062037037037037036
1 0.5855503390714658 0.24351851851851852 0.019300991131977047 0.06574074074074074
1 0.368283776734481 0.8699074074074075 0.028169014084507043 0.05648148148148148
1 0.6914449660928534 0.29953703703703705 0.02556077203964528 0.06574074074074074
1 0.9634846113719353 0.22777777777777777 0.028690662493479395 0.06388888888888888
1 0.6283255086071987 0.23935185185185184 0.018257694314032343 0.06018518518518518
1 0.696661450182577 0.12546296296296297 0.0198226395409494 0.07037037037037037
0 0.8095983307250912 0.5773148148148148 0.056859676577986434 0.04537037037037037
1 0.29603547209181014 0.27175925925925926 0.019300991131977047 0.06574074074074074
1 0.33724569640062596 0.8125 0.0297339593114241 0.05555555555555555
0 0.7323943661971831 0.6083333333333333 0.04903495044340115 0.07222222222222222
1 0.25586854460093894 0.37916666666666665 0.03025560772039645 0.06111111111111111
1 0.8286384976525821 0.12407407407407407 0.02138758476786646 0.06481481481481481
1 0.24856546687532602 0.33287037037037037 0.028169014084507043 0.058333333333333334
1 0.12415232133541992 0.3351851851851852 0.0297339593114241 0.06851851851851852
1 0.6669274908711529 0.2490740740740741 0.016692749087115284 0.05740740740740741
1 0.13588941053729786 0.913425925925926 0.03495044340114763 0.0712962962962963
1 0.16797078768909754 0.2013888888888889 0.024517475221700575 0.05092592592592592
1 0.5101721439749609 0.33564814814814814 0.018779342723004695 0.0712962962962963
1 0.5284298382889933 0.287962962962963 0.018779342723004695 0.062037037037037036
1 0.17136150234741784 0.7939814814814815 0.02608242044861763 0.06111111111111111
0 0.2806468440271257 0.512962962962963 0.05425143453312467 0.06574074074074074
1 0.7206572769953051 0.38425925925925924 0.02034428794992175 0.05092592592592592
1 0.764736567553469 0.24259259259259258 0.02556077203964528 0.05925925925925926
1 0.8007303077725613 0.19722222222222222 0.020865936358894107 0.07222222222222222
1 0.7357850808555034 0.11342592592592593 0.018779342723004695 0.06018518518518518
1 0.19874804381846636 0.16064814814814815 0.02190923317683881 0.05277777777777778
1 0.06103286384976526 0.3300925925925926 0.03338549817423057 0.06388888888888888
1 0.15206051121544079 0.30787037037037035 0.029212310902451747 0.06296296296296296
1 0.7240479916536254 0.7907407407407407 0.03495044340114763 0.0824074074074074
1 0.6640584246218049 0.7583333333333333 0.01773604590505999 0.05277777777777778
1 0.24934793948878456 0.675 0.02190923317683881 0.044444444444444446
1 0.09233176838810642 0.3023148148148148 0.03234220135628586 0.05740740740740741
1 0.587376108502869 0.7509259259259259 0.022430881585811163 0.05092592592592592
1 0.6098069900886802 0.17175925925925925 0.022430881585811163 0.06481481481481481
1 0.9366197183098591 0.6597222222222222 0.0297339593114241 0.07777777777777778
1 0.8750652060511216 0.3902777777777778 0.0198226395409494 0.05
0 0.6288471570161711 0.4976851851851852 0.027125717266562335 0.05
1 0.9598330725091289 0.14351851851851852 0.028169014084507043 0.062037037037037036
1 0.5516431924882629 0.21064814814814814 0.019300991131977047 0.05925925925925926
1 0.24413145539906103 0.2949074074074074 0.02138758476786646 0.04537037037037037
1 0.5800730307772561 0.8495370370370371 0.03495044340114763 0.05277777777777778
1 0.3424621804903495 0.9384259259259259 0.027125717266562335 0.05925925925925926
1 0.3899321857068336 0.20694444444444443 0.01773604590505999 0.05
1 0.645018257694314 0.2652777777777778 0.025039123630672927 0.05925925925925926
1 0.7003129890453834 0.18564814814814815 0.02190923317683881 0.06388888888888888
1 0.8685446009389671 0.43194444444444446 0.03495044340114763 0.05277777777777778
1 0.346113719353156 0.2273148148148148 0.018779342723004695 0.05462962962962963
1 0.440792905581638 0.2726851851851852 0.0198226395409494 0.062037037037037036
1 0.8685446009389671 0.1824074074074074 0.03182055294731351 0.03981481481481482
1 0.11919666145018258 0.21712962962962962 0.0297339593114241 0.05925925925925926
1 0.46531038080333853 0.2337962962962963 0.018779342723004695 0.044444444444444446
1 0.238132498695879 0.17546296296296296 0.023474178403755867 0.06296296296296296
1 0.3161189358372457 0.18333333333333332 0.025039123630672927 0.05925925925925926
1 0.7271778821074596 0.3300925925925926 0.016692749087115284 0.03333333333333333
1 0.6562336984872196 0.30925925925925923 0.02034428794992175 0.05740740740740741
1 0.0639019300991132 0.2412037037037037 0.023995826812728223 0.05740740740740741
1 0.9316640584246219 0.37546296296296294 0.02764736567553469 0.05648148148148148
1 0.2994261867501304 0.11990740740740741 0.01617110067814293 0.040740740740740744
1 0.027125717266562335 0.19907407407407407 0.016692749087115284 0.05092592592592592
1 0.05033907146583203 0.2810185185185185 0.03495044340114763 0.06296296296296296
1 0.5923317683881064 0.4388888888888889 0.019300991131977047 0.06388888888888888
1 0.48330725091288473 0.2 0.018779342723004695 0.07592592592592592
1 0.868283776734481 0.22685185185185186 0.022952529994783515 0.05648148148148148
1 0.21074595722483047 0.13472222222222222 0.014084507042253521 0.05092592592592592
1 0.6142410015649452 0.13703703703703704 0.013562858633281168 0.044444444444444446
1 0.9405320813771518 0.34444444444444444 0.023995826812728223 0.03888888888888889
1 0.8072509128847157 0.15416666666666667 0.01564945226917058 0.05277777777777778
1 0.7738654147104851 0.1300925925925926 0.01617110067814293 0.05277777777777778
1 0.2412623891497131 0.2337962962962963 0.02138758476786646 0.06481481481481481
1 0.21622326551904017 0.24351851851851852 0.01617110067814293 0.044444444444444446