0 0.4298382889932186 0.3736111111111111 0.04434011476264997 0.06111111111111111
0 0.3427230046948357 0.44027777777777777 0.046426708398539386 0.06944444444444445
1 0.46765779864371415 0.274537037037037 0.03442879499217527 0.05648148148148148
0 0.5318205529473136 0.4740740740740741 0.048513302034428794 0.04537037037037037
0 0.9587897756911842 0.5310185185185186 0.03495044340114763 0.06296296296296296
0 0.5980699008868023 0.4356481481481482 0.05425143453312467 0.053703703703703705
1 0.7845592070944184 0.17685185185185184 0.023474178403755867 0.05277777777777778
1 0.9619196661450182 0.6611111111111111 0.0406885758998435 0.06574074074074074
0 0.1343244653103808 0.4222222222222222 0.058424621804903494 0.05
1 0.25299947835159103 0.6930555555555555 0.028169014084507043 0.06388888888888888
1 0.3974960876369327 0.624537037037037 0.025039123630672927 0.05648148148148148
1 0.7235263432446531 0.6638888888888889 0.025039123630672927 0.06666666666666667
1 0.9050599895670318 0.6365740740740741 0.03442879499217527 0.06388888888888888
1 0.9209702660406885 0.7342592592592593 0.03182055294731351 0.06388888888888888
1 0.5558163797600417 0.6546296296296297 0.027125717266562335 0.07037037037037037
1 0.29551382368283774 0.6916666666666667 0.0297339593114241 0.06574074074074074
1 0.16066770996348462 0.8115740740740741 0.023474178403755867 0.06574074074074074
1 0.7107459572248305 0.5745370370370371 0.03129890453834116 0.06296296296296296
1 0.8495044340114762 0.06898148148148148 0.044861763171622326 0.058333333333333334
1 0.8093375065206051 0.1537037037037037 0.03025560772039645 0.05462962962962963
1 0.15284298382889933 0.7532407407407408 0.028169014084507043 0.07037037037037037
1 0.883150756390193 0.6986111111111111 0.023474178403755867 0.062037037037037036
1 0.30333854981742303 0.812037037037037 0.023474178403755867 0.06111111111111111
1 0.9893062076160668 0.7134259259259259 0.02138758476786646 0.05740740740740741
1 0.4227960354720918 0.5532407407407407 0.027125717266562335 0.06388888888888888
1 0.5897235263432447 0.13148148148148148 0.029212310902451747 0.05648148148148148
1 0.7339593114241002 0.836574074074074 0.02138758476786646 0.08703703703703704
1 0.7788210745957225 0.7236111111111111 0.022952529994783515 0.06759259259259259
1 0.400886802295253 0.7375 0.024517475221700575 0.06388888888888888
1 0.3886280646844027 0.5995370370370371 0.02138758476786646 0.05185185185185185
1 0.0693792383933229 0.7148148148148148 0.030777256129368807 0.06666666666666667
1 0.4760041731872718 0.7356481481481482 0.0198226395409494 0.05277777777777778
1 0.049817423056859676 0.7773148148148148 0.02608242044861763 0.06111111111111111
1 0.4780907668231612 0.8018518518518518 0.022430881585811163 0.053703703703703705
1 0.350547730829421 0.7050925925925926 0.0198226395409494 0.06111111111111111
1 0.3315075639019301 0.8833333333333333 0.02138758476786646 0.06666666666666667
1 0.4726134585289515 0.7046296296296296 0.027125717266562335 0.05740740740740741
1 0.7996870109546166 0.21342592592592594 0.02556077203964528 0.05185185185185185
1 0.8508085550339072 0.7291666666666666 0.022952529994783515 0.06388888888888888
1 0.06651017214397496 0.6800925925925926 0.029212310902451747 0.06759259259259259
1 0.18518518518518517 0.0787037037037037 0.040166927490871154 0.062037037037037036
1 0.42331768388106417 0.7050925925925926 0.02190923317683881 0.06018518518518518
1 0.0297339593114241 0.6847222222222222 0.03129890453834116 0.06574074074074074
1 0.409754825247783 0.8027777777777778 0.023474178403755867 0.05648148148148148
1 0.3745435576421492 0.7791666666666667 0.029212310902451747 0.07777777777777778
1 0.06729264475743349 0.5814814814814815 0.0297339593114241 0.05925925925925926
0 0.028690662493479395 0.6430555555555556 0.047991653625456446 0.06018518518518518
1 0.12493479394887845 0.8435185185185186 0.03599374021909233 0.08796296296296297
1 0.6158059467918623 0.7263888888888889 0.01564945226917058 0.04722222222222222
1 0.23187271778821075 0.6444444444444445 0.023995826812728223 0.023148148148148147
1 0.7154407929055816 0.5912037037037037 0.01564945226917058 0.03518518518518519
1 0.7183098591549296 0.6087962962962963 0.018779342723004695 0.03796296296296296
0 0.6194574856546687 0.5106481481481482 0.04329681794470527 0.053703703703703705