0 0.553125 0.31527777777777777 0.0484375 0.06759259259259259
0 0.11302083333333333 0.6875 0.0328125 0.06851851851851852
0 0.78359375 0.274537037037037 0.057291666666666664 0.05462962962962963
0 0.6567708333333333 0.48842592592592593 0.04583333333333333 0.044444444444444446
0 0.978125 0.5361111111111111 0.04375 0.044444444444444446
0 0.31666666666666665 0.6393518518518518 0.049479166666666664 0.04722222222222222
0 0.21380208333333334 0.5564814814814815 0.053125 0.04537037037037037
0 0.509375 0.5791666666666667 0.0296875 0.05555555555555555
0 0.28046875 0.25601851851851853 0.058333333333333334 0.03888888888888889
0 0.921875 0.5078703703703704 0.051041666666666666 0.04722222222222222
0 0.7598958333333333 0.4425925925925926 0.05364583333333333 0.041666666666666664
1 0.26875 0.6958333333333333 0.0171875 0.03425925925925926
0 0.9630208333333333 0.41944444444444445 0.05260416666666667 0.04351851851851852
1 0.7236979166666667 0.6981481481481482 0.030208333333333334 0.07962962962962963
1 0.9575520833333333 0.7666666666666667 0.023958333333333335 0.05
0 0.04010416666666667 0.6476851851851851 0.04791666666666667 0.04814814814814815
0 0.821875 0.38472222222222224 0.0484375 0.058333333333333334
0 0.7166666666666667 0.3662037037037037 0.04583333333333333 0.046296296296296294
1 0.8734375 0.7291666666666666 0.0203125 0.05925925925925926
1 0.6299479166666667 0.7328703703703704 0.016666666666666666 0.06481481481481481
0 0.7841145833333333 0.6268518518518519 0.04375 0.06018518518518518