1 0.029166666666666667 0.48564814814814816 0.035416666666666666 0.05092592592592592
0 0.39036458333333335 0.3819444444444444 0.04791666666666667 0.04537037037037037
0 0.6015625 0.36712962962962964 0.0484375 0.041666666666666664
0 0.7802083333333333 0.33240740740740743 0.041666666666666664 0.04351851851851852
0 0.6963541666666667 0.45231481481481484 0.046875 0.04351851851851852
0 0.9765625 0.4412037037037037 0.044270833333333336 0.040740740740740744
0 0.8247395833333333 0.38425925925925924 0.04895833333333333 0.044444444444444446
0 0.18177083333333333 0.4185185185185185 0.04895833333333333 0.03981481481481482
1 0.8302083333333333 0.25324074074074077 0.0296875 0.062037037037037036
0 0.4161458333333333 0.562962962962963 0.049479166666666664 0.06111111111111111
0 0.5927083333333333 0.3921296296296296 0.0515625 0.049074074074074076