0 0.36692708333333335 0.25462962962962965 0.052083333333333336 0.07222222222222222
1 0.67421875 0.8226851851851852 0.015625 0.06759259259259259
0 0.43411458333333336 0.6962962962962963 0.034895833333333334 0.058333333333333334
0 0.6005208333333333 0.4166666666666667 0.043229166666666666 0.075
0 0.7203125 0.6328703703703704 0.04635416666666667 0.049074074074074076
0 0.7255208333333333 0.6754629629629629 0.043229166666666666 0.04351851851851852
0 0.8145833333333333 0.48657407407407405 0.05364583333333333 0.049074074074074076
0 0.22213541666666667 0.587037037037037 0.028125 0.06574074074074074
0 0.5244791666666667 0.5509259259259259 0.04479166666666667 0.05092592592592592
0 0.10260416666666666 0.44166666666666665 0.0578125 0.04351851851851852
0 0.9497395833333333 0.40925925925925927 0.057291666666666664 0.053703703703703705
0 0.2635416666666667 0.5467592592592593 0.0265625 0.058333333333333334
0 0.029166666666666667 0.587037037037037 0.028125 0.058333333333333334
0 0.9744791666666667 0.7097222222222223 0.03125 0.03888888888888889
0 0.18489583333333334 0.6944444444444444 0.0546875 0.06018518518518518
0 0.21223958333333334 0.7472222222222222 0.04479166666666667 0.03981481481481482
0 0.03359375 0.35648148148148145 0.0578125 0.04814814814814815
0 0.9752604166666666 0.6625 0.049479166666666664 0.049074074074074076
1 0.6903645833333333 0.8268518518518518 0.016145833333333335 0.06111111111111111