0 0.90771484375 0.3209635416666667 0.044097900390625 0.044677734375
0 0.37451171875 0.3502604166666667 0.045867919921875 0.036702473958333336
0 0.9619140625 0.357421875 0.047332763671875 0.044840494791666664
0 0.232666015625 0.3680555555555556 0.047515869140625 0.04006618923611111
0 0.102294921875 0.4325086805555556 0.05450439453125 0.04847547743055555
0 0.6416015625 0.3003472222222222 0.043853759765625 0.04641384548611111
0 0.98095703125 0.4440104166666667 0.0391845703125 0.05422634548611111
0 0.10540771484375 0.3689236111111111 0.02532958984375 0.060872395833333336
0 0.0330810546875 0.8389756944444444 0.055419921875 0.08045789930555555
0 0.09552001953125 0.6527777777777778 0.063232421875 0.0749782986111111
0 0.9794921875 0.7417534722222222 0.043212890625 0.052815755208333336