0 0.5861979166666667 0.46111111111111114 0.034895833333333334 0.06018518518518518
0 0.15520833333333334 0.5587962962962963 0.0515625 0.05
0 0.3359375 0.4236111111111111 0.04635416666666667 0.044444444444444446
0 0.5453125 0.5449074074074074 0.05 0.04722222222222222
0 0.7135416666666666 0.4689814814814815 0.04635416666666667 0.05462962962962963
0 0.07369791666666667 0.34675925925925927 0.0453125 0.044444444444444446
0 0.26510416666666664 0.3087962962962963 0.04635416666666667 0.04351851851851852
0 0.9674479166666666 0.3472222222222222 0.042708333333333334 0.0712962962962963
0 0.90625 0.40555555555555556 0.043229166666666666 0.05185185185185185
0 0.659375 0.5898148148148148 0.04791666666666667 0.041666666666666664
0 0.6236979166666666 0.3425925925925926 0.04583333333333333 0.041666666666666664