0 0.955078125 0.576788330078125 0.03875732421875 0.06121063232421875
0 0.8271484375 0.573321533203125 0.02838134765625 0.05143318176269531
0 0.80517578125 0.518719482421875 0.056121826171875 0.054439544677734375
1 0.55908203125 0.89443359375 0.03125 0.0561187744140625
1 0.6767578125 0.2927276611328125 0.024139404296875 0.058935546875
1 0.544921875 0.384381103515625 0.0279083251953125 0.06917343139648438
1 0.6513671875 0.24180908203125 0.021575927734375 0.068035888671875
1 0.77392578125 0.7748291015625 0.035614013671875 0.0608856201171875
0 0.64013671875 0.490118408203125 0.043853759765625 0.04336204528808594
1 0.8408203125 0.442449951171875 0.0271148681640625 0.07020263671875
1 0.310546875 0.87969970703125 0.0276336669921875 0.05752716064453125
1 0.91455078125 0.419915771484375 0.023284912109375 0.07193603515625
1 0.08477783203125 0.549053955078125 0.0374755859375 0.062023162841796875
0 0.55517578125 0.523919677734375 0.0310211181640625 0.0574188232421875
1 0.97119140625 0.1508056640625 0.0244293212890625 0.06332321166992187
1 0.57861328125 0.3373626708984375 0.027374267578125 0.05476455688476563
1 0.6416015625 0.1473388671875 0.021484375 0.0686859130859375
1 0.9453125 0.125238037109375 0.02801513671875 0.06381072998046874
1 0.69384765625 0.4318328857421875 0.0313720703125 0.06538162231445313
1 0.669921875 0.3811309814453125 0.0165863037109375 0.062835693359375
1 0.72021484375 0.670391845703125 0.0240020751953125 0.05953140258789062
1 0.10687255859375 0.3347625732421875 0.03704833984375 0.06451492309570313
1 0.70751953125 0.3516632080078125 0.0216217041015625 0.05262489318847656
1 0.7607421875 0.1579559326171875 0.0240020751953125 0.06662750244140625
1 0.489013671875 0.3767974853515625 0.02630615234375 0.06689834594726562
1 0.59521484375 0.753594970703125 0.0299224853515625 0.059748077392578126
1 0.7138671875 0.868865966796875 0.030731201171875 0.055902099609375
1 0.4267578125 0.334979248046875 0.024993896484375 0.05731048583984375
1 0.55712890625 0.84676513671875 0.03228759765625 0.05666046142578125
1 0.0225372314453125 0.2593597412109375 0.038604736328125 0.06776504516601563
1 0.72412109375 0.09761199951171876 0.020416259765625 0.06440658569335937
1 0.08343505859375 0.232708740234375 0.026702880859375 0.06500244140625
1 0.97998046875 0.3217620849609375 0.0313720703125 0.06429824829101563
1 0.450927734375 0.2879608154296875 0.0248870849609375 0.06787338256835937
0 0.54541015625 0.2199249267578125 0.04486083984375 0.044607925415039065
1 0.94091796875 0.3276123046875 0.0343017578125 0.06673583984375
1 0.6533203125 0.673858642578125 0.0271759033203125 0.06451492309570313
1 0.398193359375 0.2964111328125 0.0234222412109375 0.06418991088867188
0 0.462646484375 0.60062255859375 0.045684814453125 0.06852340698242188
1 0.80517578125 0.9845703125 0.02447509765625 0.03036155700683594
1 0.59130859375 0.717626953125 0.02288818359375 0.05557708740234375
1 0.37255859375 0.78782958984375 0.0293121337890625 0.063702392578125
1 0.94384765625 0.93343505859375 0.034088134765625 0.0400848388671875
1 0.60205078125 0.0925201416015625 0.0164642333984375 0.05817718505859375
1 0.93359375 0.1943572998046875 0.0272216796875 0.07567367553710938
1 0.94384765625 0.2567596435546875 0.03240966796875 0.06381072998046874
1 0.181640625 0.3518798828125 0.03314208984375 0.0699859619140625
1 0.09417724609375 0.68382568359375 0.0229339599609375 0.052733230590820315
1 0.72802734375 0.2251251220703125 0.0215301513671875 0.059748077392578126
1 0.697265625 0.2305419921875 0.0182342529296875 0.06169815063476562
1 0.383056640625 0.2671600341796875 0.0261077880859375 0.057635498046875
1 0.58740234375 0.789129638671875 0.03338623046875 0.0556854248046875
1 0.98681640625 0.1943572998046875 0.027069091796875 0.060506439208984374
1 0.363525390625 0.85283203125 0.0218658447265625 0.0656524658203125
1 0.6396484375 0.3273956298828125 0.0190582275390625 0.063702392578125
1 0.86181640625 0.328912353515625 0.03192138671875 0.06018142700195313
1 0.57861328125 0.2532928466796875 0.02447509765625 0.06451492309570313
1 0.344970703125 0.3295623779296875 0.0300445556640625 0.061102294921875
1 0.23681640625 0.35101318359375 0.0321044921875 0.06359405517578125
1 0.80859375 0.1438720703125 0.0280609130859375 0.07166519165039062
1 0.1207275390625 0.2762603759765625 0.029205322265625 0.05861053466796875
1 0.46435546875 0.2513427734375 0.0177764892578125 0.062131500244140624
1 0.2305908203125 0.537786865234375 0.0225372314453125 0.047939300537109375
1 0.222412109375 0.9343017578125 0.0310211181640625 0.04942893981933594
1 0.62158203125 0.1943572998046875 0.01763916015625 0.06121063232421875
1 0.338623046875 0.96290283203125 0.02655029296875 0.04284744262695313
1 0.96435546875 0.04886016845703125 0.017181396484375 0.07220687866210937
1 0.52490234375 0.91783447265625 0.03253173828125 0.04669342041015625
1 0.7939453125 0.2641265869140625 0.0272216796875 0.062131500244140624
1 0.366455078125 0.665191650390625 0.022979736328125 0.04980812072753906
1 0.304443359375 0.13509674072265626 0.0297088623046875 0.09744949340820312
1 0.533203125 0.23314208984375 0.01306915283203125 0.05362701416015625
1 0.03240966796875 0.17193145751953126 0.0325927734375 0.06007308959960937
1 0.88037109375 0.256976318359375 0.023773193359375 0.051839447021484374
1 0.10015869140625 0.20443267822265626 0.0230255126953125 0.062835693359375
1 0.8125 0.19641571044921874 0.0272216796875 0.07318191528320313
1 0.02276611328125 0.3217620849609375 0.034942626953125 0.06548995971679687
1 0.96142578125 0.2896942138671875 0.0235137939453125 0.0647857666015625
1 0.546875 0.2922943115234375 0.0264129638671875 0.0452850341796875
1 0.7568359375 0.31807861328125 0.02886962890625 0.05311241149902344
1 0.353759765625 0.716326904296875 0.0217742919921875 0.04758720397949219
1 0.2198486328125 0.261309814453125 0.0225830078125 0.0656524658203125
1 0.888671875 0.4071319580078125 0.0293121337890625 0.046422576904296874
1 0.7490234375 0.96290283203125 0.022796630859375 0.0565521240234375
1 0.30322265625 0.21916656494140624 0.0282745361328125 0.07220687866210937
1 0.203857421875 0.13466339111328124 0.018829345703125 0.05251655578613281
1 0.393798828125 0.165972900390625 0.0207977294921875 0.11667938232421875
1 0.1143798828125 0.18579864501953125 0.03436279296875 0.06223983764648437
1 0.00891876220703125 0.11082916259765625 0.01560211181640625 0.06548995971679687
1 0.18994140625 0.2790771484375 0.03271484375 0.06451492309570313
1 0.2548828125 0.21808319091796874 0.02801513671875 0.07399444580078125
1 0.229736328125 0.18644866943359376 0.0194549560546875 0.049049758911132814
1 0.149169921875 0.228375244140625 0.023284912109375 0.05687713623046875
1 0.517578125 0.674725341796875 0.034759521484375 0.07090682983398437
1 0.19091796875 0.17344818115234376 0.0261077880859375 0.05839385986328125
1 0.9794921875 0.4114654541015625 0.032470703125 0.07784042358398438