0 0.3380208333333333 0.5773148148148148 0.040625 0.06759259259259259
1 0.6390625 0.1527777777777778 0.017708333333333333 0.04259259259259259
0 0.7416666666666667 0.3194444444444444 0.04791666666666667 0.040740740740740744
0 0.5151041666666667 0.32916666666666666 0.04479166666666667 0.044444444444444446
0 0.28802083333333334 0.4615740740740741 0.050520833333333334 0.040740740740740744
0 0.9552083333333333 0.3143518518518518 0.03802083333333333 0.06759259259259259
0 0.8153645833333333 0.25925925925925924 0.042708333333333334 0.03888888888888889
0 0.1953125 0.33611111111111114 0.0453125 0.03981481481481482
0 0.46953125 0.4666666666666667 0.051041666666666666 0.04259259259259259
0 0.58046875 0.5365740740740741 0.05 0.05185185185185185
0 0.07604166666666666 0.7810185185185186 0.05625 0.046296296296296294
0 0.85 0.42592592592592593 0.046875 0.05277777777777778
0 0.5119791666666667 0.3592592592592593 0.04479166666666667 0.046296296296296294
1 0.6231770833333333 0.15555555555555556 0.0171875 0.075