1 0.37167449139280123 0.08657407407407407 0.03390714658320292 0.07592592592592592
1 0.878716744913928 0.6013888888888889 0.03390714658320292 0.06111111111111111
0 0.8049034950443401 0.45601851851851855 0.05581637976004173 0.04351851851851852
1 0.27543035993740217 0.5421296296296296 0.020865936358894107 0.05462962962962963
0 0.48278560250391234 0.49166666666666664 0.050078247261345854 0.04259259259259259
1 0.22170057381324987 0.08055555555555556 0.023995826812728223 0.06018518518518518
1 0.874282733437663 0.775 0.0297339593114241 0.05648148148148148
1 0.7545644235785081 0.6361111111111111 0.023474178403755867 0.06018518518518518
1 0.8422013562858633 0.7777777777777778 0.023474178403755867 0.049074074074074076
1 0.26134585289514867 0.25324074074074077 0.036515388628064686 0.05555555555555555
1 0.5761606677099634 0.6180555555555556 0.02608242044861763 0.05740740740740741
1 0.6930099113197705 0.7467592592592592 0.023474178403755867 0.06481481481481481
0 0.47861241523213355 0.6884259259259259 0.04277516953573292 0.041666666666666664
0 0.9621804903495045 0.4671296296296296 0.05372978612415232 0.04259259259259259
1 0.06651017214397496 0.25601851851851853 0.03599374021909233 0.05555555555555555
1 0.9094940010432968 0.7351851851851852 0.025039123630672927 0.05462962962962963
1 0.12754303599374023 0.2722222222222222 0.037037037037037035 0.062037037037037036
1 0.6622326551904016 0.7481481481481481 0.02190923317683881 0.05740740740740741
1 0.8223787167449139 0.7287037037037037 0.018257694314032343 0.04537037037037037
1 0.49113197704747 0.6226851851851852 0.026604068857589983 0.075
1 0.38523735002608245 0.6037037037037037 0.02190923317683881 0.06944444444444445
1 0.9368805425143454 0.6472222222222223 0.0297339593114241 0.06666666666666667
1 0.7999478351591027 0.12361111111111112 0.0396452790818988 0.0712962962962963
1 0.6105894627021388 0.7564814814814815 0.01773604590505999 0.058333333333333334
1 0.7665623369848722 0.8064814814814815 0.018257694314032343 0.053703703703703705
1 0.8015127803860198 0.7643518518518518 0.03338549817423057 0.06481481481481481
1 0.30073030777256127 0.6888888888888889 0.018779342723004695 0.05185185185185185
1 0.6950965049556599 0.2074074074074074 0.02034428794992175 0.046296296296296294
1 0.23917579551382367 0.18935185185185185 0.019300991131977047 0.06111111111111111
1 0.868283776734481 0.7162037037037037 0.0297339593114241 0.062037037037037036
1 0.6661450182576943 0.6754629629629629 0.015127803860198226 0.04351851851851852
1 0.1298904538341158 0.6421296296296296 0.026604068857589983 0.06388888888888888
1 0.8437663015127804 0.1935185185185185 0.0297339593114241 0.05092592592592592
0 0.9001043296817944 0.5527777777777778 0.0495565988523735 0.04259259259259259
1 0.6442357850808555 0.6513888888888889 0.026604068857589983 0.05277777777777778
1 0.08059467918622848 0.8175925925925925 0.023995826812728223 0.07592592592592592
1 0.41497130933750653 0.7273148148148149 0.024517475221700575 0.07222222222222222
1 0.912623891497131 0.6986111111111111 0.03286384976525822 0.06944444444444445
1 0.7117892540427752 0.6560185185185186 0.024517475221700575 0.05462962962962963
1 0.5386019822639541 0.674074074074074 0.027125717266562335 0.06018518518518518
1 0.3286384976525822 0.8189814814814815 0.023474178403755867 0.05925925925925926
1 0.9835680751173709 0.7615740740740741 0.03025560772039645 0.06296296296296296
1 0.34663536776212833 0.6569444444444444 0.0198226395409494 0.07222222222222222
1 0.19535732916014606 0.31342592592592594 0.03286384976525822 0.05740740740740741
1 0.7342201356285863 0.749537037037037 0.01773604590505999 0.05092592592592592
1 0.906885758998435 0.7976851851851852 0.02034428794992175 0.05277777777777778
1 0.7652582159624414 0.1962962962962963 0.03338549817423057 0.05462962962962963
1 0.625717266562337 0.34305555555555556 0.03182055294731351 0.06944444444444445
1 0.18753260302556077 0.8671296296296296 0.018257694314032343 0.07037037037037037
1 0.4076682316118936 0.6486111111111111 0.01564945226917058 0.06574074074074074
1 0.3072509128847157 0.8787037037037037 0.022952529994783515 0.06481481481481481
1 0.7866458007303078 0.24537037037037038 0.026604068857589983 0.05925925925925926
1 0.5054773082942097 0.7425925925925926 0.018257694314032343 0.06481481481481481
1 0.8038601982263954 0.6680555555555555 0.02190923317683881 0.06018518518518518
1 0.1322378716744914 0.5569444444444445 0.023474178403755867 0.046296296296296294
1 0.576943140323422 0.7768518518518519 0.023995826812728223 0.05092592592592592
1 0.10980699008868022 0.700462962962963 0.028169014084507043 0.04814814814814815
1 0.198226395409494 0.3523148148148148 0.022430881585811163 0.058333333333333334
1 0.39801773604590507 0.774074074074074 0.025039123630672927 0.053703703703703705
1 0.25482524778299426 0.7064814814814815 0.028169014084507043 0.06481481481481481
1 0.09024517475221701 0.0787037037037037 0.03755868544600939 0.05555555555555555
1 0.1697965571205008 0.6421296296296296 0.03286384976525822 0.06851851851851852
1 0.09076682316118936 0.1287037037037037 0.03495044340114763 0.05277777777777778
1 0.07563901930099114 0.6930555555555555 0.028169014084507043 0.06574074074074074
1 0.26604068857589985 0.7439814814814815 0.02608242044861763 0.04722222222222222
1 0.03912363067292645 0.6518518518518519 0.027125717266562335 0.05092592592592592
1 0.09728742827334376 0.836574074074074 0.023474178403755867 0.06388888888888888
1 0.458528951486698 0.3662037037037037 0.024517475221700575 0.08611111111111111
1 0.4658320292123109 0.7819444444444444 0.01773604590505999 0.05277777777777778
1 0.7180490349504434 0.799074074074074 0.01773604590505999 0.04814814814814815
1 0.10067814293166406 0.16342592592592592 0.03599374021909233 0.06111111111111111
1 0.9483568075117371 0.8111111111111111 0.02764736567553469 0.06296296296296296
1 0.011737089201877934 0.2601851851851852 0.022952529994783515 0.05648148148148148
1 0.8153364632237872 0.1550925925925926 0.03808033385498174 0.05
1 0.7381324986958789 0.711574074074074 0.015127803860198226 0.03148148148148148
1 0.12702138758476786 0.7722222222222223 0.018779342723004695 0.04259259259259259
1 0.0957224830464267 0.6643518518518519 0.030777256129368807 0.05648148148148148
1 0.04773082942097027 0.8416666666666667 0.03442879499217527 0.06574074074074074
1 0.05372978612415232 0.5527777777777778 0.03755868544600939 0.053703703703703705