0 0.8854981742305686 0.5861111111111111 0.05894627021387585 0.04351851851851852
1 0.2597809076682316 0.3101851851851852 0.026604068857589983 0.04814814814814815
0 0.9551382368283776 0.4375 0.03182055294731351 0.062037037037037036
1 0.8847157016171101 0.6847222222222222 0.03912363067292645 0.062037037037037036
1 0.10067814293166406 0.8634259259259259 0.03390714658320292 0.06388888888888888
1 0.7081377151799687 0.38333333333333336 0.03495044340114763 0.06666666666666667
1 0.86697965571205 0.649074074074074 0.03234220135628586 0.06388888888888888
1 0.6458007303077725 0.4597222222222222 0.03025560772039645 0.06481481481481481
0 0.7297861241523214 0.5027777777777778 0.051643192488262914 0.044444444444444446
1 0.7991653625456442 0.1736111111111111 0.015127803860198226 0.046296296296296294
1 0.4634846113719353 0.4166666666666667 0.028169014084507043 0.05925925925925926
1 0.06729264475743349 0.2689814814814815 0.029212310902451747 0.05925925925925926
1 0.37741262389149716 0.8731481481481481 0.03338549817423057 0.05462962962962963
1 0.16118935837245696 0.37962962962962965 0.03338549817423057 0.06111111111111111
1 0.5821596244131455 0.6814814814814815 0.028169014084507043 0.05740740740740741
1 0.8849765258215962 0.20925925925925926 0.023995826812728223 0.05648148148148148
0 0.04929577464788732 0.6222222222222222 0.05738132498695879 0.053703703703703705
1 0.17344809598330724 0.26990740740740743 0.03025560772039645 0.058333333333333334
1 0.6369327073552425 0.23055555555555557 0.022430881585811163 0.07037037037037037
1 0.8179447052686489 0.6699074074074074 0.025039123630672927 0.06296296296296296
1 0.6199791340636411 0.825 0.03129890453834116 0.05648148148148148
1 0.4019300991131977 0.2986111111111111 0.02034428794992175 0.06574074074074074
1 0.6888367240479917 0.3074074074074074 0.02034428794992175 0.06388888888888888
1 0.2378716744913928 0.6754629629629629 0.030777256129368807 0.06481481481481481
1 0.10406885758998435 0.2351851851851852 0.02190923317683881 0.05185185185185185
1 0.5756390193009912 0.26990740740740743 0.026604068857589983 0.06481481481481481
1 0.13823682837767345 0.45231481481481484 0.03495044340114763 0.07314814814814814
1 0.6943140323422013 0.1712962962962963 0.022430881585811163 0.06666666666666667
0 0.704225352112676 0.5583333333333333 0.051643192488262914 0.06574074074074074
1 0.3813249869587898 0.950925925925926 0.03286384976525822 0.05092592592592592
1 0.5845070422535211 0.6453703703703704 0.018779342723004695 0.041666666666666664
1 0.5850286906624935 0.3347222222222222 0.02138758476786646 0.06296296296296296
1 0.24413145539906103 0.3861111111111111 0.02138758476786646 0.07592592592592592
1 0.6139801773604591 0.26944444444444443 0.0297339593114241 0.06851851851851852
1 0.13954094940010434 0.30648148148148147 0.03025560772039645 0.06481481481481481
1 0.3124673969744392 0.20601851851851852 0.023474178403755867 0.06296296296296296
1 0.23187271778821075 0.29212962962962963 0.0198226395409494 0.049074074074074076
1 0.18544600938967137 0.2388888888888889 0.026604068857589983 0.05092592592592592
1 0.20605112154407929 0.42314814814814816 0.03234220135628586 0.06759259259259259
1 0.25925925925925924 0.3597222222222222 0.02764736567553469 0.06574074074074074
1 0.05372978612415232 0.4550925925925926 0.0396452790818988 0.05185185185185185
1 0.9214919144496609 0.17037037037037037 0.0198226395409494 0.046296296296296294
1 0.009650495565988524 0.3277777777777778 0.018779342723004695 0.06666666666666667
1 0.7801251956181534 0.2310185185185185 0.03025560772039645 0.0712962962962963
1 0.9473135106937924 0.8472222222222222 0.0406885758998435 0.05648148148148148
1 0.968961919666145 0.7615740740740741 0.02764736567553469 0.049074074074074076
1 0.25039123630672927 0.9768518518518519 0.02764736567553469 0.03796296296296296
1 0.12754303599374023 0.3435185185185185 0.02556077203964528 0.06481481481481481
1 0.409754825247783 0.20833333333333334 0.01773604590505999 0.06851851851851852
1 0.4731351069379238 0.31157407407407406 0.023474178403755867 0.07407407407407407
1 0.2811684924360981 0.17777777777777778 0.023474178403755867 0.05925925925925926
1 0.5013041210224308 0.2652777777777778 0.020865936358894107 0.06388888888888888
1 0.22326551904016692 0.22083333333333333 0.02138758476786646 0.06018518518518518
1 0.1011997913406364 0.6601851851851852 0.03547209181011998 0.058333333333333334
1 0.827073552425665 0.34444444444444444 0.046948356807511735 0.09166666666666666
1 0.28325508607198746 0.12222222222222222 0.022952529994783515 0.06018518518518518
1 0.8385498174230569 0.26157407407407407 0.030777256129368807 0.06296296296296296
1 0.033646322378716745 0.5287037037037037 0.036515388628064686 0.05185185185185185
1 0.9280125195618153 0.2412037037037037 0.03234220135628586 0.05925925925925926
1 0.2861241523213354 0.25277777777777777 0.023474178403755867 0.05462962962962963
1 0.12597809076682315 0.17314814814814813 0.020865936358894107 0.06759259259259259
1 0.44522691705790296 0.2375 0.020865936358894107 0.05
1 0.5200834637454356 0.362962962962963 0.022952529994783515 0.062037037037037036
1 0.04747000521648409 0.3351851851851852 0.023474178403755867 0.05648148148148148
1 0.45644235785080856 0.262037037037037 0.0198226395409494 0.058333333333333334
1 0.07902973395931143 0.18194444444444444 0.022952529994783515 0.06296296296296296
1 0.04773082942097027 0.05092592592592592 0.01617110067814293 0.0712962962962963
1 0.103547209181012 0.825925925925926 0.028169014084507043 0.05925925925925926
1 0.011737089201877934 0.19305555555555556 0.02190923317683881 0.07222222222222222
1 0.8458528951486698 0.3175925925925926 0.02190923317683881 0.06388888888888888
1 0.9194053208137715 0.8069444444444445 0.03286384976525822 0.04814814814814815
1 0.3667188315075639 0.1685185185185185 0.023995826812728223 0.06388888888888888
1 0.37063119457485655 0.3148148148148148 0.024517475221700575 0.046296296296296294
1 0.9843505477308294 0.31527777777777777 0.028169014084507043 0.06851851851851852
1 0.45174752217005737 0.33935185185185185 0.02034428794992175 0.04537037037037037
1 0.4110589462702139 0.0962962962962963 0.012519561815336464 0.041666666666666664
1 0.033646322378716745 0.21851851851851853 0.0198226395409494 0.04259259259259259
1 0.7824726134585289 0.8342592592592593 0.03442879499217527 0.053703703703703705
1 0.8805425143453313 0.30277777777777776 0.023995826812728223 0.05740740740740741
1 0.037037037037037035 0.6731481481481482 0.046948356807511735 0.08796296296296297
1 0.03182055294731351 0.3023148148148148 0.018779342723004695 0.04722222222222222
1 0.9869587897756912 0.23148148148148148 0.02556077203964528 0.05925925925925926
1 0.21335419926969224 0.13425925925925927 0.028690662493479395 0.05555555555555555
1 0.04094940010432968 0.38055555555555554 0.03390714658320292 0.06388888888888888