0 0.9716145833333333 0.4351851851851852 0.04114583333333333 0.06481481481481481
0 0.12109375 0.524537037037037 0.04739583333333333 0.041666666666666664
0 0.296875 0.4652777777777778 0.043229166666666666 0.06481481481481481
0 0.28854166666666664 0.38333333333333336 0.046875 0.04259259259259259
0 0.17682291666666666 0.6407407407407407 0.05 0.04259259259259259
0 0.14791666666666667 0.425462962962963 0.050520833333333334 0.041666666666666664
0 0.86796875 0.30648148148148147 0.044270833333333336 0.03796296296296296
0 0.3109375 0.3458333333333333 0.04375 0.03888888888888889
0 0.13828125 0.3597222222222222 0.046875 0.046296296296296294
0 0.2203125 0.3226851851851852 0.04583333333333333 0.044444444444444446
0 0.9171875 0.6550925925925926 0.0546875 0.044444444444444446
0 0.22890625 0.5365740740740741 0.04114583333333333 0.06111111111111111
0 0.04583333333333333 0.5282407407407408 0.053125 0.044444444444444446
0 0.9158854166666667 0.5564814814814815 0.03125 0.05555555555555555
0 0.07369791666666667 0.6768518518518518 0.050520833333333334 0.04259259259259259
0 0.9731770833333333 0.4935185185185185 0.05364583333333333 0.04722222222222222
0 0.015625 0.47175925925925927 0.030208333333333334 0.044444444444444446
0 0.03671875 0.5861111111111111 0.052083333333333336 0.044444444444444446
0 0.9747395833333333 0.32916666666666666 0.04583333333333333 0.06296296296296296
0 0.93203125 0.39166666666666666 0.049479166666666664 0.03981481481481482