0 0.9341145833333333 0.4300925925925926 0.04479166666666667 0.05
1 0.6390625 0.16203703703703703 0.0203125 0.05925925925925926
0 0.42526041666666664 0.5731481481481482 0.044270833333333336 0.06666666666666667
0 0.05546875 0.40879629629629627 0.028645833333333332 0.06388888888888888
0 0.87265625 0.2675925925925926 0.04895833333333333 0.044444444444444446
0 0.58828125 0.3282407407407407 0.04375 0.040740740740740744
1 0.6572916666666667 0.1574074074074074 0.015625 0.05185185185185185
0 0.2734375 0.31527777777777777 0.03229166666666667 0.06111111111111111
0 0.5815104166666667 0.36342592592592593 0.04791666666666667 0.04351851851851852
0 0.06953125 0.27824074074074073 0.0453125 0.041666666666666664
0 0.5802083333333333 0.4824074074074074 0.0515625 0.04537037037037037
0 0.7015625 0.5532407407407407 0.053125 0.05
0 0.04453125 0.3351851851851852 0.04895833333333333 0.03981481481481482
0 0.3692708333333333 0.4587962962962963 0.05 0.041666666666666664
0 0.17838541666666666 0.7708333333333334 0.05625 0.07222222222222222
0 0.10677083333333333 0.2462962962962963 0.034375 0.03333333333333333
0 0.828125 0.3194444444444444 0.029166666666666667 0.06018518518518518
0 0.03619791666666667 0.4828703703703704 0.05572916666666667 0.04259259259259259