0 0.763671875 0.4275173611111111 0.047607421875 0.06260850694444445
0 0.53515625 0.4730902777777778 0.04931640625 0.045355902777777776
0 0.77783203125 0.5759548611111112 0.049774169921875 0.043999565972222224
0 0.734375 0.2927517361111111 0.045196533203125 0.044243706597222224
0 0.775390625 0.6566840277777778 0.051544189453125 0.04391818576388889
0 0.169189453125 0.3825954861111111 0.047882080078125 0.05495876736111111
0 0.83740234375 0.333984375 0.049224853515625 0.04503038194444445
0 0.57861328125 0.3899739583333333 0.045867919921875 0.04408094618055555
0 0.974609375 0.5026041666666666 0.05145263671875 0.07074652777777778
0 0.7197265625 0.5321180555555556 0.044342041015625 0.0537109375
0 0.33544921875 0.3721788194444444 0.036834716796875 0.06797960069444445
0 0.423583984375 0.6814236111111112 0.050994873046875 0.06380208333333333
0 0.80810546875 0.7417534722222222 0.046478271484375 0.05433485243055555
0 0.935546875 0.5850694444444444 0.03656005859375 0.05653211805555555
0 0.363037109375 0.4474826388888889 0.0345458984375 0.06331380208333333
1 0.51025390625 0.1633029513888889 0.01107025146484375 0.05642361111111111