0 0.5684895833333333 0.5041666666666667 0.051041666666666666 0.046296296296296294
0 0.021614583333333333 0.39537037037037037 0.042708333333333334 0.046296296296296294
0 0.196875 0.3398148148148148 0.046875 0.04351851851851852
0 0.5658854166666667 0.5976851851851852 0.0515625 0.041666666666666664
0 0.42135416666666664 0.4930555555555556 0.04895833333333333 0.046296296296296294
0 0.29791666666666666 0.3958333333333333 0.0453125 0.04814814814814815
0 0.7401041666666667 0.43425925925925923 0.049479166666666664 0.041666666666666664
0 0.3046875 0.3402777777777778 0.04375 0.04351851851851852
0 0.47161458333333334 0.3726851851851852 0.043229166666666666 0.041666666666666664
0 0.5138020833333333 0.43842592592592594 0.042708333333333334 0.041666666666666664
0 0.77265625 0.6222222222222222 0.052083333333333336 0.05092592592592592
0 0.09947916666666666 0.5263888888888889 0.04583333333333333 0.05277777777777778
0 0.5575520833333333 0.8976851851851851 0.026041666666666668 0.05648148148148148
0 0.44635416666666666 0.15787037037037038 0.017708333333333333 0.046296296296296294