0 0.6385416666666667 0.5800925925925926 0.0515625 0.05555555555555555
0 0.23385416666666667 0.41712962962962963 0.05260416666666667 0.03888888888888889
0 0.73046875 0.4444444444444444 0.04791666666666667 0.05462962962962963
0 0.5830729166666667 0.4074074074074074 0.04739583333333333 0.04259259259259259
0 0.9247395833333333 0.5523148148148148 0.05625 0.044444444444444446
1 0.67421875 0.25324074074074077 0.021354166666666667 0.06666666666666667
1 0.8682291666666667 0.2810185185185185 0.027604166666666666 0.06111111111111111
0 0.8315104166666667 0.4513888888888889 0.04635416666666667 0.04537037037037037
0 0.32109375 0.538425925925926 0.0515625 0.06018518518518518
0 0.12604166666666666 0.6462962962962963 0.046875 0.062037037037037036
0 0.5880208333333333 0.350462962962963 0.04114583333333333 0.05092592592592592
1 0.77734375 0.24027777777777778 0.026041666666666668 0.075
0 0.5971354166666667 0.712037037037037 0.051041666666666666 0.06481481481481481
0 0.03411458333333333 0.5578703703703703 0.0515625 0.07407407407407407
0 0.8231770833333333 0.600462962962963 0.05260416666666667 0.06018518518518518
1 0.08203125 0.29583333333333334 0.024479166666666666 0.05740740740740741
1 0.509375 0.29583333333333334 0.023958333333333335 0.075
0 0.8479166666666667 0.525 0.052083333333333336 0.05
0 0.9703125 0.7458333333333333 0.04791666666666667 0.06759259259259259
0 0.8927083333333333 0.6712962962962963 0.04895833333333333 0.05092592592592592
0 0.0359375 0.45185185185185184 0.0515625 0.06481481481481481
0 0.13098958333333333 0.4652777777777778 0.05520833333333333 0.062037037037037036
0 0.14036458333333332 0.4 0.0515625 0.05462962962962963
0 0.17786458333333333 0.34074074074074073 0.04739583333333333 0.06759259259259259