1 0.6371935315597287 0.20601851851851852 0.03547209181011998 0.06018518518518518
1 0.3711528429838289 0.749537037037037 0.020865936358894107 0.06018518518518518
1 0.7769953051643192 0.13564814814814816 0.03599374021909233 0.06018518518518518
0 0.7456964006259781 0.4337962962962963 0.053208137715179966 0.04814814814814815
0 0.8135106937923839 0.5375 0.050078247261345854 0.044444444444444446
1 0.9402712571726656 0.36064814814814816 0.03390714658320292 0.05092592592592592
0 0.3868022952529995 0.46064814814814814 0.04121022430881586 0.0712962962962963
1 0.9817423056859677 0.25277777777777777 0.036515388628064686 0.06111111111111111
1 0.30672926447574334 0.8 0.016692749087115284 0.06296296296296296
1 0.6755346896191967 0.32175925925925924 0.023995826812728223 0.06944444444444445
0 0.03912363067292645 0.43703703703703706 0.05894627021387585 0.04351851851851852
1 0.3758476786645801 0.6657407407407407 0.022430881585811163 0.06481481481481481
1 0.43401147626499736 0.6620370370370371 0.022430881585811163 0.06481481481481481
1 0.5062597809076682 0.26851851851851855 0.02034428794992175 0.06111111111111111
1 0.2357850808555034 0.05462962962962963 0.041731872717788214 0.06481481481481481
1 0.2699530516431925 0.8004629629629629 0.022952529994783515 0.06574074074074074
1 0.8427230046948356 0.24027777777777778 0.03442879499217527 0.07314814814814814
1 0.51773604590506 0.375 0.029212310902451747 0.06944444444444445
0 0.7376108502869066 0.4708333333333333 0.05372978612415232 0.04259259259259259
0 0.6507563901930099 0.5407407407407407 0.050078247261345854 0.037037037037037035
1 0.854981742305686 0.35324074074074074 0.028690662493479395 0.05462962962962963
1 0.01069379238393323 0.825 0.02138758476786646 0.06481481481481481
1 0.9613980177360459 0.4078703703703704 0.02608242044861763 0.05185185185185185
1 0.7550860719874805 0.300462962962963 0.03182055294731351 0.06111111111111111
1 0.8075117370892019 0.2962962962962963 0.03495044340114763 0.06296296296296296
1 0.971830985915493 0.15833333333333333 0.03808033385498174 0.058333333333333334
1 0.6371935315597287 0.10555555555555556 0.026604068857589983 0.06111111111111111
1 0.6677099634846114 0.6675925925925926 0.027125717266562335 0.06944444444444445
1 0.8348982785602503 0.33287037037037037 0.027125717266562335 0.05740740740740741
1 0.5639019300991132 0.7282407407407407 0.023995826812728223 0.06851851851851852
1 0.13615023474178403 0.2574074074074074 0.03338549817423057 0.05092592592592592
1 0.8508085550339072 0.8074074074074075 0.02138758476786646 0.04814814814814815
0 0.6126760563380281 0.43194444444444446 0.048513302034428794 0.05185185185185185
1 0.23056859676577987 0.862037037037037 0.023474178403755867 0.07685185185185185
1 0.03182055294731351 0.20972222222222223 0.036515388628064686 0.058333333333333334
0 0.55320813771518 0.487962962962963 0.046948356807511735 0.041666666666666664
1 0.4681794470526865 0.7444444444444445 0.016692749087115284 0.06481481481481481
1 0.13928012519561817 0.20462962962962963 0.03808033385498174 0.053703703703703705
1 0.48487219613980176 0.6814814814814815 0.028690662493479395 0.07037037037037037
0 0.4945226917057903 0.4300925925925926 0.04434011476264997 0.053703703703703705
1 0.07563901930099114 0.6314814814814815 0.030777256129368807 0.041666666666666664
1 0.616849243609807 0.687037037037037 0.0198226395409494 0.05092592592592592
1 0.8612415232133542 0.17685185185185184 0.03755868544600939 0.053703703703703705
1 0.9877412623891497 0.8064814814814815 0.022430881585811163 0.05648148148148148
1 0.5774647887323944 0.6666666666666666 0.022430881585811163 0.05925925925925926
1 0.531038080333855 0.7314814814814815 0.02138758476786646 0.06851851851851852
1 0.6591027647365676 0.5740740740740741 0.02190923317683881 0.046296296296296294
1 0.1011997913406364 0.07453703703703704 0.03808033385498174 0.05925925925925926
1 0.07329160146061554 0.8393518518518519 0.02556077203964528 0.06481481481481481
1 0.17814293166405842 0.062037037037037036 0.03912363067292645 0.06481481481481481
1 0.024517475221700575 0.26435185185185184 0.03912363067292645 0.04722222222222222
1 0.7180490349504434 0.7282407407407407 0.028169014084507043 0.05555555555555555
1 0.12023995826812728 0.8578703703703704 0.027125717266562335 0.06388888888888888
1 0.764736567553469 0.7583333333333333 0.0198226395409494 0.058333333333333334
1 0.652321335419927 0.7555555555555555 0.022430881585811163 0.06574074074074074
1 0.16171100678142933 0.10648148148148148 0.022952529994783515 0.05555555555555555
1 0.47522170057381324 0.1388888888888889 0.03025560772039645 0.07685185185185185
1 0.6158059467918623 0.6138888888888889 0.0297339593114241 0.05555555555555555
1 0.622848200312989 0.7893518518518519 0.019300991131977047 0.046296296296296294
1 0.207094418362024 0.7731481481481481 0.0297339593114241 0.05462962962962963
1 0.9374021909233177 0.7305555555555555 0.0297339593114241 0.06481481481481481
1 0.1697965571205008 0.8527777777777777 0.026604068857589983 0.07685185185185185
1 0.2543035993740219 0.14814814814814814 0.03286384976525822 0.0787037037037037
1 0.04042775169535733 0.06296296296296296 0.04225352112676056 0.08796296296296297
1 0.32968179447052687 0.055092592592592596 0.0406885758998435 0.06851851851851852
1 0.6768388106416275 0.08842592592592592 0.036515388628064686 0.05925925925925926
1 0.8395931142410016 0.6939814814814815 0.03234220135628586 0.05462962962962963
1 0.36724047991653624 0.5990740740740741 0.0198226395409494 0.058333333333333334
1 0.07902973395931143 0.15416666666666667 0.028690662493479395 0.05740740740740741
1 0.9160146061554513 0.7986111111111112 0.023474178403755867 0.06851851851851852
1 0.8711528429838289 0.7694444444444445 0.030777256129368807 0.06574074074074074
1 0.9859154929577465 0.75 0.02764736567553469 0.05925925925925926
1 0.13823682837767345 0.5967592592592592 0.022952529994783515 0.05185185185185185
1 0.8176838810641628 0.775 0.029212310902451747 0.05648148148148148
1 0.960093896713615 0.6768518518518518 0.03234220135628586 0.06666666666666667
1 0.8998435054773083 0.7018518518518518 0.03234220135628586 0.04722222222222222
1 0.1421491914449661 0.14675925925925926 0.03286384976525822 0.058333333333333334
1 0.06442357850808555 0.34120370370370373 0.03808033385498174 0.05555555555555555
1 0.7250912884715701 0.8009259259259259 0.02556077203964528 0.049074074074074076
1 0.16458007303077726 0.7060185185185185 0.03025560772039645 0.05462962962962963
1 0.01904016692749087 0.937962962962963 0.016692749087115284 0.06481481481481481
1 0.041992696922274385 0.6768518518518518 0.02034428794992175 0.04537037037037037
1 0.1992696922274387 0.7162037037037037 0.027125717266562335 0.046296296296296294
1 0.989567031820553 0.07592592592592592 0.020865936358894107 0.05092592592592592
1 0.7944705268648931 0.7111111111111111 0.03182055294731351 0.05925925925925926
1 0.1366718831507564 0.6898148148148148 0.02190923317683881 0.040740740740740744
1 0.18466353677621283 0.5782407407407407 0.023995826812728223 0.037037037037037035
1 0.04042775169535733 0.7138888888888889 0.03182055294731351 0.04259259259259259
1 0.1697965571205008 0.7449074074074075 0.020865936358894107 0.03981481481481482
1 0.5912884715701617 0.7800925925925926 0.015127803860198226 0.04259259259259259
1 0.14736567553468963 0.65 0.03442879499217527 0.05092592592592592
1 0.6244131455399061 0.725925925925926 0.03234220135628586 0.046296296296296294
1 0.3471570161711007 0.8796296296296297 0.014606155451225874 0.07407407407407407
1 0.6776212832550861 0.7287037037037037 0.020865936358894107 0.04259259259259259
1 0.9919144496609286 0.8833333333333333 0.01617110067814293 0.06759259259259259
1 0.9903495044340115 0.4486111111111111 0.019300991131977047 0.05185185185185185
0 0.46870109546165883 0.5018518518518519 0.04329681794470527 0.08055555555555556