1 0.28821074595722485 0.40324074074074073 0.029212310902451747 0.062037037037037036
1 0.8103808033385498 0.836574074074074 0.037037037037037035 0.05925925925925926
1 0.8615023474178404 0.43194444444444446 0.03599374021909233 0.058333333333333334
1 0.10067814293166406 0.8166666666666667 0.02764736567553469 0.06296296296296296
1 0.35941575378195095 0.3625 0.022952529994783515 0.06944444444444445
1 0.504434011476265 0.8560185185185185 0.03547209181011998 0.05277777777777778
1 0.45957224830464266 0.42407407407407405 0.028690662493479395 0.06574074074074074
1 0.7723004694835681 0.674074074074074 0.02608242044861763 0.05648148148148148
0 0.33255086071987483 0.5791666666666667 0.05112154407929056 0.046296296296296294
0 0.7110067814293166 0.4652777777777778 0.030777256129368807 0.05925925925925926
1 0.9128847157016171 0.7462962962962963 0.03599374021909233 0.05277777777777778
0 0.4697443922796036 0.5578703703703703 0.05425143453312467 0.04814814814814815
0 0.11424100156494522 0.5986111111111111 0.057902973395931145 0.05092592592592592
0 0.5560772039645279 0.5884259259259259 0.030777256129368807 0.06666666666666667
1 0.09415753781950965 0.3680555555555556 0.03129890453834116 0.07037037037037037
1 0.5618153364632238 0.4162037037037037 0.023474178403755867 0.044444444444444446
1 0.7081377151799687 0.34814814814814815 0.023995826812728223 0.06574074074074074
1 0.260302556077204 0.8351851851851851 0.03129890453834116 0.062037037037037036
1 0.11815336463223787 0.8851851851851852 0.028169014084507043 0.05555555555555555
1 0.14345331246739698 0.3541666666666667 0.03129890453834116 0.062037037037037036
1 0.3140323422013563 0.20462962962962963 0.024517475221700575 0.06851851851851852
1 0.9314032342201356 0.3490740740740741 0.020865936358894107 0.06388888888888888
1 0.9285341679707877 0.41388888888888886 0.03547209181011998 0.06388888888888888
1 0.10459050599895671 0.2462962962962963 0.029212310902451747 0.06574074074074074
1 0.3555033907146583 0.13055555555555556 0.02034428794992175 0.0712962962962963
1 0.510432968179447 0.3611111111111111 0.02764736567553469 0.06018518518518518
1 0.03912363067292645 0.16064814814814815 0.03182055294731351 0.06388888888888888
1 0.46870109546165883 0.30833333333333335 0.018779342723004695 0.062037037037037036
1 0.5367762128325508 0.9722222222222222 0.03025560772039645 0.05185185185185185
1 0.550339071465832 0.33425925925925926 0.024517475221700575 0.05740740740740741
1 0.4076682316118936 0.7194444444444444 0.023474178403755867 0.05740740740740741
1 0.7889932185706834 0.9462962962962963 0.03234220135628586 0.058333333333333334
1 0.2608242044861763 0.1486111111111111 0.02608242044861763 0.06018518518518518
1 0.7918622848200313 0.2564814814814815 0.023474178403755867 0.05462962962962963
1 0.5216484089723527 0.23472222222222222 0.028169014084507043 0.05277777777777778
1 0.13171622326551904 0.22685185185185186 0.027125717266562335 0.05648148148148148
1 0.9804381846635368 0.22685185185185186 0.028690662493479395 0.06574074074074074
0 0.7532603025560772 0.5805555555555556 0.0505998956703182 0.05
1 0.7848200312989045 0.1912037037037037 0.026604068857589983 0.06111111111111111
1 0.350547730829421 0.8800925925925925 0.022952529994783515 0.053703703703703705
1 0.4903495044340115 0.937037037037037 0.038601982263954095 0.06018518518518518
1 0.40375586854460094 0.27870370370370373 0.019300991131977047 0.058333333333333334
1 0.01904016692749087 0.2671296296296296 0.03495044340114763 0.062037037037037036
1 0.3455920709441836 0.6513888888888889 0.03338549817423057 0.05092592592592592
1 0.08685446009389672 0.31157407407407406 0.029212310902451747 0.05462962962962963
1 0.3398539384454877 0.749537037037037 0.03442879499217527 0.05555555555555555
1 0.6351069379238393 0.23055555555555557 0.023995826812728223 0.06481481481481481
0 0.018257694314032343 0.6462962962962963 0.036515388628064686 0.053703703703703705
1 0.5252999478351591 0.712037037037037 0.03495044340114763 0.05092592592592592
1 0.9368805425143454 0.2449074074074074 0.028169014084507043 0.06111111111111111
1 0.3114241001564945 0.30324074074074076 0.015127803860198226 0.041666666666666664
1 0.06677099634846113 0.055092592592592596 0.016692749087115284 0.07037037037037037
1 0.9050599895670318 0.2986111111111111 0.02764736567553469 0.05462962962962963
1 0.2537819509650496 0.2740740740740741 0.02138758476786646 0.05092592592592592
1 0.7230046948356808 0.25601851851851853 0.02034428794992175 0.05092592592592592
1 0.5477308294209703 0.21898148148148147 0.022952529994783515 0.05740740740740741
1 0.40036515388628063 0.21851851851851853 0.018257694314032343 0.053703703703703705
1 0.013562858633281168 0.4041666666666667 0.022430881585811163 0.06481481481481481
1 0.47417840375586856 0.7555555555555555 0.02190923317683881 0.06111111111111111
1 0.2749087115284298 0.3296296296296296 0.024517475221700575 0.030555555555555555
1 0.009389671361502348 0.3421296296296296 0.018257694314032343 0.05740740740740741
1 0.9402712571726656 0.19537037037037036 0.018257694314032343 0.04537037037037037
1 0.19092331768388107 0.15787037037037038 0.01564945226917058 0.05462962962962963
1 0.5730307772561294 0.29305555555555557 0.01564945226917058 0.06481481481481481