1 0.2224830464267084 0.2449074074074074 0.0297339593114241 0.05648148148148148
1 0.9300991131977048 0.6805555555555556 0.03547209181011998 0.06851851851851852
1 0.3797600417318727 0.21851851851851853 0.028169014084507043 0.06296296296296296
1 0.6664058424621805 0.8125 0.018779342723004695 0.06388888888888888
1 0.3002086593635889 0.28564814814814815 0.03182055294731351 0.058333333333333334
0 0.8617631716223265 0.4652777777777778 0.05216484089723526 0.046296296296296294
0 0.596244131455399 0.5078703703703704 0.04590505998956703 0.05
0 0.9233176838810642 0.3837962962962963 0.056338028169014086 0.04722222222222222
1 0.7704747000521649 0.09768518518518518 0.03547209181011998 0.07777777777777778
1 0.45461658841940533 0.1837962962962963 0.03286384976525822 0.062037037037037036
0 0.7996870109546166 0.5101851851851852 0.053208137715179966 0.044444444444444446
0 0.21100678142931664 0.42685185185185187 0.050078247261345854 0.04351851851851852
1 0.41471048513302033 0.600462962962963 0.02608242044861763 0.0712962962962963
1 0.3604590505998957 0.11851851851851852 0.02764736567553469 0.05648148148148148
1 0.760302556077204 0.5731481481481482 0.0198226395409494 0.06759259259259259
0 0.5093896713615024 0.4101851851851852 0.04121022430881586 0.049074074074074076
0 0.5049556598852374 0.4740740740740741 0.044861763171622326 0.046296296296296294
1 0.640584246218049 0.6393518518518518 0.02190923317683881 0.06296296296296296
1 0.6270213875847679 0.09259259259259259 0.03182055294731351 0.08796296296296297
1 0.8187271778821075 0.7583333333333333 0.029212310902451747 0.06388888888888888
1 0.1366718831507564 0.09166666666666666 0.04538341158059468 0.062037037037037036
0 0.7217005738132499 0.36203703703703705 0.056859676577986434 0.04814814814814815
1 0.3763693270735524 0.6356481481481482 0.022952529994783515 0.06574074074074074
0 0.22952529994783516 0.49907407407407406 0.050078247261345854 0.04351851851851852
1 0.28012519561815336 0.5564814814814815 0.03495044340114763 0.06574074074074074
1 0.636150234741784 0.7597222222222222 0.022952529994783515 0.06296296296296296
0 0.689358372456964 0.4824074074074074 0.05372978612415232 0.05277777777777778
1 0.9747000521648409 0.725462962962963 0.03442879499217527 0.06296296296296296
1 0.0748565466875326 0.6930555555555555 0.030777256129368807 0.06296296296296296
1 0.7446531038080334 0.749537037037037 0.022952529994783515 0.0787037037037037
1 0.02112676056338028 0.6106481481481482 0.03234220135628586 0.07407407407407407
0 0.951225873761085 0.5666666666666667 0.03338549817423057 0.06296296296296296
1 0.9692227438706312 0.12685185185185185 0.028690662493479395 0.05462962962962963
1 0.582942097026604 0.6532407407407408 0.029212310902451747 0.06296296296296296
1 0.9261867501304121 0.24768518518518517 0.036515388628064686 0.07222222222222222
1 0.8148148148148148 0.5833333333333334 0.03495044340114763 0.06851851851851852
1 0.7655190401669275 0.1925925925925926 0.03182055294731351 0.05462962962962963
1 0.7480438184663537 0.6606481481481481 0.02138758476786646 0.06296296296296296
1 0.1770996348461137 0.2726851851851852 0.023474178403755867 0.044444444444444446
1 0.297339593114241 0.7402777777777778 0.022952529994783515 0.06296296296296296
1 0.9282733437663016 0.17453703703703705 0.03025560772039645 0.06018518518518518
1 0.07955138236828378 0.7699074074074074 0.028690662493479395 0.06111111111111111
1 0.18153364632237873 0.16898148148148148 0.03755868544600939 0.05185185185185185
1 0.2720396452790819 0.6328703703703704 0.024517475221700575 0.06481481481481481
1 0.20318205529473135 0.7439814814814815 0.0198226395409494 0.049074074074074076
1 0.23395931142410015 0.6277777777777778 0.03338549817423057 0.06388888888888888
1 0.37271778821074597 0.825462962962963 0.014606155451225874 0.05277777777777778
0 0.6958789775691184 0.42916666666666664 0.03025560772039645 0.06388888888888888
0 0.11867501304121023 0.4393518518518518 0.051643192488262914 0.044444444444444446
1 0.414188836724048 0.6916666666666667 0.03599374021909233 0.07037037037037037
1 0.3414188836724048 0.30648148148148147 0.03390714658320292 0.05185185185185185
1 0.3570683359415754 0.7379629629629629 0.020865936358894107 0.06388888888888888
1 0.3095983307250913 0.6185185185185185 0.024517475221700575 0.05740740740740741
1 0.5409494001043297 0.7300925925925926 0.02190923317683881 0.053703703703703705
1 0.11163275952008346 0.9532407407407407 0.018257694314032343 0.04537037037037037
0 0.5263432446531038 0.1597222222222222 0.030777256129368807 0.09074074074074075
1 0.6147626499739176 0.2152777777777778 0.02190923317683881 0.05740740740740741
1 0.6737089201877934 0.6912037037037037 0.025039123630672927 0.05277777777777778
1 0.9478351591027647 0.9226851851851852 0.016692749087115284 0.06944444444444445
1 0.15023474178403756 0.749537037037037 0.020865936358894107 0.06018518518518518
1 0.909754825247783 0.0837962962962963 0.02608242044861763 0.04537037037037037
1 0.8257694314032342 0.9518518518518518 0.016692749087115284 0.05092592592592592
1 0.17370892018779344 0.5791666666666667 0.023995826812728223 0.05
1 0.2811684924360981 0.8296296296296296 0.017214397496087636 0.06574074074074074
1 0.8505477308294209 0.6226851851851852 0.022952529994783515 0.03888888888888889
1 0.730829420970266 0.8587962962962963 0.025039123630672927 0.05277777777777778
1 0.053468961919666144 0.7856481481481481 0.02190923317683881 0.05555555555555555
0 0.8729786124152321 0.3597222222222222 0.05581637976004173 0.058333333333333334