0 0.74560546875 0.4856770833333333 0.048492431640625 0.04747178819444445
0 0.5361328125 0.291015625 0.04302978515625 0.04163953993055555
0 0.6103515625 0.4207899305555556 0.04400634765625 0.06141493055555555
0 0.75390625 0.380859375 0.048675537109375 0.043755425347222224
1 0.5595703125 0.15321180555555555 0.0144500732421875 0.05783420138888889
0 0.9760513305664062 0.2766927083333333 0.0478973388671875 0.04503038194444445
0 0.56884765625 0.3556857638888889 0.0313720703125 0.0666232638888889
0 0.147705078125 0.328125 0.0238189697265625 0.06597222222222222
0 0.92138671875 0.7000868055555556 0.046539306640625 0.05859375
0 0.4208984375 0.3943142361111111 0.04986572265625 0.05740017361111111
0 0.9735863095238098 0.5125661375661377 0.04985119047619039 0.07010582010582017