0 0.30672926447574334 0.37083333333333335 0.048513302034428794 0.05648148148148148
0 0.7018779342723005 0.26296296296296295 0.04590505998956703 0.053703703703703705
1 0.10485133020344288 0.7291666666666666 0.029212310902451747 0.08518518518518518
1 0.16014606155451225 0.6791666666666667 0.03182055294731351 0.06851851851851852
1 0.29447052686489306 0.812962962962963 0.025039123630672927 0.06388888888888888
0 0.8390714658320292 0.39814814814814814 0.05216484089723526 0.04537037037037037
0 0.5425143453312468 0.24861111111111112 0.056338028169014086 0.04537037037037037
1 0.1697965571205008 0.7541666666666667 0.022952529994783515 0.08333333333333333
1 0.103547209181012 0.8064814814814815 0.027125717266562335 0.06018518518518518
0 0.3364632237871675 0.5388888888888889 0.041731872717788214 0.04814814814814815
1 0.7175273865414711 0.6722222222222223 0.041731872717788214 0.08888888888888889
1 0.8197704747000522 0.6648148148148149 0.025039123630672927 0.06388888888888888
1 0.013562858633281168 0.775 0.02556077203964528 0.06759259259259259
1 0.8620239958268128 0.7763888888888889 0.026604068857589983 0.06296296296296296
1 0.09415753781950965 0.6518518518518519 0.027125717266562335 0.06574074074074074
1 0.3539384454877413 0.8574074074074074 0.025039123630672927 0.06388888888888888
1 0.8226395409494001 0.7546296296296297 0.03182055294731351 0.06851851851851852
1 0.3677621283255086 0.712037037037037 0.029212310902451747 0.05092592592592592
1 0.4160146061554512 0.6837962962962963 0.019300991131977047 0.06018518518518518
0 0.6679707876890976 0.5310185185185186 0.054773082942097026 0.05
1 0.45174752217005737 0.056018518518518516 0.022430881585811163 0.05925925925925926
1 0.1332811684924361 0.06157407407407407 0.03495044340114763 0.053703703703703705
1 0.39697443922796033 0.7851851851851852 0.016692749087115284 0.06574074074074074
0 0.9212310902451748 0.36435185185185187 0.046948356807511735 0.05185185185185185
1 0.5568596765779864 0.6643518518518519 0.023995826812728223 0.06018518518518518
1 0.6645800730307773 0.6921296296296297 0.026604068857589983 0.05925925925925926
1 0.45174752217005737 0.6236111111111111 0.02556077203964528 0.06481481481481481
1 0.18701095461658843 0.6199074074074075 0.02764736567553469 0.06759259259259259
1 0.763432446531038 0.6231481481481481 0.023995826812728223 0.06574074074074074
1 0.6601460615545123 0.6064814814814815 0.018779342723004695 0.062037037037037036
1 0.0341679707876891 0.8041666666666667 0.026604068857589983 0.06111111111111111
1 0.36280646844027126 0.6532407407407408 0.025039123630672927 0.06111111111111111
1 0.5534689619196661 0.7236111111111111 0.02764736567553469 0.06759259259259259
1 0.8797600417318727 0.6365740740740741 0.029212310902451747 0.06481481481481481
1 0.21387584767866458 0.6921296296296297 0.03234220135628586 0.07222222222222222
1 0.32655190401669276 0.7685185185185185 0.015127803860198226 0.06111111111111111
1 0.5847678664580073 0.7013888888888888 0.023474178403755867 0.06666666666666667
0 0.2871674491392801 0.5527777777777778 0.051643192488262914 0.05
0 0.38914971309337504 0.4212962962962963 0.04747000521648409 0.04722222222222222
1 0.46426708398539385 0.7092592592592593 0.018779342723004695 0.06666666666666667
0 0.32629107981220656 0.49537037037037035 0.050078247261345854 0.04722222222222222
1 0.458528951486698 0.7759259259259259 0.013041210224308816 0.06018518518518518
1 0.6823161189358372 0.7324074074074074 0.0297339593114241 0.05925925925925926
1 0.5073030777256129 0.6703703703703704 0.018257694314032343 0.06296296296296296
1 0.9006259780907668 0.7490740740740741 0.03286384976525822 0.06018518518518518
0 0.838810641627543 0.45740740740740743 0.053208137715179966 0.04351851851851852
1 0.9293166405842462 0.6699074074074074 0.03182055294731351 0.06666666666666667
1 0.7274387063119457 0.7393518518518518 0.037037037037037035 0.053703703703703705
1 0.01564945226917058 0.6199074074074075 0.029212310902451747 0.06666666666666667
0 0.19640062597809077 0.38657407407407407 0.054773082942097026 0.06944444444444445
1 0.5336463223787168 0.774074074074074 0.013041210224308816 0.062037037037037036
0 0.25482524778299426 0.2875 0.053208137715179966 0.05740740740740741
0 0.4507042253521127 0.38796296296296295 0.040166927490871154 0.06018518518518518
0 0.8330725091288471 0.5166666666666667 0.05372978612415232 0.04722222222222222
0 0.6358894105372979 0.3962962962962963 0.04329681794470527 0.058333333333333334
1 0.017996870109546165 0.24166666666666667 0.03390714658320292 0.053703703703703705
1 0.2876890975482525 0.600462962962963 0.019300991131977047 0.046296296296296294
1 0.10198226395409495 0.9087962962962963 0.02190923317683881 0.07037037037037037
0 0.022952529994783515 0.48842592592592593 0.03808033385498174 0.04351851851851852
1 0.02477829942618675 0.7074074074074074 0.03129890453834116 0.06944444444444445
1 0.9908711528429839 0.5273148148148148 0.01773604590505999 0.06388888888888888
1 0.5719874804381847 0.016203703703703703 0.022952529994783515 0.02962962962962963
1 0.01278038601982264 0.41805555555555557 0.023995826812728223 0.06481481481481481