1 0.7386541471048513 0.3398148148148148 0.03547209181011998 0.05740740740740741
0 0.7081377151799687 0.48842592592592593 0.0495565988523735 0.046296296296296294
1 0.9024517475221701 0.3476851851851852 0.03286384976525822 0.05277777777777778
1 0.24517475221700574 0.55 0.028690662493479395 0.05925925925925926
1 0.7190923317683882 0.6921296296296297 0.018779342723004695 0.046296296296296294
0 0.779603547209181 0.5685185185185185 0.0495565988523735 0.03888888888888889
1 0.6262389149713093 0.6921296296296297 0.018779342723004695 0.06018518518518518
0 0.53547209181012 0.5398148148148149 0.04747000521648409 0.04814814814814815
0 0.3539384454877413 0.49166666666666664 0.038601982263954095 0.04259259259259259
1 0.9462702138758476 0.5041666666666667 0.028690662493479395 0.07037037037037037
1 0.5811163275952008 0.6152777777777778 0.020865936358894107 0.06481481481481481
0 0.6851851851851852 0.5398148148148149 0.04747000521648409 0.04814814814814815
0 0.2876890975482525 0.425462962962963 0.04747000521648409 0.046296296296296294
1 0.6163275952008347 0.31666666666666665 0.026604068857589983 0.05740740740740741
0 0.46426708398539385 0.4287037037037037 0.047991653625456446 0.05
1 0.9045383411580594 0.6509259259259259 0.03338549817423057 0.04814814814814815
0 0.21178925404277518 0.3888888888888889 0.05425143453312467 0.046296296296296294
0 0.16249347939488784 0.44537037037037036 0.0605112154407929 0.04722222222222222
1 0.779603547209181 0.6564814814814814 0.02764736567553469 0.06574074074074074
0 0.2509128847157016 0.33194444444444443 0.057902973395931145 0.04814814814814815
1 0.9439227960354721 0.2 0.03755868544600939 0.06111111111111111
0 0.5938967136150235 0.5009259259259259 0.03025560772039645 0.05185185185185185
1 0.8155972874282733 0.7180555555555556 0.03182055294731351 0.058333333333333334
1 0.2918622848200313 0.5745370370370371 0.0297339593114241 0.06481481481481481
1 0.17031820552947313 0.2518518518518518 0.022952529994783515 0.05185185185185185
1 0.878716744913928 0.16620370370370371 0.028690662493479395 0.06481481481481481
1 0.12493479394887845 0.5574074074074075 0.022952529994783515 0.05740740740740741
0 0.9366197183098591 0.41712962962962963 0.05112154407929056 0.07685185185185185
0 0.05607720396452791 0.43472222222222223 0.06259780907668232 0.04814814814814815
1 0.5046948356807511 0.6912037037037037 0.022430881585811163 0.05740740740740741
1 0.8724569640062598 0.23935185185185184 0.02190923317683881 0.040740740740740744
1 0.3873239436619718 0.6273148148148148 0.01564945226917058 0.05648148148148148
1 0.13536776212832552 0.11435185185185186 0.03808033385498174 0.058333333333333334
1 0.8664580073030778 0.36666666666666664 0.03025560772039645 0.05555555555555555
1 0.8862806468440271 0.31712962962962965 0.02556077203964528 0.053703703703703705
1 0.7519561815336463 0.7189814814814814 0.03234220135628586 0.06388888888888888
1 0.3471570161711007 0.6097222222222223 0.023474178403755867 0.07592592592592592
1 0.2827334376630151 0.10972222222222222 0.023995826812728223 0.049074074074074076
1 0.639019300991132 0.26157407407407407 0.025039123630672927 0.058333333333333334
1 0.08346374543557643 0.7944444444444444 0.025039123630672927 0.06481481481481481
1 0.5972874282733438 0.6587962962962963 0.020865936358894107 0.05925925925925926
1 0.6562336984872196 0.7856481481481481 0.018257694314032343 0.049074074074074076
1 0.7133541992696922 0.6467592592592593 0.03286384976525822 0.06944444444444445
1 0.1807511737089202 0.6620370370370371 0.022952529994783515 0.06759259259259259
0 0.5782472613458529 0.45555555555555555 0.03025560772039645 0.05277777777777778
1 0.16223265519040167 0.8833333333333333 0.026604068857589983 0.058333333333333334
1 0.5245174752217006 0.2833333333333333 0.03442879499217527 0.06388888888888888
1 0.8800208659363589 0.749537037037037 0.03599374021909233 0.06018518518518518
1 0.6794470526864893 0.17037037037037037 0.030777256129368807 0.053703703703703705
1 0.631716223265519 0.3912037037037037 0.028169014084507043 0.08055555555555556
1 0.4439227960354721 0.7175925925925926 0.022430881585811163 0.058333333333333334
1 0.6588419405320813 0.7310185185185185 0.028169014084507043 0.05462962962962963
1 0.14267083985393844 0.6291666666666667 0.029212310902451747 0.041666666666666664
1 0.979394887845592 0.6643518518518519 0.03025560772039645 0.06481481481481481
1 0.7162232655190401 0.09166666666666666 0.03286384976525822 0.05925925925925926
1 0.297339593114241 0.611574074074074 0.017214397496087636 0.040740740740740744
1 0.25299947835159103 0.7430555555555556 0.025039123630672927 0.06296296296296296
1 0.22170057381324987 0.9027777777777778 0.022430881585811163 0.05185185185185185
1 0.41366718831507565 0.7569444444444444 0.02764736567553469 0.06481481481481481
1 0.5422535211267606 0.7597222222222222 0.01617110067814293 0.05555555555555555
1 0.8995826812728221 0.8009259259259259 0.025039123630672927 0.06296296296296296
1 0.11971830985915492 0.7509259259259259 0.028690662493479395 0.06111111111111111
1 0.3281168492436098 0.8175925925925925 0.027125717266562335 0.03611111111111111
1 0.05607720396452791 0.8597222222222223 0.020865936358894107 0.062037037037037036
1 0.2733437663015128 0.8444444444444444 0.02190923317683881 0.07685185185185185
1 0.2222222222222222 0.6726851851851852 0.030777256129368807 0.06481481481481481
1 0.9194053208137715 0.7398148148148148 0.03338549817423057 0.058333333333333334
1 0.28169014084507044 0.7638888888888888 0.025039123630672927 0.06296296296296296
1 0.46739697443922795 0.11944444444444445 0.026604068857589983 0.05555555555555555
1 0.6246739697443923 0.763425925925926 0.018257694314032343 0.06574074074074074
1 0.2743870631194575 0.2513888888888889 0.0297339593114241 0.04259259259259259
1 0.8675013041210224 0.19212962962962962 0.040166927490871154 0.053703703703703705
1 0.7543035993740219 0.7791666666666667 0.018779342723004695 0.03796296296296296
1 0.23526343244653103 0.7175925925925926 0.028690662493479395 0.06388888888888888
1 0.6948356807511737 0.8347222222222223 0.014606155451225874 0.05277777777777778
1 0.35002608242044864 0.7092592592592593 0.018257694314032343 0.06018518518518518
1 0.812206572769953 0.8490740740740741 0.020865936358894107 0.06296296296296296
1 0.5524256651017214 0.4064814814814815 0.03286384976525822 0.06759259259259259
1 0.523735002608242 0.17777777777777778 0.020865936358894107 0.05740740740740741
1 0.7326551904016693 0.7847222222222222 0.01773604590505999 0.05185185185185185
1 0.2856025039123631 0.15046296296296297 0.03390714658320292 0.05462962962962963
1 0.26943140323422016 0.6930555555555555 0.0297339593114241 0.05092592592592592
1 0.15440792905581638 0.6652777777777777 0.02190923317683881 0.03888888888888889
1 0.8171622326551904 0.7615740740740741 0.02034428794992175 0.05277777777777778
1 0.6851851851851852 0.8643518518518518 0.017214397496087636 0.058333333333333334
1 0.7451747522170057 0.8175925925925925 0.029212310902451747 0.04537037037037037
1 0.1444966092853417 0.8263888888888888 0.027125717266562335 0.058333333333333334
1 0.46296296296296297 0.7865740740740741 0.022952529994783515 0.049074074074074076
1 0.21231090245174752 0.8240740740740741 0.0198226395409494 0.06759259259259259
1 0.3823682837767345 0.8189814814814815 0.01617110067814293 0.06388888888888888
1 0.986697965571205 0.7555555555555555 0.02608242044861763 0.07407407407407407
1 0.8857589984350548 0.8171296296296297 0.03025560772039645 0.05555555555555555
1 0.18805425143453314 0.799074074074074 0.026604068857589983 0.06018518518518518
0 0.07224830464267085 0.49537037037037035 0.053208137715179966 0.049074074074074076
1 0.7871674491392802 0.6981481481481482 0.02190923317683881 0.040740740740740744
1 0.9454877412623891 0.7856481481481481 0.03234220135628586 0.06018518518518518
1 0.11476264997391758 0.8439814814814814 0.025039123630672927 0.05277777777777778
1 0.015127803860198226 0.762962962962963 0.02556077203964528 0.05185185185185185
1 0.2968179447052686 0.6472222222222223 0.029212310902451747 0.04722222222222222
1 0.7999478351591027 0.8611111111111112 0.022430881585811163 0.058333333333333334
1 0.21231090245174752 0.750462962962963 0.01564945226917058 0.05
1 0.10745957224830464 0.8828703703703704 0.029212310902451747 0.040740740740740744
1 0.8839332290036516 0.4083333333333333 0.03338549817423057 0.04814814814814815
1 0.5049556598852374 0.07175925925925926 0.026604068857589983 0.05555555555555555
1 0.011737089201877934 0.8064814814814815 0.022430881585811163 0.04351851851851852
1 0.14501825769431403 0.5912037037037037 0.02190923317683881 0.04722222222222222
1 0.15179968701095461 0.6995370370370371 0.03182055294731351 0.041666666666666664
1 0.013562858633281168 0.6819444444444445 0.025039123630672927 0.07685185185185185
1 0.25925925925925924 0.5935185185185186 0.022430881585811163 0.05925925925925926
1 0.4989567031820553 0.7833333333333333 0.014084507042253521 0.05740740740740741
1 0.9872196139801773 0.8384259259259259 0.02556077203964528 0.062037037037037036