0 0.43359375 0.48703703703703705 0.0484375 0.075
0 0.5575520833333333 0.40879629629629627 0.0484375 0.04259259259259259
0 0.72109375 0.5194444444444445 0.049479166666666664 0.04259259259259259
0 0.52421875 0.3425925925925926 0.0515625 0.04537037037037037
0 0.79609375 0.14305555555555555 0.05625 0.06018518518518518
0 0.5361979166666667 0.25277777777777777 0.0453125 0.05462962962962963
0 0.81171875 0.6828703703703703 0.046875 0.03611111111111111
0 0.63203125 0.6106481481481482 0.0484375 0.037037037037037035
0 0.59296875 0.4759259259259259 0.042708333333333334 0.05740740740740741
0 0.53671875 0.5560185185185185 0.04739583333333333 0.03888888888888889
0 0.9572916666666667 0.6319444444444444 0.034375 0.0712962962962963
0 0.43802083333333336 0.40694444444444444 0.0359375 0.040740740740740744
0 0.9609375 0.5337962962962963 0.03802083333333333 0.06944444444444445
0 0.5588541666666667 0.6884259259259259 0.046875 0.041666666666666664
0 0.4671875 0.6791666666666667 0.050520833333333334 0.05925925925925926