1 0.6661450182576943 0.3902777777777778 0.029212310902451747 0.06851851851851852
1 0.8338549817423057 0.40185185185185185 0.03338549817423057 0.06759259259259259
1 0.520605112154408 0.3175925925925926 0.028169014084507043 0.06666666666666667
0 0.693792383933229 0.4847222222222222 0.05581637976004173 0.04814814814814815
1 0.8774126238914971 0.43333333333333335 0.03129890453834116 0.05648148148148148
1 0.2798643714136672 0.8712962962962963 0.028690662493479395 0.05462962962962963
1 0.7196139801773604 0.34444444444444444 0.029212310902451747 0.062037037037037036
0 0.4986958789775691 0.5162037037037037 0.03025560772039645 0.06018518518518518
1 0.15675534689619197 0.34074074074074073 0.03547209181011998 0.06574074074074074
0 0.6275430359937402 0.575925925925926 0.04381846635367762 0.04537037037037037
1 0.6851851851851852 0.8462962962962963 0.023995826812728223 0.05925925925925926
1 0.4869587897756912 0.3541666666666667 0.024517475221700575 0.0787037037037037
0 0.559207094418362 0.5300925925925926 0.04538341158059468 0.05
1 0.3539384454877413 0.7898148148148149 0.025039123630672927 0.05740740740740741
1 0.4791340636411059 0.5930555555555556 0.0297339593114241 0.06574074074074074
1 0.39488784559207096 0.725462962962963 0.025039123630672927 0.05740740740740741
0 0.07902973395931143 0.4532407407407407 0.05268648930620762 0.05
1 0.5409494001043297 0.7949074074074074 0.025039123630672927 0.06018518518518518
0 0.8661971830985915 0.5486111111111112 0.05738132498695879 0.049074074074074076
0 0.4220135628586333 0.4962962962962963 0.0396452790818988 0.07222222222222222
0 0.7003129890453834 0.6226851851851852 0.053208137715179966 0.06851851851851852
1 0.12284820031298904 0.28055555555555556 0.03338549817423057 0.0824074074074074
1 0.30255607720396455 0.37962962962962965 0.03286384976525822 0.05925925925925926
1 0.9154929577464789 0.17037037037037037 0.03338549817423057 0.07222222222222222
1 0.32446531038080334 0.32037037037037036 0.024517475221700575 0.06481481481481481
1 0.9754825247782994 0.21666666666666667 0.028169014084507043 0.06296296296296296
1 0.18335941575378195 0.7777777777777778 0.03234220135628586 0.05555555555555555
1 0.28012519561815336 0.21157407407407408 0.027125717266562335 0.05740740740740741
1 0.8617631716223265 0.21342592592592594 0.027125717266562335 0.06944444444444445
1 0.13849765258215962 0.711574074074074 0.03547209181011998 0.05277777777777778
1 0.6752738654147105 0.1925925925925926 0.02034428794992175 0.08611111111111111
1 0.6943140323422013 0.2708333333333333 0.02764736567553469 0.062037037037037036
1 0.45331246739697445 0.6347222222222222 0.02556077203964528 0.06759259259259259
1 0.30699008868022953 0.2537037037037037 0.0297339593114241 0.06296296296296296
1 0.49400104329681793 0.663425925925926 0.0297339593114241 0.06481481481481481
1 0.7284820031298904 0.4398148148148148 0.022952529994783515 0.053703703703703705
1 0.279603547209181 0.31574074074074077 0.0198226395409494 0.05740740740740741
1 0.6338028169014085 0.325 0.019300991131977047 0.06111111111111111
1 0.7462180490349505 0.7097222222222223 0.023995826812728223 0.05648148148148148
1 0.07798643714136672 0.16296296296296298 0.027125717266562335 0.03611111111111111
1 0.7694314032342201 0.2791666666666667 0.027125717266562335 0.062037037037037036
1 0.7866458007303078 0.3814814814814815 0.02764736567553469 0.05925925925925926
1 0.3873239436619718 0.8203703703703704 0.0297339593114241 0.05185185185185185
1 0.582942097026604 0.1736111111111111 0.026604068857589983 0.06574074074074074
1 0.20187793427230047 0.2759259259259259 0.03129890453834116 0.06759259259259259
1 0.8813249869587898 0.30092592592592593 0.022430881585811163 0.05740740740740741
1 0.8951486697965572 0.11481481481481481 0.02034428794992175 0.062037037037037036
1 0.852112676056338 0.3425925925925926 0.030777256129368807 0.06851851851851852
1 0.6591027647365676 0.26851851851851855 0.028169014084507043 0.06666666666666667
1 0.4966092853416797 0.24675925925925926 0.023474178403755867 0.08148148148148149
1 0.2741262389149713 0.7694444444444445 0.03390714658320292 0.04814814814814815
1 0.3813249869587898 0.23796296296296296 0.020865936358894107 0.05925925925925926
1 0.1817944705268649 0.24537037037037038 0.01773604590505999 0.05462962962962963
1 0.800208659363589 0.3050925925925926 0.02190923317683881 0.058333333333333334
1 0.8226395409494001 0.25555555555555554 0.028169014084507043 0.07222222222222222
1 0.20735524256651017 0.12037037037037036 0.013041210224308816 0.044444444444444446
1 0.20292123109024518 0.19444444444444445 0.025039123630672927 0.05462962962962963
1 0.7430881585811163 0.09675925925925925 0.02190923317683881 0.062037037037037036
1 0.6131977047470005 0.18564814814814815 0.02138758476786646 0.07222222222222222
1 0.6176317162232655 0.09907407407407408 0.0198226395409494 0.0787037037037037
1 0.7699530516431925 0.1925925925925926 0.02190923317683881 0.05
1 0.297339593114241 0.33425925925925926 0.02138758476786646 0.04722222222222222
1 0.05451225873761085 0.2324074074074074 0.018779342723004695 0.03425925925925926
1 0.2347417840375587 0.14722222222222223 0.020865936358894107 0.05740740740740741
1 0.8891497130933751 0.38287037037037036 0.030777256129368807 0.03333333333333333
1 0.9165362545644236 0.3194444444444444 0.019300991131977047 0.04537037037037037
1 0.40401669274908714 0.27314814814814814 0.03234220135628586 0.044444444444444446
1 0.9619196661450182 0.03148148148148148 0.017214397496087636 0.06296296296296296
1 0.17214397496087636 0.2050925925925926 0.03234220135628586 0.03981481481481482