1 0.32885758998435055 0.6608611111111111 0.03500260824204486 0.05996296296296297
1 0.15710485133020344 0.6530555555555555 0.03436098069900887 0.054953703703703706
0 0.7045905059989567 0.6066851851851852 0.04681272822117892 0.049805555555555554
0 0.6123056859676578 0.5685555555555555 0.04568596765779864 0.04777777777777778
1 0.8139645279081898 0.11473148148148148 0.030792905581637976 0.06651851851851852
1 0.48608242044861766 0.38958333333333334 0.02484089723526343 0.06516666666666666
0 0.8388680229525299 0.576787037037037 0.056338028169014086 0.04942592592592593
0 0.41797078768909757 0.5194629629629629 0.058012519561815336 0.05224074074074074
0 0.11596765779864371 0.42771296296296296 0.03796557120500783 0.06262037037037037
1 0.5131820552947314 0.6084259259259259 0.016098069900886802 0.06262037037037037
1 0.11981220657276996 0.8112314814814815 0.040161711006781425 0.06527777777777778
1 0.17529473135106938 0.6786296296296296 0.031554512258737615 0.05362962962962963
0 0.6113302034428796 0.4853518518518518 0.028169014084507043 0.05698148148148148
1 0.18689097548252476 0.8320277777777778 0.035216484089723527 0.06169444444444444
1 0.9443348982785602 0.45371296296296293 0.027694314032342203 0.05925925925925926
1 0.8891601460615545 0.1155925925925926 0.021940532081377154 0.06066666666666666
1 0.47509650495565986 0.2920740740740741 0.025800730307772562 0.06283333333333334
1 0.17041210224308817 0.24874074074074073 0.02556077203964528 0.063
1 0.9399426186750129 0.8918333333333333 0.031434533124673966 0.05925925925925926
1 0.03442357850808555 0.9074351851851852 0.03732394366197183 0.058722222222222224
1 0.017271778821074595 0.8736296296296296 0.03454355764214919 0.05600925925925926
1 0.8251956181533647 0.45112037037037034 0.028868022952529996 0.061314814814814815
1 0.24059989567031823 0.28124074074074074 0.02937402190923318 0.057962962962962966
1 0.7143557642149192 0.39889814814814817 0.017991653625456443 0.07047222222222223
1 0.7817370892018779 0.43789814814814815 0.031919666145018254 0.06906481481481481
1 0.7006833594157538 0.2927314814814815 0.025758998435054775 0.06440740740740741
0 0.9741210224308816 0.7093888888888888 0.04311945748565467 0.06250925925925926
1 0.8696296296296296 0.34906481481481483 0.030855503390714658 0.06321296296296296
1 0.26757955138236833 0.3141759259259259 0.02670318205529473 0.056768518518518524
1 0.5473656755346896 0.2160277777777778 0.028169014084507043 0.05893518518518518
1 0.07531559728742827 0.3341111111111111 0.03482003129890454 0.06602777777777778
1 0.28637454355764214 0.3471111111111111 0.026197183098591547 0.06602777777777778
1 0.3806155451225874 0.8471944444444445 0.029707876890975485 0.05985185185185185
1 0.4367657798643714 0.705925925925926 0.022154407929055816 0.0631111111111111
1 0.34570161711006786 0.3540462962962963 0.024522691705790297 0.0686851851851852
1 0.29785080855503393 0.2771296296296296 0.021288471570161713 0.06451851851851853
0 0.32983307250912886 0.43573148148148144 0.048857589984350545 0.044527777777777784
1 0.6069327073552425 0.07637962962962963 0.014501825769431403 0.06749074074074074
1 0.41772561293688054 0.7401574074074074 0.03338549817423057 0.05925925925925926
1 0.4704590505998957 0.3471111111111111 0.026504955659885237 0.06516666666666666
1 0.9257798643714137 0.2621759259259259 0.02937402190923318 0.05633333333333334
1 0.834960876369327 0.1857962962962963 0.02752738654147105 0.05633333333333334
1 0.4387219613980177 0.6205555555555556 0.02721961398017736 0.07334259259259258
1 0.6396504955659885 0.23877777777777778 0.0207981220657277 0.06955555555555556
1 0.826661450182577 0.3360648148148148 0.03442357850808555 0.06239814814814815
1 0.7470683359415754 0.38460185185185186 0.027908189880020865 0.055796296296296295
1 0.6611319770474701 0.4157962962962963 0.02561815336463224 0.050944444444444445
1 0.5058581116327595 0.2808148148148148 0.022034428794992178 0.05752777777777778
1 0.1451434533124674 0.2665092592592592 0.035826812728221184 0.06250925925925926
1 0.9003912363067292 0.7540277777777779 0.027266562336984875 0.05612037037037037
1 0.7753886280646844 0.21862037037037038 0.023422013562858633 0.054768518518518515
0 0.15212310902451748 0.5585833333333333 0.04758998435054773 0.06191666666666667
1 0.10089201877934272 0.5057222222222222 0.03366197183098592 0.08109259259259259
0 0.5297861241523214 0.5161203703703704 0.04742305685967658 0.051240740740740746
1 0.8012676056338028 0.26499074074074075 0.02162232655190402 0.06814814814814814
1 0.661622326551904 0.1857962962962963 0.024277516953573292 0.06202777777777777
1 0.6552738654147106 0.09907407407407408 0.0199113197704747 0.06889814814814814
1 0.5903338549817423 0.19370370370370368 0.026306729264475744 0.06478703703703703
1 0.3430151278038602 0.9022314814814815 0.02752738654147105 0.05839814814814815
1 0.8398435054773083 0.2556759259259259 0.016218049034950444 0.05516666666666666
1 0.7719718309859155 0.8927037037037037 0.030625978090766823 0.04750925925925926
1 0.02752738654147105 0.32696296296296296 0.03775169535732916 0.0748611111111111
1 0.09875326030255607 0.21937962962962965 0.034882629107981226 0.0722037037037037
1 0.6079081898800208 0.2909907407407407 0.02434011476264997 0.04942592592592593
1 0.15148669796557118 0.19879629629629628 0.023515910276473657 0.07117592592592593
1 0.7729473135106938 0.17019444444444445 0.0296452790818988 0.06662962962962962
1 0.5483411580594679 0.7249907407407408 0.03010432968179447 0.06283333333333334
1 0.9658215962441314 0.1719351851851852 0.03149191444966093 0.06516666666666666
1 0.1927490871152843 0.6313888888888889 0.025331246739697444 0.05202777777777778
1 0.14990088680229527 0.3492777777777778 0.032347417840375585 0.04696296296296296
1 0.4223630672926447 0.3195925925925926 0.02522170057381325 0.052925925925925925
1 0.30859154929577465 0.2174351851851852 0.023192488262910798 0.05644444444444444
1 0.24255607720396455 0.15600925925925926 0.028977569118414186 0.07497222222222222
1 0.8818362023995827 0.2873148148148148 0.025998956703182058 0.041249999999999995
1 0.8969744392279604 0.25957407407407407 0.02033907146583203 0.05985185185185185
1 0.3781742305685968 0.8064629629629629 0.018721961398017736 0.05173148148148148
1 0.8642566510172144 0.20162037037037037 0.017777777777777778 0.060888888888888895
1 0.7998069900886803 0.4084351851851852 0.020219092331768388 0.054435185185185184
1 0.5039071465832029 0.23271296296296298 0.021486697965571205 0.042194444444444444
1 0.2349869587897757 0.23444444444444443 0.033719353155972874 0.052138888888888894
1 0.8188471570161711 0.28752777777777777 0.0207981220657277 0.06549074074074074
1 0.8984350547730829 0.34581481481481485 0.019243609806990088 0.03837962962962963
1 0.9682629107981221 0.04563888888888889 0.01652582159624413 0.06971296296296296
1 0.3908711528429838 0.28037962962962965 0.014173187271778822 0.04953703703703704
1 0.9003912363067292 0.1774537037037037 0.019055816379760043 0.05302777777777778
1 0.33447052686489304 0.31157407407407406 0.01883150756390193 0.05075925925925926
1 0.9335941575378195 0.7938981481481481 0.037809076682316124 0.06142592592592593
1 0.8437506520605113 0.1385648148148148 0.01887323943661972 0.05425000000000001
1 0.05779864371413667 0.24094444444444446 0.03515388628064684 0.06489814814814815
1 0.9370109546165885 0.16218518518518518 0.026504955659885237 0.053731481481481484
1 0.49780386019822637 0.03677777777777778 0.01137715179968701 0.055796296296296295
0 0.9819353155972874 0.0787037037037037 0.02859676577986437 0.063
1 0.29540949400104327 0.1841759259259259 0.029754825247782994 0.042851851851851856
1 0.5546896191966614 0.9221666666666667 0.022081377151799687 0.054768518518518515
1 0.5971674491392801 0.8797037037037038 0.032775169535732916 0.05302777777777778
1 0.5327125717266562 0.8281296296296297 0.030213875847678665 0.053925925925925926
1 0.17895670318205528 0.1497222222222222 0.024183620239958268 0.041490740740740745
1 0.7812519561815336 0.7158981481481481 0.03500260824204486 0.05600925925925926
1 0.7236306729264476 0.18677777777777776 0.02665623369848722 0.03778703703703704
1 0.9023422013562858 0.31049074074074073 0.032655190401669275 0.04236111111111111
1 0.08080855503390715 0.4966203703703704 0.02810641627543036 0.04212037037037037
1 0.9184559207094418 0.3802685185185185 0.028977569118414186 0.04212037037037037
1 0.4443348982785602 0.5815555555555556 0.019196661450182576 0.03888888888888889
0 0.9235211267605634 0.60625 0.0561867501304121 0.07605555555555556
0 0.9863275952008346 0.5689907407407407 0.02706833594157538 0.047314814814814816
1 0.9086906624934794 0.41818518518518516 0.02810641627543036 0.0399537037037037
1 0.05706833594157538 0.1686851851851852 0.02037037037037037 0.04886111111111111
0 0.425962441314554 0.46308333333333335 0.055122587376108506 0.07533333333333334
0 0.8213145539906104 0.5103333333333333 0.062211789254042776 0.058805555555555555