1 0.9374021909233177 0.3638888888888889 0.0406885758998435 0.06481481481481481
0 0.7378716744913928 0.45740740740740743 0.05425143453312467 0.046296296296296294
0 0.8596765779864372 0.587037037037037 0.03182055294731351 0.049074074074074076
1 0.6512780386019823 0.5888888888888889 0.029212310902451747 0.06018518518518518
0 0.8375065206051121 0.46620370370370373 0.04434011476264997 0.07407407407407407
1 0.9840897235263433 0.6680555555555555 0.02764736567553469 0.06111111111111111
1 0.9355764214919144 0.7226851851851852 0.024517475221700575 0.053703703703703705
0 0.9752217005738133 0.5546296296296296 0.048513302034428794 0.049074074074074076
1 0.9642670839853938 0.7453703703703703 0.019300991131977047 0.05092592592592592
1 0.95565988523735 0.43472222222222223 0.0297339593114241 0.05925925925925926
0 0.368283776734481 0.5023148148148148 0.04277516953573292 0.04722222222222222
1 0.8659363588941054 0.19027777777777777 0.0297339593114241 0.06018518518518518
0 0.6562336984872196 0.5212962962962963 0.053208137715179966 0.05277777777777778
0 0.12050078247261346 0.4351851851851852 0.06155451225873761 0.04722222222222222
1 0.37219613980177363 0.6166666666666667 0.03025560772039645 0.04537037037037037
1 0.9551382368283776 0.8273148148148148 0.023995826812728223 0.05462962962962963
0 0.9572248304642671 0.46620370370370373 0.05268648930620762 0.04722222222222222
1 0.16458007303077726 0.5819444444444445 0.023995826812728223 0.07407407407407407
0 0.6147626499739176 0.42407407407407405 0.03338549817423057 0.05462962962962963
1 0.22013562858633282 0.586574074074074 0.02608242044861763 0.06111111111111111
1 0.2777777777777778 0.6013888888888889 0.026604068857589983 0.062037037037037036
0 0.5391236306729265 0.4787037037037037 0.03025560772039645 0.05277777777777778
1 0.87584767866458 0.1175925925925926 0.03547209181011998 0.05555555555555555
1 0.559207094418362 0.6407407407407407 0.023474178403755867 0.05462962962962963
1 0.3111632759520083 0.6583333333333333 0.02556077203964528 0.07685185185185185
1 0.22274387063119458 0.7763888888888889 0.02556077203964528 0.06296296296296296
1 0.20839853938445488 0.6476851851851851 0.022952529994783515 0.07592592592592592
1 0.3599374021909233 0.8319444444444445 0.018779342723004695 0.06481481481481481
1 0.5297339593114241 0.6074074074074074 0.017214397496087636 0.06111111111111111
1 0.18805425143453314 0.06296296296296296 0.03755868544600939 0.06296296296296296
1 0.26421491914449663 0.3527777777777778 0.027125717266562335 0.08333333333333333
1 0.8894105372978612 0.7064814814814815 0.03182055294731351 0.062037037037037036
1 0.1444966092853417 0.8388888888888889 0.02764736567553469 0.06111111111111111
1 0.6108502869066249 0.7458333333333333 0.02138758476786646 0.06296296296296296
1 0.07772561293688054 0.17175925925925925 0.03234220135628586 0.06111111111111111
1 0.3448095983307251 0.6328703703703704 0.0198226395409494 0.062037037037037036
1 0.17344809598330724 0.8606481481481482 0.022952529994783515 0.058333333333333334
1 0.5190401669274909 0.7166666666666667 0.026604068857589983 0.06574074074074074
1 0.8938445487741262 0.774074074074074 0.029212310902451747 0.058333333333333334
1 0.4478351591027647 0.7532407407407408 0.01773604590505999 0.053703703703703705
1 0.4877412623891497 0.7194444444444444 0.0198226395409494 0.06759259259259259
1 0.8129890453834115 0.7101851851851851 0.0297339593114241 0.05092592592592592
1 0.3286384976525822 0.9055555555555556 0.02034428794992175 0.06388888888888888
1 0.310641627543036 0.7865740740740741 0.018779342723004695 0.05185185185185185
1 0.31872717788210747 0.7324074074074074 0.0198226395409494 0.06296296296296296
1 0.414188836724048 0.7708333333333334 0.022430881585811163 0.05648148148148148
1 0.7342201356285863 0.6208333333333333 0.016692749087115284 0.04814814814814815
1 0.8784559207094418 0.8606481481481482 0.018257694314032343 0.06944444444444445
1 0.16797078768909754 0.6333333333333333 0.0297339593114241 0.05648148148148148
1 0.1210224308815858 0.6759259259259259 0.03234220135628586 0.05648148148148148
1 0.9707876890975482 0.2101851851851852 0.0406885758998435 0.06018518518518518
1 0.08346374543557643 0.7125 0.03286384976525822 0.06851851851851852
1 0.6489306207616067 0.7189814814814814 0.02190923317683881 0.07407407407407407
1 0.7081377151799687 0.7759259259259259 0.028169014084507043 0.06018518518518518
1 0.7814293166405842 0.8097222222222222 0.018779342723004695 0.06574074074074074
1 0.07224830464267085 0.5680555555555555 0.03442879499217527 0.04537037037037037
1 0.38628064684402713 0.9041666666666667 0.023474178403755867 0.06759259259259259
1 0.4081898800208659 0.3300925925925926 0.02138758476786646 0.06666666666666667
1 0.724830464267084 0.649074074074074 0.02764736567553469 0.05648148148148148
1 0.24700052164840897 0.8041666666666667 0.02190923317683881 0.05740740740740741
1 0.3667188315075639 0.5805555555555556 0.024517475221700575 0.053703703703703705
1 0.7021387584767866 0.6939814814814815 0.018779342723004695 0.07222222222222222
1 0.9460093896713615 0.30185185185185187 0.0297339593114241 0.05648148148148148
1 0.8839332290036516 0.03981481481481482 0.03025560772039645 0.06018518518518518
1 0.47548252477829944 0.6638888888888889 0.02764736567553469 0.03796296296296296
1 0.6045905059989567 0.6296296296296297 0.020865936358894107 0.05277777777777778
1 0.4715701617110068 0.6328703703703704 0.027125717266562335 0.05555555555555555
1 0.07720396452790819 0.5287037037037037 0.03390714658320292 0.05
1 0.0341679707876891 0.8657407407407407 0.022430881585811163 0.06574074074074074
1 0.5938967136150235 0.19953703703703704 0.023474178403755867 0.06018518518518518
1 0.5315597287428273 0.1712962962962963 0.03390714658320292 0.05740740740740741
1 0.607981220657277 0.11435185185185186 0.03182055294731351 0.05925925925925926
1 0.7363067292644757 0.7268518518518519 0.019300991131977047 0.05277777777777778
1 0.4853938445487741 0.17685185185185184 0.03182055294731351 0.046296296296296294
1 0.6797078768909754 0.7865740740740741 0.017214397496087636 0.041666666666666664
1 0.30672926447574334 0.825462962962963 0.03025560772039645 0.037037037037037035
1 0.06442357850808555 0.7726851851851851 0.030777256129368807 0.03796296296296296
0 0.9783515910276473 0.29907407407407405 0.04225352112676056 0.049074074074074076
1 0.5722483046426708 0.7263888888888889 0.03182055294731351 0.046296296296296294
1 0.8260302556077204 0.7837962962962963 0.03755868544600939 0.06296296296296296
1 0.9376630151278038 0.26296296296296295 0.03755868544600939 0.05185185185185185
1 0.24569640062597808 0.8462962962962963 0.028690662493479395 0.03333333333333333
1 0.27725612936880545 0.6282407407407408 0.025039123630672927 0.03333333333333333
1 0.9848721961398018 0.812962962962963 0.022952529994783515 0.049074074074074076
1 0.7347417840375586 0.8013888888888889 0.02034428794992175 0.049074074074074076
1 0.6142410015649452 0.26944444444444443 0.03442879499217527 0.05462962962962963
1 0.6171100678142931 0.14953703703703702 0.03495044340114763 0.05462962962962963