1 0.8349609375 0.7799479166666666 0.0224151611328125 0.06439887152777778
0 0.45654296875 0.5355902777777778 0.05450439453125 0.046685112847222224
0 0.89599609375 0.5416666666666666 0.0552978515625 0.050455729166666664
0 0.279541015625 0.3240017361111111 0.0460205078125 0.044596354166666664
0 0.300537109375 0.4739583333333333 0.050506591796875 0.044759114583333336
0 0.4453125 0.3387586805555556 0.044586181640625 0.04587131076388889
0 0.3173828125 0.396484375 0.048583984375 0.036431206597222224
0 0.17333984375 0.2890625 0.04443359375 0.03968641493055555
0 0.56494140625 0.3817274305555556 0.044921875 0.045708550347222224
0 0.45947265625 0.8897569444444444 0.056640625 0.053304036458333336
0 0.54296875 0.5013020833333334 0.0290374755859375 0.060492621527777776
0 0.85302734375 0.2124565972222222 0.04620361328125 0.05300564236111111
0 0.7197265625 0.69921875 0.04327392578125 0.06646050347222222
0 0.57470703125 0.11165364583333333 0.02001953125 0.06901041666666667
1 0.8240327380952382 0.7592592592592596 0.023065476190476275 0.06878306878306883