0 0.8583333333333333 0.35833333333333334 0.0453125 0.04351851851851852
0 0.2390625 0.5078703703703704 0.0515625 0.05462962962962963
0 0.14635416666666667 0.5277777777777778 0.0453125 0.05648148148148148
0 0.14947916666666666 0.5995370370370371 0.05364583333333333 0.046296296296296294
0 0.23932291666666666 0.6662037037037037 0.05416666666666667 0.044444444444444446
0 0.17864583333333334 0.7125 0.04791666666666667 0.053703703703703705
0 0.05130208333333333 0.47962962962962963 0.050520833333333334 0.040740740740740744
0 0.9481770833333333 0.537962962962963 0.050520833333333334 0.06296296296296296
0 0.9140625 0.337037037037037 0.04791666666666667 0.044444444444444446
0 0.20807291666666666 0.4375 0.04479166666666667 0.07222222222222222
0 0.02734375 0.3212962962962963 0.04635416666666667 0.03981481481481482
0 0.8716145833333333 0.4726851851851852 0.04791666666666667 0.06388888888888888
0 0.19192708333333333 0.3851851851851852 0.0484375 0.04259259259259259
0 0.29322916666666665 0.3199074074074074 0.04479166666666667 0.03518518518518519
0 0.9911458333333333 0.3675925925925926 0.017708333333333333 0.03981481481481482
0 0.2791666666666667 0.5935185185185186 0.0359375 0.044444444444444446
0 0.8627604166666667 0.3907407407407407 0.05 0.05462962962962963
0 0.19713541666666667 0.3101851851851852 0.05677083333333333 0.05925925925925926