0 0.24453125 0.3814814814814815 0.05625 0.04259259259259259
0 0.26223958333333336 0.45416666666666666 0.0515625 0.04537037037037037
0 0.5518229166666667 0.5111111111111111 0.04895833333333333 0.04537037037037037
0 0.30625 0.6125 0.04635416666666667 0.04259259259259259
0 0.6377604166666667 0.6347222222222222 0.04791666666666667 0.04814814814814815
0 0.5283854166666667 0.6171296296296296 0.04791666666666667 0.04537037037037037
0 0.7598958333333333 0.5893518518518519 0.04635416666666667 0.04259259259259259
0 0.9575520833333333 0.6328703703703704 0.04791666666666667 0.040740740740740744
0 0.828125 0.5449074074074074 0.051041666666666666 0.03796296296296296
0 0.21432291666666667 0.12361111111111112 0.05364583333333333 0.053703703703703705
0 0.6221354166666667 0.449537037037037 0.03125 0.05185185185185185
0 0.14348958333333334 0.44305555555555554 0.028645833333333332 0.06574074074074074
0 0.09401041666666667 0.475462962962963 0.0328125 0.06111111111111111
0 0.011979166666666667 0.5166666666666667 0.023958333333333335 0.05462962962962963