1 0.47604166666666664 0.7148148148148148 0.01875 0.06388888888888888
0 0.85078125 0.4736111111111111 0.042708333333333334 0.06111111111111111
0 0.853125 0.6365740740740741 0.044270833333333336 0.06481481481481481
0 0.45807291666666666 0.6361111111111111 0.04635416666666667 0.046296296296296294
0 0.5666666666666667 0.6907407407407408 0.026041666666666668 0.05185185185185185
0 0.8911458333333333 0.3768518518518518 0.05572916666666667 0.05555555555555555
0 0.05625 0.6324074074074074 0.042708333333333334 0.06111111111111111
0 0.96796875 0.5361111111111111 0.036458333333333336 0.06296296296296296
0 0.9755208333333333 0.42268518518518516 0.04895833333333333 0.041666666666666664
1 0.08359375 0.7402777777777778 0.0296875 0.06666666666666667
0 0.022395833333333334 0.5319444444444444 0.042708333333333334 0.06666666666666667