0 0.10989583333333333 0.5296296296296297 0.051041666666666666 0.044444444444444446
0 0.7640625 0.44305555555555554 0.051041666666666666 0.044444444444444446
0 0.8473958333333333 0.5791666666666667 0.04895833333333333 0.04351851851851852
0 0.5427083333333333 0.6212962962962963 0.046875 0.04537037037037037
0 0.6645833333333333 0.5833333333333334 0.0515625 0.04814814814814815
0 0.8791666666666667 0.6944444444444444 0.04739583333333333 0.03888888888888889
0 0.6065104166666667 0.4759259259259259 0.052083333333333336 0.046296296296296294
0 0.04192708333333333 0.23703703703703705 0.058854166666666666 0.07592592592592592
0 0.9815104166666667 0.5782407407407407 0.035416666666666666 0.03981481481481482
0 0.3848958333333333 0.399537037037037 0.05260416666666667 0.04814814814814815
0 0.8403645833333333 0.23657407407407408 0.05260416666666667 0.049074074074074076
0 0.19635416666666666 0.4986111111111111 0.03802083333333333 0.05740740740740741
0 0.9361979166666666 0.49166666666666664 0.0515625 0.05092592592592592
0 0.7388020833333333 0.6902777777777778 0.044270833333333336 0.04259259259259259
0 0.012760416666666666 0.4925925925925926 0.025520833333333333 0.05