1 0.7806468440271257 0.6782407407407407 0.03286384976525822 0.05462962962962963
0 0.06285863328116849 0.5092592592592593 0.056859676577986434 0.03981481481481482
0 0.29238393322900363 0.5111111111111111 0.04747000521648409 0.046296296296296294
0 0.23917579551382367 0.5643518518518519 0.030777256129368807 0.05185185185185185
1 0.6077203964527909 0.35555555555555557 0.02556077203964528 0.06666666666666667
0 0.37245696400625977 0.5314814814814814 0.04225352112676056 0.04351851851851852
1 0.12023995826812728 0.45231481481481484 0.023995826812728223 0.06388888888888888
0 0.15179968701095461 0.6370370370370371 0.036515388628064686 0.05648148148148148
1 0.3226395409494001 0.23703703703703705 0.02034428794992175 0.06759259259259259
0 0.7780386019822639 0.44814814814814813 0.03286384976525822 0.06944444444444445
1 0.29890453834115804 0.18425925925925926 0.022430881585811163 0.062037037037037036
0 0.06442357850808555 0.5805555555555556 0.05529473135106938 0.04537037037037037
1 0.03625456442357851 0.2657407407407407 0.0297339593114241 0.05
1 0.1640584246218049 0.4412037037037037 0.03286384976525822 0.06388888888888888
1 0.8348982785602503 0.8287037037037037 0.03755868544600939 0.06666666666666667
1 0.09181011997913406 0.35509259259259257 0.03182055294731351 0.06481481481481481
1 0.10015649452269171 0.20277777777777778 0.022952529994783515 0.06018518518518518
1 0.18753260302556077 0.2375 0.027125717266562335 0.06666666666666667
1 0.7686489306207616 0.6296296296296297 0.027125717266562335 0.058333333333333334
1 0.4637454355764215 0.39490740740740743 0.020865936358894107 0.07037037037037037
1 0.8729786124152321 0.5050925925925925 0.03129890453834116 0.08981481481481482
0 0.4859154929577465 0.4925925925925926 0.047991653625456446 0.041666666666666664
1 0.010172143974960876 0.4550925925925926 0.02034428794992175 0.05555555555555555
1 0.13171622326551904 0.34444444444444444 0.030777256129368807 0.06111111111111111
1 0.7639540949400104 0.7708333333333334 0.0297339593114241 0.05740740740740741
1 0.07563901930099114 0.11064814814814815 0.019300991131977047 0.06018518518518518
1 0.23917579551382367 0.2273148148148148 0.018779342723004695 0.05185185185185185
1 0.2608242044861763 0.2962962962962963 0.028169014084507043 0.05555555555555555
1 0.046426708398539386 0.7555555555555555 0.02764736567553469 0.05555555555555555
1 0.41366718831507565 0.31805555555555554 0.023474178403755867 0.07037037037037037
1 0.6632759520083463 0.34675925925925927 0.02190923317683881 0.07037037037037037
1 0.17866458007303077 0.7550925925925925 0.03495044340114763 0.05555555555555555
1 0.03260302556077204 0.1625 0.0297339593114241 0.05555555555555555
1 0.12754303599374023 0.17824074074074073 0.022430881585811163 0.06574074074074074
1 0.3129890453834116 0.11296296296296296 0.02608242044861763 0.07222222222222222
1 0.9381846635367762 0.33101851851851855 0.037037037037037035 0.06481481481481481
1 0.6927490871152843 0.3236111111111111 0.025039123630672927 0.06388888888888888
1 0.2378716744913928 0.41064814814814815 0.018257694314032343 0.07407407407407407
1 0.07068335941575378 0.15694444444444444 0.028690662493479395 0.0787037037037037
1 0.5766823161189358 0.8513888888888889 0.02764736567553469 0.05648148148148148
1 0.4154929577464789 0.21064814814814814 0.020865936358894107 0.06388888888888888
1 0.8847157016171101 0.33796296296296297 0.037037037037037035 0.06388888888888888
1 0.18935837245696402 0.17592592592592593 0.03025560772039645 0.06574074074074074
1 0.9903495044340115 0.2675925925925926 0.019300991131977047 0.07962962962962963
1 0.16171100678142933 0.26481481481481484 0.02190923317683881 0.06574074074074074
1 0.05920709441836203 0.2689814814814815 0.02608242044861763 0.053703703703703705
1 0.8093375065206051 0.2800925925925926 0.030777256129368807 0.06388888888888888
1 0.9183620239958268 0.8972222222222223 0.03338549817423057 0.058333333333333334
1 0.025821596244131457 0.8106481481481481 0.04225352112676056 0.0787037037037037
1 0.2983828899321857 0.4101851851851852 0.02190923317683881 0.0712962962962963
1 0.6651017214397497 0.27870370370370373 0.02034428794992175 0.06574074074074074
1 0.8095983307250912 0.19537037037037036 0.028169014084507043 0.0787037037037037
1 0.4569640062597809 0.287962962962963 0.018257694314032343 0.05555555555555555
1 0.1465832029212311 0.2865740740740741 0.027125717266562335 0.06666666666666667
1 0.6264997391757955 0.6648148148148149 0.037037037037037035 0.07314814814814814
1 0.12597809076682315 0.14027777777777778 0.020865936358894107 0.05740740740740741
1 0.48200312989045385 0.3472222222222222 0.028169014084507043 0.05555555555555555
0 0.5949400104329682 0.44722222222222224 0.047991653625456446 0.05555555555555555
1 0.9089723526343245 0.16111111111111112 0.022952529994783515 0.05277777777777778
1 0.5122587376108503 0.6259259259259259 0.02556077203964528 0.058333333333333334
1 0.7681272822117893 0.825462962962963 0.03755868544600939 0.06388888888888888
1 0.7902973395931142 0.1361111111111111 0.024517475221700575 0.06851851851851852
1 0.7889932185706834 0.2537037037037037 0.025039123630672927 0.06018518518518518
1 0.4932185706833594 0.19305555555555556 0.02764736567553469 0.05277777777777778
1 0.5404277516953573 0.7435185185185185 0.028690662493479395 0.053703703703703705
1 0.525039123630673 0.7175925925925926 0.03286384976525822 0.06481481481481481
1 0.797339593114241 0.3736111111111111 0.027125717266562335 0.04722222222222222
1 0.15284298382889933 0.1259259259259259 0.024517475221700575 0.06944444444444445
1 0.4859154929577465 0.29074074074074074 0.023474178403755867 0.062037037037037036
1 0.4613980177360459 0.24166666666666667 0.01617110067814293 0.06296296296296296
1 0.06155451225873761 0.3490740740740741 0.02190923317683881 0.03981481481481482
1 0.7243088158581117 0.2773148148148148 0.02556077203964528 0.06296296296296296
1 0.3988002086593636 0.7356481481481482 0.030777256129368807 0.06111111111111111
1 0.8612415232133542 0.21203703703703702 0.0297339593114241 0.0787037037037037
1 0.4360980699008868 0.6194444444444445 0.01564945226917058 0.058333333333333334
1 0.6126760563380281 0.9023148148148148 0.027125717266562335 0.05740740740740741
1 0.7235263432446531 0.16342592592592592 0.02608242044861763 0.046296296296296294
1 0.9906103286384976 0.17824074074074073 0.018257694314032343 0.06851851851851852
1 0.03234220135628586 0.04212962962962963 0.016692749087115284 0.0712962962962963
1 0.12050078247261346 0.26435185185185184 0.01773604590505999 0.04722222222222222
1 0.9040166927490871 0.24259259259259258 0.03338549817423057 0.06388888888888888
1 0.6580594679186228 0.2212962962962963 0.022430881585811163 0.053703703703703705
1 0.35602503912363065 0.2847222222222222 0.020865936358894107 0.05740740740740741
1 0.9483568075117371 0.27546296296296297 0.04434011476264997 0.053703703703703705
1 0.8281168492436098 0.9777777777777777 0.03338549817423057 0.04351851851851852
1 0.18753260302556077 0.8976851851851851 0.03234220135628586 0.04259259259259259
1 0.5404277516953573 0.31851851851851853 0.02608242044861763 0.05925925925925926
1 0.5709441836202399 0.2865740740740741 0.0198226395409494 0.049074074074074076
1 0.6278038601982264 0.31851851851851853 0.02138758476786646 0.05925925925925926
1 0.9582681272822118 0.18518518518518517 0.03338549817423057 0.06574074074074074
1 0.733698487219614 0.2412037037037037 0.022430881585811163 0.05
1 0.47991653625456443 0.05 0.02138758476786646 0.05925925925925926
1 0.5331246739697444 0.23564814814814813 0.02138758476786646 0.05925925925925926
0 0.49139280125195617 0.5310185185185186 0.0594679186228482 0.06018518518518518
0 0.009650495565988524 0.8972222222222223 0.018779342723004695 0.062037037037037036
1 0.6134585289514867 0.14629629629629629 0.02608242044861763 0.09537037037037037
1 0.5792905581637976 0.8092592592592592 0.02190923317683881 0.05925925925925926
1 0.5318205529473136 0.6685185185185185 0.029212310902451747 0.041666666666666664
0 0.775169535732916 0.5523148148148148 0.04747000521648409 0.053703703703703705