0 0.08958333333333333 0.48194444444444445 0.0546875 0.04259259259259259
0 0.7255208333333333 0.4222222222222222 0.049479166666666664 0.044444444444444446
0 0.35052083333333334 0.5625 0.050520833333333334 0.046296296296296294
0 0.578125 0.5981481481481481 0.046875 0.05
0 0.15677083333333333 0.5842592592592593 0.030729166666666665 0.05462962962962963
0 0.17421875 0.5199074074074074 0.053125 0.03888888888888889
0 0.640625 0.6601851851851852 0.04479166666666667 0.04351851851851852
0 0.0265625 0.6699074074074074 0.052083333333333336 0.04537037037037037
0 0.7567708333333333 0.5685185185185185 0.04375 0.041666666666666664
0 0.78359375 0.47638888888888886 0.04635416666666667 0.041666666666666664
0 0.018229166666666668 0.32037037037037036 0.036458333333333336 0.05
0 0.4856770833333333 0.4203703703703704 0.04739583333333333 0.05277777777777778
0 0.8861979166666667 0.47453703703703703 0.04583333333333333 0.06111111111111111
0 0.55859375 0.8458333333333333 0.022916666666666665 0.06666666666666667
0 0.7177083333333333 0.6814814814814815 0.021875 0.053703703703703705