1 0.49165362545644237 0.17592592592592593 0.03442879499217527 0.06111111111111111
0 0.17683881064162754 0.4148148148148148 0.0594679186228482 0.05092592592592592
1 0.7185706833594158 0.24444444444444444 0.03182055294731351 0.053703703703703705
1 0.051643192488262914 0.9254629629629629 0.017214397496087636 0.0712962962962963
1 0.18518518518518517 0.1814814814814815 0.03390714658320292 0.05555555555555555
1 0.643453312467397 0.27685185185185185 0.03286384976525822 0.058333333333333334
1 0.5722483046426708 0.6351851851851852 0.02190923317683881 0.06481481481481481
0 0.7425665101721439 0.43425925925925923 0.05268648930620762 0.04537037037037037
0 0.20996348461137193 0.524074074074074 0.05372978612415232 0.04722222222222222
0 0.10459050599895671 0.36064814814814816 0.06103286384976526 0.04814814814814815
1 0.017475221700573813 0.674074074074074 0.03390714658320292 0.0712962962962963
1 0.5665101721439749 0.22453703703703703 0.036515388628064686 0.06944444444444445
0 0.5949400104329682 0.4962962962962963 0.050078247261345854 0.040740740740740744
1 0.5845070422535211 0.12268518518518519 0.02556077203964528 0.05185185185185185
1 0.32316118935837246 0.7425925925925926 0.025039123630672927 0.062037037037037036
0 0.803338549817423 0.5171296296296296 0.0505998956703182 0.04351851851851852
1 0.11815336463223787 0.5828703703703704 0.02556077203964528 0.06851851851851852
0 0.9225352112676056 0.4722222222222222 0.056859676577986434 0.044444444444444446
0 0.6515388628064684 0.42916666666666664 0.04747000521648409 0.04351851851851852
1 0.5073030777256129 0.6439814814814815 0.01617110067814293 0.06111111111111111
1 0.7749087115284299 0.5800925925925926 0.03547209181011998 0.05555555555555555
1 0.9227960354720918 0.6060185185185185 0.03234220135628586 0.06574074074074074
0 0.6718831507563902 0.5611111111111111 0.029212310902451747 0.06851851851851852
1 0.5328638497652582 0.5981481481481481 0.020865936358894107 0.06574074074074074
1 0.7576943140323422 0.1625 0.037037037037037035 0.05462962962962963
0 0.38028169014084506 0.4689814814814815 0.030777256129368807 0.06666666666666667
1 0.3304642670839854 0.09675925925925925 0.03286384976525822 0.07685185185185185
0 0.33437663015127805 0.22083333333333333 0.02764736567553469 0.05462962962962963
1 0.30907668231611896 0.6402777777777777 0.014084507042253521 0.06481481481481481
1 0.97339593114241 0.7032407407407407 0.03599374021909233 0.06296296296296296
1 0.7910798122065728 0.09444444444444444 0.03442879499217527 0.06388888888888888
1 0.13823682837767345 0.7564814814814815 0.03025560772039645 0.06481481481481481
1 0.20892018779342722 0.7282407407407407 0.0297339593114241 0.06759259259259259
1 0.020865936358894107 0.26064814814814813 0.04121022430881586 0.05740740740740741
1 0.8792383933229003 0.6921296296296297 0.026604068857589983 0.05925925925925926
1 0.1752738654147105 0.6162037037037037 0.02138758476786646 0.06944444444444445
1 0.6609285341679708 0.7421296296296296 0.018257694314032343 0.053703703703703705
1 0.3252477829942619 0.6064814814814815 0.015127803860198226 0.06388888888888888
0 0.01643192488262911 0.3365740740740741 0.03286384976525822 0.04814814814814815
1 0.5268648930620762 0.6898148148148148 0.01773604590505999 0.06666666666666667
1 0.03312467396974439 0.10138888888888889 0.037037037037037035 0.08611111111111111
1 0.7616066770996348 0.2675925925925926 0.02608242044861763 0.04351851851851852
1 0.6491914449660928 0.6851851851851852 0.025039123630672927 0.06574074074074074
1 0.33255086071987483 0.812962962962963 0.017214397496087636 0.05925925925925926
1 0.6770996348461137 0.6462962962962963 0.0198226395409494 0.05648148148148148
1 0.8129890453834115 0.8236111111111111 0.018779342723004695 0.04537037037037037
1 0.29447052686489306 0.8199074074074074 0.020865936358894107 0.06296296296296296
0 0.013562858633281168 0.49537037037037035 0.026604068857589983 0.06018518518518518
1 0.6087636932707355 0.700925925925926 0.02034428794992175 0.062037037037037036
1 0.02060511215440793 0.1685185185185185 0.030777256129368807 0.05277777777777778
1 0.7193531559728743 0.6263888888888889 0.03338549817423057 0.06296296296296296
1 0.36280646844027126 0.6555555555555556 0.020865936358894107 0.06944444444444445
1 0.7522170057381325 0.7388888888888889 0.02034428794992175 0.06296296296296296
1 0.27673448095983305 0.6814814814814815 0.018257694314032343 0.04259259259259259
1 0.17370892018779344 0.9550925925925926 0.01564945226917058 0.04814814814814815
1 0.09285341679707877 0.6541666666666667 0.03234220135628586 0.05
1 0.6017214397496088 0.3074074074074074 0.03442879499217527 0.05
1 0.8393322900365154 0.8074074074074075 0.01773604590505999 0.05
1 0.22065727699530516 0.8527777777777777 0.016692749087115284 0.06481481481481481
1 0.9833072509128847 0.060648148148148145 0.03182055294731351 0.06481481481481481
1 0.22900365153886282 0.5995370370370371 0.028169014084507043 0.058333333333333334
1 0.7300469483568075 0.7078703703703704 0.0297339593114241 0.06574074074074074
1 0.5018257694314032 0.7143518518518519 0.023995826812728223 0.04537037037037037
1 0.41992696922274386 0.7277777777777777 0.023995826812728223 0.053703703703703705
1 0.36958789775691187 0.8634259259259259 0.01617110067814293 0.07407407407407407
1 0.3667188315075639 0.7287037037037037 0.03025560772039645 0.037037037037037035
1 0.8935837245696401 0.8 0.028690662493479395 0.06944444444444445
1 0.8054251434533125 0.7648148148148148 0.015127803860198226 0.05648148148148148
1 0.26421491914449663 0.7800925925925926 0.02556077203964528 0.04351851851851852
1 0.17344809598330724 0.09537037037037037 0.04329681794470527 0.075
1 0.9913928012519562 0.7356481481481482 0.016692749087115284 0.04814814814814815
0 0.17423056859676578 0.47453703703703703 0.03025560772039645 0.06111111111111111
0 0.5359937402190923 0.2967592592592593 0.040166927490871154 0.07592592592592592
1 0.11371935315597287 0.8101851851851852 0.018779342723004695 0.06574074074074074
0 0.3794992175273865 0.4060185185185185 0.0406885758998435 0.05092592592592592
1 0.6369327073552425 0.624537037037037 0.028169014084507043 0.05555555555555555
1 0.7347417840375586 0.7726851851851851 0.018257694314032343 0.04722222222222222
0 0.34950443401147624 0.5666666666666667 0.024517475221700575 0.06759259259259259
1 0.2016171100678143 0.662962962962963 0.02034428794992175 0.06666666666666667
0 0.037037037037037035 0.8925925925925926 0.0297339593114241 0.06481481481481481