0 0.66015625 0.36898148148148147 0.040625 0.03888888888888889
0 0.48151041666666666 0.37407407407407406 0.0453125 0.03888888888888889
0 0.421875 0.5342592592592592 0.053125 0.04537037037037037
0 0.9638020833333333 0.40925925925925927 0.05 0.04537037037037037
0 0.8799479166666667 0.4722222222222222 0.05 0.041666666666666664
0 0.06432291666666666 0.2986111111111111 0.04739583333333333 0.03333333333333333
0 0.8622395833333333 0.6865740740740741 0.05364583333333333 0.040740740740740744
0 0.8067708333333333 0.4351851851851852 0.0484375 0.04259259259259259
0 0.21380208333333334 0.5328703703703703 0.05 0.04537037037037037
0 0.6630208333333333 0.41064814814814815 0.04114583333333333 0.05
0 0.7783854166666667 0.5574074074074075 0.051041666666666666 0.044444444444444446
0 0.23385416666666667 0.34953703703703703 0.03333333333333333 0.06481481481481481
0 0.93125 0.6217592592592592 0.05572916666666667 0.04722222222222222
0 0.553125 0.5606481481481481 0.049479166666666664 0.041666666666666664
0 0.41510416666666666 0.46296296296296297 0.049479166666666664 0.041666666666666664
0 0.7989583333333333 0.3592592592592593 0.04583333333333333 0.05648148148148148
0 0.7427083333333333 0.29305555555555557 0.040625 0.05740740740740741
0 0.7270833333333333 0.4847222222222222 0.04479166666666667 0.03888888888888889
0 0.17135416666666667 0.600462962962963 0.05260416666666667 0.04814814814814815