0 0.24804381846635368 0.4185185185185185 0.03234220135628586 0.05740740740740741
1 0.43218570683359414 0.22268518518518518 0.023474178403755867 0.05555555555555555
0 0.37219613980177363 0.4199074074074074 0.04590505998956703 0.044444444444444446
1 0.2104851330203443 0.26851851851851855 0.03495044340114763 0.05462962962962963
1 0.5743348982785602 0.14166666666666666 0.03599374021909233 0.06574074074074074
1 0.4525299947835159 0.7305555555555555 0.01773604590505999 0.06296296296296296
1 0.037037037037037035 0.8055555555555556 0.03129890453834116 0.06481481481481481
1 0.11867501304121023 0.14351851851851852 0.0396452790818988 0.06296296296296296
1 0.6499739175795514 0.6430555555555556 0.025039123630672927 0.06759259259259259
1 0.40375586854460094 0.3439814814814815 0.01773604590505999 0.06759259259259259
0 0.5159102764736567 0.44351851851851853 0.048513302034428794 0.03981481481481482
1 0.4327073552425665 0.6731481481481482 0.026604068857589983 0.06759259259259259
1 0.6022430881585811 0.7712962962962963 0.023474178403755867 0.05277777777777778
0 0.12258737610850287 0.40185185185185185 0.056859676577986434 0.04537037037037037
1 0.2655190401669275 0.287962962962963 0.02034428794992175 0.06111111111111111
1 0.6278038601982264 0.6916666666666667 0.018257694314032343 0.06296296296296296
1 0.8735002608242045 0.7666666666666667 0.020865936358894107 0.05648148148148148
0 0.658320292123109 0.487962962962963 0.05112154407929056 0.04537037037037037
0 0.2686489306207616 0.3490740740740741 0.053208137715179966 0.05
1 0.4613980177360459 0.29259259259259257 0.03286384976525822 0.053703703703703705
1 0.5156494522691706 0.5777777777777777 0.018779342723004695 0.049074074074074076
1 0.19640062597809077 0.09166666666666666 0.037037037037037035 0.06296296296296296
1 0.40714658320292124 0.6055555555555555 0.02608242044861763 0.046296296296296294
1 0.02060511215440793 0.2953703703703704 0.03025560772039645 0.08148148148148149
1 0.3685446009389671 0.31712962962962965 0.03390714658320292 0.05092592592592592
0 0.6108502869066249 0.5319444444444444 0.04329681794470527 0.053703703703703705
1 0.8604590505998957 0.36527777777777776 0.03442879499217527 0.062037037037037036
1 0.27543035993740217 0.5962962962962963 0.022430881585811163 0.07037037037037037
1 0.8098591549295775 0.7703703703703704 0.018779342723004695 0.05555555555555555
0 0.13275952008346376 0.34305555555555556 0.048513302034428794 0.058333333333333334
1 0.10980699008868022 0.04212962962962963 0.03495044340114763 0.05648148148148148
1 0.736567553468962 0.6462962962962963 0.027125717266562335 0.04537037037037037
1 0.5659885237350026 0.6851851851851852 0.02190923317683881 0.0787037037037037
1 0.3510693792383933 0.17407407407407408 0.028169014084507043 0.06111111111111111
1 0.21100678142931664 0.5120370370370371 0.028169014084507043 0.06388888888888888
1 0.6807511737089202 0.39537037037037037 0.029212310902451747 0.06111111111111111
1 0.014606155451225874 0.6078703703703704 0.028690662493479395 0.06388888888888888
1 0.12050078247261346 0.7347222222222223 0.0198226395409494 0.06111111111111111
1 0.24804381846635368 0.7375 0.02556077203964528 0.053703703703703705
1 0.7050078247261345 0.7023148148148148 0.028169014084507043 0.07314814814814814
1 0.09728742827334376 0.5791666666666667 0.03025560772039645 0.044444444444444446
1 0.46870109546165883 0.39444444444444443 0.018779342723004695 0.05740740740740741
1 0.7621283255086072 0.7222222222222222 0.023474178403755867 0.06666666666666667
1 0.775169535732916 0.8078703703703703 0.019300991131977047 0.058333333333333334
1 0.24021909233176839 0.8375 0.029212310902451747 0.06296296296296296
1 0.46765779864371415 0.35138888888888886 0.019300991131977047 0.06574074074074074
1 0.935054773082942 0.24814814814814815 0.03286384976525822 0.04537037037037037
1 0.13275952008346376 0.5546296296296296 0.03234220135628586 0.06111111111111111
1 0.4859154929577465 0.7703703703703704 0.0198226395409494 0.05092592592592592
1 0.7279603547209181 0.774537037037037 0.02190923317683881 0.06481481481481481
1 0.3510693792383933 0.13796296296296295 0.02556077203964528 0.05462962962962963
1 0.9055816379760042 0.6773148148148148 0.028169014084507043 0.06481481481481481
1 0.763432446531038 0.825925925925926 0.02190923317683881 0.05277777777777778
1 0.6846635367762128 0.362962962962963 0.03025560772039645 0.05462962962962963
1 0.4731351069379238 0.07268518518518519 0.03182055294731351 0.05462962962962963
1 0.49947835159102766 0.7356481481481482 0.022430881585811163 0.05185185185185185
1 0.3471570161711007 0.624537037037037 0.022430881585811163 0.06111111111111111
1 0.9470526864893062 0.7453703703703703 0.026604068857589983 0.06759259259259259
0 0.10928534167970788 0.4449074074074074 0.0605112154407929 0.041666666666666664
1 0.8296817944705268 0.6361111111111111 0.023995826812728223 0.049074074074074076
1 0.8455920709441836 0.7152777777777778 0.019300991131977047 0.04814814814814815
1 0.35602503912363065 0.20879629629629629 0.0297339593114241 0.06018518518518518
1 0.2037037037037037 0.2375 0.027125717266562335 0.05092592592592592
1 0.025821596244131457 0.6296296296296297 0.03755868544600939 0.062037037037037036
1 0.11580594679186229 0.4666666666666667 0.029212310902451747 0.041666666666666664
1 0.2081377151799687 0.7796296296296297 0.022952529994783515 0.06388888888888888
1 0.32420448617631714 0.5986111111111111 0.018779342723004695 0.05648148148148148
1 0.033646322378716745 0.7680555555555556 0.027125717266562335 0.049074074074074076
1 0.05920709441836203 0.6564814814814814 0.02034428794992175 0.037037037037037035
1 0.3492436098069901 0.6856481481481481 0.0198226395409494 0.05925925925925926
1 0.3617631716223266 0.8657407407407407 0.022952529994783515 0.05462962962962963
1 0.32968179447052687 0.763425925925926 0.024517475221700575 0.08055555555555556
1 0.8990610328638498 0.7708333333333334 0.028169014084507043 0.06388888888888888
1 0.1278038601982264 0.6152777777777778 0.023474178403755867 0.04537037037037037
1 0.36906624934793947 0.7444444444444445 0.02138758476786646 0.04537037037037037
1 0.20761606677099634 0.20833333333333334 0.023995826812728223 0.06296296296296296
1 0.3651538862806468 0.28379629629629627 0.02138758476786646 0.03333333333333333
1 0.3808033385498174 0.6587962962962963 0.02190923317683881 0.07037037037037037
1 0.12649973917579552 0.8449074074074074 0.024517475221700575 0.07222222222222222
1 0.5046948356807511 0.5976851851851852 0.014606155451225874 0.05462962962962963
1 0.13145539906103287 0.5222222222222223 0.0297339593114241 0.05555555555555555
1 0.3359415753781951 0.5833333333333334 0.020865936358894107 0.062037037037037036
1 0.07459572248304643 0.6361111111111111 0.018779342723004695 0.06666666666666667
1 0.4765258215962441 0.020833333333333332 0.03182055294731351 0.03888888888888889
1 0.3129890453834116 0.8699074074074075 0.029212310902451747 0.07037037037037037
1 0.45748565466875324 0.9319444444444445 0.011997913406364111 0.05740740740740741
1 0.020083463745435577 0.712037037037037 0.03442879499217527 0.06481481481481481
1 0.17970787689097548 0.7944444444444444 0.024517475221700575 0.06296296296296296
1 0.12832550860719874 0.7013888888888888 0.02034428794992175 0.05092592592592592
1 0.18022952529994785 0.8611111111111112 0.026604068857589983 0.05555555555555555
0 0.6898800208659364 0.7212962962962963 0.03495044340114763 0.03796296296296296
1 0.31533646322378717 0.6731481481481482 0.028690662493479395 0.06018518518518518
1 0.6557120500782473 0.7560185185185185 0.026604068857589983 0.06759259259259259
1 0.28508085550339074 0.7231481481481481 0.02608242044861763 0.05277777777777778
1 0.5099113197704747 0.7189814814814814 0.018779342723004695 0.05185185185185185
1 0.34663536776212833 0.6652777777777777 0.02034428794992175 0.06111111111111111
1 0.2094418362023996 0.6842592592592592 0.023474178403755867 0.075