0 0.040679931640625 0.703326416015625 0.05499267578125 0.07372360229492188
0 0.10357666015625 0.49921875 0.05059814453125 0.05113525390625
0 0.56103515625 0.544287109375 0.049957275390625 0.05124359130859375
0 0.272705078125 0.468450927734375 0.050048828125 0.0457183837890625
0 0.398681640625 0.481884765625 0.0504150390625 0.0418182373046875
1 0.7314453125 0.377880859375 0.0284881591796875 0.06418991088867188
1 0.58740234375 0.3018280029296875 0.02630615234375 0.06223983764648437
0 0.03033447265625 0.523486328125 0.051666259765625 0.048047637939453124
1 0.7880859375 0.143438720703125 0.025177001953125 0.05882720947265625
1 0.68310546875 0.19674072265625 0.021209716796875 0.0639190673828125
1 0.57861328125 0.9343017578125 0.0244293212890625 0.060506439208984374
0 0.390380859375 0.647857666015625 0.0535888671875 0.04328079223632812
1 0.6025390625 0.830731201171875 0.0295867919921875 0.054872894287109376
0 0.69482421875 0.5356201171875 0.043701171875 0.0673858642578125
1 0.6494140625 0.2485260009765625 0.019195556640625 0.06077728271484375
1 0.281494140625 0.5772216796875 0.023284912109375 0.05882720947265625
1 0.61865234375 0.323712158203125 0.0194549560546875 0.06381072998046874
1 0.6572265625 0.298577880859375 0.01983642578125 0.07101516723632813
1 0.6259765625 0.266943359375 0.021820068359375 0.059964752197265624
1 0.8271484375 0.3893646240234375 0.02655029296875 0.06917343139648438
1 0.9208984375 0.31461181640625 0.03192138671875 0.06765670776367187
1 0.87890625 0.3572967529296875 0.03253173828125 0.06142730712890625
1 0.03216552734375 0.343646240234375 0.03582763671875 0.0738861083984375
1 0.638671875 0.3577301025390625 0.0191650390625 0.05731048583984375
1 0.57666015625 0.3538299560546875 0.02386474609375 0.0582855224609375
1 0.80615234375 0.2927276611328125 0.0205230712890625 0.06841506958007812
1 0.18798828125 0.739727783203125 0.0282135009765625 0.06727752685546876
1 0.603515625 0.89443359375 0.02069091796875 0.06418991088867188
1 0.391357421875 0.3707305908203125 0.02886962890625 0.07020263671875
1 0.0548095703125 0.3031280517578125 0.03424072265625 0.057635498046875
1 0.4453125 0.3503631591796875 0.0210113525390625 0.0682525634765625
1 0.11029052734375 0.3217620849609375 0.029144287109375 0.07274856567382812
1 0.317626953125 0.3468963623046875 0.0305633544921875 0.06516494750976562
1 0.278564453125 0.34581298828125 0.0310211181640625 0.06673583984375
1 0.77099609375 0.4019317626953125 0.03173828125 0.06516494750976562
1 0.402587890625 0.2745269775390625 0.0255584716796875 0.07220687866210937
1 0.237060546875 0.3518798828125 0.023193359375 0.06624832153320312
1 0.6083984375 0.08916168212890625 0.0167236328125 0.06343154907226563
1 0.89892578125 0.14647216796875 0.02508544921875 0.060398101806640625
1 0.732421875 0.2727935791015625 0.02423095703125 0.0606689453125
1 0.93017578125 0.3971649169921875 0.03192138671875 0.050756072998046874
1 0.90478515625 0.277777099609375 0.0345458984375 0.05904388427734375
1 0.350341796875 0.250042724609375 0.0205230712890625 0.06272735595703124
1 0.8271484375 0.231842041015625 0.0226287841796875 0.06814422607421874
1 0.80908203125 0.767462158203125 0.027435302734375 0.06321487426757813
1 0.362548828125 0.269110107421875 0.0171051025390625 0.06310653686523438
1 0.1934814453125 0.68729248046875 0.02606201171875 0.06776504516601563
1 0.7626953125 0.33541259765625 0.0202484130859375 0.048968505859375
1 0.45263671875 0.257843017578125 0.021087646484375 0.06527328491210938
1 0.292724609375 0.2268585205078125 0.0199432373046875 0.06500244140625
1 0.429931640625 0.3013946533203125 0.023651123046875 0.06917343139648438
1 0.94970703125 0.4298828125 0.033782958984375 0.05731048583984375
1 0.96728515625 0.670391845703125 0.03173828125 0.05424995422363281
1 0.228515625 0.1995574951171875 0.02276611328125 0.05882720947265625
1 0.869140625 0.3087615966796875 0.022796630859375 0.06489410400390624
1 0.98828125 0.17843170166015626 0.021697998046875 0.065869140625
1 0.95849609375 0.7124267578125 0.040679931640625 0.0535186767578125
1 0.379638671875 0.3195953369140625 0.0197906494140625 0.0513519287109375
1 0.837890625 0.167706298828125 0.0236053466796875 0.06500244140625
1 0.46826171875 0.95423583984375 0.0261077880859375 0.04823722839355469
1 0.595703125 0.1930572509765625 0.015960693359375 0.06700668334960938
1 0.94677734375 0.89876708984375 0.03656005859375 0.053924942016601564
1 0.6064453125 0.710693359375 0.0265045166015625 0.06662750244140625
1 0.22265625 0.1462554931640625 0.01554107666015625 0.05143318176269531
1 0.304443359375 0.2030242919921875 0.0236968994140625 0.06099395751953125
1 0.60986328125 0.159906005859375 0.01490020751953125 0.0665191650390625
1 0.1954345703125 0.3438629150390625 0.0333251953125 0.0565521240234375
1 0.324462890625 0.2771270751953125 0.016845703125 0.050756072998046874
0 0.97998046875 0.583721923828125 0.037811279296875 0.0483184814453125
1 0.779296875 0.20226593017578126 0.017181396484375 0.06272735595703124
1 0.60107421875 0.77916259765625 0.028656005859375 0.04942893981933594
1 0.27734375 0.265643310546875 0.0244293212890625 0.06527328491210938
1 0.318115234375 0.8302978515625 0.036224365234375 0.05774383544921875
1 0.96240234375 0.054872894287109376 0.017303466796875 0.068902587890625
1 0.783203125 0.35968017578125 0.018585205078125 0.04409332275390625
1 0.92529296875 0.2478759765625 0.025177001953125 0.06429824829101563
1 0.10052490234375 0.239642333984375 0.02838134765625 0.050078964233398436
0 0.73583984375 0.2359588623046875 0.04803466796875 0.03743057250976563
1 0.407470703125 0.57288818359375 0.02655029296875 0.040789031982421876
1 0.1488037109375 0.22024993896484374 0.0192718505859375 0.0591522216796875
1 0.03521728515625 0.2753936767578125 0.023193359375 0.06007308959960937
1 0.818359375 0.92216796875 0.02691650390625 0.05687713623046875
1 0.1263427734375 0.2948944091796875 0.034027099609375 0.068035888671875
1 0.609375 0.867132568359375 0.0257110595703125 0.054358291625976565
1 0.9873046875 0.471051025390625 0.0238189697265625 0.05384368896484375
1 0.52734375 0.056768798828125 0.0144500732421875 0.05113525390625
1 0.8232421875 0.857598876953125 0.022979736328125 0.0572021484375
1 0.5087890625 0.2285919189453125 0.0223236083984375 0.07155685424804688
1 0.235595703125 0.2901275634765625 0.0222930908203125 0.04536628723144531
1 0.98779296875 0.28687744140625 0.021240234375 0.04812889099121094
1 0.010406494140625 0.2238250732421875 0.02069091796875 0.082769775390625
0 0.01049041748046875 0.4049652099609375 0.02056884765625 0.030253219604492187
1 0.30322265625 0.16304779052734375 0.021087646484375 0.04661216735839844
1 0.77685546875 0.9845703125 0.03131103515625 0.029901123046875
1 0.433349609375 0.26781005859375 0.0207977294921875 0.049537277221679686
1 0.10894775390625 0.1887237548828125 0.026702880859375 0.05904388427734375
1 0.97216796875 0.3512298583984375 0.030731201171875 0.050566482543945315
1 0.3310546875 0.726727294921875 0.0196380615234375 0.04444541931152344
0 0.97802734375 0.08834915161132813 0.0303802490234375 0.06538162231445313
1 0.0616455078125 0.2444091796875 0.0255584716796875 0.04563713073730469
1 0.50244140625 0.05644378662109375 0.015838623046875 0.046883010864257814