0 0.90390625 0.30416666666666664 0.0484375 0.04259259259259259
0 0.86953125 0.7652777777777777 0.05625 0.05092592592592592
0 0.8791666666666667 0.4203703703703704 0.049479166666666664 0.04259259259259259
0 0.69453125 0.41574074074074074 0.053125 0.04814814814814815
0 0.5677083333333334 0.37592592592592594 0.04635416666666667 0.046296296296296294
0 0.6375 0.524074074074074 0.053125 0.044444444444444446
0 0.12447916666666667 0.45925925925925926 0.029166666666666667 0.053703703703703705
0 0.7971354166666667 0.5472222222222223 0.04895833333333333 0.06666666666666667
0 0.42135416666666664 0.5962962962962963 0.05260416666666667 0.049074074074074076
0 0.9677083333333333 0.5018518518518519 0.052083333333333336 0.04722222222222222
0 0.7645833333333333 0.3125 0.04479166666666667 0.04351851851851852
0 0.07526041666666666 0.7555555555555555 0.04479166666666667 0.06759259259259259
0 0.22552083333333334 0.49583333333333335 0.034895833333333334 0.05092592592592592
0 0.025520833333333333 0.5083333333333333 0.051041666666666666 0.044444444444444446
0 0.01640625 0.6138888888888889 0.0328125 0.03888888888888889
0 0.016145833333333335 0.42777777777777776 0.03177083333333333 0.04351851851851852