0 0.5620761606677099 0.4949074074074074 0.05216484089723526 0.046296296296296294
1 0.652321335419927 0.16620370370370371 0.013562858633281168 0.062037037037037036
1 0.7621283255086072 0.41435185185185186 0.026604068857589983 0.05740740740740741
0 0.4775691184141888 0.5425925925925926 0.037037037037037035 0.06018518518518518
1 0.9214919144496609 0.33055555555555555 0.037037037037037035 0.06666666666666667
1 0.20839853938445488 0.38657407407407407 0.029212310902451747 0.06296296296296296
1 0.20031298904538342 0.274537037037037 0.02608242044861763 0.07037037037037037
1 0.4316640584246218 0.9212962962962963 0.03390714658320292 0.05740740740740741
1 0.1411058946270214 0.8773148148148148 0.03547209181011998 0.053703703703703705
0 0.5693792383933229 0.5518518518518518 0.05112154407929056 0.044444444444444446
1 0.1178925404277517 0.2222222222222222 0.027125717266562335 0.06296296296296296
1 0.28377673448095986 0.30416666666666664 0.028169014084507043 0.06481481481481481
1 0.7300469483568075 0.33101851851851855 0.0297339593114241 0.06574074074074074
1 0.2334376630151278 0.662962962962963 0.02608242044861763 0.05740740740740741
1 0.5010432968179447 0.42083333333333334 0.015127803860198226 0.06481481481481481
1 0.013562858633281168 0.3087962962962963 0.026604068857589983 0.06574074074074074
1 0.8539384454877412 0.30324074074074076 0.029212310902451747 0.06296296296296296
1 0.8262910798122066 0.42083333333333334 0.03286384976525822 0.06759259259259259
1 0.6113719353155973 0.3013888888888889 0.02608242044861763 0.06111111111111111
1 0.2357850808555034 0.34675925925925927 0.025039123630672927 0.06759259259259259
1 0.33124673969744395 0.3236111111111111 0.026604068857589983 0.06666666666666667
1 0.42644757433489827 0.8189814814814815 0.030777256129368807 0.05092592592592592
1 0.14501825769431403 0.31342592592592594 0.022952529994783515 0.06574074074074074
1 0.7201356285863328 0.2972222222222222 0.0297339593114241 0.06018518518518518
1 0.06677099634846113 0.29212962962962963 0.0297339593114241 0.05185185185185185
1 0.8119457485654669 0.29444444444444445 0.028690662493479395 0.06574074074074074
1 0.8633281168492436 0.2074074074074074 0.02034428794992175 0.06296296296296296
1 0.3857589984350548 0.8601851851851852 0.019300991131977047 0.06574074074074074
0 0.16379760041731872 0.4550925925925926 0.0505998956703182 0.075
1 0.1664058424621805 0.1912037037037037 0.023474178403755867 0.06296296296296296
1 0.3935837245696401 0.8083333333333333 0.025039123630672927 0.05462962962962963
1 0.5498174230568597 0.3013888888888889 0.020865936358894107 0.049074074074074076
1 0.9760041731872717 0.38796296296296295 0.0297339593114241 0.03333333333333333
1 0.5057381324986959 0.45046296296296295 0.018779342723004695 0.06018518518518518
1 0.557642149191445 0.20601851851851852 0.02034428794992175 0.06111111111111111
1 0.3395931142410016 0.38333333333333336 0.022430881585811163 0.06574074074074074
1 0.6064162754303599 0.35509259259259257 0.029212310902451747 0.07407407407407407
1 0.8852373500260824 0.16435185185185186 0.02034428794992175 0.06666666666666667
1 0.07068335941575378 0.2462962962962963 0.0297339593114241 0.06296296296296296
1 0.8382889932185706 0.7851851851851852 0.027125717266562335 0.06296296296296296
1 0.4188836724047992 0.28055555555555556 0.02608242044861763 0.06388888888888888
1 0.7266562336984872 0.21064814814814814 0.026604068857589983 0.06666666666666667
1 0.6781429316640585 0.9041666666666667 0.02138758476786646 0.05277777777777778
1 0.4209702660406886 0.24351851851851852 0.011997913406364111 0.037037037037037035
1 0.7811684924360981 0.31296296296296294 0.025039123630672927 0.0787037037037037
1 0.47730829420970267 0.36944444444444446 0.018779342723004695 0.06388888888888888
1 0.33776734480959836 0.2722222222222222 0.017214397496087636 0.04814814814814815
1 0.7944705268648931 0.27037037037037037 0.01564945226917058 0.05185185185185185