1 0.8813249869587898 0.7208333333333333 0.03495044340114763 0.06296296296296296
1 0.10250391236306729 0.6972222222222222 0.03547209181011998 0.05740740740740741
1 0.3158581116327595 0.8180555555555555 0.03025560772039645 0.05740740740740741
1 0.940792905581638 0.3486111111111111 0.03182055294731351 0.06296296296296296
0 0.6755346896191967 0.47453703703703703 0.03025560772039645 0.06574074074074074
0 0.11189358372456965 0.5268518518518519 0.03338549817423057 0.049074074074074076
0 0.8628064684402713 0.43842592592592594 0.03495044340114763 0.05740740740740741
1 0.03912363067292645 0.034722222222222224 0.01773604590505999 0.06666666666666667
0 0.9767866458007303 0.40879629629629627 0.041731872717788214 0.058333333333333334
1 0.15466875326030255 0.4199074074074074 0.023474178403755867 0.062037037037037036
1 0.5221700573813249 0.788425925925926 0.023995826812728223 0.05740740740740741
1 0.3729786124152321 0.6101851851851852 0.019300991131977047 0.06759259259259259
1 0.37689097548252476 0.25555555555555554 0.028690662493479395 0.07037037037037037
0 0.547470005216484 0.4791666666666667 0.05529473135106938 0.046296296296296294
1 0.3174230568596766 0.3337962962962963 0.028690662493479395 0.06759259259259259
1 0.22065727699530516 0.3416666666666667 0.029212310902451747 0.06296296296296296
0 0.08789775691184142 0.5930555555555556 0.05738132498695879 0.04722222222222222
1 0.17031820552947313 0.8601851851851852 0.03599374021909233 0.062037037037037036
1 0.5401669274908711 0.33194444444444443 0.01773604590505999 0.06944444444444445
1 0.5610328638497653 0.9064814814814814 0.03286384976525822 0.05462962962962963
1 0.8646322378716745 0.29259259259259257 0.03599374021909233 0.05925925925925926
1 0.6932707355242567 0.25555555555555554 0.02764736567553469 0.05462962962962963
0 0.5706833594157538 0.5550925925925926 0.0495565988523735 0.06296296296296296
1 0.368283776734481 0.3824074074074074 0.02138758476786646 0.06111111111111111
0 0.8922796035472091 0.5106481481481482 0.05581637976004173 0.04259259259259259
0 0.21387584767866458 0.4842592592592593 0.0297339593114241 0.06296296296296296
1 0.3291601460615545 0.18935185185185185 0.018257694314032343 0.06296296296296296
1 0.3534167970787689 0.2986111111111111 0.025039123630672927 0.06666666666666667
1 0.9660928534167971 0.7893518518518519 0.037037037037037035 0.05092592592592592
1 0.13380281690140844 0.3587962962962963 0.028169014084507043 0.06111111111111111
1 0.6006781429316641 0.22083333333333333 0.025039123630672927 0.06388888888888888
1 0.7086593635889411 0.35324074074074074 0.024517475221700575 0.06666666666666667
1 0.7154407929055816 0.7240740740740741 0.025039123630672927 0.05
1 0.01617110067814293 0.34675925925925927 0.03129890453834116 0.06944444444444445
1 0.5286906624934794 0.3837962962962963 0.01773604590505999 0.06111111111111111
1 0.3729786124152321 0.6907407407407408 0.028169014084507043 0.06574074074074074
1 0.5618153364632238 0.26157407407407407 0.017214397496087636 0.06481481481481481
1 0.01069379238393323 0.21851851851851853 0.02138758476786646 0.07037037037037037
1 0.8484611371935316 0.19814814814814816 0.017214397496087636 0.05740740740740741
1 0.6622326551904016 0.28703703703703703 0.02556077203964528 0.06296296296296296
1 0.9801773604590506 0.7097222222222223 0.03495044340114763 0.06666666666666667
1 0.4525299947835159 0.3162037037037037 0.018779342723004695 0.04814814814814815
1 0.6789254042775169 0.8009259259259259 0.02556077203964528 0.053703703703703705
1 0.43740219092331767 0.7597222222222222 0.017214397496087636 0.049074074074074076
1 0.5876369327073553 0.7939814814814815 0.037037037037037035 0.07037037037037037
1 0.43792383933229 0.19583333333333333 0.025039123630672927 0.06111111111111111
1 0.980699008868023 0.20324074074074075 0.020865936358894107 0.058333333333333334
1 0.1927490871152843 0.21481481481481482 0.028169014084507043 0.06666666666666667
1 0.5143453312467396 0.2125 0.02556077203964528 0.05092592592592592
1 0.7321335419926969 0.3060185185185185 0.027125717266562335 0.06018518518518518
1 0.10250391236306729 0.29953703703703705 0.023995826812728223 0.06111111111111111
1 0.4793948878455921 0.22361111111111112 0.01564945226917058 0.06111111111111111
1 0.4551382368283777 0.8291666666666667 0.022952529994783515 0.04814814814814815
1 0.22170057381324987 0.2763888888888889 0.028690662493479395 0.07037037037037037
1 0.2777777777777778 0.15833333333333333 0.017214397496087636 0.06481481481481481
1 0.5821596244131455 0.3189814814814815 0.01564945226917058 0.05555555555555555
1 0.18596765779864372 0.28935185185185186 0.03234220135628586 0.05925925925925926
1 0.2655190401669275 0.11481481481481481 0.01773604590505999 0.075
1 0.9107981220657277 0.2449074074074074 0.03495044340114763 0.05925925925925926
1 0.04538341158059468 0.2851851851851852 0.023995826812728223 0.05185185185185185
1 0.8116849243609807 0.14953703703703702 0.022430881585811163 0.04722222222222222
1 0.08502869066249348 0.23194444444444445 0.03129890453834116 0.075
1 0.9181011997913406 0.18472222222222223 0.020865936358894107 0.06296296296296296
1 0.06781429316640585 0.4097222222222222 0.03129890453834116 0.032407407407407406
1 0.6927490871152843 0.19953703703703704 0.020865936358894107 0.041666666666666664
1 0.17136150234741784 0.3384259259259259 0.03286384976525822 0.07037037037037037
1 0.7402190923317684 0.2638888888888889 0.01773604590505999 0.03333333333333333
1 0.0738132498695879 0.324537037037037 0.02138758476786646 0.06296296296296296
1 0.11658841940532082 0.21342592592592594 0.02608242044861763 0.05555555555555555
1 0.051643192488262914 0.3347222222222222 0.01564945226917058 0.03888888888888889
1 0.257433489827856 0.21388888888888888 0.024517475221700575 0.06296296296296296
1 0.9913928012519562 0.6236111111111111 0.017214397496087636 0.049074074074074076
0 0.023474178403755867 0.06527777777777778 0.03234220135628586 0.06851851851851852
1 0.11658841940532082 0.10694444444444444 0.010954616588419406 0.024074074074074074