0 0.6973958333333333 0.3625 0.04635416666666667 0.040740740740740744
0 0.6377604166666667 0.3990740740740741 0.03958333333333333 0.05648148148148148
0 0.3106770833333333 0.42916666666666664 0.046875 0.05740740740740741
0 0.928125 0.4027777777777778 0.050520833333333334 0.04351851851851852
0 0.5817708333333333 0.46435185185185185 0.046875 0.05277777777777778
1 0.8768229166666667 0.3194444444444444 0.025520833333333333 0.09722222222222222
0 0.48854166666666665 0.5814814814814815 0.049479166666666664 0.05185185185185185
0 0.5630208333333333 0.7046296296296296 0.03802083333333333 0.05648148148148148
0 0.4778645833333333 0.42314814814814816 0.0453125 0.05462962962962963
0 0.7489583333333333 0.5388888888888889 0.046875 0.044444444444444446
0 0.30520833333333336 0.7726851851851851 0.050520833333333334 0.08055555555555556
0 0.01875 0.36527777777777776 0.0359375 0.03981481481481482
1 0.8791666666666667 0.3398148148148148 0.024479166666666666 0.07962962962962963
0 0.9401041666666666 0.6439814814814815 0.04895833333333333 0.05925925925925926