0 0.26904296875 0.5095486111111112 0.04052734375 0.06141493055555555
0 0.82421875 0.5876736111111112 0.051544189453125 0.051812065972222224
0 0.50732421875 0.3947482638888889 0.04443359375 0.049614800347222224
0 0.28173828125 0.3854166666666667 0.047088623046875 0.043999565972222224
0 0.07708740234375 0.373046875 0.052032470703125 0.03683810763888889
0 0.6298828125 0.6150173611111112 0.0457763671875 0.06439887152777778
0 0.8408203125 0.3914930555555556 0.028167724609375 0.0625
0 0.469970703125 0.3274739583333333 0.046539306640625 0.04226345486111111
0 0.1915283203125 0.3582899305555556 0.047149658203125 0.042182074652777776
0 0.1815185546875 0.5959201388888888 0.052825927734375 0.040852864583333336
0 0.62060546875 0.4398871527777778 0.0390625 0.05772569444444445
0 0.466552734375 0.6354166666666666 0.027587890625 0.06391059027777778
0 0.1778564453125 0.2862413194444444 0.0289764404296875 0.051025390625
1 0.7431640625 0.3064236111111111 0.030853271484375 0.0935329861111111
0 0.8379836309523812 0.6736111111111113 0.0522431873139882 0.06635199652777778
0 0.98651123046875 0.4691840277777778 0.0269775390625 0.051513671875
0 0.89013671875 0.5147569444444444 0.04931640625 0.05064561631944445
0 0.79150390625 0.4756944444444444 0.046295166015625 0.042426215277777776
1 0.7447916666666669 0.32539682539682546 0.0252976190476191 0.08730158730158735