1 0.49921752738654146 0.175 0.027125717266562335 0.06388888888888888
0 0.9786124152321335 0.44814814814814813 0.0406885758998435 0.05277777777777778
0 0.3763693270735524 0.49537037037037035 0.048513302034428794 0.04351851851851852
1 0.9760041731872717 0.6796296296296296 0.03025560772039645 0.07037037037037037
0 0.9713093375065206 0.33611111111111114 0.050078247261345854 0.05
1 0.6737089201877934 0.7462962962962963 0.024517475221700575 0.06296296296296296
0 0.16484089723526343 0.5328703703703703 0.037037037037037035 0.05277777777777778
1 0.6661450182576943 0.10046296296296296 0.027125717266562335 0.07962962962962963
1 0.4050599895670318 0.12129629629629629 0.02764736567553469 0.05092592592592592
1 0.11215440792905582 0.6949074074074074 0.03755868544600939 0.06296296296296296
0 0.3268127282211789 0.42962962962962964 0.050078247261345854 0.04259259259259259
1 0.7681272822117893 0.8532407407407407 0.023995826812728223 0.05740740740740741
1 0.34507042253521125 0.27685185185185185 0.024517475221700575 0.05648148148148148
1 0.6220657276995305 0.6481481481481481 0.028690662493479395 0.075
1 0.7850808555033907 0.7268518518518519 0.022430881585811163 0.06851851851851852
1 0.32342201356285866 0.5546296296296296 0.03182055294731351 0.06481481481481481
0 0.8661971830985915 0.3587962962962963 0.059989567031820554 0.04722222222222222
1 0.4616588419405321 0.5995370370370371 0.0297339593114241 0.06851851851851852
1 0.8192488262910798 0.09583333333333334 0.03390714658320292 0.07407407407407407
1 0.3789775691184142 0.6981481481481482 0.02556077203964528 0.06574074074074074
1 0.6830985915492958 0.6402777777777777 0.02138758476786646 0.062037037037037036
0 0.23552425665101723 0.4310185185185185 0.0505998956703182 0.040740740740740744
0 0.599113197704747 0.4023148148148148 0.040166927490871154 0.04537037037037037
1 0.810641627543036 0.6203703703703703 0.0297339593114241 0.06851851851851852
0 0.7563901930099113 0.5217592592592593 0.0495565988523735 0.04722222222222222
1 0.023995826812728223 0.7023148148148148 0.038601982263954095 0.06574074074074074
1 0.4188836724047992 0.6351851851851852 0.025039123630672927 0.06296296296296296
1 0.6431924882629108 0.5666666666666667 0.027125717266562335 0.06481481481481481
1 0.8643714136671883 0.5837962962962963 0.036515388628064686 0.06666666666666667
0 0.5912884715701617 0.4708333333333333 0.04538341158059468 0.04537037037037037
1 0.0683359415753782 0.6041666666666666 0.03182055294731351 0.06666666666666667
1 0.198226395409494 0.09074074074074075 0.038601982263954095 0.06018518518518518
1 0.2746478873239437 0.6268518518518519 0.028690662493479395 0.062037037037037036
1 0.854981742305686 0.7532407407407408 0.027125717266562335 0.06574074074074074
1 0.34089723526343246 0.6912037037037037 0.02138758476786646 0.058333333333333334
0 0.8012519561815337 0.4115740740740741 0.058424621804903494 0.049074074074074076
1 0.42436098069900885 0.22083333333333333 0.023474178403755867 0.06481481481481481
0 0.053208137715179966 0.4773148148148148 0.05581637976004173 0.05092592592592592
1 0.2535211267605634 0.1962962962962963 0.03182055294731351 0.05277777777777778
1 0.6622326551904016 0.2 0.024517475221700575 0.09074074074074075
1 0.8085550339071466 0.18101851851851852 0.030777256129368807 0.053703703703703705
1 0.658320292123109 0.8101851851851852 0.022430881585811163 0.058333333333333334
1 0.9720918101199791 0.16666666666666666 0.029212310902451747 0.058333333333333334
1 0.8262910798122066 0.9532407407407407 0.01564945226917058 0.05
1 0.10980699008868022 0.7662037037037037 0.028169014084507043 0.05092592592592592
1 0.35002608242044864 0.6222222222222222 0.024517475221700575 0.058333333333333334
1 0.38836724047991655 0.30648148148148147 0.03442879499217527 0.05185185185185185
1 0.2587376108502869 0.7731481481481481 0.028169014084507043 0.05
1 0.2569118414188837 0.7087962962962963 0.02608242044861763 0.06296296296296296
0 0.48304642670839854 0.2777777777777778 0.05372978612415232 0.08518518518518518
1 0.7642149191444966 0.6023148148148149 0.030777256129368807 0.06388888888888888
1 0.6377151799687011 0.8833333333333333 0.01564945226917058 0.06018518518518518
1 0.9687010954616588 0.25277777777777777 0.03442879499217527 0.05462962962962963
1 0.95565988523735 0.0787037037037037 0.03755868544600939 0.04351851851851852
1 0.7117892540427752 0.6888888888888889 0.028690662493479395 0.05925925925925926
1 0.18988002086593636 0.7615740740740741 0.027125717266562335 0.06111111111111111
1 0.9491392801251957 0.9259259259259259 0.017214397496087636 0.0712962962962963
1 0.21517996870109546 0.5842592592592593 0.025039123630672927 0.06018518518518518
1 0.4945226917057903 0.7138888888888889 0.02190923317683881 0.044444444444444446
1 0.46087636932707354 0.6888888888888889 0.0297339593114241 0.06851851851851852
1 0.2235263432446531 0.26481481481481484 0.018257694314032343 0.044444444444444446
1 0.24882629107981222 0.1412037037037037 0.02608242044861763 0.03888888888888889
1 0.6244131455399061 0.7291666666666666 0.029212310902451747 0.037037037037037035
1 0.23943661971830985 0.7439814814814815 0.016692749087115284 0.04351851851851852
1 0.8988002086593636 0.6555555555555556 0.03182055294731351 0.04814814814814815
0 0.7845592070944184 0.4722222222222222 0.04225352112676056 0.05