1 0.7997395833333333 0.7129629629629629 0.021875 0.06944444444444445
0 0.03125 0.4861111111111111 0.0515625 0.03981481481481482
0 0.8348958333333333 0.38796296296296295 0.04791666666666667 0.04537037037037037
1 0.8153645833333333 0.7157407407407408 0.022395833333333334 0.06666666666666667
0 0.2421875 0.5171296296296296 0.0515625 0.03888888888888889
0 0.3171875 0.3976851851851852 0.049479166666666664 0.04259259259259259
0 0.14192708333333334 0.5574074074074075 0.057291666666666664 0.040740740740740744
0 0.8588541666666667 0.5101851851851852 0.04739583333333333 0.04722222222222222
0 0.2453125 0.3226851851851852 0.0453125 0.03888888888888889
0 0.5302083333333333 0.5023148148148148 0.028125 0.06111111111111111
0 0.696875 0.22361111111111112 0.04583333333333333 0.04814814814814815
0 0.01796875 0.39351851851851855 0.029166666666666667 0.05740740740740741
0 0.9625 0.6935185185185185 0.0484375 0.06666666666666667
0 0.010416666666666666 0.3212962962962963 0.0203125 0.06481481481481481
0 0.953125 0.5731481481481482 0.058854166666666666 0.053703703703703705
0 0.21119791666666668 0.875462962962963 0.058333333333333334 0.05555555555555555