0 0.156494140625 0.7799479166666666 0.0592041015625 0.035590277777777776
0 0.71728515625 0.3917100694444444 0.044281005859375 0.07427300347222222
0 0.4560546875 0.4483506944444444 0.046722412109375 0.040934244791666664
0 0.1357421875 0.5551215277777778 0.055816650390625 0.03917100694444445
0 0.87841796875 0.4086371527777778 0.0482177734375 0.042914496527777776
0 0.1397705078125 0.2651909722222222 0.052337646484375 0.04408094618055555
0 0.521484375 0.6267361111111112 0.04376220703125 0.042046440972222224
0 0.814453125 0.4618055555555556 0.05194091796875 0.047932942708333336
0 0.90234375 0.59375 0.05718994140625 0.045979817708333336
0 0.74853515625 0.5698784722222222 0.051544189453125 0.040608723958333336
0 0.60888671875 0.4411892361111111 0.046295166015625 0.046061197916666664
0 0.6233491443452382 0.8116319444444448 0.04831005278087781 0.05211046006944445
0 0.2919921875 0.6532118055555556 0.045257568359375 0.06477864583333333
0 0.022674560546875 0.2992621527777778 0.04534912109375 0.04234483506944445
0 0.1539306640625 0.8294270833333334 0.06085205078125 0.06222873263888889
0 0.48583984375 0.3311631944444444 0.03985595703125 0.03908962673611111
0 0.56103515625 0.5008680555555556 0.042877197265625 0.05984157986111111