0 0.95703125 0.3509114583333333 0.046112060546875 0.04188368055555555
0 0.96826171875 0.4947916666666667 0.05224609375 0.046223958333333336
0 0.87841796875 0.5447048611111112 0.0526123046875 0.05026584201388889
0 0.05975341796875 0.3938802083333333 0.0254669189453125 0.06673177083333333
0 0.70751953125 0.6072048611111112 0.04840087890625 0.043267144097222224
0 0.0177154541015625 0.3224826388888889 0.03173828125 0.03968641493055555
0 0.69970703125 0.4869791666666667 0.0482177734375 0.04831271701388889
0 0.8037109375 0.4574652777777778 0.044921875 0.04503038194444445
0 0.8408203125 0.3841145833333333 0.043853759765625 0.047932942708333336
0 0.87109375 0.7395833333333334 0.055816650390625 0.04942491319444445
0 0.35791015625 0.5698784722222222 0.03289794921875 0.057942708333333336
0 0.55224609375 0.1545138888888889 0.01763916015625 0.04885525173611111