1 0.7923839332290037 0.5138888888888888 0.027125717266562335 0.08333333333333333
0 0.11658841940532082 0.5902777777777778 0.05529473135106938 0.044444444444444446
1 0.671622326551904 0.7055555555555556 0.02764736567553469 0.05648148148148148
1 0.5372978612415232 0.3731481481481482 0.028169014084507043 0.06574074074074074
1 0.6614501825769431 0.8439814814814814 0.022430881585811163 0.062037037037037036
1 0.22848200312989045 0.9717592592592592 0.030777256129368807 0.05277777777777778
1 0.7162232655190401 0.8708333333333333 0.028690662493479395 0.06111111111111111
0 0.2543035993740219 0.5115740740740741 0.05581637976004173 0.05
1 0.3763693270735524 0.6569444444444444 0.020865936358894107 0.058333333333333334
0 0.5057381324986959 0.5268518518518519 0.05112154407929056 0.05277777777777778
0 0.4014084507042254 0.48009259259259257 0.04225352112676056 0.04351851851851852
0 0.2423056859676578 0.5736111111111111 0.05268648930620762 0.041666666666666664
0 0.5860719874804382 0.5981481481481481 0.050078247261345854 0.07314814814814814
1 0.40271257172665625 0.20972222222222223 0.019300991131977047 0.05740740740740741
1 0.9368805425143454 0.2324074074074074 0.028169014084507043 0.06296296296296296
1 0.4658320292123109 0.8907407407407407 0.03129890453834116 0.05277777777777778
1 0.44183620239958266 0.3277777777777778 0.02556077203964528 0.06481481481481481
1 0.0693792383933229 0.12546296296296297 0.023995826812728223 0.06018518518518518
1 0.21283255086071987 0.13564814814814816 0.028690662493479395 0.06481481481481481
1 0.5730307772561294 0.2884259259259259 0.028169014084507043 0.06666666666666667
1 0.43661971830985913 0.7828703703703703 0.026604068857589983 0.05462962962962963
1 0.2631716223265519 0.7689814814814815 0.03755868544600939 0.05740740740740741
1 0.07955138236828378 0.9273148148148148 0.030777256129368807 0.04722222222222222
1 0.6564945226917058 0.7768518518518519 0.03599374021909233 0.04722222222222222
1 0.2621283255086072 0.14907407407407408 0.019300991131977047 0.06851851851851852
1 0.9139280125195618 0.3337962962962963 0.03912363067292645 0.06296296296296296
0 0.02112676056338028 0.5365740740740741 0.04225352112676056 0.04537037037037037
1 0.3338549817423057 0.4222222222222222 0.02190923317683881 0.06666666666666667
1 0.03234220135628586 0.3578703703703704 0.028169014084507043 0.06018518518518518
1 0.34820031298904536 0.2986111111111111 0.022952529994783515 0.06296296296296296
1 0.29447052686489306 0.09537037037037037 0.018257694314032343 0.06296296296296296
1 0.3114241001564945 0.8671296296296296 0.02764736567553469 0.05185185185185185
1 0.30855503390714656 0.6546296296296297 0.019300991131977047 0.06388888888888888
1 0.02634324465310381 0.41435185185185186 0.03025560772039645 0.062037037037037036
1 0.11267605633802817 0.42083333333333334 0.020865936358894107 0.07037037037037037
0 0.48487219613980176 0.21574074074074073 0.0406885758998435 0.040740740740740744
1 0.3617631716223266 0.3763888888888889 0.02034428794992175 0.06018518518518518
1 0.03312467396974439 0.18518518518518517 0.03234220135628586 0.06759259259259259
1 0.0912884715701617 0.18796296296296297 0.03182055294731351 0.075
1 0.23056859676577987 0.2611111111111111 0.03129890453834116 0.06481481481481481
1 0.38810641627543035 0.14907407407407408 0.02034428794992175 0.06851851851851852
1 0.32420448617631714 0.22546296296296298 0.020865936358894107 0.06574074074074074
1 0.6851851851851852 0.2800925925925926 0.020865936358894107 0.06111111111111111
1 0.7198748043818466 0.21666666666666667 0.02764736567553469 0.075
1 0.16118935837245696 0.32546296296296295 0.030777256129368807 0.062037037037037036
1 0.6830985915492958 0.3194444444444444 0.026604068857589983 0.06296296296296296
1 0.3140323422013563 0.3453703703703704 0.02034428794992175 0.053703703703703705
1 0.3857589984350548 0.32037037037037036 0.0198226395409494 0.06296296296296296
1 0.06990088680229525 0.7907407407407407 0.02608242044861763 0.04814814814814815
1 0.8463745435576422 0.3388888888888889 0.03234220135628586 0.058333333333333334
1 0.9366197183098591 0.5462962962962963 0.036515388628064686 0.06388888888888888
1 0.44183620239958266 0.2439814814814815 0.0198226395409494 0.06851851851851852
1 0.08215962441314555 0.25277777777777777 0.03234220135628586 0.05740740740740741
1 0.7835159102764736 0.3509259259259259 0.03025560772039645 0.05925925925925926
1 0.18935837245696402 0.43703703703703706 0.022952529994783515 0.06851851851851852
1 0.622848200312989 0.29583333333333334 0.024517475221700575 0.06481481481481481
1 0.8038601982263954 0.9194444444444444 0.027125717266562335 0.06851851851851852
1 0.04773082942097027 0.41944444444444445 0.027125717266562335 0.06111111111111111
1 0.9921752738654147 0.26435185185185184 0.01564945226917058 0.053703703703703705
1 0.1309337506520605 0.4060185185185185 0.03286384976525822 0.049074074074074076
1 0.6546687532603026 0.8194444444444444 0.03025560772039645 0.05277777777777778
1 0.20839853938445488 0.20046296296296295 0.023995826812728223 0.06388888888888888
1 0.06259780907668232 0.28564814814814815 0.02138758476786646 0.05925925925925926
1 0.053208137715179966 0.1486111111111111 0.026604068857589983 0.06574074074074074
1 0.046948356807511735 0.31157407407407406 0.028169014084507043 0.062037037037037036
1 0.3656755346896192 0.6319444444444444 0.026604068857589983 0.05555555555555555
1 0.4775691184141888 0.25972222222222224 0.029212310902451747 0.10925925925925926
1 0.2856025039123631 0.9550925925925926 0.03234220135628586 0.05555555555555555
1 0.36724047991653624 0.2777777777777778 0.02608242044861763 0.06018518518518518
1 0.46739697443922795 0.8407407407407408 0.029212310902451747 0.06481481481481481
1 0.9183620239958268 0.2037037037037037 0.02764736567553469 0.05925925925925926
1 0.6588419405320813 0.662962962962963 0.03025560772039645 0.05648148148148148
1 0.9040166927490871 0.26851851851851855 0.02190923317683881 0.05555555555555555
1 0.8335941575378195 0.2791666666666667 0.03599374021909233 0.06851851851851852
1 0.4989567031820553 0.913425925925926 0.03182055294731351 0.04722222222222222
1 0.6984872196139802 0.37962962962962965 0.02556077203964528 0.04814814814814815
1 0.8656755346896192 0.29768518518518516 0.024517475221700575 0.05925925925925926
1 0.035211267605633804 0.04814814814814815 0.017214397496087636 0.0712962962962963
1 0.5563380281690141 0.2513888888888889 0.0198226395409494 0.05925925925925926
1 0.7994261867501304 0.26481481481481484 0.018779342723004695 0.06481481481481481
1 0.26369327073552423 0.3143518518518518 0.029212310902451747 0.053703703703703705
1 0.43218570683359414 0.7069444444444445 0.020865936358894107 0.04722222222222222
1 0.936358894105373 0.6805555555555556 0.02138758476786646 0.05092592592592592
1 0.6254564423578508 0.20555555555555555 0.025039123630672927 0.04814814814814815
1 0.8724569640062598 0.2222222222222222 0.025039123630672927 0.05462962962962963
1 0.7918622848200313 0.18564814814814815 0.018257694314032343 0.046296296296296294
1 0.985133020344288 0.16435185185185186 0.02764736567553469 0.06851851851851852
1 0.07955138236828378 0.34814814814814815 0.03129890453834116 0.06388888888888888
1 0.5792905581637976 0.24861111111111112 0.022430881585811163 0.044444444444444446
1 0.02190923317683881 0.29583333333333334 0.02138758476786646 0.049074074074074076
1 0.827073552425665 0.1736111111111111 0.025039123630672927 0.05092592592592592
1 0.29290558163797603 0.21435185185185185 0.020865936358894107 0.06388888888888888
1 0.7660406885758998 0.2152777777777778 0.03234220135628586 0.07962962962962963
1 0.5041731872717788 0.6856481481481481 0.020865936358894107 0.03796296296296296
1 0.6413667188315075 0.2638888888888889 0.01773604590505999 0.05555555555555555
1 0.23839332290036516 0.22777777777777777 0.023474178403755867 0.040740740740740744
1 0.6896191966614502 0.9689814814814814 0.016692749087115284 0.041666666666666664
1 0.7125717266562337 0.16111111111111112 0.020865936358894107 0.03981481481481482