0 0.640584246218049 0.5856481481481481 0.028690662493479395 0.05462962962962963
1 0.11971830985915492 0.31296296296296294 0.03129890453834116 0.05925925925925926
0 0.1684924360980699 0.5925925925925926 0.053208137715179966 0.046296296296296294
1 0.5516431924882629 0.3143518518518518 0.022430881585811163 0.06574074074074074
1 0.1507563901930099 0.5009259259259259 0.02608242044861763 0.06388888888888888
1 0.6737089201877934 0.4041666666666667 0.03182055294731351 0.06296296296296296
1 0.7157016171100679 0.3148148148148148 0.023474178403755867 0.06388888888888888
1 0.400886802295253 0.3814814814814815 0.01773604590505999 0.03518518518518519
1 0.17188315075639019 0.46805555555555556 0.03338549817423057 0.058333333333333334
1 0.21830985915492956 0.4300925925925926 0.023995826812728223 0.06111111111111111
1 0.42931664058424623 0.2657407407407407 0.023474178403755867 0.062037037037037036
1 0.0594679186228482 0.4009259259259259 0.03390714658320292 0.06481481481481481
1 0.38628064684402713 0.2949074074074074 0.0198226395409494 0.05740740740740741
1 0.3492436098069901 0.36064814814814816 0.027125717266562335 0.062037037037037036
1 0.39697443922796033 0.7870370370370371 0.02608242044861763 0.05462962962962963
1 0.1507563901930099 0.3888888888888889 0.03025560772039645 0.07777777777777778
0 0.7931664058424622 0.4888888888888889 0.048513302034428794 0.05
1 0.08946270213875848 0.20555555555555555 0.0297339593114241 0.06388888888888888
0 0.48487219613980176 0.5666666666666667 0.028169014084507043 0.05092592592592592
1 0.32420448617631714 0.8402777777777778 0.024517475221700575 0.053703703703703705
0 0.41210224308815857 0.6328703703703704 0.050078247261345854 0.046296296296296294
1 0.5234741784037559 0.36712962962962964 0.02608242044861763 0.062037037037037036
1 0.3359415753781951 0.9180555555555555 0.03338549817423057 0.058333333333333334
1 0.8419405320813772 0.9523148148148148 0.04590505998956703 0.06111111111111111
1 0.7926447574334898 0.34814814814814815 0.02764736567553469 0.06481481481481481
1 0.4715701617110068 0.3736111111111111 0.0198226395409494 0.07222222222222222
0 0.3158581116327595 0.5787037037037037 0.04225352112676056 0.03981481481481482
1 0.3111632759520083 0.41944444444444445 0.03129890453834116 0.0787037037037037
1 0.9222743870631195 0.32731481481481484 0.028690662493479395 0.06111111111111111
0 0.8043818466353677 0.6555555555555556 0.0495565988523735 0.06296296296296296
1 0.6786645800730308 0.3347222222222222 0.02190923317683881 0.06574074074074074
0 0.2962962962962963 0.5106481481481482 0.03025560772039645 0.05092592592592592
1 0.31977047470005215 0.2212962962962963 0.023995826812728223 0.07222222222222222
1 0.807772561293688 0.3875 0.03234220135628586 0.062037037037037036
1 0.3612415232133542 0.2111111111111111 0.019300991131977047 0.08055555555555556
1 0.5545122587376109 0.12037037037037036 0.020865936358894107 0.06574074074074074
1 0.47704747000521647 0.30972222222222223 0.015127803860198226 0.0712962962962963
0 0.8095983307250912 0.5236111111111111 0.05268648930620762 0.049074074074074076
1 0.8408972352634324 0.3560185185185185 0.03286384976525822 0.062037037037037036
1 0.310641627543036 0.3060185185185185 0.03286384976525822 0.06296296296296296
0 0.1664058424621805 0.6472222222222223 0.046426708398539386 0.049074074074074076
1 0.19248826291079812 0.3509259259259259 0.02764736567553469 0.037037037037037035
1 0.8557642149191445 0.32037037037037036 0.023474178403755867 0.062037037037037036
1 0.8706311945748565 0.24444444444444444 0.022952529994783515 0.06111111111111111
1 0.9553990610328639 0.3425925925925926 0.03599374021909233 0.062037037037037036
1 0.6398017736045905 0.29444444444444445 0.03547209181011998 0.08055555555555556
1 0.454094940010433 0.33240740740740743 0.023474178403755867 0.06481481481481481
1 0.9094940010432968 0.29814814814814816 0.02556077203964528 0.06666666666666667
1 0.8515910276473657 0.2833333333333333 0.020865936358894107 0.06759259259259259
1 0.48982785602503914 0.9430555555555555 0.027125717266562335 0.05462962962962963
1 0.27047470005216484 0.25972222222222224 0.0198226395409494 0.07962962962962963
1 0.3072509128847157 0.875462962962963 0.022430881585811163 0.058333333333333334
1 0.8215962441314554 0.2638888888888889 0.028690662493479395 0.07037037037037037
0 0.07902973395931143 0.586574074074074 0.04538341158059468 0.05555555555555555
1 0.13145539906103287 0.21851851851851853 0.018257694314032343 0.05462962962962963
1 0.9783515910276473 0.29259259259259257 0.02138758476786646 0.062037037037037036
1 0.28325508607198746 0.18472222222222223 0.026604068857589983 0.06111111111111111
1 0.7835159102764736 0.31203703703703706 0.026604068857589983 0.06296296296296296
1 0.19170579029733958 0.9601851851851851 0.022952529994783515 0.05555555555555555