1 0.88427734375 0.4073486328125 0.033477783203125 0.06538162231445313
0 0.23779296875 0.489251708984375 0.04949951171875 0.046883010864257814
0 0.63330078125 0.50615234375 0.029541015625 0.06500244140625
1 0.62890625 0.238775634765625 0.0210418701171875 0.058935546875
1 0.3681640625 0.80863037109375 0.0269622802734375 0.0537353515625
1 0.6923828125 0.4454833984375 0.024749755859375 0.068902587890625
1 0.79296875 0.3761474609375 0.027069091796875 0.06332321166992187
0 0.2032470703125 0.59368896484375 0.052520751953125 0.04211616516113281
1 0.7236328125 0.3867645263671875 0.02880859375 0.05796051025390625
0 0.304931640625 0.547320556640625 0.049957275390625 0.0448516845703125
1 0.342041015625 0.437249755859375 0.0190582275390625 0.06381072998046874
1 0.6875 0.36748046875 0.0227203369140625 0.06982345581054687
1 0.693359375 0.7817626953125 0.023773193359375 0.05839385986328125
0 0.84033203125 0.587188720703125 0.03253173828125 0.06814422607421874
0 0.68505859375 0.6118896484375 0.051666259765625 0.06841506958007812
1 0.9072265625 0.85023193359375 0.0341796875 0.06451492309570313
1 0.767578125 0.729327392578125 0.0284881591796875 0.059964752197265624
1 0.85009765625 0.3819976806640625 0.031494140625 0.063702392578125
1 0.07977294921875 0.3187286376953125 0.022979736328125 0.05124359130859375
1 0.669921875 0.865399169921875 0.03521728515625 0.05517082214355469
1 0.9365234375 0.225775146484375 0.029083251953125 0.07599868774414062
1 0.65771484375 0.2894775390625 0.019012451171875 0.05086441040039062
1 0.2215576171875 0.361846923828125 0.020294189453125 0.063702392578125
1 0.7119140625 0.92303466796875 0.03338623046875 0.060398101806640625
0 0.93701171875 0.61448974609375 0.058441162109375 0.048589324951171874
1 0.2548828125 0.800396728515625 0.027801513671875 0.05557708740234375
1 0.580078125 0.167706298828125 0.024383544921875 0.0448516845703125
1 0.1566162109375 0.2080078125 0.0217742919921875 0.07047348022460938
1 0.64599609375 0.96810302734375 0.0221099853515625 0.05251655578613281
1 0.115966796875 0.2784271240234375 0.0289764404296875 0.06381072998046874
1 0.57421875 0.2758270263671875 0.0244293212890625 0.062835693359375
1 0.90673828125 0.3048614501953125 0.03131103515625 0.06548995971679687
1 0.5859375 0.4426666259765625 0.028106689453125 0.07020263671875
1 0.1959228515625 0.2857940673828125 0.0258026123046875 0.06776504516601563
1 0.630859375 0.3796142578125 0.0289764404296875 0.062835693359375
1 0.71923828125 0.32501220703125 0.0254669189453125 0.05904388427734375
1 0.036895751953125 0.2632598876953125 0.02630615234375 0.05527915954589844
1 0.25830078125 0.3711639404296875 0.02886962890625 0.0626190185546875
1 0.0889892578125 0.97330322265625 0.029876708984375 0.050674819946289064
1 0.450439453125 0.3206787109375 0.018829345703125 0.051731109619140625
1 0.462158203125 0.426849365234375 0.032958984375 0.059423065185546874
1 0.8056640625 0.159906005859375 0.0258026123046875 0.07009429931640625
1 0.08831787109375 0.2489593505859375 0.0225067138671875 0.06500244140625
1 0.282470703125 0.17843170166015626 0.024749755859375 0.06548995971679687
1 0.3662109375 0.2823272705078125 0.017181396484375 0.05202903747558594
1 0.9736328125 0.343646240234375 0.0313720703125 0.05557708740234375
1 0.8388671875 0.689892578125 0.03643798828125 0.04988937377929688
1 0.82373046875 0.91436767578125 0.03192138671875 0.052733230590820315
1 0.8447265625 0.2238250732421875 0.02276611328125 0.06749420166015625
1 0.556640625 0.3551300048828125 0.02423095703125 0.05817718505859375
1 0.26416015625 0.3172119140625 0.02606201171875 0.05311241149902344
1 0.5380859375 0.229241943359375 0.017181396484375 0.05192070007324219
1 0.1910400390625 0.172906494140625 0.0162200927734375 0.05517082214355469
1 0.8271484375 0.8094970703125 0.03173828125 0.039786911010742186
1 0.39013671875 0.7072265625 0.030853271484375 0.0868865966796875
1 0.8681640625 0.2931610107421875 0.0301513671875 0.05113525390625
1 0.394287109375 0.2740936279296875 0.02276611328125 0.045799636840820314
1 0.71826171875 0.22880859375 0.0216522216796875 0.04877891540527344
1 0.8291015625 0.3310791015625 0.0220794677734375 0.05037689208984375
1 0.251708984375 0.23140869140625 0.0216217041015625 0.061914825439453126
1 0.6611328125 0.161639404296875 0.01934814453125 0.06624832153320312
1 0.34619140625 0.94903564453125 0.021484375 0.05904388427734375
1 0.65087890625 0.74102783203125 0.034942626953125 0.05601043701171875
1 0.6708984375 0.821630859375 0.0189056396484375 0.0374847412109375
1 0.3896484375 0.876666259765625 0.0189056396484375 0.03889312744140625
1 0.497314453125 0.20724945068359374 0.0141143798828125 0.05709381103515625
1 0.6171875 0.11581268310546874 0.01837158203125 0.04669342041015625
1 0.931640625 0.06613998413085938 0.0163421630859375 0.06814422607421874
1 0.020843505859375 0.20508270263671874 0.02386474609375 0.033747100830078126
1 0.9921875 0.19847412109375 0.01433563232421875 0.052435302734375