1 0.35180490349504434 0.3577314814814815 0.022034428794992178 0.06381481481481481
0 0.9089984350547731 0.5494907407407408 0.052785602503912364 0.04850925925925926
0 0.49864371413667186 0.4985925925925926 0.04021909233176839 0.06727777777777777
1 0.793943661971831 0.8675648148148148 0.037809076682316124 0.05985185185185185
0 0.07934793948878456 0.3876296296296296 0.048398539384454875 0.04476851851851852
1 0.6015649452269171 0.4571851851851852 0.022034428794992178 0.06224074074074074
1 0.8173813249869588 0.4953148148148149 0.020093896713615025 0.057962962962962966
1 0.8330099113197705 0.29056481481481483 0.027845592070944183 0.06262037037037037
1 0.13965049556598852 0.2955462962962963 0.02865414710485133 0.05893518518518518
1 0.7470683359415754 0.9143703703703704 0.029540949400104332 0.059527777777777784
1 0.8681637976004173 0.4584814814814815 0.03314032342201356 0.06478703703703703
1 0.7226551904016693 0.36466666666666664 0.0231038080333855 0.0635925925925926
1 0.22290036515388628 0.32631481481481484 0.026108502869066248 0.0676574074074074
1 0.19189358372456966 0.2998796296296296 0.026458007303077725 0.06478703703703703
1 0.6884767866458007 0.8645370370370371 0.028440271257172668 0.055685185185185185
0 0.060636411058946266 0.4541481481481482 0.03396452790818988 0.05232407407407407
1 0.8403338549817423 0.4058333333333333 0.03229003651538863 0.07063888888888889
1 0.09533646322378717 0.2396388888888889 0.02774126238914971 0.06066666666666666
1 0.9399426186750129 0.18839814814814815 0.028810641627543033 0.06191666666666667
1 0.8105477308294209 0.1951111111111111 0.021288471570161713 0.05752777777777778
0 0.5698226395409494 0.7007222222222222 0.047334376630151276 0.06575925925925925
1 0.049775691184141886 0.3358425925925926 0.023515910276473657 0.05527777777777778
1 0.984376630151278 0.3083240740740741 0.029921752738654148 0.05687962962962963
1 0.7915023474178403 0.4222962962962963 0.025174752217005738 0.06711111111111112
1 0.7890610328638499 0.7956296296296296 0.028810641627543033 0.057416666666666664
1 0.0581377151799687 0.8125277777777777 0.03994783515910277 0.07583333333333334
1 0.5864267083985394 0.40279629629629626 0.015127803860198226 0.06489814814814815
1 0.6752947313510693 0.41233333333333333 0.03095983307250913 0.05251851851851852
1 0.6318362023995827 0.23011111111111113 0.020886802295253 0.065
1 0.2775899843505477 0.18385185185185185 0.02337506520605112 0.0686851851851852
1 0.2137454355764215 0.24288888888888888 0.02670318205529473 0.053925925925925926
1 0.511716223265519 0.2675925925925926 0.02170057381324987 0.06537962962962963
1 0.8676734480959832 0.19370370370370368 0.028440271257172668 0.0734537037037037
1 0.661622326551904 0.25112962962962965 0.022978612415232132 0.06467592592592591
1 0.5297861241523214 0.3455925925925926 0.028930620761606678 0.06169444444444444
1 0.471924882629108 0.3475462962962963 0.014115805946791862 0.04839814814814815
1 0.6997078768909755 0.3044259259259259 0.023865414710485134 0.061314814814814815
1 0.7836932707355242 0.27496296296296296 0.02465832029212311 0.05075925925925926
1 0.9687480438184664 0.2366111111111111 0.022535211267605635 0.059750000000000004
1 0.7441418883672405 0.22089814814814815 0.019196661450182576 0.0631111111111111
1 0.18517996870109546 0.18092592592592593 0.019457485654668753 0.05538888888888889
1 0.2998069900886802 0.21017592592592593 0.023422013562858633 0.05143518518518518
0 0.703338549817423 0.7220092592592593 0.04572248304642671 0.053842592592592595
1 0.9111319770474701 0.3403981481481481 0.028977569118414186 0.06971296296296296
1 0.39355242566510173 0.29164814814814816 0.02561815336463224 0.05425000000000001
1 0.6054668753260303 0.32631481481481484 0.022796035472091813 0.06537962962962963
1 0.7612310902451748 0.36942592592592594 0.02140845070422535 0.06625
1 0.9062493479394887 0.1322777777777778 0.029478351591027647 0.054037037037037036
1 0.29712050078247265 0.8718981481481481 0.03881585811163276 0.05752777777777778
1 0.7753886280646844 0.20335185185185187 0.016844027125717267 0.05963888888888889
1 0.5463849765258216 0.24224074074074076 0.024277516953573292 0.06440740740740741
1 0.4704590505998957 0.2695462962962963 0.021163275952008346 0.049157407407407414
0 0.3596191966614502 0.6920555555555555 0.04492436098069901 0.05828703703703704
0 0.9091810119979135 0.6105925925925927 0.04724047991653626 0.056768518518518524
0 0.760735524256651 0.6149722222222221 0.059118414188836725 0.06018518518518518
0 0.3492279603547209 0.5263333333333334 0.040615545122587374 0.0686851851851852
0 0.9747000521648409 0.6728425925925926 0.0505998956703182 0.08025