0 0.41901041666666666 0.5236111111111111 0.051041666666666666 0.046296296296296294
0 0.80234375 0.5884259259259259 0.04791666666666667 0.044444444444444446
0 0.30104166666666665 0.5162037037037037 0.0484375 0.04722222222222222
0 0.027604166666666666 0.612037037037037 0.052083333333333336 0.04722222222222222
0 0.57421875 0.6592592592592592 0.04635416666666667 0.044444444444444446
0 0.7919270833333333 0.3541666666666667 0.050520833333333334 0.04537037037037037
0 0.7177083333333333 0.5976851851851852 0.04895833333333333 0.04814814814814815
0 0.5645833333333333 0.5717592592592593 0.04791666666666667 0.044444444444444446
0 0.2713541666666667 0.3907407407407407 0.05260416666666667 0.046296296296296294
0 0.7026041666666667 0.5291666666666667 0.0484375 0.04351851851851852
0 0.58984375 0.5282407407407408 0.028125 0.06388888888888888
0 0.6846354166666667 0.6652777777777777 0.042708333333333334 0.04351851851851852
0 0.31744791666666666 0.663425925925926 0.03958333333333333 0.04351851851851852
0 0.33359375 0.625 0.0484375 0.062037037037037036
0 0.71328125 0.41759259259259257 0.044270833333333336 0.06296296296296296