1 0.68310546875 0.1870659722222222 0.0207672119140625 0.06684027777777778
0 0.276123046875 0.4223090277777778 0.04876708984375 0.04172092013888889
0 0.76904296875 0.3706597222222222 0.046722412109375 0.04408094618055555
0 0.65478515625 0.578125 0.04486083984375 0.0671115451388889
0 0.4296875 0.7330729166666666 0.049224853515625 0.07221137152777778
0 0.3359375 0.4592013888888889 0.052703857421875 0.04519314236111111
0 0.89697265625 0.5247395833333334 0.0567626953125 0.054117838541666664
0 0.2337646484375 0.2582465277777778 0.035675048828125 0.050374348958333336
0 0.0765380859375 0.4275173611111111 0.05242919921875 0.04334852430555555
0 0.48486328125 0.3057725694444444 0.0310821533203125 0.056315104166666664
0 0.1322021484375 0.6501736111111112 0.058441162109375 0.05056423611111111
0 0.771484375 0.3263888888888889 0.04510498046875 0.04123263888888889
0 0.17529296875 0.5577256944444444 0.055816650390625 0.04226345486111111
0 0.5810546875 0.4552951388888889 0.048858642578125 0.04519314236111111
0 0.0194244384765625 0.3851996527777778 0.036163330078125 0.060980902777777776
1 0.7038690476190477 0.18716931216931218 0.014880952380952432 0.059523809523809514
0 0.224702380952381 0.300925925925926 0.049107142857142884 0.04894179894179887