0 0.2771257172665623 0.5196759259259259 0.053468961919666144 0.0625
1 0.05877685546875 0.95770263671875 0.04168701171875 0.054872894287109376
0 0.681640625 0.50528564453125 0.028167724609375 0.04923934936523437
1 0.314453125 0.31114501953125 0.023956298828125 0.0606689453125
1 0.66455078125 0.3761474609375 0.02655029296875 0.061914825439453126
0 0.199462890625 0.54342041015625 0.051177978515625 0.0461517333984375
1 0.892578125 0.789996337890625 0.03021240234375 0.05414161682128906
1 0.57763671875 0.254376220703125 0.0216217041015625 0.0673858642578125
1 0.85693359375 0.16023101806640624 0.031494140625 0.060506439208984374
1 0.35791015625 0.5841552734375 0.029144287109375 0.058935546875
1 0.51806640625 0.360546875 0.0216522216796875 0.062131500244140624
1 0.9033203125 0.849798583984375 0.032958984375 0.05796051025390625
0 0.1729736328125 0.49921875 0.051361083984375 0.038297271728515624
0 0.88671875 0.5702880859375 0.059661865234375 0.043524551391601565
1 0.46728515625 0.3811309814453125 0.0276336669921875 0.07182769775390625
1 0.4970703125 0.31201171875 0.0241851806640625 0.06240234375
0 0.123046875 0.4593505859375 0.0295867919921875 0.05465621948242187
1 0.454345703125 0.3343292236328125 0.0248870849609375 0.06272735595703124
1 0.8740234375 0.4149322509765625 0.0312042236328125 0.06451492309570313
1 0.270263671875 0.760528564453125 0.029205322265625 0.06180648803710938
1 0.75390625 0.3750640869140625 0.0193023681640625 0.062023162841796875
1 0.39013671875 0.35101318359375 0.0235595703125 0.06343154907226563
1 0.344482421875 0.27647705078125 0.02630615234375 0.06299819946289062
0 0.54150390625 0.48621826171875 0.045867919921875 0.04336204528808594
1 0.93115234375 0.385247802734375 0.03033447265625 0.07020263671875
1 0.97021484375 0.3681304931640625 0.03582763671875 0.06489410400390624
1 0.9423828125 0.324578857421875 0.03131103515625 0.06982345581054687
1 0.1259765625 0.3572967529296875 0.029083251953125 0.06776504516601563
1 0.52490234375 0.2355255126953125 0.0188751220703125 0.058935546875
1 0.89404296875 0.30941162109375 0.023193359375 0.07020263671875
1 0.273681640625 0.71676025390625 0.027587890625 0.0656524658203125
1 0.71923828125 0.2606597900390625 0.02508544921875 0.061589813232421874
1 0.43408203125 0.281243896484375 0.0279541015625 0.06440658569335937
1 0.465576171875 0.561187744140625 0.021484375 0.07513198852539063
1 0.73193359375 0.3065948486328125 0.0261077880859375 0.0693359375
1 0.66064453125 0.3189453125 0.0181884765625 0.054439544677734375
1 0.0262603759765625 0.64222412109375 0.037200927734375 0.06711502075195312
1 0.361328125 0.3724639892578125 0.03021240234375 0.06489410400390624
1 0.330078125 0.3785308837890625 0.0325927734375 0.059964752197265624
1 0.67236328125 0.09891204833984375 0.0161590576171875 0.06343154907226563
0 0.13427734375 0.42034912109375 0.0241851806640625 0.0572021484375
1 0.9638671875 0.1488555908203125 0.0290374755859375 0.06814422607421874
1 0.8193359375 0.3934814453125 0.0260009765625 0.06429824829101563
1 0.59033203125 0.0812530517578125 0.0156707763671875 0.06332321166992187
1 0.669921875 0.2012908935546875 0.0179901123046875 0.06516494750976562
1 0.1368408203125 0.314178466796875 0.03533935546875 0.04650382995605469
1 0.69384765625 0.3206787109375 0.0305023193359375 0.07209854125976563
1 0.75634765625 0.20724945068359374 0.0197601318359375 0.062835693359375
1 0.296142578125 0.20194091796875 0.0219879150390625 0.058935546875
1 0.93408203125 0.2875274658203125 0.030792236328125 0.06906509399414062
1 0.85693359375 0.2385589599609375 0.02630615234375 0.0647857666015625
1 0.80810546875 0.2790771484375 0.0203704833984375 0.06749420166015625
1 0.67724609375 0.9481689453125 0.0243377685546875 0.05926055908203125
1 0.69189453125 0.7904296875 0.032470703125 0.048589324951171874
0 0.62744140625 0.606689453125 0.029083251953125 0.0578521728515625
0 0.80859375 0.248309326171875 0.048309326171875 0.04452667236328125
1 0.201171875 0.260443115234375 0.0253753662109375 0.04452667236328125
1 0.19091796875 0.334112548828125 0.0248870849609375 0.068035888671875
1 0.177978515625 0.244842529296875 0.029815673828125 0.044607925415039065
1 0.6943359375 0.9100341796875 0.0253753662109375 0.06180648803710938
1 0.8720703125 0.37701416015625 0.024139404296875 0.05465621948242187
1 0.9189453125 0.1674896240234375 0.021484375 0.06700668334960938
0 0.09234619140625 0.60582275390625 0.040771484375 0.07610702514648438
1 0.705078125 0.2394256591796875 0.0154266357421875 0.0613189697265625
1 0.437744140625 0.859332275390625 0.035003662109375 0.06310653686523438
1 0.91259765625 0.95076904296875 0.038238525390625 0.08851165771484375
1 0.5009765625 0.0504852294921875 0.019012451171875 0.06576080322265625
1 0.284423828125 0.36488037109375 0.0271759033203125 0.0608856201171875
1 0.118408203125 0.2792938232421875 0.022796630859375 0.05113525390625
1 0.35400390625 0.2415924072265625 0.0247039794921875 0.06251068115234375
1 0.9013671875 0.8961669921875 0.033966064453125 0.058935546875
1 0.9873046875 0.28427734375 0.023193359375 0.07654037475585937
1 0.07489013671875 0.236175537109375 0.0322265625 0.07264022827148438
1 0.39599609375 0.2853607177734375 0.019012451171875 0.05806884765625
1 0.6962890625 0.879266357421875 0.0287628173828125 0.05037689208984375
0 0.2646484375 0.65609130859375 0.05194091796875 0.0695526123046875
1 0.89697265625 0.229241943359375 0.0293121337890625 0.06251068115234375
1 0.043701171875 0.19403228759765626 0.0263519287109375 0.059856414794921875
1 0.6923828125 0.84329833984375 0.022674560546875 0.052435302734375
1 0.334716796875 0.3399627685546875 0.0225830078125 0.05086441040039062
1 0.9599609375 0.05687713623046875 0.0160980224609375 0.06917343139648438
1 0.5244140625 0.2779937744140625 0.02276611328125 0.050566482543945315
0 0.984375 0.582421875 0.0295867919921875 0.05557708740234375
1 0.47314453125 0.2892608642578125 0.021087646484375 0.06500244140625
1 0.6796875 0.165106201171875 0.0154876708984375 0.060506439208984374
0 0.02484130859375 0.572021484375 0.04803466796875 0.04124946594238281
1 0.0165252685546875 0.2524261474609375 0.0321044921875 0.07469863891601562
1 0.419921875 0.2584930419921875 0.01560211181640625 0.04409332275390625
1 0.1842041015625 0.18774871826171874 0.0229339599609375 0.0673858642578125
1 0.041778564453125 0.614923095703125 0.03790283203125 0.058502197265625
1 0.22216796875 0.2255584716796875 0.02069091796875 0.05124359130859375
1 0.83447265625 0.3507965087890625 0.0296478271484375 0.04496002197265625
1 0.418701171875 0.738861083984375 0.026611328125 0.0461517333984375
1 0.09503173828125 0.165106201171875 0.0272674560546875 0.06467742919921875
1 0.06097412109375 0.19099884033203124 0.0305633544921875 0.05796051025390625
1 0.556640625 0.95596923828125 0.03253173828125 0.04124946594238281
1 0.93115234375 0.22068328857421876 0.0169219970703125 0.03672637939453125
1 0.234375 0.13444671630859376 0.021484375 0.06418991088867188
0 0.97509765625 0.0933868408203125 0.0312042236328125 0.06711502075195312