1 0.7911458333333333 0.4356481481481482 0.022916666666666665 0.06944444444444445
0 0.646875 0.7435185185185185 0.042708333333333334 0.04537037037037037
0 0.609375 0.6560185185185186 0.046875 0.04259259259259259
0 0.55078125 0.4393518518518518 0.03229166666666667 0.053703703703703705
0 0.41432291666666665 0.6259259259259259 0.051041666666666666 0.04351851851851852
0 0.20520833333333333 0.49583333333333335 0.0265625 0.05
0 0.9614583333333333 0.5916666666666667 0.050520833333333334 0.04259259259259259
0 0.38723958333333336 0.5314814814814814 0.030208333333333334 0.06111111111111111
0 0.93984375 0.637962962962963 0.049479166666666664 0.041666666666666664
0 0.7705729166666667 0.6518518518518519 0.04479166666666667 0.06759259259259259
0 0.5927083333333333 0.5194444444444445 0.05 0.06018518518518518
0 0.56796875 0.9101851851851852 0.020833333333333332 0.06388888888888888
1 0.7731770833333333 0.449537037037037 0.016145833333333335 0.08425925925925926