0 0.46044921875 0.47755126953125 0.0457763671875 0.06689834594726562
1 0.219970703125 0.70289306640625 0.03271484375 0.06142730712890625
1 0.06451416015625 0.3191619873046875 0.036163330078125 0.06343154907226563
1 0.322021484375 0.3893646240234375 0.0276947021484375 0.06576080322265625
0 0.888671875 0.608856201171875 0.06475830078125 0.0608856201171875
0 0.1468505859375 0.46715087890625 0.035491943359375 0.06516494750976562
0 0.6396484375 0.4524169921875 0.0469970703125 0.04547462463378906
1 0.49169921875 0.3828643798828125 0.021240234375 0.06223983764648437
1 0.479248046875 0.3102783203125 0.0272216796875 0.06613998413085938
1 0.057281494140625 0.4088653564453125 0.029205322265625 0.065869140625
0 0.76953125 0.3655303955078125 0.0509033203125 0.04211616516113281
1 0.281494140625 0.20941619873046874 0.029754638671875 0.068902587890625
1 0.986328125 0.294677734375 0.0251312255859375 0.0587188720703125
0 0.82861328125 0.64569091796875 0.052337646484375 0.04536628723144531
1 0.317626953125 0.2771270751953125 0.0290374755859375 0.06077728271484375
1 0.3642578125 0.28167724609375 0.0303802490234375 0.0712860107421875
1 0.267578125 0.341046142578125 0.03643798828125 0.07415695190429687
0 0.8681640625 0.508319091796875 0.0318603515625 0.05362701416015625
1 0.740234375 0.835064697265625 0.037750244140625 0.08867416381835938
1 0.7080078125 0.2132080078125 0.0182342529296875 0.06077728271484375
1 0.75 0.2333587646484375 0.0190582275390625 0.06251068115234375
1 0.9677734375 0.2394256591796875 0.0310821533203125 0.05953140258789062
1 0.65380859375 0.15026397705078126 0.023284912109375 0.06321487426757813
1 0.6552734375 0.243975830078125 0.0279083251953125 0.08049468994140625
0 0.434403476705138 0.5767570589795525 0.058490740570933356 0.071448516845703
1 0.5078125 0.89530029296875 0.021209716796875 0.055902099609375
1 0.12066650390625 0.8580322265625 0.040985107421875 0.05311241149902344
1 0.0322265625 0.211907958984375 0.0193023681640625 0.052733230590820315
1 0.56201171875 0.318511962890625 0.0153656005859375 0.06624832153320312
1 0.6806640625 0.3763641357421875 0.021484375 0.061914825439453126
1 0.432373046875 0.2849273681640625 0.018829345703125 0.06223983764648437
1 0.69873046875 0.1375885009765625 0.01763916015625 0.059964752197265624
1 0.88134765625 0.38568115234375 0.0300445556640625 0.07426528930664063
1 0.77197265625 0.143438720703125 0.017913818359375 0.058502197265625
1 0.72705078125 0.32501220703125 0.0231475830078125 0.06332321166992187
1 0.9462890625 0.2987945556640625 0.034942626953125 0.0656524658203125
1 0.19677734375 0.16478118896484376 0.019683837890625 0.06516494750976562
1 0.2034912109375 0.25047607421875 0.0208892822265625 0.05709381103515625
1 0.8388671875 0.3611968994140625 0.033538818359375 0.06624832153320312
1 0.8984375 0.30421142578125 0.0305023193359375 0.06240234375
1 0.84326171875 0.289910888671875 0.0276336669921875 0.0613189697265625
0 0.39453125 0.81729736328125 0.0537109375 0.07117767333984375
1 0.78369140625 0.2478759765625 0.0255584716796875 0.062131500244140624
1 0.9033203125 0.240509033203125 0.0311431884765625 0.0587188720703125
1 0.02056884765625 0.269976806640625 0.0261077880859375 0.06429824829101563
0 0.451225873761085 0.5285493827160493 0.04868718483741954 0.06327160493827164
1 0.4577464788732393 0.37037037037037035 0.023474178403755867 0.06481481481481481