0 0.36437141366718834 0.525 0.028690662493479395 0.05462962962962963
1 0.414188836724048 0.8282407407407407 0.0297339593114241 0.06481481481481481
1 0.564945226917058 0.7222222222222222 0.02138758476786646 0.05555555555555555
1 0.631716223265519 0.7555555555555555 0.03338549817423057 0.05740740740740741
0 0.856546687532603 0.5458333333333333 0.03442879499217527 0.06111111111111111
1 0.10928534167970788 0.8273148148148148 0.028169014084507043 0.05648148148148148
1 0.5031298904538342 0.8736111111111111 0.03286384976525822 0.05092592592592592
1 0.48930620761606675 0.7712962962962963 0.028169014084507043 0.06944444444444445
0 0.4478351591027647 0.5666666666666667 0.046948356807511735 0.04814814814814815
1 0.23735002608242045 0.17916666666666667 0.023474178403755867 0.06574074074074074
1 0.4491392801251956 0.399537037037037 0.025039123630672927 0.06481481481481481
1 0.976264997391758 0.825 0.03808033385498174 0.058333333333333334
1 0.9011476264997392 0.2962962962962963 0.03755868544600939 0.062037037037037036
1 0.49608763693270735 0.3611111111111111 0.02556077203964528 0.062037037037037036
1 0.841679707876891 0.3962962962962963 0.037037037037037035 0.062037037037037036
1 0.2569118414188837 0.8893518518518518 0.03338549817423057 0.06666666666666667
0 0.7183098591549296 0.5254629629629629 0.0297339593114241 0.05740740740740741
1 0.923056859676578 0.6773148148148148 0.03912363067292645 0.05
1 0.05425143453312467 0.2740740740740741 0.02764736567553469 0.06296296296296296
1 0.2490871152842984 0.38842592592592595 0.027125717266562335 0.06481481481481481
1 0.15179968701095461 0.17453703703703705 0.02138758476786646 0.06574074074074074
1 0.5983307250912885 0.43657407407407406 0.02190923317683881 0.06944444444444445
1 0.4394887845592071 0.300462962962963 0.0198226395409494 0.04814814814814815
0 0.22743870631194574 0.5425925925925926 0.05372978612415232 0.05
1 0.8095983307250912 0.3050925925925926 0.036515388628064686 0.06388888888888888
1 0.08502869066249348 0.8944444444444445 0.03547209181011998 0.07407407407407407
1 0.5036515388628064 0.23796296296296296 0.02608242044861763 0.05648148148148148
1 0.6724047991653626 0.8407407407407408 0.03442879499217527 0.05185185185185185
1 0.046948356807511735 0.18703703703703703 0.022430881585811163 0.062037037037037036
1 0.5435576421491914 0.30185185185185187 0.028690662493479395 0.06296296296296296
1 0.6851851851851852 0.9162037037037037 0.040166927490871154 0.05740740740740741
1 0.9191444966092853 0.9393518518518519 0.03286384976525822 0.05555555555555555
1 0.9295774647887324 0.7689814814814815 0.03547209181011998 0.05925925925925926
1 0.1421491914449661 0.27361111111111114 0.0198226395409494 0.058333333333333334
1 0.6890975482524778 0.25972222222222224 0.028169014084507043 0.06388888888888888
0 0.4932185706833594 0.4861111111111111 0.03495044340114763 0.053703703703703705
1 0.6283255086071987 0.15416666666666667 0.014084507042253521 0.046296296296296294
1 0.11476264997391758 0.43796296296296294 0.03442879499217527 0.06111111111111111
1 0.8526343244653104 0.33194444444444443 0.024517475221700575 0.04722222222222222
0 0.5333854981742305 0.5643518518518519 0.05112154407929056 0.04259259259259259
1 0.2686489306207616 0.19537037037037036 0.022952529994783515 0.053703703703703705
0 0.9533124673969744 0.5634259259259259 0.03129890453834116 0.05555555555555555
1 0.25482524778299426 0.7958333333333333 0.03547209181011998 0.08981481481481482
1 0.5667709963484612 0.36898148148148147 0.0198226395409494 0.05925925925925926
1 0.2490871152842984 0.25972222222222224 0.018257694314032343 0.06388888888888888
1 0.03573291601460615 0.41944444444444445 0.0396452790818988 0.06851851851851852
1 0.6940532081377152 0.19537037037037036 0.018779342723004695 0.05
1 0.6051121544079291 0.3597222222222222 0.023995826812728223 0.06388888888888888
1 0.645018257694314 0.3347222222222222 0.023995826812728223 0.05277777777777778
1 0.8192488262910798 0.19027777777777777 0.022952529994783515 0.06296296296296296
1 0.28377673448095986 0.36203703703703705 0.03182055294731351 0.06481481481481481
1 0.927490871152843 0.25416666666666665 0.02608242044861763 0.05740740740740741
1 0.3145539906103286 0.1449074074074074 0.02034428794992175 0.075
1 0.36280646844027126 0.26851851851851855 0.02608242044861763 0.05555555555555555
1 0.779603547209181 0.1865740740740741 0.019300991131977047 0.05
1 0.7454355764214919 0.23194444444444445 0.020865936358894107 0.05648148148148148
1 0.9825247782994262 0.19166666666666668 0.0297339593114241 0.05462962962962963
1 0.1499739175795514 0.3990740740740741 0.027125717266562335 0.05648148148148148
1 0.21283255086071987 0.2902777777777778 0.03234220135628586 0.0787037037037037
1 0.5130412102243088 0.674537037037037 0.03390714658320292 0.049074074074074076
1 0.2016171100678143 0.21666666666666667 0.02138758476786646 0.05277777777777778
1 0.7172665623369848 0.9810185185185185 0.03390714658320292 0.03518518518518519
0 0.21439749608763695 0.5953703703703703 0.047991653625456446 0.05277777777777778
1 0.3656755346896192 0.13796296296296295 0.018779342723004695 0.05648148148148148
1 0.016692749087115284 0.3509259259259259 0.03129890453834116 0.05
0 0.6927490871152843 0.6597222222222222 0.0505998956703182 0.04259259259259259
1 0.30073030777256127 0.274537037037037 0.03025560772039645 0.04537037037037037