1 0.8148148148148148 0.337037037037037 0.03390714658320292 0.05925925925925926
0 0.8435054773082942 0.5212962962962963 0.029212310902451747 0.05648148148148148
0 0.6872717788210746 0.562962962962963 0.0495565988523735 0.04722222222222222
0 0.6416275430359938 0.47962962962962963 0.048513302034428794 0.04259259259259259
1 0.05555555555555555 0.6212962962962963 0.03025560772039645 0.06018518518518518
0 0.7420448617631716 0.48055555555555557 0.047991653625456446 0.04351851851851852
1 0.9702660406885759 0.3527777777777778 0.03234220135628586 0.05277777777777778
0 0.7918622848200313 0.44305555555555554 0.04903495044340115 0.04814814814814815
0 0.04825247782994262 0.6518518518518519 0.056338028169014086 0.04351851851851852
1 0.7172665623369848 0.37777777777777777 0.03025560772039645 0.05925925925925926
0 0.34324465310380803 0.4912037037037037 0.048513302034428794 0.049074074074074076
0 0.5279081898800209 0.5143518518518518 0.046948356807511735 0.04814814814814815
0 0.3612415232133542 0.399537037037037 0.0495565988523735 0.04537037037037037
1 0.6262389149713093 0.4152777777777778 0.03182055294731351 0.06574074074074074
1 0.4522691705790297 0.6342592592592593 0.019300991131977047 0.06111111111111111
0 0.9113197704747 0.5763888888888888 0.047991653625456446 0.04537037037037037
0 0.22509128847157017 0.5217592592592593 0.030777256129368807 0.04814814814814815
1 0.06442357850808555 0.7050925925925926 0.030777256129368807 0.062037037037037036
1 0.2509128847157016 0.2550925925925926 0.029212310902451747 0.05555555555555555
1 0.04877412623891497 0.30972222222222223 0.037037037037037035 0.06018518518518518
0 0.8129890453834115 0.5648148148148148 0.0297339593114241 0.05740740740740741
0 0.48200312989045385 0.4097222222222222 0.030777256129368807 0.06759259259259259
0 0.42566510172143973 0.4375 0.04329681794470527 0.044444444444444446
1 0.5633802816901409 0.7037037037037037 0.022952529994783515 0.05925925925925926
1 0.21283255086071987 0.12777777777777777 0.03129890453834116 0.05925925925925926
1 0.2699530516431925 0.9277777777777778 0.025039123630672927 0.06851851851851852
1 0.8427230046948356 0.6949074074074074 0.03755868544600939 0.05925925925925926
1 0.3677621283255086 0.5949074074074074 0.02556077203964528 0.07037037037037037
1 0.4144496609285342 0.6347222222222222 0.022952529994783515 0.07037037037037037
1 0.9634846113719353 0.663425925925926 0.03234220135628586 0.044444444444444446
1 0.23839332290036516 0.6856481481481481 0.0198226395409494 0.06574074074074074
1 0.951225873761085 0.3212962962962963 0.02764736567553469 0.058333333333333334
1 0.4713093375065206 0.7662037037037037 0.02556077203964528 0.06481481481481481
1 0.04590505998956703 0.5564814814814815 0.03495044340114763 0.0712962962962963
1 0.3080333854981742 0.7513888888888889 0.02190923317683881 0.06666666666666667
0 0.23969744392279604 0.462037037037037 0.03390714658320292 0.05740740740740741
1 0.8526343244653104 0.662962962962963 0.030777256129368807 0.062037037037037036
1 0.11424100156494522 0.8652777777777778 0.02556077203964528 0.05925925925925926
1 0.1387584767866458 0.8013888888888889 0.022952529994783515 0.06296296296296296
1 0.7790818988002086 0.6884259259259259 0.03025560772039645 0.058333333333333334
0 0.06990088680229525 0.47129629629629627 0.06155451225873761 0.05462962962962963
1 0.8792383933229003 0.7175925925925926 0.03129890453834116 0.06018518518518518
1 0.34167970787689095 0.2564814814814815 0.029212310902451747 0.046296296296296294
1 0.4081898800208659 0.7125 0.01773604590505999 0.05925925925925926
1 0.6549295774647887 0.6212962962962963 0.027125717266562335 0.06018518518518518
0 0.041992696922274385 0.39861111111111114 0.038601982263954095 0.06018518518518518
1 0.20500782472613457 0.5685185185185185 0.023995826812728223 0.058333333333333334
1 0.989567031820553 0.4981481481481482 0.02034428794992175 0.06018518518518518
1 0.3304642670839854 0.8416666666666667 0.022430881585811163 0.07777777777777778
1 0.7443922796035473 0.20833333333333334 0.03390714658320292 0.053703703703703705
1 0.6356285863328117 0.7314814814814815 0.01617110067814293 0.06759259259259259
1 0.9527908189880021 0.16944444444444445 0.03547209181011998 0.062037037037037036
1 0.20839853938445488 0.8763888888888889 0.02556077203964528 0.06574074074074074
1 0.7073552425665102 0.26064814814814813 0.03442879499217527 0.05648148148148148
1 0.17579551382368283 0.7532407407407408 0.0297339593114241 0.05185185185185185
1 0.2686489306207616 0.8439814814814814 0.024517475221700575 0.06481481481481481
1 0.24647887323943662 0.8731481481481481 0.02034428794992175 0.06481481481481481
1 0.8169014084507042 0.7865740740740741 0.020865936358894107 0.040740740740740744
1 0.6851851851851852 0.7027777777777777 0.018779342723004695 0.06111111111111111
1 0.24178403755868544 0.812037037037037 0.024517475221700575 0.062037037037037036
1 0.5952008346374543 0.7699074074074074 0.023474178403755867 0.06944444444444445
1 0.3448095983307251 0.11388888888888889 0.02764736567553469 0.05
1 0.07068335941575378 0.7736111111111111 0.029212310902451747 0.05185185185185185
1 0.28169014084507044 0.6884259259259259 0.027125717266562335 0.06759259259259259
1 0.9431403234220136 0.7518518518518519 0.03025560772039645 0.06018518518518518
1 0.31846635367762127 0.5523148148148148 0.022952529994783515 0.06296296296296296
1 0.6684924360980699 0.6615740740740741 0.02138758476786646 0.06388888888888888
1 0.6786645800730308 0.3333333333333333 0.020865936358894107 0.05925925925925926
1 0.6731872717788211 0.28564814814814815 0.03129890453834116 0.05462962962962963
1 0.18466353677621283 0.8310185185185185 0.020865936358894107 0.053703703703703705
1 0.2686489306207616 0.7462962962962963 0.018257694314032343 0.062037037037037036
1 0.7876890975482524 0.09351851851851851 0.03286384976525822 0.06759259259259259
1 0.5905059989567032 0.18564814814814815 0.02138758476786646 0.05740740740740741
1 0.20761606677099634 0.6439814814814815 0.028690662493479395 0.04259259259259259
1 0.9123630672926447 0.8324074074074074 0.026604068857589983 0.049074074074074076
1 0.7496087636932708 0.1736111111111111 0.03547209181011998 0.05092592592592592
1 0.9300991131977048 0.38981481481481484 0.036515388628064686 0.06481481481481481
1 0.5159102764736567 0.8023148148148148 0.020865936358894107 0.06574074074074074
1 0.9454877412623891 0.8143518518518519 0.029212310902451747 0.06296296296296296
1 0.8766301512780386 0.7578703703703704 0.022952529994783515 0.05277777777777778
1 0.013302034428794992 0.7953703703703704 0.02190923317683881 0.05462962962962963
1 0.29003651538862807 0.7305555555555555 0.023474178403755867 0.05648148148148148
1 0.815075639019301 0.7189814814814814 0.03442879499217527 0.05648148148148148
1 0.7451747522170057 0.836574074074074 0.016692749087115284 0.05092592592592592
1 0.7107459572248305 0.8004629629629629 0.0198226395409494 0.06759259259259259
1 0.7206572769953051 0.7416666666666667 0.03547209181011998 0.04537037037037037
1 0.5446009389671361 0.12222222222222222 0.029212310902451747 0.05277777777777778
1 0.7801251956181534 0.7939814814814815 0.018779342723004695 0.053703703703703705
1 0.5745957224830465 0.07083333333333333 0.026604068857589983 0.05555555555555555
1 0.9441836202399583 0.6393518518518518 0.02138758476786646 0.04537037037037037
1 0.19535732916014606 0.19583333333333333 0.02764736567553469 0.04722222222222222
1 0.9334898278560251 0.23657407407407408 0.04121022430881586 0.05277777777777778
1 0.34820031298904536 0.624537037037037 0.020865936358894107 0.03888888888888889
1 0.49947835159102766 0.7199074074074074 0.02138758476786646 0.05277777777777778
1 0.6817944705268649 0.774074074074074 0.023995826812728223 0.06574074074074074
1 0.1332811684924361 0.8407407407407408 0.018779342723004695 0.04722222222222222
1 0.2104851330203443 0.6060185185185185 0.022430881585811163 0.04722222222222222
1 0.4360980699008868 0.825 0.022430881585811163 0.07037037037037037
1 0.3448095983307251 0.29398148148148145 0.03338549817423057 0.05185185185185185
1 0.4590505998956703 0.7953703703703704 0.018257694314032343 0.04722222222222222
1 0.7944705268648931 0.8305555555555556 0.029212310902451747 0.03981481481481482
1 0.2094418362023996 0.7097222222222223 0.03129890453834116 0.03888888888888889
1 0.34533124673969745 0.762962962962963 0.02034428794992175 0.062037037037037036
1 0.6181533646322379 0.8032407407407407 0.018257694314032343 0.037037037037037035
1 0.3828899321857068 0.7898148148148149 0.018257694314032343 0.05555555555555555
1 0.22717788210745957 0.7393518518518518 0.025039123630672927 0.06574074074074074