0 0.31796875 0.5328703703703703 0.05 0.04351851851851852
0 0.36171875 0.4976851851851852 0.050520833333333334 0.04814814814814815
0 0.2421875 0.399537037037037 0.0453125 0.04351851851851852
0 0.9658854166666667 0.43657407407407406 0.0515625 0.04814814814814815
0 0.8380208333333333 0.5842592592592593 0.053125 0.049074074074074076
0 0.7466145833333333 0.45092592592592595 0.04739583333333333 0.05092592592592592
0 0.6684895833333333 0.6569444444444444 0.049479166666666664 0.04537037037037037
0 0.4015625 0.6148148148148148 0.04895833333333333 0.04537037037037037
0 0.6036458333333333 0.5800925925925926 0.04739583333333333 0.04814814814814815
0 0.34817708333333336 0.42777777777777776 0.049479166666666664 0.040740740740740744
0 0.215625 0.3388888888888889 0.04635416666666667 0.04351851851851852
0 0.16380208333333332 0.4546296296296296 0.05364583333333333 0.03888888888888889
0 0.525 0.40370370370370373 0.03697916666666667 0.04259259259259259
0 0.465625 0.6958333333333333 0.051041666666666666 0.04814814814814815
0 0.8666666666666667 0.9277777777777778 0.05364583333333333 0.07685185185185185
0 0.375 0.33240740740740743 0.049479166666666664 0.04537037037037037
0 0.013802083333333333 0.44814814814814813 0.027083333333333334 0.05462962962962963