0 0.2537819509650496 0.5763888888888888 0.05268648930620762 0.0712962962962963
0 0.47078768909754826 0.5101851851851852 0.0495565988523735 0.041666666666666664
1 0.9653103808033385 0.36712962962962964 0.03025560772039645 0.06296296296296296
0 0.3985393844548774 0.6180555555555556 0.05425143453312467 0.04259259259259259
0 0.3270735524256651 0.4722222222222222 0.03182055294731351 0.06481481481481481
1 0.08346374543557643 0.3736111111111111 0.025039123630672927 0.06574074074074074
1 0.9321857068335941 0.23472222222222222 0.03286384976525822 0.06851851851851852
1 0.017996870109546165 0.3699074074074074 0.03182055294731351 0.06944444444444445
1 0.6236306729264476 0.38472222222222224 0.024517475221700575 0.06944444444444445
1 0.10745957224830464 0.3282407407407407 0.02764736567553469 0.06296296296296296
1 0.8450704225352113 0.19537037037037036 0.018257694314032343 0.06759259259259259
1 0.22404799165362546 0.30416666666666664 0.028690662493479395 0.06018518518518518
1 0.4287949921752739 0.37546296296296294 0.028690662493479395 0.06574074074074074
1 0.30073030777256127 0.1726851851851852 0.018257694314032343 0.07777777777777778
1 0.23291601460615546 0.2212962962962963 0.022430881585811163 0.062037037037037036
1 0.04434011476264997 0.23935185185185184 0.03338549817423057 0.06666666666666667
1 0.1596244131455399 0.9101851851851852 0.040166927490871154 0.06111111111111111
1 0.8586332811684925 0.31805555555555554 0.03025560772039645 0.06388888888888888
1 0.5920709441836203 0.32083333333333336 0.027125717266562335 0.05555555555555555
0 0.87584767866458 0.45 0.0495565988523735 0.06666666666666667
1 0.4332290036515389 0.09907407407407408 0.018257694314032343 0.06666666666666667
1 0.1651017214397496 0.18009259259259258 0.026604068857589983 0.06481481481481481
1 0.5323422013562858 0.3143518518518518 0.0198226395409494 0.040740740740740744
1 0.08398539384454877 0.25601851851851853 0.028169014084507043 0.053703703703703705
1 0.2962962962962963 0.29907407407407405 0.023995826812728223 0.062037037037037036
1 0.19483568075117372 0.12453703703703704 0.018257694314032343 0.06388888888888888
0 0.020083463745435577 0.5412037037037037 0.040166927490871154 0.049074074074074076
1 0.8064684402712572 0.2796296296296296 0.024517475221700575 0.06296296296296296
1 0.9092331768388107 0.2986111111111111 0.03338549817423057 0.058333333333333334
1 0.012258737610850287 0.2375 0.023474178403755867 0.05740740740740741
1 0.26264997391757955 0.8962962962962963 0.03182055294731351 0.06296296296296296
1 0.7123109024517476 0.3421296296296296 0.029212310902451747 0.053703703703703705
1 0.46739697443922795 0.3388888888888889 0.02190923317683881 0.062037037037037036
1 0.13771517996870108 0.22175925925925927 0.030777256129368807 0.075
1 0.6731872717788211 0.8199074074074074 0.04747000521648409 0.07777777777777778
1 0.3568075117370892 0.22083333333333333 0.02138758476786646 0.058333333333333334
1 0.26917057902973396 0.31157407407407406 0.03025560772039645 0.04537037037037037
1 0.4287949921752739 0.9046296296296297 0.022952529994783515 0.075
1 0.48487219613980176 0.23796296296296296 0.015127803860198226 0.062037037037037036
1 0.3755868544600939 0.3680555555555556 0.018779342723004695 0.062037037037037036
1 0.2806468440271257 0.4111111111111111 0.029212310902451747 0.049074074074074076
1 0.6538862806468441 0.2162037037037037 0.03182055294731351 0.06759259259259259
1 0.40271257172665625 0.21481481481481482 0.022430881585811163 0.05648148148148148
1 0.4238393322900365 0.2810185185185185 0.019300991131977047 0.06296296296296296
1 0.5112154407929056 0.3726851851851852 0.027125717266562335 0.04351851851851852
1 0.6113719353155973 0.2833333333333333 0.017214397496087636 0.06851851851851852
1 0.9913928012519562 0.2671296296296296 0.017214397496087636 0.06851851851851852
1 0.3954094940010433 0.10138888888888889 0.012519561815336464 0.0824074074074074
1 0.34950443401147624 0.29814814814814816 0.01773604590505999 0.05092592592592592
0 0.7039645279081899 0.5921296296296297 0.04434011476264997 0.06481481481481481
1 0.06546687532603025 0.055092592592592596 0.01617110067814293 0.07037037037037037
1 0.2822117892540428 0.2162037037037037 0.022430881585811163 0.06296296296296296
0 0.04929577464788732 0.08657407407407407 0.03025560772039645 0.06759259259259259
1 0.37506520605112154 0.26666666666666666 0.022430881585811163 0.06018518518518518
1 0.08398539384454877 0.21388888888888888 0.03390714658320292 0.037037037037037035
1 0.433489827856025 0.2111111111111111 0.025039123630672927 0.03611111111111111
1 0.023474178403755867 0.30324074074074076 0.0198226395409494 0.03425925925925926
1 0.5305164319248826 0.2337962962962963 0.022952529994783515 0.049074074074074076
1 0.3051643192488263 0.26435185185185184 0.012519561815336464 0.028703703703703703
1 0.8941053729786124 0.018518518518518517 0.018779342723004695 0.037037037037037035
1 0.38184663536776214 0.325 0.03234220135628586 0.04537037037037037
1 0.8406364110589463 0.2814814814814815 0.010432968179447054 0.022222222222222223
1 0.00495565988523735 0.19074074074074074 0.0099113197704747 0.05