0 0.2578125 0.25833333333333336 0.04375 0.03981481481481482
1 0.39505208333333336 0.14722222222222223 0.018229166666666668 0.06851851851851852
0 0.5786458333333333 0.3541666666666667 0.04791666666666667 0.044444444444444446
0 0.36328125 0.2967592592592593 0.027604166666666666 0.05185185185185185
0 0.81875 0.4583333333333333 0.051041666666666666 0.04351851851851852
0 0.2598958333333333 0.41574074074074074 0.0328125 0.053703703703703705
0 0.146875 0.3212962962962963 0.044270833333333336 0.07037037037037037
0 0.77734375 0.5745370370370371 0.03333333333333333 0.06851851851851852
0 0.017708333333333333 0.3726851851851852 0.030729166666666665 0.06018518518518518
0 0.07317708333333334 0.4203703703703704 0.04375 0.046296296296296294
0 0.6776041666666667 0.4439814814814815 0.053125 0.04351851851851852
0 0.5734375 0.5069444444444444 0.05364583333333333 0.044444444444444446
0 0.9151041666666667 0.3416666666666667 0.046875 0.040740740740740744
1 0.37838541666666664 0.14166666666666666 0.015625 0.06851851851851852
0 0.5703125 0.30833333333333335 0.05416666666666667 0.04722222222222222