0 0.7094418362023995 0.5773148148148148 0.0495565988523735 0.07222222222222222
0 0.6504955659885238 0.4699074074074074 0.0297339593114241 0.06574074074074074
1 0.028690662493479395 0.3662037037037037 0.03442879499217527 0.062037037037037036
0 0.5010432968179447 0.5087962962962963 0.047991653625456446 0.044444444444444446
1 0.5766823161189358 0.42685185185185187 0.03025560772039645 0.06018518518518518
1 0.9027125717266562 0.37453703703703706 0.03286384976525822 0.06759259259259259
0 0.5699008868022952 0.6097222222222223 0.03182055294731351 0.06388888888888888
0 0.967396974439228 0.5388888888888889 0.06259780907668232 0.05462962962962963
1 0.986697965571205 0.2337962962962963 0.022952529994783515 0.06666666666666667
1 0.9619196661450182 0.30833333333333335 0.02764736567553469 0.06388888888888888
1 0.7704747000521649 0.30462962962962964 0.02034428794992175 0.058333333333333334
1 0.9770474700052165 0.3712962962962963 0.027125717266562335 0.06666666666666667
1 0.5615545122587376 0.8976851851851851 0.03599374021909233 0.07962962962962963
1 0.7955138236828377 0.11990740740740741 0.026604068857589983 0.062037037037037036
0 0.2600417318727178 0.5898148148148148 0.04434011476264997 0.06481481481481481
1 0.061815336463223784 0.23796296296296296 0.03234220135628586 0.06944444444444445
1 0.7616066770996348 0.22037037037037038 0.02608242044861763 0.05740740740740741
1 0.1486697965571205 0.1962962962962963 0.02556077203964528 0.06018518518518518
1 0.5605112154407929 0.37592592592592594 0.018779342723004695 0.0712962962962963
1 0.3680229525299948 0.3861111111111111 0.038601982263954095 0.06944444444444445
1 0.19196661450182578 0.2833333333333333 0.03286384976525822 0.06388888888888888
1 0.6158059467918623 0.3699074074074074 0.029212310902451747 0.06111111111111111
1 0.13797600417318728 0.31296296296296294 0.028690662493479395 0.06759259259259259
1 0.9063641105894628 0.2569444444444444 0.03025560772039645 0.058333333333333334
1 0.6092853416797078 0.19768518518518519 0.020865936358894107 0.06666666666666667
1 0.6348461137193532 0.21944444444444444 0.016692749087115284 0.06388888888888888
1 0.6885758998435054 0.16574074074074074 0.02138758476786646 0.07407407407407407
1 0.8330725091288471 0.9125 0.03025560772039645 0.06111111111111111
1 0.9486176317162233 0.23842592592592593 0.029212310902451747 0.06666666666666667
1 0.5672926447574335 0.2814814814814815 0.023474178403755867 0.06388888888888888
1 0.7290036515388628 0.8962962962962963 0.03547209181011998 0.06018518518518518
1 0.4590505998956703 0.3347222222222222 0.028169014084507043 0.06851851851851852
1 0.6943140323422013 0.30277777777777776 0.022952529994783515 0.06481481481481481
0 0.10198226395409495 0.45416666666666666 0.0505998956703182 0.03981481481481482
1 0.5078247261345853 0.2337962962962963 0.018779342723004695 0.06944444444444445
1 0.7227438706311946 0.3421296296296296 0.02138758476786646 0.04537037037037037
1 0.8886280646844027 0.31851851851851853 0.013562858633281168 0.027777777777777776
1 0.28038601982263955 0.3263888888888889 0.029212310902451747 0.08333333333333333
1 0.5258215962441315 0.3398148148148148 0.017214397496087636 0.06388888888888888
1 0.4011476264997392 0.3287037037037037 0.03129890453834116 0.06574074074074074
1 0.45435576421491913 0.24861111111111112 0.024517475221700575 0.08148148148148149
1 0.0782472613458529 0.1638888888888889 0.019300991131977047 0.07314814814814814
1 0.31351069379238394 0.8212962962962963 0.0406885758998435 0.0787037037037037
1 0.7099634846113719 0.4083333333333333 0.01617110067814293 0.04722222222222222
1 0.8677621283255086 0.1925925925925926 0.01773604590505999 0.06018518518518518
1 0.640584246218049 0.2972222222222222 0.02190923317683881 0.05740740740740741
1 0.8320292123109024 0.18333333333333332 0.022430881585811163 0.0712962962962963
1 0.5985915492957746 0.10324074074074074 0.014606155451225874 0.0824074074074074
1 0.10093896713615023 0.021296296296296296 0.027125717266562335 0.040740740740740744
1 0.7157016171100679 0.2152777777777778 0.02034428794992175 0.05740740740740741
1 0.5620761606677099 0.09768518518518518 0.014606155451225874 0.05462962962962963
1 0.5811163275952008 0.18472222222222223 0.01617110067814293 0.04814814814814815
1 0.9087115284298383 0.2152777777777778 0.03390714658320292 0.03981481481481482
1 0.9345331246739698 0.05555555555555555 0.01564945226917058 0.07037037037037037
1 0.7188315075639019 0.26944444444444443 0.02190923317683881 0.05555555555555555
1 0.5620761606677099 0.23935185185185184 0.018257694314032343 0.04537037037037037
0 0.951225873761085 0.08611111111111111 0.030777256129368807 0.06944444444444445