0 0.09557291666666666 0.4101851851851852 0.040625 0.05462962962962963
0 0.234375 0.45694444444444443 0.05260416666666667 0.046296296296296294
1 0.025 0.3194444444444444 0.03125 0.08148148148148149
0 0.6705729166666666 0.3662037037037037 0.04739583333333333 0.041666666666666664
0 0.8125 0.412962962962963 0.053125 0.04814814814814815
0 0.7614583333333333 0.5046296296296297 0.052083333333333336 0.046296296296296294
0 0.9330729166666667 0.5523148148148148 0.049479166666666664 0.06388888888888888
0 0.3494791666666667 0.4777777777777778 0.036458333333333336 0.058333333333333334
0 0.134375 0.600462962962963 0.046875 0.06296296296296296
0 0.5684895833333333 0.5875 0.05416666666666667 0.04722222222222222
0 0.12421875 0.48935185185185187 0.0421875 0.05185185185185185
0 0.23359375 0.7583333333333333 0.052083333333333336 0.0712962962962963
0 0.9875 0.4263888888888889 0.025 0.030555555555555555
0 0.98125 0.7800925925925926 0.034895833333333334 0.03888888888888889
0 0.878125 0.3106481481481482 0.04010416666666667 0.07314814814814814