0 0.0615234375 0.5590277777777778 0.058990478515625 0.040852864583333336
1 0.79296875 0.6957465277777778 0.0230712890625 0.07579210069444445
1 0.81005859375 0.6957465277777778 0.0228424072265625 0.0556640625
0 0.16748046875 0.5151909722222222 0.054595947265625 0.04172092013888889
0 0.25146484375 0.3997395833333333 0.04638671875 0.04250759548611111
0 0.97802734375 0.2873263888888889 0.046630859375 0.04684787326388889
0 0.441162109375 0.5078125 0.050323486328125 0.039469401041666664
0 0.1943359375 0.3196614583333333 0.043853759765625 0.041015625
0 0.658203125 0.2269965277777778 0.044097900390625 0.046223958333333336
0 0.78125 0.3841145833333333 0.048309326171875 0.04820421006944445
0 0.796875 0.5125868055555556 0.049224853515625 0.04443359375
0 0.145751953125 0.8776041666666666 0.06304931640625 0.04676649305555555
0 0.8623046875 0.5707465277777778 0.03460693359375 0.049614800347222224