0 0.37838541666666664 0.5166666666666667 0.050520833333333334 0.044444444444444446
0 0.20572916666666666 0.5273148148148148 0.052083333333333336 0.04259259259259259
0 0.6674479166666667 0.6666666666666666 0.04583333333333333 0.046296296296296294
0 0.30052083333333335 0.4134259259259259 0.030208333333333334 0.06296296296296296
0 0.93359375 0.5611111111111111 0.046875 0.04537037037037037
0 0.5473958333333333 0.6208333333333333 0.046875 0.044444444444444446
0 0.5619791666666667 0.6726851851851852 0.0453125 0.04351851851851852
0 0.8421875 0.612037037037037 0.046875 0.044444444444444446
0 0.027604166666666666 0.5921296296296297 0.0359375 0.06666666666666667
0 0.32447916666666665 0.5722222222222222 0.0484375 0.03796296296296296
0 0.37057291666666664 0.6310185185185185 0.04479166666666667 0.04259259259259259
0 0.7315104166666667 0.4962962962962963 0.04479166666666667 0.046296296296296294
0 0.8760416666666667 0.5013888888888889 0.04583333333333333 0.040740740740740744
0 0.9828125 0.6199074074074075 0.034375 0.04814814814814815
0 0.5557291666666667 0.8421296296296297 0.018229166666666668 0.044444444444444446
0 0.7130208333333333 0.09722222222222222 0.04895833333333333 0.058333333333333334