1 0.32316118935837246 0.5796296296296296 0.023474178403755867 0.06481481481481481
0 0.4439227960354721 0.5157407407407407 0.02608242044861763 0.05925925925925926
1 0.35315597287428274 0.7898148148148149 0.02034428794992175 0.06666666666666667
0 0.18153364632237873 0.47129629629629627 0.036515388628064686 0.05277777777777778
1 0.4131455399061033 0.6291666666666667 0.027125717266562335 0.06574074074074074
0 0.22900365153886282 0.44305555555555554 0.054773082942097026 0.049074074074074076
1 0.21778821074595722 0.5046296296296297 0.027125717266562335 0.049074074074074076
0 0.2016171100678143 0.17037037037037037 0.04590505998956703 0.06851851851851852
1 0.2436098069900887 0.35185185185185186 0.02138758476786646 0.05648148148148148
1 0.31872717788210747 0.7388888888888889 0.024517475221700575 0.06018518518518518
0 0.14267083985393844 0.43472222222222223 0.0297339593114241 0.04814814814814815
1 0.26917057902973396 0.15231481481481482 0.02608242044861763 0.06574074074074074
1 0.11658841940532082 0.5731481481481482 0.02556077203964528 0.06481481481481481
1 0.3315075639019301 0.6560185185185186 0.013562858633281168 0.06111111111111111
1 0.6387584767866458 0.7597222222222222 0.02608242044861763 0.07962962962962963
1 0.6205007824726134 0.6027777777777777 0.028169014084507043 0.058333333333333334
1 0.2104851330203443 0.7375 0.0297339593114241 0.058333333333333334
1 0.11528429838288994 0.6694444444444444 0.028169014084507043 0.06759259259259259
1 0.2699530516431925 0.6638888888888889 0.02190923317683881 0.06388888888888888
1 0.7923839332290037 0.8324074074074074 0.02138758476786646 0.05925925925925926
1 0.5031298904538342 0.6953703703703704 0.022430881585811163 0.041666666666666664
1 0.33437663015127805 0.9226851851851852 0.018257694314032343 0.08055555555555556
1 0.36619718309859156 0.6291666666666667 0.019300991131977047 0.053703703703703705
1 0.4042775169535733 0.9083333333333333 0.016692749087115284 0.07407407407407407
1 0.5383411580594679 0.7217592592592592 0.026604068857589983 0.0712962962962963
1 0.23187271778821075 0.7768518518518519 0.018779342723004695 0.049074074074074076
1 0.27256129368805426 0.7342592592592593 0.01617110067814293 0.06851851851851852
0 0.08502869066249348 0.2884259259259259 0.057902973395931145 0.04722222222222222
1 0.2279603547209181 0.586574074074074 0.027125717266562335 0.05648148148148148
1 0.05372978612415232 0.7199074074074074 0.03338549817423057 0.06296296296296296
1 0.9047991653625457 0.6296296296296297 0.029212310902451747 0.075
1 0.07563901930099114 0.7782407407407408 0.025039123630672927 0.06851851851851852
1 0.18153364632237873 0.7023148148148148 0.024517475221700575 0.05462962962962963
1 0.18153364632237873 0.3453703703703704 0.03286384976525822 0.07222222222222222
1 0.1309337506520605 0.5319444444444444 0.03234220135628586 0.058333333333333334
1 0.059989567031820554 0.663425925925926 0.0297339593114241 0.06296296296296296
0 0.10146061554512259 0.43287037037037035 0.05112154407929056 0.04537037037037037
1 0.1651017214397496 0.6703703703703704 0.03025560772039645 0.06481481481481481
1 0.21387584767866458 0.8523148148148149 0.022430881585811163 0.07222222222222222
1 0.011997913406364111 0.6902777777777778 0.023995826812728223 0.08333333333333333
1 0.2699530516431925 0.8671296296296296 0.025039123630672927 0.05925925925925926
1 0.1729264475743349 0.5361111111111111 0.0396452790818988 0.05740740740740741
1 0.041992696922274385 0.7875 0.02608242044861763 0.062037037037037036
1 0.09285341679707877 0.6398148148148148 0.02764736567553469 0.062037037037037036
1 0.3028169014084507 0.8986111111111111 0.023474178403755867 0.06296296296296296
1 0.20109546165884193 0.6148148148148148 0.028690662493479395 0.06666666666666667
1 0.1332811684924361 0.6990740740740741 0.026604068857589983 0.06666666666666667
1 0.4316640584246218 0.029166666666666667 0.03390714658320292 0.053703703703703705
0 0.1366718831507564 0.37916666666666665 0.03234220135628586 0.05648148148148148
1 0.14267083985393844 0.6236111111111111 0.023474178403755867 0.05925925925925926
1 0.1411058946270214 0.8083333333333333 0.02034428794992175 0.06296296296296296
1 0.2676056338028169 0.19537037037037036 0.02190923317683881 0.046296296296296294
1 0.07902973395931143 0.6134259259259259 0.023995826812728223 0.07314814814814814
1 0.04773082942097027 0.9458333333333333 0.01617110067814293 0.07037037037037037
1 0.42488262910798125 0.3347222222222222 0.018779342723004695 0.03981481481481482
1 0.5701617110067815 0.14351851851851852 0.025039123630672927 0.05648148148148148
1 0.454094940010433 0.799074074074074 0.022430881585811163 0.062037037037037036
1 0.3823682837767345 0.7462962962962963 0.028169014084507043 0.06388888888888888
1 0.13171622326551904 0.8606481481481482 0.016692749087115284 0.05185185185185185
1 0.17970787689097548 0.7898148148148149 0.020865936358894107 0.04814814814814815
1 0.909754825247783 0.8430555555555556 0.02034428794992175 0.08425925925925926
1 0.0782472613458529 0.8421296296296297 0.023474178403755867 0.062037037037037036
1 0.9799165362545644 0.6467592592592593 0.03755868544600939 0.06851851851851852
1 0.7123109024517476 0.6324074074074074 0.022430881585811163 0.06944444444444445
1 0.7420448617631716 0.6819444444444445 0.019300991131977047 0.058333333333333334
1 0.827073552425665 0.8314814814814815 0.01773604590505999 0.062037037037037036
1 0.4306207616066771 0.29768518518518516 0.02138758476786646 0.06666666666666667
1 0.5563380281690141 0.06574074074074074 0.030777256129368807 0.053703703703703705
1 0.5792905581637976 0.7416666666666667 0.027125717266562335 0.04814814814814815
1 0.7584767866458008 0.8004629629629629 0.019300991131977047 0.05462962962962963
1 0.10250391236306729 0.7324074074074074 0.023995826812728223 0.03796296296296296
1 0.584246218049035 0.5916666666666667 0.017214397496087636 0.040740740740740744
1 0.16171100678142933 0.5708333333333333 0.02190923317683881 0.05277777777777778
1 0.5952008346374543 0.6712962962962963 0.0198226395409494 0.04537037037037037
1 0.852112676056338 0.7 0.02608242044861763 0.062037037037037036
1 0.4066249347939489 0.7106481481481481 0.020865936358894107 0.040740740740740744
1 0.29786124152321336 0.7870370370370371 0.0198226395409494 0.06574074074074074
1 0.7790818988002086 0.7759259259259259 0.018257694314032343 0.06574074074074074
1 0.6932707355242567 0.7875 0.028690662493479395 0.058333333333333334
1 0.7097026604068858 0.7273148148148149 0.030777256129368807 0.06481481481481481
1 0.20213875847678664 0.6736111111111112 0.019300991131977047 0.05740740740740741
0 0.03129890453834116 0.9125 0.03234220135628586 0.06851851851851852
1 0.6674491392801252 0.6453703703703704 0.03025560772039645 0.05648148148148148
1 0.4222743870631195 0.6606481481481481 0.015127803860198226 0.05925925925925926
1 0.7665623369848722 0.19027777777777777 0.03755868544600939 0.06388888888888888
1 0.8273343766301513 0.3458333333333333 0.03286384976525822 0.06666666666666667
1 0.7472613458528952 0.325 0.0297339593114241 0.05277777777777778
1 0.9754825247782994 0.33935185185185185 0.03129890453834116 0.06111111111111111
1 0.9499217527386542 0.1597222222222222 0.029212310902451747 0.05462962962962963
1 0.7456964006259781 0.3611111111111111 0.02190923317683881 0.05462962962962963