0 0.6004173187271779 0.5069444444444444 0.053208137715179966 0.04351851851851852
0 0.13380281690140844 0.4726851851851852 0.059989567031820554 0.053703703703703705
1 0.46870109546165883 0.5726851851851852 0.025039123630672927 0.06574074074074074
1 0.06285863328116849 0.6282407407407408 0.03129890453834116 0.06759259259259259
0 0.4332290036515389 0.5305555555555556 0.0297339593114241 0.075
0 0.979394887845592 0.5587962962962963 0.03755868544600939 0.06851851851851852
1 0.8873239436619719 0.7083333333333334 0.02764736567553469 0.07314814814814814
1 0.08294209702660407 0.6916666666666667 0.03234220135628586 0.06388888888888888
0 0.4300991131977048 0.4222222222222222 0.047991653625456446 0.06851851851851852
1 0.9728742827334377 0.7652777777777777 0.03286384976525822 0.07222222222222222
1 0.31011997913406364 0.10277777777777777 0.027125717266562335 0.062037037037037036
1 0.554773082942097 0.6273148148148148 0.02764736567553469 0.05092592592592592
0 0.5586854460093896 0.3921296296296296 0.056859676577986434 0.040740740740740744
1 0.08242044861763172 0.7671296296296296 0.03129890453834116 0.06666666666666667
1 0.1332811684924361 0.6296296296296297 0.02034428794992175 0.06574074074074074
1 0.5039123630672926 0.6601851851851852 0.02608242044861763 0.06111111111111111
1 0.41992696922274386 0.6319444444444444 0.022430881585811163 0.05925925925925926
1 0.952529994783516 0.700925925925926 0.03495044340114763 0.06111111111111111
1 0.33750652060511216 0.825462962962963 0.016692749087115284 0.075
1 0.39462702138758476 0.7796296296296297 0.022430881585811163 0.06481481481481481
1 0.8458528951486698 0.7134259259259259 0.024517475221700575 0.06574074074074074
1 0.26264997391757955 0.6939814814814815 0.02608242044861763 0.06111111111111111
1 0.04747000521648409 0.7648148148148148 0.02608242044861763 0.06296296296296296
1 0.26604068857589985 0.7782407407407408 0.016692749087115284 0.062037037037037036
0 0.8779342723004695 0.42407407407407405 0.04121022430881586 0.06296296296296296
1 0.751434533124674 0.6606481481481481 0.028690662493479395 0.05185185185185185
1 0.14553990610328638 0.6851851851851852 0.013041210224308816 0.030555555555555555
1 0.665623369848722 0.6439814814814815 0.0198226395409494 0.05092592592592592
1 0.2235263432446531 0.8870370370370371 0.01773604590505999 0.06574074074074074
1 0.3281168492436098 0.5967592592592592 0.02138758476786646 0.04537037037037037
1 0.12441314553990611 0.7462962962962963 0.028690662493479395 0.053703703703703705
1 0.6332811684924361 0.6782407407407407 0.026604068857589983 0.075
1 0.17579551382368283 0.774074074074074 0.026604068857589983 0.07407407407407407
0 0.03155972874282734 0.29398148148148145 0.06311945748565467 0.06574074074074074
1 0.30907668231611896 0.6509259259259259 0.023474178403755867 0.04722222222222222
1 0.4569640062597809 0.7180555555555556 0.018257694314032343 0.06018518518518518
1 0.7154407929055816 0.1763888888888889 0.048513302034428794 0.07592592592592592
0 0.022952529994783515 0.5148148148148148 0.04277516953573292 0.04722222222222222
1 0.20031298904538342 0.8203703703703704 0.027125717266562335 0.07037037037037037
1 0.5748565466875326 0.6916666666666667 0.02138758476786646 0.03888888888888889
1 0.405320813771518 0.8342592592592593 0.017214397496087636 0.05740740740740741
1 0.2167449139280125 0.0875 0.03808033385498174 0.062037037037037036
1 0.4747000521648409 0.10925925925925926 0.020865936358894107 0.07777777777777778
1 0.4316640584246218 0.9185185185185185 0.015127803860198226 0.05740740740740741
1 0.43896713615023475 0.7824074074074074 0.02556077203964528 0.05462962962962963
1 0.3455920709441836 0.6949074074074074 0.02608242044861763 0.06388888888888888
1 0.5219092331768388 0.7532407407407408 0.016692749087115284 0.05740740740740741
1 0.06546687532603025 0.9430555555555555 0.01564945226917058 0.06944444444444445
1 0.692227438706312 0.7819444444444444 0.03129890453834116 0.07592592592592592
1 0.6421491914449661 0.7708333333333334 0.016692749087115284 0.046296296296296294
1 0.39254042775169534 0.6986111111111111 0.01617110067814293 0.04537037037037037
1 0.3202921231090245 0.7787037037037037 0.023474178403755867 0.05648148148148148
0 0.046948356807511735 0.9115740740740741 0.03390714658320292 0.06944444444444445
1 0.6387584767866458 0.7097222222222223 0.011997913406364111 0.03148148148148148
1 0.04929577464788732 0.05694444444444444 0.026604068857589983 0.05925925925925926
1 0.4144496609285342 0.7361111111111112 0.022430881585811163 0.05555555555555555
1 0.16797078768909754 0.8087962962962963 0.014084507042253521 0.03611111111111111