0 0.21932169914743077 0.5055817780671296 0.04154395426984164 0.054872894287109446
0 0.80859375 0.5841552734375 0.030670166015625 0.06180648803710938
1 0.59130859375 0.3657470703125 0.0182647705078125 0.07155685424804688
0 0.1248779296875 0.527386474609375 0.054290771484375 0.047939300537109375
1 0.2259521484375 0.391748046875 0.036163330078125 0.06489410400390624
0 0.40087890625 0.45848388671875 0.050048828125 0.04536628723144531
0 0.5709553909102765 0.6097229003906249 0.0425520452327924 0.05392494201660163
1 0.1295166015625 0.2489593505859375 0.02386474609375 0.053437423706054685
1 0.58447265625 0.2272918701171875 0.029876708984375 0.04401206970214844
1 0.6875 0.1126708984375 0.0182952880859375 0.07009429931640625
1 0.10467529296875 0.692926025390625 0.0364990234375 0.06099395751953125
1 0.70703125 0.40994873046875 0.03173828125 0.078436279296875
1 0.1903076171875 0.2270751953125 0.0305633544921875 0.06982345581054687
1 0.476806640625 0.315911865234375 0.021087646484375 0.06429824829101563
1 0.6484375 0.11732940673828125 0.0167236328125 0.07074432373046875
1 0.7578125 0.3585968017578125 0.0300445556640625 0.06787338256835937
1 0.67626953125 0.235308837890625 0.0180206298828125 0.063702392578125
1 0.35205078125 0.2825439453125 0.0248870849609375 0.06440658569335937
1 0.390625 0.3724639892578125 0.028167724609375 0.06451492309570313
0 0.98291015625 0.621856689453125 0.0316162109375 0.047316360473632815
1 0.6474609375 0.289910888671875 0.0255584716796875 0.08867416381835938
1 0.2421875 0.269976806640625 0.0309600830078125 0.05839385986328125
1 0.28662109375 0.28167724609375 0.0310211181640625 0.065869140625
0 0.8681640625 0.64915771484375 0.03521728515625 0.054439544677734375
1 0.90966796875 0.440283203125 0.03955078125 0.06662750244140625
1 0.77734375 0.2554595947265625 0.0179901123046875 0.05953140258789062
1 0.900390625 0.89530029296875 0.03302001953125 0.074969482421875
0 0.022979736328125 0.736260986328125 0.044677734375 0.0693359375
0 0.17199707031249994 0.44976392204378857 0.04448519398120977 0.04934768676757809
1 0.92333984375 0.2912109375 0.024932861328125 0.0578521728515625
0 0.6455078125 0.49141845703125 0.0280609130859375 0.048968505859375
0 0.69580078125 0.3516632080078125 0.044281005859375 0.04704551696777344
1 0.982421875 0.2860107421875 0.02655029296875 0.05709381103515625
1 0.3916015625 0.306378173828125 0.0209197998046875 0.0582855224609375
1 0.8271484375 0.301611328125 0.0266571044921875 0.06272735595703124
1 0.900390625 0.1960906982421875 0.0289306640625 0.06272735595703124
1 0.802734375 0.39521484375 0.03253173828125 0.09354934692382813
1 0.95703125 0.18449859619140624 0.0310211181640625 0.062023162841796875
1 0.018157958984375 0.841131591796875 0.033905029296875 0.05476455688476563
1 0.83203125 0.2363922119140625 0.0226287841796875 0.059423065185546874
1 0.1973876953125 0.343212890625 0.03192138671875 0.06689834594726562
0 0.65234375 0.551220703125 0.038177490234375 0.05538749694824219
1 0.853515625 0.2194915771484375 0.0216217041015625 0.06944427490234376
0 0.8798469831333681 0.736111111111111 0.060858981046774396 0.05555555555555555
0 0.658581116327595 0.7052469135802468 0.046078942792557774 0.06481481481481481
0 0.6455078125 0.834197998046875 0.035888671875 0.08509902954101563
0 0.9760041731872716 0.5324074074074072 0.04799165362545668 0.06172839506172836
1 0.3947139627890801 0.8935185185185182 0.03129890453834116 0.07407407407407407
1 0.9315771170231261 0.38811728395061723 0.02521300643366367 0.06944444444444445
1 0.7158203125 0.2415924072265625 0.0169219970703125 0.06321487426757813
1 0.869140625 0.16044769287109376 0.02276611328125 0.0606689453125
1 0.9698313336810988 0.35108024691358025 0.019996522343940264 0.04783950617283947