0 0.11971830985915492 0.5388888888888889 0.05581637976004173 0.04351851851851852
1 0.10224308815858112 0.22685185185185186 0.03129890453834116 0.06018518518518518
1 0.09050599895670318 0.3972222222222222 0.03495044340114763 0.06574074074074074
1 0.607981220657277 0.9064814814814814 0.03442879499217527 0.06574074074074074
1 0.4846113719353156 0.37546296296296294 0.02034428794992175 0.07314814814814814
1 0.7519561815336463 0.9185185185185185 0.024517475221700575 0.06018518518518518
0 0.4209702660406886 0.5037037037037037 0.050078247261345854 0.041666666666666664
1 0.3137715179968701 0.24722222222222223 0.019300991131977047 0.062037037037037036
1 0.9042775169535733 0.7333333333333333 0.03547209181011998 0.05648148148148148
0 0.0396452790818988 0.4412037037037037 0.04747000521648409 0.04259259259259259
1 0.2180490349504434 0.3638888888888889 0.02190923317683881 0.06111111111111111
1 0.7031820552947313 0.43842592592592594 0.026604068857589983 0.07222222222222222
1 0.12571726656233698 0.8097222222222222 0.025039123630672927 0.05555555555555555
1 0.041731872717788214 0.36203703703703705 0.028169014084507043 0.06388888888888888
1 0.6776212832550861 0.30833333333333335 0.018779342723004695 0.053703703703703705
1 0.3974960876369327 0.37777777777777777 0.024517475221700575 0.05555555555555555
1 0.8448095983307251 0.7226851851851852 0.03234220135628586 0.06481481481481481
1 0.9653103808033385 0.7402777777777778 0.03808033385498174 0.06111111111111111
1 0.17996870109546165 0.8731481481481481 0.03599374021909233 0.07037037037037037
1 0.5878977569118414 0.39444444444444443 0.022952529994783515 0.0712962962962963
1 0.0683359415753782 0.262037037037037 0.025039123630672927 0.058333333333333334
1 0.7709963484611372 0.6444444444444445 0.030777256129368807 0.05555555555555555
1 0.061293688054251436 0.2986111111111111 0.036515388628064686 0.07222222222222222
1 0.1090245174752217 0.28564814814814815 0.03338549817423057 0.06018518518518518
0 0.49921752738654146 0.3074074074074074 0.03808033385498174 0.040740740740740744
1 0.8907146583202922 0.1875 0.020865936358894107 0.07037037037037037
1 0.27856025039123633 0.7893518518518519 0.025039123630672927 0.04351851851851852
1 0.17083985393844547 0.32546296296296295 0.03182055294731351 0.06481481481481481
1 0.2683881064162754 0.34120370370370373 0.027125717266562335 0.05185185185185185
1 0.31194574856546686 0.32222222222222224 0.016692749087115284 0.04259259259259259
1 0.9898278560250391 0.2773148148148148 0.0198226395409494 0.05277777777777778
1 0.20631194574856546 0.8092592592592592 0.028169014084507043 0.05092592592592592
1 0.176056338028169 0.23935185185185184 0.036515388628064686 0.06666666666666667
1 0.6264997391757955 0.3476851851851852 0.02556077203964528 0.06388888888888888
1 0.44001043296817943 0.325 0.02556077203964528 0.06296296296296296
1 0.7117892540427752 0.25416666666666665 0.026604068857589983 0.046296296296296294
1 0.3351591027647366 0.3449074074074074 0.02556077203964528 0.04814814814814815
1 0.5610328638497653 0.26666666666666666 0.027125717266562335 0.06481481481481481
1 0.6538862806468441 0.1865740740740741 0.017214397496087636 0.058333333333333334
1 0.7417840375586855 0.8064814814814815 0.0198226395409494 0.06666666666666667
1 0.47183098591549294 0.26296296296296295 0.022430881585811163 0.05925925925925926
1 0.8455920709441836 0.2152777777777778 0.02190923317683881 0.05092592592592592
1 0.21100678142931664 0.1962962962962963 0.02138758476786646 0.05925925925925926
1 0.804642670839854 0.3476851851851852 0.03390714658320292 0.07037037037037037
1 0.24517475221700574 0.2490740740740741 0.016692749087115284 0.053703703703703705
1 0.8202921231090246 0.2800925925925926 0.03025560772039645 0.05
1 0.19118414188836724 0.7523148148148148 0.02190923317683881 0.05
1 0.8505477308294209 0.35324074074074074 0.020865936358894107 0.07222222222222222
1 0.5706833594157538 0.3449074074074074 0.015127803860198226 0.06388888888888888
1 0.24152321335419927 0.2791666666666667 0.019300991131977047 0.049074074074074076
1 0.7764736567553469 0.6796296296296296 0.027125717266562335 0.06481481481481481
1 0.28821074595722485 0.2611111111111111 0.020865936358894107 0.040740740740740744
1 0.35289514866979654 0.6527777777777778 0.029212310902451747 0.06296296296296296
1 0.8823682837767345 0.9162037037037037 0.037037037037037035 0.05648148148148148
1 0.16040688575899845 0.8425925925925926 0.036515388628064686 0.04814814814814815
1 0.36958789775691187 0.25 0.02138758476786646 0.04351851851851852
1 0.8685446009389671 0.2935185185185185 0.02190923317683881 0.04259259259259259
1 0.4050599895670318 0.2222222222222222 0.020865936358894107 0.046296296296296294
1 0.7271778821074596 0.2916666666666667 0.02608242044861763 0.06296296296296296
1 0.7916014606155451 0.12916666666666668 0.024517475221700575 0.06296296296296296
1 0.9780907668231612 0.425 0.03234220135628586 0.06574074074074074
0 0.960093896713615 0.6319444444444444 0.05529473135106938 0.06388888888888888
1 0.8359415753781951 0.43287037037037035 0.03025560772039645 0.049074074074074076
1 0.9561815336463224 0.3074074074074074 0.018779342723004695 0.044444444444444446
1 0.6781429316640585 0.11527777777777778 0.02190923317683881 0.06111111111111111
1 0.8784559207094418 0.16064814814814815 0.020865936358894107 0.06851851851851852
1 0.8813249869587898 0.8685185185185185 0.03442879499217527 0.05555555555555555
1 0.07459572248304643 0.20046296296296295 0.01617110067814293 0.03981481481481482
1 0.5174752217005738 0.6472222222222223 0.018257694314032343 0.06666666666666667
1 0.935054773082942 0.34629629629629627 0.018257694314032343 0.04722222222222222
1 0.5234741784037559 0.6236111111111111 0.016692749087115284 0.07222222222222222
1 0.9178403755868545 0.44351851851851853 0.030777256129368807 0.062037037037037036
1 0.9804381846635368 0.20185185185185187 0.020865936358894107 0.06481481481481481
1 0.8881064162754304 0.35509259259259257 0.0198226395409494 0.05092592592592592