1 0.8779342723004695 0.5703703703703704 0.027125717266562335 0.06111111111111111
1 0.46426708398539385 0.5726851851851852 0.024517475221700575 0.06388888888888888
0 0.35498174230568597 0.42453703703703705 0.053208137715179966 0.046296296296296294
1 0.2968179447052686 0.5995370370370371 0.016692749087115284 0.06666666666666667
0 0.48826291079812206 0.44305555555555554 0.05268648930620762 0.041666666666666664
0 0.57981220657277 0.4162037037037037 0.03234220135628586 0.06388888888888888
0 0.7300469483568075 0.5194444444444445 0.05112154407929056 0.044444444444444446
1 0.514866979655712 0.14444444444444443 0.03495044340114763 0.05462962962962963
1 0.31872717788210747 0.8004629629629629 0.018779342723004695 0.06944444444444445
1 0.42931664058424623 0.687962962962963 0.028169014084507043 0.06388888888888888
1 0.4765258215962441 0.6476851851851851 0.023474178403755867 0.06944444444444445
1 0.8200312989045383 0.1638888888888889 0.036515388628064686 0.05925925925925926
1 0.7151799687010955 0.6560185185185186 0.0198226395409494 0.06018518518518518
1 0.3656755346896192 0.8694444444444445 0.025039123630672927 0.06481481481481481
0 0.13719353155972874 0.40046296296296297 0.056338028169014086 0.05092592592592592
1 0.940792905581638 0.5898148148148148 0.03286384976525822 0.06944444444444445
1 0.14267083985393844 0.5828703703703704 0.025039123630672927 0.07314814814814814
0 0.029212310902451747 0.3523148148148148 0.058424621804903494 0.06018518518518518
1 0.044861763171622326 0.8379629629629629 0.027125717266562335 0.06574074074074074
1 0.924621804903495 0.25601851851851853 0.03182055294731351 0.05462962962962963
1 0.940792905581638 0.6592592592592592 0.019300991131977047 0.049074074074074076
1 0.09859154929577464 0.6402777777777777 0.024517475221700575 0.05740740740740741
1 0.7777777777777778 0.6972222222222222 0.03390714658320292 0.06481481481481481
1 0.1366718831507564 0.8212962962962963 0.02190923317683881 0.06666666666666667
1 0.1585811163275952 0.6504629629629629 0.0297339593114241 0.06111111111111111
1 0.797339593114241 0.8101851851851852 0.022952529994783515 0.06111111111111111
1 0.7772561293688054 0.31666666666666665 0.03442879499217527 0.07962962962962963
1 0.12206572769953052 0.75 0.028690662493479395 0.06666666666666667
1 0.3236828377673448 0.700925925925926 0.02556077203964528 0.04722222222222222
1 0.5565988523735003 0.674537037037037 0.01773604590505999 0.06388888888888888
1 0.023474178403755867 0.7435185185185185 0.030777256129368807 0.07314814814814814
1 0.5482524778299426 0.026851851851851852 0.02034428794992175 0.05277777777777778
1 0.35498174230568597 0.34814814814814815 0.03442879499217527 0.053703703703703705
0 0.7743870631194575 0.42824074074074076 0.04903495044340115 0.07407407407407407
1 0.7923839332290037 0.22546296296296298 0.03129890453834116 0.05462962962962963
1 0.36384976525821594 0.12129629629629629 0.03129890453834116 0.05
1 0.26264997391757955 0.8805555555555555 0.01564945226917058 0.06111111111111111
1 0.7290036515388628 0.750462962962963 0.022952529994783515 0.06111111111111111
1 0.26604068857589985 0.1675925925925926 0.02556077203964528 0.05740740740740741
1 0.519300991131977 0.6736111111111112 0.017214397496087636 0.05185185185185185
1 0.698226395409494 0.7842592592592592 0.026604068857589983 0.06574074074074074
1 0.1278038601982264 0.1125 0.03755868544600939 0.06018518518518518
1 0.40923317683881066 0.2810185185185185 0.028690662493479395 0.05555555555555555
1 0.9825247782994262 0.7226851851851852 0.030777256129368807 0.06388888888888888
1 0.020083463745435577 0.6129629629629629 0.03912363067292645 0.08796296296296297
1 0.9134063641105895 0.6990740740740741 0.023474178403755867 0.05648148148148148
1 0.48643714136671884 0.7384259259259259 0.018257694314032343 0.05925925925925926
1 0.8004694835680751 0.055092592592592596 0.024517475221700575 0.05740740740740741
1 0.11632759520083463 0.1837962962962963 0.03599374021909233 0.05648148148148148
1 0.49947835159102766 0.06157407407407407 0.022952529994783515 0.06296296296296296
1 0.06677099634846113 0.9453703703703704 0.016692749087115284 0.07037037037037037
1 0.942357850808555 0.7569444444444444 0.02138758476786646 0.06296296296296296
1 0.5699008868022952 0.5912037037037037 0.03182055294731351 0.05555555555555555
1 0.3492436098069901 0.25 0.03442879499217527 0.05740740740740741
1 0.5362545644235786 0.29074074074074074 0.03495044340114763 0.05092592592592592
1 0.2597809076682316 0.725462962962963 0.02190923317683881 0.05462962962962963
1 0.08633281168492436 0.7842592592592592 0.018779342723004695 0.041666666666666664
1 0.5706833594157538 0.7439814814814815 0.014606155451225874 0.037037037037037035
1 0.1825769431403234 0.6921296296296297 0.020865936358894107 0.04259259259259259
1 0.368283776734481 0.6407407407407407 0.022952529994783515 0.06296296296296296
1 0.405320813771518 0.7870370370370371 0.01773604590505999 0.04351851851851852
1 0.19640062597809077 0.8356481481481481 0.011476264997391758 0.06481481481481481
1 0.9415753781950965 0.8134259259259259 0.0198226395409494 0.046296296296296294
1 0.6421491914449661 0.7564814814814815 0.017214397496087636 0.046296296296296294
1 0.5320813771517997 0.7652777777777777 0.01617110067814293 0.053703703703703705
1 0.48278560250391234 0.24675925925925926 0.0297339593114241 0.05555555555555555