0 0.48072916666666665 0.5550925925925926 0.04895833333333333 0.05925925925925926
0 0.6372395833333333 0.5574074074074075 0.04635416666666667 0.046296296296296294
0 0.5020833333333333 0.6731481481481482 0.042708333333333334 0.04259259259259259
0 0.8432291666666667 0.5337962962962963 0.052083333333333336 0.04814814814814815
0 0.9041666666666667 0.5907407407407408 0.0484375 0.046296296296296294
0 0.9325520833333333 0.40324074074074073 0.05677083333333333 0.04814814814814815
0 0.7817708333333333 0.4310185185185185 0.050520833333333334 0.040740740740740744
0 0.65 0.17592592592592593 0.053125 0.04722222222222222
0 0.17239583333333333 0.7361111111111112 0.05260416666666667 0.04537037037037037
0 0.16927083333333334 0.4449074074074074 0.05677083333333333 0.037037037037037035
0 0.7473958333333334 0.6111111111111112 0.0453125 0.0712962962962963
0 0.5893229166666667 0.49953703703703706 0.042708333333333334 0.06018518518518518
0 0.32578125 0.3458333333333333 0.044270833333333336 0.06574074074074074
0 0.5565104166666667 0.37453703703703706 0.05520833333333333 0.06111111111111111
0 0.17734375 0.2310185185185185 0.07083333333333333 0.062037037037037036
0 0.18020833333333333 0.16111111111111112 0.06302083333333333 0.049074074074074076
0 0.021354166666666667 0.6393518518518518 0.042708333333333334 0.04259259259259259
0 0.020052083333333335 0.29305555555555557 0.04010416666666667 0.03981481481481482
0 0.042708333333333334 0.7069444444444445 0.05 0.05462962962962963