0 0.32578125 0.5027777777777778 0.04583333333333333 0.06666666666666667
0 0.74140625 0.45555555555555555 0.052083333333333336 0.044444444444444446
0 0.08385416666666666 0.4310185185185185 0.05416666666666667 0.05
1 0.16041666666666668 0.6129629629629629 0.027604166666666666 0.075
1 0.16354166666666667 0.6560185185185186 0.03125 0.05648148148148148
0 0.5919270833333333 0.5662037037037037 0.0484375 0.05740740740740741
1 0.03802083333333333 0.7226851851851852 0.034895833333333334 0.05925925925925926
1 0.8736979166666666 0.7101851851851851 0.03229166666666667 0.0787037037037037
0 0.08203125 0.524074074074074 0.051041666666666666 0.04722222222222222
0 0.9700520833333334 0.5666666666666667 0.053125 0.05648148148148148
1 0.41848958333333336 0.725462962962963 0.021875 0.06018518518518518
0 0.82265625 0.3731481481481482 0.053125 0.06296296296296296
0 0.8091145833333333 0.15648148148148147 0.05520833333333333 0.05462962962962963
0 0.56015625 0.02638888888888889 0.0578125 0.05277777777777778
0 0.5747395833333333 0.47175925925925927 0.05 0.05740740740740741
1 0.18567708333333333 0.7032407407407407 0.027604166666666666 0.08055555555555556