0 0.7393229166666667 0.41435185185185186 0.04895833333333333 0.03981481481481482
0 0.5072916666666667 0.6074074074074074 0.050520833333333334 0.04259259259259259
0 0.9828125 0.30462962962962964 0.034375 0.040740740740740744
0 0.45338541666666665 0.5462962962962963 0.051041666666666666 0.04537037037037037
0 0.95703125 0.6013888888888889 0.05520833333333333 0.053703703703703705
0 0.7578125 0.5439814814814815 0.04791666666666667 0.04814814814814815
0 0.9229166666666667 0.3837962962962963 0.04739583333333333 0.041666666666666664
0 0.9296875 0.4300925925925926 0.05 0.05092592592592592
0 0.32734375 0.3143518518518518 0.04739583333333333 0.03425925925925926
0 0.6708333333333333 0.49537037037037035 0.04895833333333333 0.04259259259259259
0 0.17057291666666666 0.3680555555555556 0.04739583333333333 0.03888888888888889
0 0.5619791666666667 0.3050925925925926 0.042708333333333334 0.04259259259259259
0 0.5166666666666667 0.37777777777777777 0.046875 0.04351851851851852