0 0.8271484375 0.4939236111111111 0.050323486328125 0.046061197916666664
0 0.73828125 0.5421006944444444 0.052520751953125 0.046685112847222224
0 0.1429443359375 0.5130208333333334 0.04986572265625 0.05935329861111111
0 0.693359375 0.4353298611111111 0.04595947265625 0.048014322916666664
0 0.90625 0.4453125 0.051361083984375 0.04416232638888889
0 0.7119140625 0.7751736111111112 0.050048828125 0.06825086805555555
0 0.69189453125 0.6710069444444444 0.047088623046875 0.048583984375
0 0.448974609375 0.3943142361111111 0.049774169921875 0.04275173611111111
0 0.4707031250000001 0.5733506944444446 0.04835946219308051 0.05685763888888882
0 0.024566650390625 0.4086371527777778 0.048309326171875 0.040934244791666664
1 0.8251953125 0.2827690972222222 0.020294189453125 0.060980902777777776
0 0.416748046875 0.6857638888888888 0.055419921875 0.049506293402777776
1 0.61572265625 0.2463107638888889 0.017303466796875 0.06749131944444445
0 0.474853515625 0.3602430555555556 0.04327392578125 0.04334852430555555
0 0.9140625 0.7560763888888888 0.054107666015625 0.04519314236111111
0 0.6611328125 0.609375 0.052825927734375 0.048014322916666664
0 0.91064453125 0.8441840277777778 0.0521240234375 0.050944010416666664
1 0.45068359375 0.296875 0.030914306640625 0.07649739583333333
0 0.66015625 0.5212673611111112 0.044921875 0.054009331597222224
0 0.81201171875 0.6215277777777778 0.05224609375 0.0666232638888889
1 0.72705078125 0.2384982638888889 0.030731201171875 0.06353081597222222
0 0.01953125 0.3370225694444444 0.03582763671875 0.049967447916666664
0 0.5557803199404764 0.4761698082010583 0.04661632719494046 0.058268229166666664