1 0.16901041666666666 0.2064814814814815 0.025520833333333333 0.07222222222222222
0 0.5684895833333333 0.5194444444444445 0.0484375 0.04537037037037037
0 0.3067708333333333 0.49212962962962964 0.050520833333333334 0.041666666666666664
0 0.5453125 0.6083333333333333 0.04583333333333333 0.03888888888888889
0 0.45807291666666666 0.6578703703703703 0.04375 0.04259259259259259
0 0.7364583333333333 0.711574074074074 0.04375 0.046296296296296294
0 0.31145833333333334 0.6231481481481481 0.04583333333333333 0.04537037037037037
0 0.39401041666666664 0.4699074074074074 0.051041666666666666 0.04351851851851852
0 0.6010416666666667 0.6699074074074074 0.04479166666666667 0.037037037037037035
0 0.06536458333333334 0.7865740740740741 0.049479166666666664 0.049074074074074076
0 0.42239583333333336 0.12824074074074074 0.04375 0.062037037037037036
0 0.39166666666666666 0.2662037037037037 0.04895833333333333 0.07314814814814814
0 0.42526041666666664 0.8851851851851852 0.0203125 0.06759259259259259
1 0.15026041666666667 0.19166666666666668 0.022395833333333334 0.07685185185185185