1 0.5096504955659885 0.6462962962962963 0.03286384976525822 0.05092592592592592
0 0.8114241001564946 0.6328703703703704 0.056338028169014086 0.04537037037037037
0 0.051382368283776736 0.49583333333333335 0.05112154407929056 0.04537037037037037
1 0.6763171622326551 0.8962962962962963 0.03599374021909233 0.062037037037037036
0 0.7856025039123631 0.5921296296296297 0.046426708398539386 0.046296296296296294
1 0.9491392801251957 0.33101851851851855 0.028690662493479395 0.06574074074074074
0 0.4984350547730829 0.49398148148148147 0.04538341158059468 0.04537037037037037
1 0.3411580594679186 0.836574074074074 0.03547209181011998 0.06111111111111111
0 0.15127803860198227 0.5370370370370371 0.057902973395931145 0.044444444444444446
0 0.3995826812728221 0.5296296296296297 0.04903495044340115 0.041666666666666664
1 0.6875326030255607 0.44722222222222224 0.027125717266562335 0.06944444444444445
1 0.4548774126238915 0.6787037037037037 0.028690662493479395 0.05185185185185185
0 0.32420448617631714 0.5111111111111111 0.05372978612415232 0.041666666666666664
1 0.7694314032342201 0.8296296296296296 0.037037037037037035 0.058333333333333334
1 0.905320813771518 0.287962962962963 0.0297339593114241 0.062037037037037036
1 0.942357850808555 0.2810185185185185 0.03442879499217527 0.062037037037037036
1 0.8526343244653104 0.38564814814814813 0.030777256129368807 0.05740740740740741
1 0.6927490871152843 0.7796296296296297 0.03025560772039645 0.06944444444444445
1 0.8763693270735524 0.26064814814814813 0.03129890453834116 0.06944444444444445
0 0.7694314032342201 0.5226851851851851 0.050078247261345854 0.05
0 0.5824204486176318 0.5462962962962963 0.0495565988523735 0.04351851851851852
1 0.41053729786124155 0.9671296296296297 0.028169014084507043 0.05462962962962963
1 0.9535732916014606 0.8310185185185185 0.03182055294731351 0.06018518518518518
1 0.23839332290036516 0.3449074074074074 0.030777256129368807 0.07314814814814814
1 0.28142931664058424 0.28888888888888886 0.019300991131977047 0.06481481481481481
1 0.7816901408450704 0.12361111111111112 0.02138758476786646 0.06851851851851852
1 0.868283776734481 0.6875 0.029212310902451747 0.0712962962962963
1 0.6332811684924361 0.6986111111111111 0.02608242044861763 0.05555555555555555
1 0.10850286906624934 0.2162037037037037 0.025039123630672927 0.058333333333333334
1 0.9204486176317163 0.17824074074074073 0.02608242044861763 0.06666666666666667
1 0.10146061554512259 0.9523148148148148 0.037037037037037035 0.05185185185185185
1 0.6797078768909754 0.14537037037037037 0.02138758476786646 0.06666666666666667
1 0.55320813771518 0.3921296296296296 0.028169014084507043 0.06388888888888888
1 0.1794470526864893 0.22037037037037038 0.020865936358894107 0.06388888888888888
1 0.20213875847678664 0.2810185185185185 0.026604068857589983 0.06759259259259259
0 0.09024517475221701 0.3990740740740741 0.03808033385498174 0.04814814814814815
0 0.4937402190923318 0.5722222222222222 0.050078247261345854 0.049074074074074076
1 0.486697965571205 0.7569444444444444 0.017214397496087636 0.06388888888888888
1 0.4157537819509651 0.5847222222222223 0.018779342723004695 0.049074074074074076
1 0.769170579029734 0.9430555555555555 0.03599374021909233 0.05740740740740741
1 0.38967136150234744 0.3939814814814815 0.024517475221700575 0.05648148148148148
1 0.22300469483568075 0.6189814814814815 0.028169014084507043 0.05277777777777778
1 0.8695878977569118 0.1865740740740741 0.028169014084507043 0.0824074074074074
1 0.5140845070422535 0.3138888888888889 0.025039123630672927 0.06759259259259259
1 0.5438184663536776 0.7856481481481481 0.023474178403755867 0.06018518518518518
1 0.1429316640584246 0.25925925925925924 0.02556077203964528 0.062037037037037036
1 0.45983307250912886 0.3287037037037037 0.028690662493479395 0.06851851851851852
1 0.03990610328638498 0.6236111111111111 0.03912363067292645 0.06111111111111111
1 0.6098069900886802 0.3726851851851852 0.02190923317683881 0.06296296296296296
1 0.7295252999478351 0.1125 0.024517475221700575 0.04722222222222222
1 0.15805946791862285 0.3425925925925926 0.028690662493479395 0.04351851851851852
1 0.46113719353155974 0.2638888888888889 0.019300991131977047 0.04814814814814815
1 0.5625978090766823 0.31574074074074077 0.02556077203964528 0.062037037037037036
1 0.7503912363067292 0.3574074074074074 0.02608242044861763 0.04351851851851852
1 0.014606155451225874 0.31712962962962965 0.025039123630672927 0.05925925925925926
1 0.7613458528951487 0.42962962962962964 0.02034428794992175 0.049074074074074076
1 0.06259780907668232 0.3453703703703704 0.030777256129368807 0.05092592592592592
1 0.5699008868022952 0.2361111111111111 0.01564945226917058 0.05555555555555555
1 0.9105372978612415 0.8976851851851851 0.03182055294731351 0.05740740740740741
1 0.5396452790818989 0.08148148148148149 0.017214397496087636 0.04814814814814815
1 0.6635367762128326 0.2361111111111111 0.02190923317683881 0.046296296296296294
1 0.7895148669796557 0.3888888888888889 0.03182055294731351 0.05
1 0.4207094418362024 0.9125 0.024517475221700575 0.058333333333333334
1 0.5996348461137193 0.287962962962963 0.020865936358894107 0.06296296296296296
1 0.8119457485654669 0.3449074074074074 0.028690662493479395 0.06111111111111111
1 0.690923317683881 0.2953703703703704 0.023474178403755867 0.07037037037037037
1 0.6191966614501826 0.23287037037037037 0.02556077203964528 0.053703703703703705
1 0.5453834115805947 0.8513888888888889 0.01773604590505999 0.05740740740740741
1 0.3075117370892019 0.21157407407407408 0.024517475221700575 0.062037037037037036
1 0.7754303599374022 0.24814814814814815 0.01617110067814293 0.05740740740740741
1 0.07329160146061554 0.26064814814814813 0.02764736567553469 0.05185185185185185
1 0.477829942618675 0.6259259259259259 0.01773604590505999 0.05925925925925926
1 0.266301512780386 0.18564814814814815 0.017214397496087636 0.046296296296296294
1 0.3492436098069901 0.2773148148148148 0.018257694314032343 0.05740740740740741
1 0.2443922796035472 0.22453703703703703 0.0297339593114241 0.06388888888888888
1 0.041731872717788214 0.32083333333333336 0.03234220135628586 0.03981481481481482
1 0.043557642149191445 0.2222222222222222 0.027125717266562335 0.058333333333333334
1 0.40558163797600416 0.26990740740740743 0.02556077203964528 0.05648148148148148
1 0.6924882629107981 0.7263888888888889 0.023474178403755867 0.06944444444444445
1 0.6802295252999478 0.41388888888888886 0.0297339593114241 0.03888888888888889
1 0.7290036515388628 0.17731481481481481 0.016692749087115284 0.06388888888888888
1 0.9178403755868545 0.9430555555555555 0.029212310902451747 0.05185185185185185
1 0.3821074595722483 0.3527777777777778 0.03025560772039645 0.03611111111111111
1 0.8163797600417319 0.9541666666666667 0.03599374021909233 0.062037037037037036
1 0.4838288993218571 0.36944444444444446 0.017214397496087636 0.05
1 0.7613458528951487 0.4666666666666667 0.03286384976525822 0.040740740740740744
1 0.6176317162232655 0.19305555555555556 0.02764736567553469 0.03888888888888889
1 0.7733437663015128 0.3037037037037037 0.02190923317683881 0.058333333333333334
1 0.7167449139280125 0.26481481481481484 0.022952529994783515 0.058333333333333334
1 0.5404277516953573 0.34953703703703703 0.018257694314032343 0.05555555555555555
1 0.54434011476265 0.2324074074074074 0.018257694314032343 0.07222222222222222
1 0.35315597287428274 0.1986111111111111 0.016692749087115284 0.06111111111111111
0 0.9877412623891497 0.07361111111111111 0.018257694314032343 0.06944444444444445
1 0.013041210224308816 0.2351851851851852 0.02556077203964528 0.06018518518518518