1 0.755868544600939 0.275 0.023474178403755867 0.06944444444444445
0 0.5845070422535211 0.5504629629629629 0.0495565988523735 0.049074074074074076
1 0.12597809076682315 0.37083333333333335 0.03338549817423057 0.05462962962962963
0 0.5073030777256129 0.48009259259259257 0.029212310902451747 0.06388888888888888
0 0.4478351591027647 0.4925925925925926 0.048513302034428794 0.04814814814814815
1 0.9076682316118936 0.924537037037037 0.02764736567553469 0.062037037037037036
1 0.6131977047470005 0.18796296296296297 0.016692749087115284 0.06388888888888888
1 0.36437141366718834 0.399537037037037 0.02764736567553469 0.062037037037037036
0 0.4603547209181012 0.5268518518518519 0.03025560772039645 0.05555555555555555
1 0.16379760041731872 0.37083333333333335 0.022952529994783515 0.05092592592592592
1 0.8375065206051121 0.2175925925925926 0.03599374021909233 0.07407407407407407
1 0.5419926969222744 0.3972222222222222 0.026604068857589983 0.0787037037037037
1 0.8427230046948356 0.3476851851851852 0.028169014084507043 0.05555555555555555
1 0.27256129368805426 0.6277777777777778 0.028690662493479395 0.06481481481481481
1 0.3270735524256651 0.33055555555555555 0.026604068857589983 0.06111111111111111
1 0.9311424100156495 0.21574074074074073 0.0297339593114241 0.062037037037037036
1 0.730829420970266 0.18796296296296297 0.024517475221700575 0.06759259259259259
1 0.38523735002608245 0.36435185185185187 0.029212310902451747 0.06296296296296296
1 0.6763171622326551 0.08611111111111111 0.01564945226917058 0.06111111111111111
1 0.08450704225352113 0.3314814814814815 0.038601982263954095 0.06296296296296296
1 0.4063641105894627 0.2967592592592593 0.019300991131977047 0.06481481481481481
0 0.4491392801251956 0.6185185185185185 0.03808033385498174 0.06018518518518518
1 0.6875326030255607 0.39814814814814814 0.029212310902451747 0.06759259259259259
1 0.6489306207616067 0.39490740740740743 0.024517475221700575 0.07685185185185185
1 0.5772039645279082 0.4050925925925926 0.028690662493479395 0.06666666666666667
1 0.769170579029734 0.1625 0.025039123630672927 0.07685185185185185
1 0.5078247261345853 0.3402777777777778 0.0297339593114241 0.06574074074074074
1 0.6684924360980699 0.3148148148148148 0.02138758476786646 0.0787037037037037
1 0.30125195618153366 0.48009259259259257 0.030777256129368807 0.05185185185185185
1 0.6264997391757955 0.35324074074074074 0.024517475221700575 0.06296296296296296
1 0.8257694314032342 0.14166666666666666 0.023474178403755867 0.08333333333333333
1 0.9864371413667188 0.27314814814814814 0.024517475221700575 0.07222222222222222
1 0.9175795513823682 0.3300925925925926 0.03234220135628586 0.06666666666666667
0 0.5156494522691706 0.6680555555555555 0.05372978612415232 0.06574074074074074
1 0.7065727699530516 0.2884259259259259 0.02190923317683881 0.06666666666666667
1 0.46296296296296297 0.7555555555555555 0.025039123630672927 0.05740740740740741
0 0.3745435576421492 0.6064814814814815 0.053208137715179966 0.05277777777777778
1 0.9063641105894628 0.8662037037037037 0.04329681794470527 0.05555555555555555
1 0.636150234741784 0.23981481481481481 0.025039123630672927 0.06759259259259259
1 0.6439749608763693 0.12222222222222222 0.018779342723004695 0.06666666666666667
1 0.17370892018779344 0.3125 0.02556077203964528 0.06388888888888888
1 0.01564945226917058 0.28564814814814815 0.028690662493479395 0.06296296296296296
1 0.8901930099113198 0.39490740740740743 0.024517475221700575 0.06296296296296296
1 0.8818466353677621 0.31296296296296294 0.02764736567553469 0.06388888888888888
1 0.6158059467918623 0.6069444444444444 0.023995826812728223 0.08611111111111111
1 0.46609285341679707 0.7958333333333333 0.03025560772039645 0.07407407407407407
1 0.2931664058424622 0.26666666666666666 0.028169014084507043 0.046296296296296294
0 0.7206572769953051 0.5157407407407407 0.05112154407929056 0.053703703703703705
1 0.516171100678143 0.25925925925925924 0.018779342723004695 0.053703703703703705
1 0.8946270213875848 0.2337962962962963 0.029212310902451747 0.062037037037037036
1 0.32107459572248304 0.28888888888888886 0.019300991131977047 0.04722222222222222
1 0.2443922796035472 0.2708333333333333 0.027125717266562335 0.053703703703703705
0 0.7407407407407407 0.675 0.03442879499217527 0.05555555555555555
1 0.20892018779342722 0.22175925925925927 0.027125717266562335 0.06388888888888888
1 0.383150756390193 0.3287037037037037 0.02034428794992175 0.04537037037037037
1 0.7271778821074596 0.8953703703703704 0.0297339593114241 0.058333333333333334
1 0.11606677099634846 0.8444444444444444 0.03599374021909233 0.05555555555555555
1 0.1431924882629108 0.22870370370370371 0.023995826812728223 0.06388888888888888
1 0.15440792905581638 0.9143518518518519 0.03442879499217527 0.05277777777777778
1 0.03103808033385498 0.23287037037037037 0.02556077203964528 0.07685185185185185
1 0.6815336463223787 0.3592592592592593 0.019300991131977047 0.06759259259259259
0 0.07355242566510173 0.45046296296296295 0.04121022430881586 0.05
1 0.6074595722483046 0.2935185185185185 0.017214397496087636 0.06388888888888888
1 0.5263432446531038 0.6087962962962963 0.02764736567553469 0.058333333333333334
1 0.7592592592592593 0.23564814814814813 0.019300991131977047 0.04259259259259259
1 0.495565988523735 0.42962962962962964 0.02764736567553469 0.05277777777777778
1 0.5678142931664059 0.33425925925925926 0.018257694314032343 0.07037037037037037
1 0.5923317683881064 0.2791666666666667 0.018779342723004695 0.053703703703703705
1 0.2652582159624413 0.1912037037037037 0.024517475221700575 0.06018518518518518
1 0.06572769953051644 0.18009259259259258 0.023474178403755867 0.04537037037037037
1 0.39149713093375066 0.24537037037037038 0.020865936358894107 0.04351851851851852
1 0.06598852373500261 0.25277777777777777 0.026604068857589983 0.041666666666666664
1 0.9561815336463224 0.05324074074074074 0.016692749087115284 0.07222222222222222
1 0.9141888367240479 0.7175925925925926 0.03808033385498174 0.06944444444444445
1 0.8028169014084507 0.46620370370370373 0.028690662493479395 0.046296296296296294
1 0.36384976525821594 0.2518518518518518 0.018257694314032343 0.04537037037037037
1 0.6992696922274387 0.18425925925925926 0.02034428794992175 0.06296296296296296
1 0.5122587376108503 0.19027777777777777 0.01617110067814293 0.041666666666666664
1 0.8604590505998957 0.2912037037037037 0.01773604590505999 0.04259259259259259
0 0.9720918101199791 0.08657407407407407 0.030777256129368807 0.06666666666666667
1 0.17736045905059988 0.26296296296296295 0.03286384976525822 0.075
1 0.9160146061554513 0.8092592592592592 0.0297339593114241 0.04351851851851852
1 0.5732916014606155 0.20601851851851852 0.01564945226917058 0.05
1 0.6332811684924361 0.28935185185185186 0.026604068857589983 0.06574074074074074
1 0.2918622848200313 0.1425925925925926 0.0198226395409494 0.075
1 0.23082942097026604 0.1824074074074074 0.02190923317683881 0.04722222222222222
1 0.7686489306207616 0.9847222222222223 0.03234220135628586 0.02962962962962963
0 0.5743348982785602 0.7296296296296296 0.03025560772039645 0.0712962962962963