1 0.06885758998435054 0.8875 0.038601982263954095 0.058333333333333334
0 0.14553990610328638 0.5430555555555555 0.057902973395931145 0.05092592592592592
1 0.38523735002608245 0.45416666666666666 0.02608242044861763 0.05925925925925926
1 0.36958789775691187 0.8634259259259259 0.03755868544600939 0.05925925925925926
0 0.6551904016692749 0.5541666666666667 0.05216484089723526 0.08148148148148149
1 0.8080333854981743 0.3476851851851852 0.03129890453834116 0.05740740740740741
1 0.09181011997913406 0.37083333333333335 0.03286384976525822 0.06666666666666667
1 0.4032342201356286 0.31574074074074077 0.017214397496087636 0.06111111111111111
1 0.350547730829421 0.3814814814814815 0.02608242044861763 0.06111111111111111
1 0.9207094418362024 0.8393518518518519 0.03390714658320292 0.05740740740740741
1 0.5683359415753781 0.38564814814814813 0.02138758476786646 0.06388888888888888
1 0.17423056859676578 0.4777777777777778 0.029212310902451747 0.053703703703703705
1 0.29160146061554515 0.2439814814814815 0.02034428794992175 0.0712962962962963
1 0.2576943140323422 0.11388888888888889 0.017214397496087636 0.06111111111111111
1 0.32133541992696923 0.4115740740740741 0.022430881585811163 0.06851851851851852
1 0.16249347939488784 0.29444444444444445 0.029212310902451747 0.06481481481481481
0 0.2436098069900887 0.7060185185185185 0.05112154407929056 0.041666666666666664
1 0.5383411580594679 0.41064814814814815 0.018779342723004695 0.06574074074074074
1 0.5641627543035994 0.3023148148148148 0.03025560772039645 0.06574074074074074
0 0.49765258215962443 0.5736111111111111 0.04747000521648409 0.03981481481481482
1 0.037037037037037035 0.38287037037037036 0.027125717266562335 0.058333333333333334
1 0.08398539384454877 0.449537037037037 0.03442879499217527 0.0787037037037037
0 0.0341679707876891 0.5791666666666667 0.05738132498695879 0.049074074074074076
0 0.06207616066770996 0.7111111111111111 0.054773082942097026 0.04537037037037037
0 0.49504434011476267 0.524074074074074 0.047991653625456446 0.04537037037037037
1 0.3208137715179969 0.19953703703703704 0.018257694314032343 0.07222222222222222
1 0.28664580073030776 0.36944444444444446 0.018257694314032343 0.05925925925925926
1 0.3828899321857068 0.7578703703703704 0.023474178403755867 0.05740740740740741
1 0.9220135628586332 0.31342592592592594 0.03129890453834116 0.062037037037037036
1 0.5185185185185185 0.2722222222222222 0.03129890453834116 0.06759259259259259
1 0.22952529994783516 0.29444444444444445 0.02034428794992175 0.06018518518518518
1 0.1322378716744914 0.2708333333333333 0.02138758476786646 0.06574074074074074
1 0.9869587897756912 0.30925925925925923 0.025039123630672927 0.07222222222222222
1 0.9227960354720918 0.2351851851851852 0.02556077203964528 0.058333333333333334
1 0.40584246218049036 0.8532407407407407 0.02764736567553469 0.05185185185185185
1 0.4254042775169536 0.3523148148148148 0.0198226395409494 0.06111111111111111
1 0.3526343244653104 0.18796296296296297 0.018257694314032343 0.06111111111111111
1 0.4327073552425665 0.28703703703703703 0.022430881585811163 0.06111111111111111
1 0.24804381846635368 0.18564814814814815 0.02034428794992175 0.07222222222222222
1 0.3823682837767345 0.2064814814814815 0.022430881585811163 0.06111111111111111
1 0.6674491392801252 0.2828703703703704 0.027125717266562335 0.07407407407407407
1 0.10641627543035993 0.2652777777777778 0.027125717266562335 0.06111111111111111
1 0.1596244131455399 0.39814814814814814 0.03390714658320292 0.075
1 0.9814814814814815 0.24166666666666667 0.03338549817423057 0.058333333333333334
1 0.7193531559728743 0.17175925925925925 0.022952529994783515 0.06111111111111111
1 0.7003129890453834 0.29768518518518516 0.030777256129368807 0.041666666666666664
1 0.07668231611893583 0.13564814814814816 0.02190923317683881 0.05740740740740741
1 0.7545644235785081 0.27685185185185185 0.02608242044861763 0.05555555555555555
1 0.3677621283255086 0.9699074074074074 0.029212310902451747 0.05740740740740741
1 0.4932185706833594 0.35833333333333334 0.014084507042253521 0.053703703703703705
1 0.8776734480959834 0.22314814814814815 0.02764736567553469 0.05185185185185185
1 0.16562336984872197 0.19074074074074074 0.018257694314032343 0.05185185185185185
1 0.8312467396974439 0.20925925925925926 0.03182055294731351 0.06851851851851852
1 0.4966092853416797 0.8125 0.03547209181011998 0.09166666666666666
1 0.06729264475743349 0.2953703703703704 0.027125717266562335 0.05277777777777778
1 0.798904538341158 0.19490740740740742 0.023474178403755867 0.06759259259259259
0 0.8781950965049556 0.5328703703703703 0.047991653625456446 0.05925925925925926