1 0.5395513823682837 0.44137037037037036 0.02571205007824726 0.053731481481481484
1 0.4130881585811163 0.4101666666666667 0.02670318205529473 0.06273148148148149
0 0.5346687532603026 0.6651944444444444 0.041231090245174754 0.05774074074074074
0 0.5229473135106938 0.49574999999999997 0.029207094418362025 0.053731481481481484
1 0.6445331246739697 0.19955555555555557 0.019300991131977047 0.06587037037037037
1 0.5498069900886803 0.3557777777777778 0.02854981742305686 0.05893518518518518
0 0.5712884715701617 0.49574999999999997 0.04904016692749087 0.04260185185185185
0 0.5346687532603026 0.55425 0.05166405842462181 0.04276851851851852
1 0.7905268648930621 0.2836296296296296 0.03290036515388628 0.07248148148148148
1 0.16650495565988524 0.37333333333333335 0.03271257172665623 0.05589814814814815
0 0.5996087636932708 0.6946574074074074 0.04895148669796557 0.05048148148148148
1 0.12756390193009912 0.33498148148148144 0.029707876890975485 0.07117592592592593
1 0.5009754825247783 0.767462962962963 0.018721961398017736 0.06121296296296296
1 0.6621074595722483 0.35925 0.022676056338028168 0.06381481481481481
1 0.5073239436619719 0.8055925925925925 0.03210224308815858 0.06283333333333334
1 0.4228534167970788 0.37593518518518515 0.02526864893062076 0.057416666666666664
1 0.7651382368283777 0.19337962962962962 0.023954094940010433 0.06673148148148147
1 0.9609389671361501 0.33194444444444443 0.025998956703182058 0.06700925925925927
1 0.6767553468961919 0.14625925925925926 0.020067814293166404 0.06662962962962962
1 0.31958268127282213 0.644824074074074 0.03095983307250913 0.065
0 0.3757329160146061 0.5005185185185185 0.03216484089723526 0.060287037037037035
0 0.4577621283255086 0.6526203703703705 0.05261345852895149 0.05302777777777778
1 0.3684089723526343 0.3410462962962963 0.02805946791862285 0.05720370370370371
0 0.8144548774126239 0.6924907407407407 0.05459572248304642 0.058499999999999996
1 0.9321283255086072 0.3601111111111111 0.034606155451225876 0.05942592592592593
1 0.705075639019301 0.3312962962962963 0.019269692227438705 0.07512962962962963
1 0.725586854460094 0.37289814814814815 0.025419926969222743 0.06467592592592591
1 0.6416014606155451 0.3085462962962963 0.016098069900886802 0.0700925925925926
1 0.05468961919666145 0.2961944444444444 0.03302034428794992 0.06381481481481481
1 0.6860354720918102 0.4058333333333333 0.020845070422535212 0.07237037037037036
1 0.6430672926447575 0.6188240740740741 0.026306729264475744 0.07827777777777778
0 0.8152477829942618 0.5269537037037038 0.05269692227438706 0.05612037037037037
1 0.4484872196139802 0.30594444444444446 0.016098069900886802 0.06250925925925926
1 0.879394887845592 0.35686111111111113 0.031737089201877934 0.051916666666666667
1 0.03994783515910277 0.34364814814814815 0.029707876890975485 0.07117592592592593
1 0.8564475743348983 0.15080555555555555 0.030333854981742306 0.0767037037037037
1 0.8735367762128325 0.2270740740740741 0.030625978090766823 0.06852777777777778
1 0.2137454355764215 0.3195925925925926 0.027631716223265518 0.06343518518518519
1 0.03683359415753782 0.6244537037037037 0.041074595722483044 0.060509259259259256
1 0.6015649452269171 0.10687037037037037 0.017850808555033907 0.062129629629629625
1 0.9360354720918102 0.4056111111111111 0.024887845592070943 0.07275
1 0.6020500782472614 0.20053703703703704 0.023286384976525822 0.04758333333333333
1 0.028440271257172668 0.7830648148148148 0.035065206051121546 0.06283333333333334
1 0.5825195618153365 0.420787037037037 0.02924882629107981 0.05600925925925926
1 0.2800312989045384 0.27690740740740744 0.02615545122587376 0.051916666666666667
1 0.2020239958268127 0.3778796296296296 0.021528429838288995 0.05202777777777778
1 0.17822117892540426 0.2366111111111111 0.02914449660928534 0.06700925925925927
1 0.7441418883672405 0.30248148148148146 0.02284298382889932 0.06787037037037037
1 0.24255607720396455 0.22902777777777777 0.02096504955659885 0.06332407407407407
1 0.027329160146061553 0.22425925925925924 0.03050078247261346 0.07047222222222223
1 0.06829942618675014 0.23899074074074075 0.028930620761606678 0.06906481481481481
0 0.6782211789254043 0.721962962962963 0.0505998956703182 0.047314814814814816
1 0.601074595722483 0.3369259259259259 0.025758998435054775 0.06142592592592593
1 0.7026343244653104 0.09658333333333334 0.018768909754825248 0.06451851851851853
1 0.09997391757955139 0.16835185185185184 0.028977569118414186 0.08369444444444445
1 0.1635732916014606 0.8558611111111112 0.03396452790818988 0.05942592592592593
1 0.39745957224830464 0.2597962962962963 0.01646322378716745 0.04563888888888889
1 0.9418935837245695 0.27171296296296293 0.022081377151799687 0.06142592592592593
1 0.6689462702138758 0.7626944444444445 0.03622326551904016 0.07063888888888889
1 0.2009285341679708 0.9178333333333333 0.033265519040166926 0.04973148148148148
1 0.47412102243088156 0.19847222222222222 0.021361502347417842 0.05731481481481481
1 0.6762702138758477 0.30550925925925926 0.023025560772039644 0.06689814814814815
1 0.9575169535732916 0.8740648148148148 0.045957224830464265 0.06587037037037037
1 0.972170057381325 0.20800925925925925 0.03607198748043819 0.07681481481481481
1 0.6201147626499739 0.4175277777777778 0.02566510172143975 0.06575925925925925
0 0.04208137715179969 0.41861111111111116 0.05041731872717788 0.039703703703703706
1 0.5415023474178403 0.3063796296296296 0.026197183098591547 0.05806481481481481
1 0.7348617631716223 0.19002777777777777 0.017636932707355245 0.06159259259259259
1 0.5634741784037559 0.6188240740740741 0.023515910276473657 0.05817592592592592
1 0.4262702138758477 0.24072222222222223 0.025957224830464268 0.06738888888888889
1 0.32739175795513825 0.2747407407407408 0.02706833594157538 0.04942592592592593
1 0.8432603025560772 0.47625 0.029081898800208658 0.05162037037037037
1 0.9208972352634324 0.31786111111111115 0.025466875326030255 0.06381481481481481
1 0.2956546687532603 0.18710185185185185 0.020020865936358895 0.06700925925925927
1 0.49389671361502346 0.23292592592592593 0.01501304121022431 0.05828703703703704
0 0.23010432968179448 0.47278703703703706 0.0437037037037037 0.05785185185185185
1 0.6264632237871675 0.2829814814814815 0.01525299947835159 0.05487037037037037
1 0.7006833594157538 0.2556759259259259 0.023865414710485134 0.054953703703703706
1 0.9536150234741784 0.058499999999999996 0.016280646844027125 0.06727777777777777
1 0.10412623891497132 0.26369444444444445 0.025957224830464268 0.04496296296296297
1 0.5463849765258216 0.2398611111111111 0.02561815336463224 0.06419444444444444
1 0.02795513823682838 0.6599907407407407 0.03161711006781429 0.05600925925925926
1 0.7880855503390715 0.903962962962963 0.034178403755868544 0.058722222222222224
1 0.6840845070422535 0.2606574074074074 0.0213302034428795 0.06489814814814815
1 0.7290036515388628 0.16044444444444445 0.019165362545644236 0.05018518518518519
1 0.2075169535732916 0.2643425925925926 0.027177882107459573 0.06575925925925925
1 0.25512780386019823 0.1880740740740741 0.019864371413667186 0.053731481481481484
0 0.9707042253521126 0.09002777777777778 0.033719353155972874 0.06982407407407407
1 0.9487323943661972 0.9351666666666667 0.03933750652060511 0.065
1 0.7319353155972874 0.13033333333333333 0.017240479916536253 0.04739814814814815
1 0.8803703703703704 0.18319444444444444 0.019269692227438705 0.051537037037037034
1 0.5019509650495566 0.0687962962962963 0.014559207094418361 0.06711111111111112
1 0.3610850286906625 0.2927314814814815 0.01692227438706312 0.041249999999999995
1 0.42455920709441836 0.3423425925925926 0.01738132498695879 0.04563888888888889
1 0.8041992696922274 0.18005555555555555 0.025039123630672927 0.07827777777777778
1 0.0077256129368805425 0.18482407407407409 0.015425143453312468 0.0502962962962963
0 0.6818518518518518 0.5621944444444444 0.08213875847678664 0.05840740740740741
1 0.9609389671361501 0.8133981481481481 0.0356755346896192 0.040546296296296296