0 0.32317708333333334 0.7273148148148149 0.057291666666666664 0.05648148148148148
0 0.2234375 0.5671296296296297 0.052083333333333336 0.040740740740740744
0 0.66171875 0.5768518518518518 0.04791666666666667 0.04259259259259259
0 0.3645833333333333 0.3925925925925926 0.0453125 0.03888888888888889
0 0.025 0.5050925925925925 0.04791666666666667 0.04537037037037037
0 0.56796875 0.4587962962962963 0.04739583333333333 0.04814814814814815
0 0.08463541666666667 0.45694444444444443 0.051041666666666666 0.040740740740740744
0 0.9317708333333333 0.4115740740740741 0.04895833333333333 0.046296296296296294
0 0.30130208333333336 0.6365740740740741 0.051041666666666666 0.041666666666666664
0 0.027604166666666666 0.5708333333333333 0.052083333333333336 0.044444444444444446
0 0.09140625 0.3574074074074074 0.0515625 0.041666666666666664
0 0.26458333333333334 0.3541666666666667 0.04635416666666667 0.041666666666666664
0 0.23177083333333334 0.5171296296296296 0.05260416666666667 0.04259259259259259
0 0.7026041666666667 0.46620370370370373 0.046875 0.049074074074074076
0 0.6026041666666667 0.35555555555555557 0.04375 0.04351851851851852
0 0.178125 0.3087962962962963 0.04635416666666667 0.04259259259259259
0 0.975 0.31666666666666665 0.04791666666666667 0.04537037037037037
0 0.15130208333333334 0.4361111111111111 0.05 0.037037037037037035
0 0.7802083333333333 0.5412037037037037 0.052083333333333336 0.04814814814814815