1 0.5526864893062076 0.6277777777777778 0.03286384976525822 0.04814814814814815
1 0.3935837245696401 0.8944444444444445 0.03599374021909233 0.06111111111111111
0 0.7762128325508607 0.5314814814814814 0.050078247261345854 0.04351851851851852
1 0.030777256129368807 0.18981481481481483 0.030777256129368807 0.06851851851851852
0 0.843244653103808 0.49537037037037035 0.0505998956703182 0.040740740740740744
1 0.5555555555555556 0.7490740740740741 0.028169014084507043 0.06574074074074074
0 0.34167970787689095 0.5671296296296297 0.04538341158059468 0.041666666666666664
1 0.04094940010432968 0.3101851851851852 0.03129890453834116 0.06111111111111111
1 0.14945226917057902 0.8902777777777777 0.025039123630672927 0.05740740740740741
0 0.14893062076160668 0.5611111111111111 0.05738132498695879 0.04537037037037037
0 0.29107981220657275 0.5148148148148148 0.05216484089723526 0.04537037037037037
0 0.3315075639019301 0.625462962962963 0.048513302034428794 0.07314814814814814
1 0.4736567553468962 0.06851851851851852 0.01617110067814293 0.05925925925925926
1 0.7081377151799687 0.836574074074074 0.03547209181011998 0.06296296296296296
1 0.8708920187793427 0.21944444444444444 0.030777256129368807 0.06018518518518518
1 0.051643192488262914 0.3925925925925926 0.036515388628064686 0.06018518518518518
0 0.634585289514867 0.4671296296296296 0.04434011476264997 0.04351851851851852
1 0.16118935837245696 0.29259259259259257 0.03129890453834116 0.06481481481481481
1 0.6536254564423578 0.3638888888888889 0.030777256129368807 0.06111111111111111
1 0.5915492957746479 0.674074074074074 0.03129890453834116 0.04722222222222222
1 0.5876369327073553 0.6199074074074075 0.0198226395409494 0.05925925925925926
1 0.43218570683359414 0.687962962962963 0.022430881585811163 0.05648148148148148
1 0.2861241523213354 0.2439814814814815 0.02190923317683881 0.058333333333333334
1 0.6358894105372979 0.9055555555555556 0.03338549817423057 0.05648148148148148
1 0.6468440271257173 0.5819444444444445 0.02190923317683881 0.062037037037037036
0 0.7120500782472613 0.49675925925925923 0.048513302034428794 0.05
1 0.5169535732916014 0.7930555555555555 0.023995826812728223 0.08518518518518518
1 0.3656755346896192 0.7277777777777777 0.028169014084507043 0.06018518518518518
0 0.17083985393844547 0.6189814814814815 0.053208137715179966 0.05925925925925926
1 0.2167449139280125 0.3768518518518518 0.02608242044861763 0.05740740740740741
1 0.3651538862806468 0.4310185185185185 0.023474178403755867 0.06759259259259259
1 0.823943661971831 0.3398148148148148 0.03599374021909233 0.06481481481481481
1 0.8985393844548775 0.3365740740740741 0.028690662493479395 0.04259259259259259
1 0.2895148669796557 0.9412037037037037 0.0297339593114241 0.062037037037037036
1 0.11867501304121023 0.3300925925925926 0.022430881585811163 0.062037037037037036
1 0.8208137715179968 0.5898148148148148 0.03234220135628586 0.05648148148148148
0 0.5745957224830465 0.5226851851851851 0.0495565988523735 0.03981481481481482
1 0.03808033385498174 0.475462962962963 0.03495044340114763 0.07037037037037037
1 0.1914449660928534 0.6962962962962963 0.028690662493479395 0.06759259259259259
1 0.25586854460093894 0.950925925925926 0.037037037037037035 0.06296296296296296
1 0.1343244653103808 0.17083333333333334 0.023995826812728223 0.06296296296296296
1 0.47704747000521647 0.2518518518518518 0.02608242044861763 0.062037037037037036
1 0.4984350547730829 0.35509259259259257 0.023474178403755867 0.06111111111111111
1 0.36724047991653624 0.13055555555555556 0.013041210224308816 0.06851851851851852
1 0.301773604590506 0.4393518518518518 0.023995826812728223 0.08888888888888889
1 0.25039123630672927 0.33194444444444443 0.026604068857589983 0.06851851851851852
1 0.8482003129890454 0.28194444444444444 0.029212310902451747 0.06296296296296296
1 0.38184663536776214 0.22685185185185186 0.017214397496087636 0.05
1 0.9634846113719353 0.9263888888888889 0.03755868544600939 0.058333333333333334
1 0.45305164319248825 0.36203703703703705 0.02608242044861763 0.06574074074074074
1 0.7597809076682316 0.2671296296296296 0.026604068857589983 0.06296296296296296
1 0.5884194053208138 0.24814814814814815 0.028169014084507043 0.05648148148148148
1 0.3656755346896192 0.2902777777777778 0.02556077203964528 0.0787037037037037
1 0.5185185185185185 0.3402777777777778 0.024517475221700575 0.06018518518518518
1 0.807772561293688 0.21342592592592594 0.02138758476786646 0.06759259259259259
1 0.2676056338028169 0.10185185185185185 0.02608242044861763 0.075
1 0.7037037037037037 0.29259259259259257 0.027125717266562335 0.06388888888888888
1 0.12258737610850287 0.27685185185185185 0.02608242044861763 0.06018518518518518
1 0.1210224308815858 0.8347222222222223 0.030777256129368807 0.06388888888888888
1 0.3111632759520083 0.3435185185185185 0.019300991131977047 0.046296296296296294
1 0.6476264997391757 0.9689814814814814 0.036515388628064686 0.05277777777777778
1 0.9144496609285342 0.2523148148148148 0.029212310902451747 0.06481481481481481
1 0.9723526343244653 0.25324074074074077 0.024517475221700575 0.05648148148148148
1 0.2777777777777778 0.37916666666666665 0.03182055294731351 0.04351851851851852
1 0.7449139280125195 0.20972222222222223 0.018779342723004695 0.06111111111111111
1 0.18466353677621283 0.2412037037037037 0.030777256129368807 0.06944444444444445
1 0.2918622848200313 0.8138888888888889 0.03547209181011998 0.06018518518518518
1 0.5482524778299426 0.2949074074074074 0.029212310902451747 0.07222222222222222
1 0.4327073552425665 0.225 0.0198226395409494 0.04814814814814815
1 0.44835680751173707 0.29814814814814816 0.025039123630672927 0.07407407407407407
1 0.6452790818988002 0.2638888888888889 0.026604068857589983 0.05277777777777778
1 0.9384454877412624 0.21481481481481482 0.028690662493479395 0.058333333333333334
1 0.5965049556598853 0.32175925925925924 0.02034428794992175 0.05925925925925926
1 0.1807511737089202 0.17685185185185184 0.022952529994783515 0.07222222222222222
1 0.4843505477308294 0.3 0.020865936358894107 0.06018518518518518
1 0.4491392801251956 0.2439814814814815 0.0198226395409494 0.044444444444444446
1 0.33098591549295775 0.2611111111111111 0.02034428794992175 0.06481481481481481
1 0.3745435576421492 0.40046296296296297 0.029212310902451747 0.03981481481481482
1 0.7764736567553469 0.17824074074074073 0.02556077203964528 0.05555555555555555
1 0.3148148148148148 0.1 0.016692749087115284 0.04351851851851852
1 0.5730307772561294 0.36574074074074076 0.01773604590505999 0.04351851851851852
1 0.013562858633281168 0.07314814814814814 0.018257694314032343 0.07314814814814814
1 0.3208137715179969 0.22592592592592592 0.019300991131977047 0.05648148148148148
1 0.3257694314032342 0.14907407407407408 0.02034428794992175 0.05277777777777778
1 0.9859154929577465 0.21851851851851853 0.027125717266562335 0.03425925925925926