0 0.9252604166666667 0.5638888888888889 0.05364583333333333 0.03796296296296296
0 0.5744791666666667 0.4671296296296296 0.04895833333333333 0.041666666666666664
0 0.88359375 0.638425925925926 0.05572916666666667 0.04259259259259259
0 0.7729166666666667 0.40694444444444444 0.04791666666666667 0.03981481481481482
0 0.44765625 0.475 0.04375 0.04259259259259259
0 0.5125 0.3486111111111111 0.043229166666666666 0.04814814814814815
0 0.49947916666666664 0.5828703703703704 0.0484375 0.044444444444444446
0 0.8520833333333333 0.35324074074074074 0.0484375 0.041666666666666664
0 0.38671875 0.5402777777777777 0.050520833333333334 0.04537037037037037
0 0.9502604166666667 0.31527777777777777 0.04895833333333333 0.03518518518518519
0 0.98125 0.45185185185185184 0.0375 0.037037037037037035
0 0.1484375 0.31527777777777777 0.04791666666666667 0.041666666666666664
0 0.20416666666666666 0.4097222222222222 0.0484375 0.04351851851851852
0 0.8903645833333333 0.7356481481481482 0.06197916666666667 0.046296296296296294
0 0.91171875 0.5194444444444445 0.04739583333333333 0.049074074074074076
0 0.0484375 0.5634259259259259 0.05260416666666667 0.04814814814814815