1 0.42331768388106417 0.8648148148148148 0.023474178403755867 0.05277777777777778
1 0.9384454877412624 0.7675925925925926 0.03755868544600939 0.058333333333333334
1 0.7110067814293166 0.8726851851851852 0.036515388628064686 0.06018518518518518
0 0.22509128847157017 0.5425925925925926 0.048513302034428794 0.06759259259259259
0 0.32629107981220656 0.5166666666666667 0.04903495044340115 0.06388888888888888
0 0.9105372978612415 0.4050925925925926 0.050078247261345854 0.046296296296296294
1 0.788471570161711 0.7615740740740741 0.03025560772039645 0.06111111111111111
1 0.8706311945748565 0.6402777777777777 0.03390714658320292 0.05092592592592592
0 0.5996348461137193 0.5912037037037037 0.05581637976004173 0.062037037037037036
0 0.6950965049556599 0.5027777777777778 0.051643192488262914 0.049074074074074076
1 0.6267605633802817 0.7379629629629629 0.023474178403755867 0.06481481481481481
1 0.44340114762649974 0.7375 0.0297339593114241 0.05462962962962963
1 0.25039123630672927 0.2273148148148148 0.02034428794992175 0.06851851851851852
0 0.5905059989567032 0.46296296296296297 0.05268648930620762 0.040740740740740744
1 0.5758998435054773 0.8032407407407407 0.037037037037037035 0.06388888888888888
1 0.3701095461658842 0.3458333333333333 0.022430881585811163 0.06759259259259259
1 0.8977569118414189 0.6231481481481481 0.02608242044861763 0.05648148148148148
1 0.7696922274387064 0.7106481481481481 0.026604068857589983 0.06018518518518518
1 0.6163275952008347 0.3648148148148148 0.028690662493479395 0.06296296296296296
1 0.575378195096505 0.9046296296296297 0.03442879499217527 0.05740740740740741
0 0.5988523735002608 0.5444444444444444 0.053208137715179966 0.04351851851851852
1 0.7003129890453834 0.7 0.024517475221700575 0.06296296296296296
0 0.42670839853938447 0.5092592592592593 0.04903495044340115 0.06111111111111111
1 0.027386541471048513 0.9180555555555555 0.03547209181011998 0.06296296296296296
1 0.9152321335419927 0.8699074074074075 0.04277516953573292 0.06296296296296296
0 0.35941575378195095 0.586574074074074 0.041731872717788214 0.053703703703703705
1 0.07902973395931143 0.7462962962962963 0.03390714658320292 0.04722222222222222
1 0.030777256129368807 0.1587962962962963 0.03025560772039645 0.06574074074074074
1 0.940792905581638 0.586574074074074 0.041731872717788214 0.06574074074074074
1 0.414188836724048 0.25601851851851853 0.029212310902451747 0.06666666666666667
1 0.8085550339071466 0.6615740740740741 0.02764736567553469 0.05555555555555555
1 0.46087636932707354 0.6333333333333333 0.02138758476786646 0.06666666666666667
1 0.16014606155451225 0.9722222222222222 0.041731872717788214 0.05555555555555555
1 0.0936358894105373 0.4287037037037037 0.037037037037037035 0.07407407407407407
1 0.08555033907146584 0.8041666666666667 0.03912363067292645 0.05462962962962963
1 0.6087636932707355 0.21157407407407408 0.02034428794992175 0.058333333333333334
1 0.3779342723004695 0.09166666666666666 0.016692749087115284 0.062037037037037036
1 0.2149191444966093 0.2074074074074074 0.02034428794992175 0.06666666666666667
1 0.07772561293688054 0.3421296296296296 0.03234220135628586 0.06018518518518518
1 0.6105894627021388 0.2898148148148148 0.02190923317683881 0.053703703703703705
1 0.3145539906103286 0.26435185185185184 0.016692749087115284 0.062037037037037036
1 0.310641627543036 0.3425925925925926 0.02190923317683881 0.05925925925925926
1 0.11867501304121023 0.18101851851851852 0.029212310902451747 0.07037037037037037
1 0.29786124152321336 0.11990740740740741 0.023995826812728223 0.06666666666666667
1 0.949660928534168 0.9324074074074075 0.03495044340114763 0.05740740740740741
1 0.9032342201356286 0.3194444444444444 0.03547209181011998 0.05555555555555555
1 0.8051643192488263 0.1925925925925926 0.028690662493479395 0.062037037037037036
1 0.5597287428273344 0.3199074074074074 0.027125717266562335 0.04814814814814815
1 0.47078768909754826 0.2949074074074074 0.023474178403755867 0.07037037037037037
1 0.10302556077203964 0.9592592592592593 0.030777256129368807 0.05555555555555555
1 0.8020344287949922 0.8310185185185185 0.028169014084507043 0.05462962962962963
1 0.2676056338028169 0.9629629629629629 0.041731872717788214 0.06759259259259259
1 0.8680229525299947 0.24074074074074073 0.03025560772039645 0.046296296296296294
0 0.9183620239958268 0.49722222222222223 0.046948356807511735 0.046296296296296294
1 0.7819509650495566 0.32222222222222224 0.028169014084507043 0.06851851851851852
0 0.4713093375065206 0.575 0.04590505998956703 0.05648148148148148
1 0.6045905059989567 0.937037037037037 0.03755868544600939 0.06388888888888888
1 0.9439227960354721 0.262037037037037 0.028169014084507043 0.06759259259259259
1 0.6705790297339593 0.27685185185185185 0.02190923317683881 0.05555555555555555
1 0.5675534689619197 0.3861111111111111 0.02034428794992175 0.075
1 0.31846635367762127 0.43842592592592594 0.020865936358894107 0.05740740740740741
1 0.510432968179447 0.28379629629629627 0.023995826812728223 0.06481481481481481
1 0.9916536254564423 0.1527777777777778 0.016692749087115284 0.06018518518518518
1 0.17970787689097548 0.1550925925925926 0.016692749087115284 0.062037037037037036
1 0.9660928534167971 0.1685185185185185 0.025039123630672927 0.06388888888888888
1 0.7597809076682316 0.23472222222222222 0.028690662493479395 0.05555555555555555
1 0.16692749087115286 0.13703703703703704 0.016692749087115284 0.06388888888888888
1 0.7788210745957225 0.17731481481481481 0.02138758476786646 0.05648148148148148
1 0.8437663015127804 0.30694444444444446 0.03234220135628586 0.046296296296296294
1 0.11815336463223787 0.3050925925925926 0.023474178403755867 0.05185185185185185
1 0.9334898278560251 0.18287037037037038 0.023474178403755867 0.05
1 0.6757955138236829 0.21805555555555556 0.023474178403755867 0.05277777777777778
1 0.8810641627543035 0.27546296296296297 0.03338549817423057 0.06111111111111111
1 0.5187793427230047 0.3402777777777778 0.02034428794992175 0.06574074074074074
1 0.4217527386541471 0.3194444444444444 0.028169014084507043 0.05925925925925926
1 0.13484611371935315 0.425 0.029212310902451747 0.05185185185185185
1 0.01278038601982264 0.33240740740740743 0.02556077203964528 0.04259259259259259
1 0.5980699008868023 0.43425925925925923 0.022952529994783515 0.03611111111111111
1 0.7164840897235264 0.26944444444444443 0.02556077203964528 0.062037037037037036
1 0.18466353677621283 0.888425925925926 0.036515388628064686 0.04722222222222222
1 0.07224830464267085 0.1439814814814815 0.023474178403755867 0.06018518518518518
1 0.7378716744913928 0.3037037037037037 0.02190923317683881 0.06666666666666667
1 0.15571205007824726 0.22685185185185186 0.019300991131977047 0.03518518518518519
1 0.8215962441314554 0.23796296296296296 0.020865936358894107 0.05648148148148148
1 0.08946270213875848 0.862037037037037 0.03338549817423057 0.05740740740740741
1 0.4473135106937924 0.21805555555555556 0.02138758476786646 0.03888888888888889
1 0.803338549817423 0.2962962962962963 0.019300991131977047 0.05
1 0.8675013041210224 0.18564814814814815 0.02608242044861763 0.04722222222222222
1 0.08007303077725612 0.28055555555555556 0.0297339593114241 0.03518518518518519
1 0.47417840375586856 0.06759259259259259 0.019300991131977047 0.06111111111111111
1 0.01564945226917058 0.3675925925925926 0.023474178403755867 0.04259259259259259
1 0.018518518518518517 0.8407407407407408 0.037037037037037035 0.05648148148148148
1 0.019561815336463225 0.06481481481481481 0.017214397496087636 0.0712962962962963
1 0.1562336984872196 0.2986111111111111 0.01773604590505999 0.03333333333333333
1 0.5652060511215441 0.2814814814814815 0.03129890453834116 0.041666666666666664
1 0.2793427230046948 0.27314814814814814 0.024517475221700575 0.046296296296296294
1 0.12441314553990611 0.2652777777777778 0.01564945226917058 0.046296296296296294
1 0.7193531559728743 0.2064814814814815 0.02608242044861763 0.03796296296296296
1 0.27725612936880545 0.2337962962962963 0.02764736567553469 0.03611111111111111