0 0.1153564453125 0.470184326171875 0.050506591796875 0.04336204528808594
0 0.72216796875 0.584588623046875 0.052825927734375 0.04942893981933594
1 0.62109375 0.4430999755859375 0.0250396728515625 0.0537353515625
1 0.66552734375 0.92823486328125 0.0294189453125 0.0569854736328125
1 0.13037109375 0.3559967041015625 0.0310821533203125 0.06007308959960937
1 0.9248046875 0.495318603515625 0.0304412841796875 0.05262489318847656
1 0.033660888671875 0.2216583251953125 0.0289764404296875 0.06077728271484375
0 0.9365234375 0.6257568359375 0.06463623046875 0.05094566345214844
1 0.09088134765625 0.2818939208984375 0.02630615234375 0.054872894287109376
1 0.53857421875 0.89356689453125 0.0345458984375 0.06689834594726562
1 0.0889892578125 0.33887939453125 0.029815673828125 0.05904388427734375
1 0.404052734375 0.364013671875 0.021484375 0.04812889099121094
1 0.80029296875 0.710693359375 0.035400390625 0.053437423706054685
1 0.677734375 0.794329833984375 0.0266571044921875 0.06018142700195313
1 0.3046875 0.23834228515625 0.019561767578125 0.05086441040039062
1 0.09515380859375 0.869732666015625 0.037811279296875 0.068902587890625
1 0.1976318359375 0.7782958984375 0.0192413330078125 0.047316360473632815
1 0.232666015625 0.308544921875 0.0190887451171875 0.046964263916015624
1 0.24658203125 0.238775634765625 0.0217742919921875 0.06121063232421875
1 0.87841796875 0.29554443359375 0.0243377685546875 0.04444541931152344
1 0.1763916015625 0.24180908203125 0.01971435546875 0.048589324951171874
1 0.98193359375 0.9308349609375 0.0360107421875 0.0665191650390625
1 0.2032470703125 0.3330291748046875 0.0203704833984375 0.05882720947265625
1 0.17041015625 0.2706268310546875 0.0213623046875 0.050756072998046874
1 0.0162811279296875 0.2996612548828125 0.0294189453125 0.06576080322265625
1 0.317626953125 0.367913818359375 0.0292510986328125 0.048047637939453124
1 0.072265625 0.21288299560546875 0.02630615234375 0.047939300537109375
1 0.7470703125 0.702459716796875 0.030853271484375 0.0682525634765625
1 0.0966796875 0.2433258056640625 0.0295867919921875 0.0626190185546875
1 0.446044921875 0.63875732421875 0.0301513671875 0.0572021484375
1 0.83544921875 0.4131988525390625 0.0201416015625 0.06516494750976562
1 0.6845703125 0.66822509765625 0.0310821533203125 0.05839385986328125
1 0.7724609375 0.3893646240234375 0.03155517578125 0.07036514282226562
1 0.77294921875 0.3364959716796875 0.027374267578125 0.06299819946289062
1 0.85009765625 0.32501220703125 0.0225372314453125 0.04942893981933594
1 0.607421875 0.293377685546875 0.0236053466796875 0.05796051025390625
1 0.497314453125 0.3325958251953125 0.0184326171875 0.06418991088867188
1 0.49951171875 0.3876312255859375 0.0220794677734375 0.063702392578125
1 0.7197265625 0.334112548828125 0.0214080810546875 0.06538162231445313
1 0.55712890625 0.3282623291015625 0.017578125 0.08249893188476562
0 0.796875 0.523052978515625 0.049774169921875 0.058502197265625
1 0.79638671875 0.16391448974609374 0.02056884765625 0.06251068115234375
1 0.106689453125 0.8060302734375 0.036224365234375 0.05527915954589844
1 0.79296875 0.2844940185546875 0.0182342529296875 0.044689178466796875
1 0.6708984375 0.974169921875 0.0243377685546875 0.049997711181640626
1 0.9013671875 0.2454925537109375 0.0251312255859375 0.0682525634765625
1 0.80615234375 0.3377960205078125 0.03173828125 0.06451492309570313
1 0.8173828125 0.284710693359375 0.0272216796875 0.0647857666015625
1 0.8798828125 0.4201324462890625 0.033477783203125 0.06700668334960938
1 0.364501953125 0.31201171875 0.0300445556640625 0.0656524658203125
1 0.029205322265625 0.80516357421875 0.0312042236328125 0.051839447021484374
1 0.339599609375 0.204107666015625 0.024566650390625 0.06240234375
1 0.274169921875 0.651324462890625 0.0323486328125 0.062023162841796875
1 0.88134765625 0.741461181640625 0.0262603759765625 0.05817718505859375
1 0.1143798828125 0.758795166015625 0.0299835205078125 0.06332321166992187
1 0.11126708984375 0.451116943359375 0.029144287109375 0.04972686767578125
1 0.266845703125 0.33194580078125 0.0177154541015625 0.052435302734375
1 0.78759765625 0.807763671875 0.028594970703125 0.058935546875
1 0.95361328125 0.1835235595703125 0.0210113525390625 0.04626007080078125
1 0.7529296875 0.20334930419921876 0.024566650390625 0.07074432373046875
0 0.42578125 0.298577880859375 0.04510498046875 0.040247344970703126
1 0.6376953125 0.2472259521484375 0.024139404296875 0.0483184814453125
1 0.93896484375 0.81383056640625 0.03436279296875 0.06673583984375
1 0.47998046875 0.263043212890625 0.01751708984375 0.06321487426757813
1 0.73486328125 0.11472930908203124 0.01512908935546875 0.0656524658203125
1 0.20166015625 0.2047576904296875 0.024932861328125 0.05029563903808594
1 0.9267578125 0.32847900390625 0.02691650390625 0.070635986328125
1 0.8173828125 0.398248291015625 0.0197601318359375 0.0639190673828125
1 0.74560546875 0.4214324951171875 0.0310821533203125 0.05202903747558594
1 0.95263671875 0.2394256591796875 0.020294189453125 0.07193603515625
1 0.79541015625 0.85716552734375 0.0268096923828125 0.061102294921875
1 0.83154296875 0.15936431884765626 0.0299224853515625 0.06711502075195312
1 0.09088134765625 0.735394287109375 0.035064697265625 0.0565521240234375
1 0.74853515625 0.2710601806640625 0.0154876708984375 0.04590797424316406
1 0.81884765625 0.4357330322265625 0.034942626953125 0.06527328491210938
1 0.3984375 0.25047607421875 0.020294189453125 0.061102294921875
1 0.935546875 0.749261474609375 0.03173828125 0.0574188232421875