0 0.846875 0.37175925925925923 0.049479166666666664 0.041666666666666664
0 0.7197916666666667 0.6018518518518519 0.0578125 0.04722222222222222
0 0.6572916666666667 0.5148148148148148 0.0546875 0.04259259259259259
0 0.8963541666666667 0.5504629629629629 0.053125 0.058333333333333334
0 0.5692708333333333 0.47175925925925927 0.0484375 0.04537037037037037
0 0.8682291666666667 0.7782407407407408 0.04583333333333333 0.06388888888888888
0 0.8401041666666667 0.46805555555555556 0.0515625 0.041666666666666664
0 0.596875 0.41759259259259257 0.04635416666666667 0.046296296296296294
0 0.7682291666666666 0.3226851851851852 0.04635416666666667 0.03981481481481482
0 0.16458333333333333 0.5893518518518519 0.0515625 0.04259259259259259
1 0.37890625 0.24166666666666667 0.027604166666666666 0.06018518518518518
0 0.7536458333333333 0.487962962962963 0.044270833333333336 0.05185185185185185
0 0.078125 0.49953703703703706 0.049479166666666664 0.04722222222222222
1 0.2734375 0.27870370370370373 0.018229166666666668 0.06481481481481481
0 0.43984375 0.4217592592592593 0.04791666666666667 0.05
0 0.6947916666666667 0.7532407407407408 0.0515625 0.07314814814814814
0 0.9822916666666667 0.6662037037037037 0.034375 0.06574074074074074
0 0.37552083333333336 0.8226851851851852 0.05 0.044444444444444446
0 0.4596354166666667 0.7476851851851852 0.0453125 0.05925925925925926
0 0.7533854166666667 0.6722222222222223 0.0484375 0.04351851851851852
1 0.6786458333333333 0.29444444444444445 0.034375 0.08148148148148149
0 0.021354166666666667 0.5587962962962963 0.03802083333333333 0.04351851851851852
1 0.04583333333333333 0.29814814814814816 0.036458333333333336 0.07314814814814814