0 0.8158854166666667 0.4 0.053125 0.044444444444444446
0 0.73359375 0.33101851851851855 0.05572916666666667 0.04351851851851852
0 0.82421875 0.4689814814814815 0.0421875 0.05648148148148148
0 0.06354166666666666 0.6638888888888889 0.04739583333333333 0.04537037037037037
0 0.9247395833333333 0.5212962962962963 0.050520833333333334 0.041666666666666664
0 0.7578125 0.5592592592592592 0.033854166666666664 0.06481481481481481
0 0.1 0.5236111111111111 0.046875 0.06388888888888888
0 0.95625 0.674537037037037 0.04635416666666667 0.03425925925925926
0 0.6888020833333334 0.4027777777777778 0.036458333333333336 0.04259259259259259
0 0.11510416666666666 0.6083333333333333 0.0515625 0.05185185185185185
0 0.7901041666666667 0.6101851851851852 0.04739583333333333 0.03981481481481482
0 0.025260416666666667 0.45925925925925926 0.050520833333333334 0.06481481481481481
0 0.7752604166666667 0.6851851851851852 0.04791666666666667 0.053703703703703705
0 0.7239583333333334 0.5 0.05677083333333333 0.06574074074074074
0 0.79140625 0.27824074074074073 0.057291666666666664 0.06759259259259259
0 0.1109375 0.6509259259259259 0.04895833333333333 0.05555555555555555