0 0.7153645833333333 0.5634259259259259 0.0515625 0.041666666666666664
0 0.115625 0.5194444444444445 0.05 0.03981481481481482
0 0.9044270833333333 0.4587962962962963 0.05625 0.03796296296296296
0 0.5236979166666667 0.5958333333333333 0.04375 0.04537037037037037
0 0.6299479166666667 0.6125 0.04739583333333333 0.044444444444444446
0 0.41458333333333336 0.2162037037037037 0.0515625 0.04814814814814815
0 0.37552083333333336 0.2833333333333333 0.052083333333333336 0.03888888888888889
0 0.49661458333333336 0.44351851851851853 0.046875 0.05462962962962963
0 0.16796875 0.6319444444444444 0.04635416666666667 0.04351851851851852
0 0.34869791666666666 0.4527777777777778 0.049479166666666664 0.04351851851851852
0 0.8625 0.6425925925925926 0.046875 0.04722222222222222
0 0.40859375 0.15416666666666667 0.057291666666666664 0.05555555555555555
0 0.3145833333333333 0.6944444444444444 0.0484375 0.044444444444444446
0 0.6026041666666667 0.399537037037037 0.049479166666666664 0.040740740740740744
0 0.20416666666666666 0.2861111111111111 0.03802083333333333 0.05092592592592592
0 0.6348958333333333 0.5 0.05520833333333333 0.04351851851851852
0 0.7067708333333333 0.40555555555555556 0.05364583333333333 0.04351851851851852
0 0.5604166666666667 0.31851851851851853 0.0484375 0.049074074074074076
0 0.74375 0.32314814814814813 0.057291666666666664 0.046296296296296294
0 0.7692708333333333 0.21481481481481482 0.05625 0.05
0 0.60078125 0.6787037037037037 0.0453125 0.049074074074074076
0 0.91328125 0.22592592592592592 0.057291666666666664 0.05648148148148148
0 0.47890625 0.27314814814814814 0.0328125 0.05462962962962963