0 0.69189453125 0.482318115234375 0.050994873046875 0.04563713073730469
0 0.5556640625 0.51221923828125 0.051177978515625 0.04384956359863281
0 0.78173828125 0.5806884765625 0.05059814453125 0.07047348022460938
1 0.046905517578125 0.3672637939453125 0.03607177734375 0.061102294921875
1 0.205322265625 0.281243896484375 0.0321044921875 0.061914825439453126
1 0.012237548828125 0.264776611328125 0.0244293212890625 0.0808197021484375
1 0.578125 0.3776641845703125 0.026611328125 0.06429824829101563
1 0.859375 0.91263427734375 0.0282745361328125 0.06500244140625
0 0.6328125 0.619256591796875 0.053802490234375 0.047397613525390625
1 0.5849609375 0.90570068359375 0.03265380859375 0.07372360229492188
1 0.07354736328125 0.2346588134765625 0.0300445556640625 0.07047348022460938
1 0.78759765625 0.302911376953125 0.0180511474609375 0.06142730712890625
1 0.80908203125 0.1289215087890625 0.0224609375 0.06852340698242188
1 0.92236328125 0.3767974853515625 0.036834716796875 0.06700668334960938
1 0.474365234375 0.325445556640625 0.020416259765625 0.07182769775390625
1 0.7509765625 0.89876708984375 0.024566650390625 0.06343154907226563
1 0.1639404296875 0.19674072265625 0.0272216796875 0.06359405517578125
1 0.51904296875 0.2409423828125 0.0216217041015625 0.061914825439453126
1 0.161376953125 0.286444091796875 0.034088134765625 0.06240234375
1 0.775390625 0.21894989013671876 0.0190582275390625 0.05861053466796875
1 0.98779296875 0.3726806640625 0.0214080810546875 0.07144851684570312
1 0.70556640625 0.1822235107421875 0.02191162109375 0.0574188232421875
1 0.984375 0.3096282958984375 0.025665283203125 0.06500244140625
1 0.60302734375 0.427716064453125 0.023651123046875 0.0613189697265625
1 0.6337890625 0.3698638916015625 0.021331787109375 0.06711502075195312
0 0.148193359375 0.447216796875 0.049407958984375 0.06018142700195313
1 0.53955078125 0.343646240234375 0.0213623046875 0.06662750244140625
1 0.92236328125 0.2563262939453125 0.0297088623046875 0.0535186767578125
1 0.865234375 0.2264251708984375 0.0294189453125 0.070635986328125
1 0.09600830078125 0.2966278076171875 0.02752685546875 0.0569854736328125
1 0.35009765625 0.21266632080078124 0.027069091796875 0.08022384643554688
1 0.495361328125 0.3698638916015625 0.0245208740234375 0.04934768676757813
1 0.390625 0.364013671875 0.018646240234375 0.042441177368164065
1 0.6474609375 0.2181915283203125 0.0240936279296875 0.06169815063476562
1 0.57080078125 0.10243301391601563 0.017181396484375 0.07144851684570312
1 0.420654296875 0.2996612548828125 0.027801513671875 0.07155685424804688
1 0.96826171875 0.2376922607421875 0.0263519287109375 0.062131500244140624
1 0.58349609375 0.283843994140625 0.0232391357421875 0.05926055908203125
1 0.57470703125 0.21266632080078124 0.0261077880859375 0.0379180908203125
1 0.295166015625 0.315911865234375 0.0256195068359375 0.062835693359375
1 0.3984375 0.2894775390625 0.023468017578125 0.059964752197265624
1 0.6982421875 0.2723602294921875 0.015960693359375 0.05806884765625
1 0.7392578125 0.3100616455078125 0.0305633544921875 0.0448516845703125
1 0.72900390625 0.408648681640625 0.0193023681640625 0.04812889099121094
1 0.65771484375 0.3018280029296875 0.0279541015625 0.04972686767578125
1 0.908203125 0.3189453125 0.014556884765625 0.028221893310546874
0 0.33154296875 0.59542236328125 0.038970947265625 0.061914825439453126
1 0.6181640625 0.11472930908203124 0.018585205078125 0.06310653686523438
0 0.951171875 0.08607406616210937 0.030731201171875 0.06879425048828125
1 0.33544921875 0.81903076171875 0.042083740234375 0.06814422607421874
1 0.93408203125 0.05546875 0.0161590576171875 0.07036514282226562
1 0.9248046875 0.21526641845703126 0.033203125 0.037565994262695315
1 0.7158203125 0.2922943115234375 0.0121002197265625 0.03623886108398437
1 0.7333984375 0.2658599853515625 0.021087646484375 0.0452850341796875
1 0.6240234375 0.19099884033203124 0.01422882080078125 0.031688690185546875
1 0.5966796875 0.1800567626953125 0.01177978515625 0.030496978759765626
1 0.01450347900390625 0.867132568359375 0.029541015625 0.06251068115234375
1 0.1456298828125 0.3187286376953125 0.01242828369140625 0.027273941040039062
1 0.46630859375 0.235308837890625 0.0243377685546875 0.06917343139648438