1 0.5675534689619197 0.19814814814814816 0.036515388628064686 0.06111111111111111
1 0.9308815858111633 0.23055555555555557 0.03808033385498174 0.05925925925925926
1 0.7005738132498696 0.12685185185185185 0.03599374021909233 0.06111111111111111
0 0.5785080855503391 0.4013888888888889 0.054773082942097026 0.05277777777777778
0 0.8935837245696401 0.5921296296296297 0.0495565988523735 0.04722222222222222
0 0.6797078768909754 0.4898148148148148 0.051643192488262914 0.04814814814814815
1 0.8599374021909233 0.3611111111111111 0.03390714658320292 0.05185185185185185
1 0.41705790297339596 0.1361111111111111 0.024517475221700575 0.058333333333333334
0 0.2996870109546166 0.4810185185185185 0.04225352112676056 0.07962962962962963
1 0.8886280646844027 0.37962962962962965 0.027125717266562335 0.058333333333333334
1 0.020865936358894107 0.8439814814814814 0.024517475221700575 0.06574074074074074
1 0.6178925404277517 0.25972222222222224 0.027125717266562335 0.06296296296296296
1 0.3046426708398539 0.5847222222222223 0.022952529994783515 0.06388888888888888
0 0.4042775169535733 0.49166666666666664 0.040166927490871154 0.05925925925925926
1 0.24178403755868544 0.7722222222222223 0.023995826812728223 0.06666666666666667
1 0.30907668231611896 0.736574074074074 0.023995826812728223 0.06481481481481481
0 0.9812206572769953 0.5416666666666666 0.03755868544600939 0.04259259259259259
1 0.9358372456964006 0.412962962962963 0.03338549817423057 0.06759259259259259
0 0.8941053729786124 0.4935185185185185 0.05112154407929056 0.04351851851851852
1 0.7636932707355243 0.2902777777777778 0.027125717266562335 0.058333333333333334
1 0.6145018257694314 0.3236111111111111 0.022952529994783515 0.04537037037037037
0 0.34194053208137715 0.4203703703703704 0.053208137715179966 0.09907407407407408
1 0.5704225352112676 0.09351851851851851 0.029212310902451747 0.05740740740740741
1 0.8022952529994783 0.337037037037037 0.028169014084507043 0.05555555555555555
1 0.9100156494522692 0.12731481481481483 0.03547209181011998 0.058333333333333334
1 0.43557642149191445 0.2652777777777778 0.023995826812728223 0.053703703703703705
0 0.5824204486176318 0.5361111111111111 0.05112154407929056 0.040740740740740744
1 0.7908189880020866 0.17685185185185184 0.03442879499217527 0.06759259259259259
1 0.3588941053729786 0.6537037037037037 0.019300991131977047 0.06666666666666667
0 0.2016171100678143 0.4550925925925926 0.05268648930620762 0.06759259259259259
0 0.5792905581637976 0.4537037037037037 0.05268648930620762 0.04351851851851852
1 0.07772561293688054 0.19305555555555556 0.0396452790818988 0.05648148148148148
1 0.7842983828899321 0.2324074074074074 0.023474178403755867 0.06851851851851852
1 0.28508085550339074 0.8800925925925925 0.017214397496087636 0.06944444444444445
1 0.5594679186228482 0.5995370370370371 0.03025560772039645 0.05648148148148148
1 0.11032863849765258 0.8217592592592593 0.03025560772039645 0.06851851851851852
1 0.07172665623369849 0.2523148148148148 0.03338549817423057 0.049074074074074076
1 0.02190923317683881 0.08472222222222223 0.04277516953573292 0.05925925925925926
1 0.06546687532603025 0.8592592592592593 0.029212310902451747 0.06388888888888888
1 0.8041210224308816 0.8050925925925926 0.028690662493479395 0.06388888888888888
1 0.7089201877934272 0.7282407407407407 0.02190923317683881 0.06018518518518518
1 0.9376630151278038 0.06574074074074074 0.04329681794470527 0.05648148148148148
1 0.14919144496609285 0.025 0.04277516953573292 0.05
0 0.44966092853416795 0.41805555555555557 0.04590505998956703 0.06111111111111111
1 0.773604590505999 0.6754629629629629 0.028690662493479395 0.062037037037037036
1 0.6092853416797078 0.6300925925925925 0.024517475221700575 0.062037037037037036
1 0.5073030777256129 0.6537037037037037 0.028690662493479395 0.05555555555555555
1 0.009389671361502348 0.1648148148148148 0.016692749087115284 0.06111111111111111
1 0.6004173187271779 0.7050925925925926 0.025039123630672927 0.05185185185185185
1 0.7498695878977569 0.7648148148148148 0.0297339593114241 0.05555555555555555
1 0.25925925925925924 0.03611111111111111 0.04121022430881586 0.06759259259259259
1 0.09859154929577464 0.041666666666666664 0.038601982263954095 0.05740740740740741
1 0.37402190923317685 0.9060185185185186 0.014606155451225874 0.058333333333333334
1 0.9629629629629629 0.8046296296296296 0.024517475221700575 0.06111111111111111
1 0.860980699008868 0.7666666666666667 0.024517475221700575 0.04814814814814815
1 0.5495565988523735 0.6726851851851852 0.018257694314032343 0.04259259259259259
1 0.9001043296817944 0.6648148148148149 0.029212310902451747 0.05185185185185185
1 0.8708920187793427 0.725462962962963 0.027125717266562335 0.06574074074074074
1 0.5894627021387585 0.5648148148148148 0.02034428794992175 0.03425925925925926
1 0.20996348461137193 0.7939814814814815 0.024517475221700575 0.06481481481481481
1 0.0639019300991132 0.6564814814814814 0.018779342723004695 0.05740740740740741
1 0.4019300991131977 0.7462962962962963 0.017214397496087636 0.06296296296296296
1 0.11371935315597287 0.6953703703703704 0.028690662493479395 0.05740740740740741
1 0.594679186228482 0.7574074074074074 0.024517475221700575 0.06851851851851852
1 0.9345331246739698 0.7384259259259259 0.02764736567553469 0.07592592592592592
1 0.08111632759520084 0.6810185185185185 0.02764736567553469 0.049074074074074076
1 0.7279603547209181 0.6925925925925925 0.028690662493479395 0.06759259259259259
1 0.08163797600417319 0.13472222222222222 0.03442879499217527 0.05277777777777778
1 0.15179968701095461 0.7689814814814815 0.023474178403755867 0.037037037037037035
1 0.08189880020865936 0.5699074074074074 0.030777256129368807 0.0712962962962963
1 0.7712571726656233 0.8175925925925925 0.023474178403755867 0.05
1 0.9264475743348983 0.8175925925925925 0.02190923317683881 0.05092592592592592
1 0.15910276473656756 0.8652777777777778 0.01617110067814293 0.05555555555555555
1 0.8155972874282733 0.7560185185185185 0.02764736567553469 0.06296296296296296
1 0.5957224830464267 0.05787037037037037 0.03808033385498174 0.06296296296296296
1 0.9880020865936359 0.8458333333333333 0.018779342723004695 0.05925925925925926
1 0.4535732916014606 0.36666666666666664 0.026604068857589983 0.06574074074074074
1 0.1752738654147105 0.1287037037037037 0.026604068857589983 0.08333333333333333
1 0.6640584246218049 0.7203703703703703 0.026604068857589983 0.05185185185185185
1 0.013302034428794992 0.6439814814814815 0.024517475221700575 0.07407407407407407
1 0.5112154407929056 0.8097222222222222 0.01617110067814293 0.05277777777777778
1 0.07433489827856025 0.7185185185185186 0.03025560772039645 0.037037037037037035
1 0.6948356807511737 0.300462962962963 0.020865936358894107 0.05648148148148148
1 0.7955138236828377 0.7092592592592593 0.0198226395409494 0.049074074074074076
0 0.10067814293166406 0.6263888888888889 0.03338549817423057 0.04351851851851852
1 0.43453312467396976 0.7912037037037037 0.020865936358894107 0.05740740740740741
1 0.2676056338028169 0.725462962962963 0.019300991131977047 0.04814814814814815
1 0.6718831507563902 0.7916666666666666 0.016692749087115284 0.03888888888888889
1 0.01904016692749087 0.9351851851851852 0.016692749087115284 0.0712962962962963
1 0.08163797600417319 0.09259259259259259 0.020865936358894107 0.04351851851851852
1 0.46087636932707354 0.7037037037037037 0.016692749087115284 0.06481481481481481
1 0.5665101721439749 0.7787037037037037 0.0198226395409494 0.05740740740740741
1 0.504434011476265 0.7074074074074074 0.018779342723004695 0.05925925925925926
1 0.6207616066770997 0.6694444444444444 0.0297339593114241 0.03981481481481482
1 0.14945226917057902 0.7013888888888888 0.02034428794992175 0.032407407407407406
1 0.5146061554512259 0.7509259259259259 0.016692749087115284 0.04814814814814815
1 0.5573813249869588 0.7157407407407408 0.03182055294731351 0.04351851851851852
1 0.4126238914971309 0.6824074074074075 0.0198226395409494 0.06388888888888888
1 0.4668753260302556 0.9305555555555556 0.014606155451225874 0.053703703703703705