1 0.69580078125 0.347979736328125 0.0280609130859375 0.07155685424804688
1 0.51806640625 0.17041473388671874 0.0257110595703125 0.05476455688476563
0 0.78759765625 0.544287109375 0.054595947265625 0.04669342041015625
1 0.471923828125 0.66302490234375 0.0282135009765625 0.06121063232421875
1 0.495361328125 0.3135284423828125 0.02203369140625 0.07155685424804688
1 0.59228515625 0.19403228759765626 0.0200958251953125 0.06169815063476562
0 0.35888671875 0.4905517578125 0.053497314453125 0.06180648803710938
1 0.4267578125 0.6396240234375 0.027374267578125 0.06310653686523438
1 0.80419921875 0.4019317626953125 0.0295867919921875 0.06814422607421874
1 0.63623046875 0.268243408203125 0.0255584716796875 0.07090682983398437
1 0.8515625 0.436383056640625 0.0246124267578125 0.05538749694824219
0 0.50634765625 0.51741943359375 0.046478271484375 0.0513519287109375
0 0.6240234375 0.476251220703125 0.049591064453125 0.04823722839355469
1 0.25244140625 0.864532470703125 0.0284423828125 0.057635498046875
1 0.1597900390625 0.773095703125 0.03265380859375 0.047505950927734374
0 0.4306640625 0.526519775390625 0.050048828125 0.044255828857421874
0 0.64404296875 0.611456298828125 0.04486083984375 0.07459030151367188
1 0.462890625 0.3577301025390625 0.02685546875 0.06662750244140625
1 0.60302734375 0.3276123046875 0.025177001953125 0.06402740478515626
1 0.36474609375 0.731060791015625 0.023468017578125 0.05774383544921875
1 0.76220703125 0.37701416015625 0.0236968994140625 0.0572021484375
1 0.63623046875 0.3863311767578125 0.0177764892578125 0.06381072998046874
1 0.98828125 0.2688934326171875 0.0243377685546875 0.059748077392578126
1 0.87548828125 0.24267578125 0.0177154541015625 0.06402740478515626
1 0.83447265625 0.2090911865234375 0.0296478271484375 0.06673583984375
1 0.39013671875 0.3022613525390625 0.0272216796875 0.05094566345214844
1 0.26025390625 0.21049957275390624 0.0228424072265625 0.06240234375
1 0.10894775390625 0.737994384765625 0.033599853515625 0.060398101806640625
1 0.650390625 0.17973175048828124 0.020843505859375 0.06944427490234376
0 0.95458984375 0.54342041015625 0.058349609375 0.06077728271484375
1 0.361328125 0.82423095703125 0.0316162109375 0.046774673461914065
1 0.515625 0.793463134765625 0.02056884765625 0.0572021484375
1 0.74609375 0.21234130859375 0.02288818359375 0.04276618957519531
1 0.716796875 0.09392852783203125 0.0262603759765625 0.06321487426757813
1 0.6611328125 0.840264892578125 0.023101806640625 0.06381072998046874
0 0.572265625 0.561187744140625 0.0252227783203125 0.061914825439453126
1 0.1761474609375 0.2771270751953125 0.03582763671875 0.06467742919921875
1 0.67333984375 0.2652099609375 0.0242767333984375 0.0572021484375
1 0.8271484375 0.3377960205078125 0.028594970703125 0.06500244140625
1 0.3291015625 0.79129638671875 0.021942138671875 0.04712677001953125
1 0.4755859375 0.243975830078125 0.0240478515625 0.0686859130859375
1 0.890625 0.3172119140625 0.0287017822265625 0.04777679443359375
1 0.35791015625 0.2411590576171875 0.01837158203125 0.06272735595703124
1 0.1026611328125 0.28687744140625 0.035064697265625 0.07166519165039062
1 0.274658203125 0.3390960693359375 0.0262603759765625 0.06099395751953125
1 0.1353759765625 0.3273956298828125 0.034698486328125 0.07827377319335938
1 0.254150390625 0.309844970703125 0.017242431640625 0.0591522216796875
1 0.182373046875 0.18904876708984375 0.0229339599609375 0.05953140258789062
1 0.31201171875 0.16564788818359374 0.0262603759765625 0.05517082214355469
1 0.9853515625 0.89530029296875 0.0299835205078125 0.059423065185546874
1 0.2978515625 0.3161285400390625 0.0250396728515625 0.06917343139648438
1 0.865234375 0.12144622802734376 0.028106689453125 0.06700668334960938
1 0.283935546875 0.244842529296875 0.0309600830078125 0.07020263671875
1 0.72265625 0.690325927734375 0.0221099853515625 0.086236572265625
1 0.6630859375 0.3663970947265625 0.02056884765625 0.0673858642578125
1 0.8896484375 0.16889801025390624 0.0321044921875 0.06548995971679687
1 0.95068359375 0.21374969482421874 0.0309600830078125 0.06223983764648437
1 0.7470703125 0.2788604736328125 0.0244293212890625 0.06077728271484375
1 0.46142578125 0.2894775390625 0.0154876708984375 0.07144851684570312
1 0.96240234375 0.03144493103027344 0.0180206298828125 0.0639190673828125
1 0.859375 0.2974945068359375 0.0189361572265625 0.053924942016601564
1 0.8017578125 0.2641265869140625 0.025177001953125 0.053329086303710936
1 0.2088623046875 0.1388885498046875 0.0323486328125 0.06624832153320312
1 0.78662109375 0.3208953857421875 0.02947998046875 0.070635986328125
1 0.96923828125 0.1588226318359375 0.0251312255859375 0.06906509399414062
1 0.251953125 0.769195556640625 0.0309600830078125 0.04923934936523437
1 0.0592041015625 0.16543121337890626 0.0276947021484375 0.03672637939453125
1 0.5986328125 0.06121063232421875 0.01507568359375 0.0656524658203125
1 0.86279296875 0.3863311767578125 0.021484375 0.03084907531738281
0 0.0112457275390625 0.44461669921875 0.0227203369140625 0.05666046142578125
1 0.033599853515625 0.2305419921875 0.0245208740234375 0.03786392211914062
1 0.89794921875 0.2784271240234375 0.0305633544921875 0.0483184814453125
0 0.6103515625 0.4298828125 0.026611328125 0.048589324951171874
1 0.1600341796875 0.2368255615234375 0.01953125 0.04650382995605469
1 0.99951171875 0.19099884033203124 0.02880859375 0.07459030151367188
1 0.1497802734375 0.20226593017578126 0.0316162109375 0.040247344970703126
1 0.56201171875 0.1802734375 0.0207977294921875 0.038080596923828126