1 0.09283447265625 0.71849365234375 0.034820556640625 0.068902587890625
0 0.250244140625 0.458050537109375 0.0272216796875 0.06007308959960937
1 0.9677734375 0.22274169921875 0.0287628173828125 0.06662750244140625
1 0.86962890625 0.697259521484375 0.033843994140625 0.0572021484375
1 0.9619140625 0.033882522583007814 0.017242431640625 0.06673583984375
1 0.0310211181640625 0.3503631591796875 0.0309600830078125 0.06711502075195312
1 0.6533203125 0.3321624755859375 0.0309600830078125 0.07101516723632813
1 0.287353515625 0.2584930419921875 0.0284423828125 0.054547882080078124
1 0.07330322265625 0.245709228515625 0.034881591796875 0.060398101806640625
0 0.048309326171875 0.50615234375 0.055938720703125 0.04276618957519531
0 0.06707763671875 0.43768310546875 0.03253173828125 0.06223983764648437
1 0.66455078125 0.810797119140625 0.0299835205078125 0.055062484741210935
1 0.802734375 0.860198974609375 0.033477783203125 0.056768798828125
1 0.6083984375 0.603656005859375 0.020599365234375 0.06310653686523438
0 0.71728515625 0.4853515625 0.0300445556640625 0.06765670776367187
0 0.94873046875 0.614923095703125 0.0318603515625 0.059423065185546874
0 0.385986328125 0.474517822265625 0.052032470703125 0.04227867126464844
1 0.5419921875 0.19879913330078125 0.024383544921875 0.05731048583984375
1 0.80078125 0.3449462890625 0.03302001953125 0.06451492309570313
1 0.415771484375 0.2576263427734375 0.0280609130859375 0.0606689453125
1 0.5322265625 0.752728271484375 0.0202484130859375 0.05362701416015625
0 0.84521484375 0.588055419921875 0.0567626953125 0.05213737487792969
1 0.457763671875 0.78956298828125 0.0280609130859375 0.0556854248046875
1 0.39208984375 0.80516357421875 0.0258026123046875 0.048047637939453124
1 0.603515625 0.2563262939453125 0.0264129638671875 0.0712860107421875
0 0.8134765625 0.51741943359375 0.029083251953125 0.05113525390625
1 0.2359619140625 0.278643798828125 0.0242767333984375 0.05731048583984375
1 0.97021484375 0.4019317626953125 0.035736083984375 0.06852340698242188
1 0.81396484375 0.4114654541015625 0.0240936279296875 0.07469863891601562
1 0.413818359375 0.904833984375 0.03204345703125 0.059964752197265624
1 0.689453125 0.17778167724609376 0.0221099853515625 0.07047348022460938
1 0.3779296875 0.2242584228515625 0.018829345703125 0.05202903747558594
1 0.58740234375 0.62315673828125 0.0236968994140625 0.060506439208984374
1 0.3154296875 0.28861083984375 0.01983642578125 0.06689834594726562
1 0.1087646484375 0.29207763671875 0.037384033203125 0.06440658569335937
1 0.412841796875 0.360113525390625 0.0191192626953125 0.06121063232421875
1 0.603515625 0.386981201171875 0.0169219970703125 0.06299819946289062
1 0.71826171875 0.213641357421875 0.021942138671875 0.06310653686523438
1 0.521484375 0.314178466796875 0.0225067138671875 0.05113525390625
1 0.298583984375 0.796063232421875 0.0299835205078125 0.050756072998046874
1 0.440673828125 0.3854644775390625 0.0190887451171875 0.06689834594726562
1 0.755859375 0.340179443359375 0.0269622802734375 0.05465621948242187
1 0.0106964111328125 0.249609375 0.021331787109375 0.07047348022460938
0 0.326904296875 0.550787353515625 0.045196533203125 0.062835693359375
1 0.278076171875 0.308978271484375 0.02606201171875 0.06489410400390624
1 0.84033203125 0.35621337890625 0.0289764404296875 0.05926055908203125
1 0.79052734375 0.2080078125 0.024383544921875 0.05774383544921875
1 0.51513671875 0.828131103515625 0.02685546875 0.04766845703125
1 0.49560546875 0.2272918701171875 0.0243377685546875 0.06180648803710938
1 0.259521484375 0.72542724609375 0.024566650390625 0.05538749694824219
1 0.93017578125 0.2680267333984375 0.0272216796875 0.06121063232421875
1 0.71533203125 0.08721160888671875 0.013427734375 0.063702392578125
1 0.64453125 0.18839874267578124 0.0185394287109375 0.06169815063476562
1 0.7939453125 0.287310791015625 0.0304412841796875 0.0572021484375
1 0.87548828125 0.2940277099609375 0.0246124267578125 0.0626190185546875
1 0.8916015625 0.253509521484375 0.026153564453125 0.057635498046875
1 0.908203125 0.3971649169921875 0.0316162109375 0.05557708740234375
1 0.0142822265625 0.789996337890625 0.0282745361328125 0.05362701416015625
1 0.984375 0.288177490234375 0.030853271484375 0.06169815063476562
1 0.05572509765625 0.2086578369140625 0.019012451171875 0.042522430419921875
1 0.1329345703125 0.19164886474609374 0.0137939453125 0.0496185302734375
1 0.29052734375 0.20616607666015624 0.0179901123046875 0.050674819946289064
1 0.86474609375 0.2112579345703125 0.023193359375 0.05882720947265625
1 0.4677734375 0.2047576904296875 0.025421142578125 0.0613189697265625
1 0.92431640625 0.334112548828125 0.019378662109375 0.040464019775390624
1 0.1561279296875 0.2446258544921875 0.0185394287109375 0.033422088623046874
1 0.90283203125 0.32501220703125 0.0224609375 0.05094566345214844
0 0.9775390625 0.06603164672851562 0.030731201171875 0.06906509399414062
1 0.391845703125 0.3178619384765625 0.01450347900390625 0.0535186767578125