0 0.1465832029212311 0.36435185185185187 0.05738132498695879 0.05462962962962963
0 0.3111632759520083 0.36712962962962964 0.05529473135106938 0.05092592592592592
1 0.24021909233176839 0.19305555555555556 0.023995826812728223 0.05648148148148148
0 0.4360980699008868 0.5092592592592593 0.04590505998956703 0.046296296296296294
0 0.16249347939488784 0.4703703703703704 0.05112154407929056 0.04351851851851852
1 0.07511737089201878 0.6851851851851852 0.02764736567553469 0.06944444444444445
0 0.9034950443401147 0.44027777777777777 0.051643192488262914 0.04814814814814815
0 0.23135106937923838 0.5115740740740741 0.05268648930620762 0.04351851851851852
0 0.5130412102243088 0.475462962962963 0.04538341158059468 0.04814814814814815
1 0.33881064162754304 0.812037037037037 0.016692749087115284 0.06481481481481481
1 0.24021909233176839 0.10231481481481482 0.03129890453834116 0.0712962962962963
0 0.8129890453834115 0.425462962962963 0.050078247261345854 0.041666666666666664
1 0.03234220135628586 0.7263888888888889 0.03129890453834116 0.06296296296296296
1 0.881585811163276 0.09074074074074075 0.03599374021909233 0.06296296296296296
1 0.10589462702138759 0.10648148148148148 0.0406885758998435 0.0787037037037037
1 0.23839332290036516 0.6208333333333333 0.023474178403755867 0.06296296296296296
0 0.3223787167449139 0.49166666666666664 0.028169014084507043 0.053703703703703705
1 0.1664058424621805 0.8087962962962963 0.02034428794992175 0.06574074074074074
1 0.05216484089723526 0.5680555555555555 0.027125717266562335 0.06759259259259259
0 0.5070422535211268 0.40694444444444444 0.040166927490871154 0.041666666666666664
1 0.5558163797600417 0.1837962962962963 0.024517475221700575 0.06296296296296296
0 0.8022952529994783 0.5185185185185185 0.026604068857589983 0.05
1 0.9316640584246219 0.6925925925925925 0.03182055294731351 0.062037037037037036
0 0.32316118935837246 0.43425925925925923 0.02556077203964528 0.06018518518518518
1 0.594679186228482 0.6037037037037037 0.01617110067814293 0.0712962962962963
1 0.18988002086593636 0.725925925925926 0.025039123630672927 0.05740740740740741
1 0.1914449660928534 0.5837962962962963 0.03182055294731351 0.06018518518518518
1 0.631716223265519 0.22407407407407406 0.028690662493479395 0.0712962962962963
1 0.3935837245696401 0.19953703703703704 0.03129890453834116 0.08888888888888889
1 0.08059467918622848 0.17685185185185184 0.03234220135628586 0.06018518518518518
1 0.6311945748565467 0.6347222222222222 0.028690662493479395 0.06851851851851852
1 0.5662493479394888 0.6476851851851851 0.03338549817423057 0.06481481481481481
1 0.2720396452790819 0.8625 0.0198226395409494 0.05648148148148148
1 0.36958789775691187 0.7615740740740741 0.01773604590505999 0.06574074074074074
1 0.6463223787167449 0.11898148148148148 0.03390714658320292 0.05462962962962963
1 0.2608242044861763 0.6657407407407407 0.02034428794992175 0.058333333333333334
1 0.387584767866458 0.8069444444444445 0.01564945226917058 0.06111111111111111
1 0.2597809076682316 0.7472222222222222 0.02556077203964528 0.06018518518518518
1 0.7313510693792384 0.5606481481481481 0.025039123630672927 0.06944444444444445
1 0.5949400104329682 0.6944444444444444 0.018779342723004695 0.06851851851851852
1 0.7780386019822639 0.6282407407407408 0.025039123630672927 0.06111111111111111
1 0.28455920709441834 0.6046296296296296 0.019300991131977047 0.05925925925925926
1 0.42670839853938447 0.6550925925925926 0.023474178403755867 0.07037037037037037
1 0.8075117370892019 0.19814814814814816 0.026604068857589983 0.05925925925925926
1 0.40271257172665625 0.8842592592592593 0.013562858633281168 0.062037037037037036
1 0.051643192488262914 0.924074074074074 0.016692749087115284 0.06944444444444445
1 0.7102243088158581 0.287962962962963 0.023474178403755867 0.06111111111111111
1 0.3685446009389671 0.6412037037037037 0.01564945226917058 0.06111111111111111
1 0.852112676056338 0.762962962962963 0.022430881585811163 0.05555555555555555
1 0.6984872196139802 0.6203703703703703 0.023995826812728223 0.05740740740740741
1 0.7360459050599896 0.6328703703703704 0.02764736567553469 0.06759259259259259
1 0.6682316118935837 0.30925925925925923 0.03286384976525822 0.05277777777777778
1 0.927490871152843 0.7652777777777777 0.028690662493479395 0.06574074074074074
1 0.6531038080333855 0.7384259259259259 0.02608242044861763 0.05740740740740741
1 0.827073552425665 0.2712962962962963 0.028690662493479395 0.04722222222222222
1 0.986697965571205 0.649074074074074 0.02608242044861763 0.08055555555555556
1 0.5485133020344288 0.7152777777777778 0.01564945226917058 0.049074074074074076
1 0.7133541992696922 0.75 0.01773604590505999 0.04351851851851852
1 0.4668753260302556 0.12916666666666668 0.0297339593114241 0.09537037037037037
1 0.33255086071987483 0.6944444444444444 0.02556077203964528 0.05462962962962963
1 0.8012519561815337 0.7351851851851852 0.03286384976525822 0.06574074074074074
1 0.046426708398539386 0.12731481481481483 0.040166927490871154 0.05277777777777778
0 0.10015649452269171 0.4050925925925926 0.04329681794470527 0.05740740740740741