0 0.080810546875 0.3517795138888889 0.0469970703125 0.06190321180555555
0 0.5888671875 0.4735243055555556 0.04302978515625 0.047037760416666664
0 0.841796875 0.369140625 0.047882080078125 0.04885525173611111
0 0.380126953125 0.5299479166666666 0.05291748046875 0.04543728298611111
0 0.65869140625 0.3878038194444444 0.04559326171875 0.052897135416666664
0 0.6591796875 0.5282118055555556 0.04803466796875 0.049126519097222224
0 0.93017578125 0.4639756944444444 0.04681396484375 0.044243706597222224
0 0.5 0.2925347222222222 0.041229248046875 0.039469401041666664
0 0.249267578125 0.2979600694444444 0.044677734375 0.040608723958333336
0 0.830078125 0.5811631944444444 0.05145263671875 0.044677734375
0 0.84619140625 0.4134114583333333 0.046630859375 0.051703559027777776
0 0.9140625 0.294921875 0.044281005859375 0.04416232638888889
0 0.409423828125 0.6006944444444444 0.05242919921875 0.05056423611111111
0 0.98828125 0.3606770833333333 0.0244293212890625 0.050835503472222224
0 0.9814453125 0.5525173611111112 0.038238525390625 0.045355902777777776
0 0.432373046875 0.3480902777777778 0.0352783203125 0.055989583333333336