1 0.34324465310380803 0.08564814814814815 0.03495044340114763 0.06851851851851852
0 0.8166405842462181 0.5513888888888889 0.04903495044340115 0.04259259259259259
1 0.8458528951486698 0.5990740740740741 0.03286384976525822 0.06481481481481481
1 0.19196661450182578 0.0699074074074074 0.03338549817423057 0.05462962962962963
0 0.7018779342723005 0.45092592592592595 0.05529473135106938 0.04351851851851852
1 0.8510693792383933 0.7754629629629629 0.02556077203964528 0.06018518518518518
1 0.7730829420970265 0.7606481481481482 0.022430881585811163 0.06666666666666667
1 0.8051643192488263 0.19722222222222222 0.02556077203964528 0.05462962962962963
0 0.3492436098069901 0.475 0.046426708398539386 0.04259259259259259
1 0.8142931664058425 0.7754629629629629 0.02764736567553469 0.05277777777777778
1 0.7196139801773604 0.6291666666666667 0.0198226395409494 0.06296296296296296
0 0.4525299947835159 0.6888888888888889 0.046948356807511735 0.040740740740740744
1 0.8774126238914971 0.7930555555555555 0.023995826812728223 0.053703703703703705
1 0.45748565466875324 0.6217592592592592 0.024517475221700575 0.08148148148148149
1 0.7694314032342201 0.663425925925926 0.025039123630672927 0.05555555555555555
1 0.6374543557642149 0.7449074074074075 0.023474178403755867 0.05740740740740741
1 0.7955138236828377 0.725 0.019300991131977047 0.05555555555555555
1 0.025821596244131457 0.24583333333333332 0.037037037037037035 0.05555555555555555
1 0.7029212310902452 0.7453703703703703 0.018779342723004695 0.05185185185185185
1 0.9700052164840898 0.7129629629629629 0.03286384976525822 0.05462962962962963
1 0.24700052164840897 0.5425925925925926 0.03129890453834116 0.06018518518518518
0 0.868283776734481 0.4699074074074074 0.05425143453312467 0.03888888888888889
1 0.8959311424100157 0.6449074074074074 0.03338549817423057 0.06018518518518518
1 0.9199269692227439 0.8032407407407407 0.03025560772039645 0.04814814814814815
1 0.5808555033907147 0.7527777777777778 0.02556077203964528 0.04537037037037037
1 0.47522170057381324 0.7402777777777778 0.019300991131977047 0.06759259259259259
1 0.5983307250912885 0.34120370370370373 0.02190923317683881 0.06759259259259259
1 0.08294209702660407 0.2675925925925926 0.026604068857589983 0.06111111111111111
1 0.7832550860719875 0.1574074074074074 0.037037037037037035 0.049074074074074076
1 0.05033907146583203 0.07453703703703704 0.028169014084507043 0.05185185185185185
1 0.7310902451747522 0.19583333333333333 0.026604068857589983 0.06111111111111111
1 0.21544079290558163 0.19027777777777777 0.027125717266562335 0.07037037037037037
1 0.9627021387584768 0.7620370370370371 0.028169014084507043 0.06111111111111111
1 0.8800208659363589 0.7037037037037037 0.028690662493479395 0.07222222222222222
1 0.769170579029734 0.12685185185185185 0.023474178403755867 0.07222222222222222
1 0.35002608242044864 0.6023148148148149 0.02608242044861763 0.06481481481481481
1 0.7420448617631716 0.799074074074074 0.025039123630672927 0.05555555555555555
1 0.2983828899321857 0.8310185185185185 0.017214397496087636 0.05648148148148148
1 0.5106937923839332 0.6662037037037037 0.01773604590505999 0.062037037037037036
1 0.6682316118935837 0.7388888888888889 0.019300991131977047 0.05648148148148148
1 0.04929577464788732 0.12314814814814815 0.026604068857589983 0.053703703703703705
1 0.38184663536776214 0.7162037037037037 0.02190923317683881 0.07037037037037037
1 0.8304642670839854 0.7078703703703704 0.03286384976525822 0.06481481481481481
1 0.6176317162232655 0.6472222222222223 0.02034428794992175 0.05555555555555555
1 0.6888367240479917 0.7986111111111112 0.01773604590505999 0.05
1 0.8761085028690663 0.7416666666666667 0.025039123630672927 0.05
1 0.2733437663015128 0.6865740740740741 0.03286384976525822 0.05740740740740741
1 0.37741262389149716 0.6314814814814815 0.024517475221700575 0.06666666666666667
1 0.09963484611371935 0.6296296296296297 0.02608242044861763 0.06388888888888888
1 0.906885758998435 0.6268518518518519 0.029212310902451747 0.06111111111111111
1 0.16562336984872197 0.3449074074074074 0.03129890453834116 0.06111111111111111
1 0.6898800208659364 0.6578703703703703 0.0297339593114241 0.06111111111111111
1 0.15388628064684404 0.30648148148148147 0.02608242044861763 0.06666666666666667
1 0.0980699008868023 0.549074074074074 0.03442879499217527 0.04814814814814815
1 0.7600417318727178 0.24675925925925926 0.028169014084507043 0.06574074074074074
1 0.22274387063119458 0.7027777777777777 0.018257694314032343 0.06574074074074074
0 0.9754825247782994 0.5060185185185185 0.04903495044340115 0.030555555555555555
1 0.5464267083985394 0.612037037037037 0.015127803860198226 0.05277777777777778
1 0.16458007303077726 0.8597222222222223 0.02034428794992175 0.062037037037037036
1 0.6614501825769431 0.19537037037037036 0.026604068857589983 0.046296296296296294
1 0.04773082942097027 0.8189814814814815 0.03182055294731351 0.06296296296296296
1 0.015127803860198226 0.5611111111111111 0.026604068857589983 0.06759259259259259
1 0.23448095983307252 0.7439814814814815 0.023474178403755867 0.04259259259259259
1 0.38810641627543035 0.8018518518518518 0.023474178403755867 0.05648148148148148
1 0.1254564423578508 0.7162037037037037 0.02190923317683881 0.04722222222222222
1 0.07772561293688054 0.6962962962962963 0.02034428794992175 0.04351851851851852
1 0.7926447574334898 0.8143518518518519 0.019300991131977047 0.06574074074074074
1 0.05920709441836203 0.16296296296296298 0.027125717266562335 0.05925925925925926
1 0.06285863328116849 0.5967592592592592 0.027125717266562335 0.06388888888888888
1 0.4413145539906103 0.7861111111111111 0.023995826812728223 0.05185185185185185
1 0.3208137715179969 0.6550925925925926 0.018257694314032343 0.0824074074074074
1 0.5552947313510693 0.6476851851851851 0.0297339593114241 0.04259259259259259
1 0.42566510172143973 0.3527777777777778 0.025039123630672927 0.06018518518518518
1 0.6332811684924361 0.675 0.027125717266562335 0.04537037037037037
1 0.6598852373500261 0.812037037037037 0.017214397496087636 0.04722222222222222
1 0.28325508607198746 0.8768518518518519 0.017214397496087636 0.06574074074074074