0 0.65771484375 0.5685546875 0.0548095703125 0.05213737487792969
0 0.35205078125 0.47755126953125 0.050994873046875 0.04149322509765625
1 0.6083984375 0.94036865234375 0.027069091796875 0.05414161682128906
0 0.1563720703125 0.510919189453125 0.05224609375 0.04777679443359375
1 0.52734375 0.2498260498046875 0.0216217041015625 0.0682525634765625
0 0.10992431640625 0.687725830078125 0.052520751953125 0.08033218383789062
1 0.302734375 0.580255126953125 0.0240936279296875 0.060289764404296876
1 0.84912109375 0.8441650390625 0.0261993408203125 0.08249893188476562
1 0.75439453125 0.3828643798828125 0.0301055908203125 0.062023162841796875
0 0.462646484375 0.63702392578125 0.051666259765625 0.047939300537109375
1 0.64306640625 0.323712158203125 0.0200958251953125 0.06018142700195313
1 0.6806640625 0.3837310791015625 0.01751708984375 0.06440658569335937
0 0.477783203125 0.490118408203125 0.049407958984375 0.042441177368164065
1 0.8310546875 0.771795654296875 0.0289306640625 0.06538162231445313
1 0.810546875 0.14939727783203124 0.0204925537109375 0.06359405517578125
1 0.927734375 0.2827606201171875 0.034027099609375 0.06077728271484375
1 0.85693359375 0.3893646240234375 0.030731201171875 0.06852340698242188
1 0.75439453125 0.2732269287109375 0.029205322265625 0.0686859130859375
1 0.70263671875 0.19879913330078125 0.0261993408203125 0.06321487426757813
1 0.60693359375 0.308544921875 0.02630615234375 0.05633544921875
1 0.42578125 0.282110595703125 0.02337646484375 0.07101516723632813
1 0.41357421875 0.3763641357421875 0.02484130859375 0.06852340698242188
1 0.9814453125 0.4309661865234375 0.0330810546875 0.06169815063476562
1 0.80078125 0.406915283203125 0.03021240234375 0.07101516723632813
1 0.467041015625 0.3692138671875 0.020416259765625 0.07637786865234375
1 0.33935546875 0.3490631103515625 0.02838134765625 0.0665191650390625
1 0.921875 0.145172119140625 0.021697998046875 0.06402740478515626
1 0.2130126953125 0.74796142578125 0.02838134765625 0.06343154907226563
1 0.303466796875 0.3551300048828125 0.0313720703125 0.06548995971679687
0 0.03594970703125 0.4071319580078125 0.053985595703125 0.046341323852539064
1 0.07476806640625 0.3070281982421875 0.0330810546875 0.06299819946289062
1 0.626953125 0.8372314453125 0.03265380859375 0.0591522216796875
1 0.8525390625 0.960302734375 0.0256195068359375 0.05384368896484375
1 0.67822265625 0.3102783203125 0.0187225341796875 0.06169815063476562
0 0.0823974609375 0.533453369140625 0.0517578125 0.04823722839355469
1 0.955078125 0.4006317138671875 0.03460693359375 0.0513519287109375
1 0.2181396484375 0.697259521484375 0.0305023193359375 0.059423065185546874
1 0.66015625 0.355780029296875 0.01763916015625 0.059423065185546874
1 0.249267578125 0.19988250732421875 0.0211181640625 0.05963973999023438
1 0.147216796875 0.30594482421875 0.0312042236328125 0.06917343139648438
0 0.7578125 0.2424591064453125 0.049041748046875 0.044174575805664064
1 0.67431640625 0.2545928955078125 0.0179901123046875 0.06603164672851562
1 0.8017578125 0.2168914794921875 0.018402099609375 0.05666046142578125
1 0.9072265625 0.3616302490234375 0.033905029296875 0.0613189697265625
1 0.8486328125 0.234442138671875 0.0231475830078125 0.0656524658203125
1 0.947265625 0.3143951416015625 0.035400390625 0.059856414794921875
1 0.60205078125 0.364013671875 0.0289764404296875 0.06007308959960937
1 0.37158203125 0.249609375 0.01898193359375 0.04877891540527344
1 0.86376953125 0.16391448974609374 0.0208892822265625 0.06527328491210938
1 0.384765625 0.27301025390625 0.017852783203125 0.06240234375
1 0.8310546875 0.295111083984375 0.0219879150390625 0.0626190185546875
1 0.63525390625 0.8857666015625 0.02886962890625 0.06841506958007812
1 0.89208984375 0.3102783203125 0.0225372314453125 0.0656524658203125
1 0.299072265625 0.2710601806640625 0.02801513671875 0.05953140258789062
1 0.97314453125 0.9013671875 0.038330078125 0.0535186767578125
1 0.472900390625 0.2537261962890625 0.0210113525390625 0.063702392578125
0 0.034759521484375 0.50181884765625 0.05072021484375 0.04547462463378906
1 0.266845703125 0.360546875 0.0206451416015625 0.06662750244140625
1 0.063720703125 0.347979736328125 0.04168701171875 0.06418991088867188
1 0.349609375 0.83809814453125 0.040985107421875 0.05601043701171875
1 0.355224609375 0.72889404296875 0.0177764892578125 0.047505950927734374
1 0.78466796875 0.34234619140625 0.018646240234375 0.04555587768554688
1 0.320068359375 0.21049957275390624 0.027587890625 0.07047348022460938
1 0.814453125 0.3689971923828125 0.024139404296875 0.05465621948242187
1 0.458251953125 0.3100616455078125 0.0231475830078125 0.06879425048828125
1 0.402099609375 0.323712158203125 0.0206451416015625 0.0606689453125
1 0.9619140625 0.054547882080078124 0.01666259765625 0.068902587890625
1 0.62646484375 0.0903533935546875 0.01085662841796875 0.061102294921875
1 0.62939453125 0.781329345703125 0.02606201171875 0.05232696533203125
1 0.218505859375 0.367047119140625 0.0256195068359375 0.062023162841796875
1 0.1236572265625 0.2424591064453125 0.019866943359375 0.05465621948242187
1 0.421875 0.558587646484375 0.03240966796875 0.08157806396484375
1 0.66015625 0.96636962890625 0.033477783203125 0.038297271728515624
0 0.7841796875 0.54775390625 0.048858642578125 0.05546875
1 0.0235595703125 0.243975830078125 0.0294189453125 0.05633544921875
1 0.09552001953125 0.12707977294921874 0.017181396484375 0.06711502075195312
0 0.0234222412109375 0.43768310546875 0.027069091796875 0.0483184814453125
1 0.34521484375 0.28514404296875 0.0169219970703125 0.06223983764648437
1 0.260009765625 0.2905609130859375 0.0205230712890625 0.04344329833984375
1 0.1441650390625 0.193707275390625 0.02423095703125 0.05113525390625
1 0.08154296875 0.2407257080078125 0.030914306640625 0.04626007080078125
1 0.9866943359375 0.70462646484375 0.026611328125 0.08482818603515625
1 0.80322265625 0.95943603515625 0.039947509765625 0.07870712280273437
1 0.1978759765625 0.137371826171875 0.0211181640625 0.048589324951171874
1 0.62060546875 0.19403228759765626 0.020721435546875 0.0682525634765625
1 0.6357421875 0.728460693359375 0.0162200927734375 0.04563713073730469
1 0.2685546875 0.3195953369140625 0.0310821533203125 0.055902099609375
1 0.1729736328125 0.2238250732421875 0.021087646484375 0.05232696533203125
0 0.978515625 0.0881866455078125 0.03289794921875 0.06814422607421874
1 0.01214599609375 0.17626495361328126 0.0242919921875 0.0656524658203125
1 0.6298828125 0.15156402587890624 0.01519012451171875 0.04812889099121094
1 0.50439453125 0.048589324951171874 0.022674560546875 0.07020263671875
1 0.1304931640625 0.19273223876953124 0.01312255859375 0.039191055297851565
1 0.00916290283203125 0.94210205078125 0.0181884765625 0.04555587768554688
1 0.95458984375 0.22620849609375 0.0180206298828125 0.05644378662109375
1 0.494873046875 0.95596923828125 0.017242431640625 0.041168212890625
1 0.8896484375 0.19511566162109376 0.0305023193359375 0.07361526489257812
1 0.64599609375 0.2823272705078125 0.016845703125 0.05037689208984375