1 0.4404296875 0.420782470703125 0.0300445556640625 0.068902587890625
0 0.4208984375 0.511785888671875 0.052703857421875 0.044174575805664064
1 0.344482421875 0.662591552734375 0.03753662109375 0.09170761108398437
0 0.71875 0.564654541015625 0.03265380859375 0.0535186767578125
0 0.097412109375 0.4084320068359375 0.0266571044921875 0.05817718505859375
0 0.5869140625 0.6916259765625 0.04296875 0.052922821044921874
1 0.87890625 0.1488555908203125 0.0235137939453125 0.05926055908203125
1 0.187744140625 0.3746307373046875 0.02630615234375 0.05687713623046875
0 0.5517501711658842 0.503985595703125 0.037887597121356566 0.06202316284179686
1 0.6611328125 0.614923095703125 0.0311431884765625 0.07090682983398437
1 0.9638671875 0.27821044921875 0.0244293212890625 0.06007308959960937
1 0.06793212890625 0.350146484375 0.028656005859375 0.072369384765625
1 0.96337890625 0.41861572265625 0.0287628173828125 0.061102294921875
1 0.1500244140625 0.3416961669921875 0.0240936279296875 0.06576080322265625
1 0.666015625 0.1978240966796875 0.0193023681640625 0.06223983764648437
0 0.884765625 0.52001953125 0.03228759765625 0.05124359130859375
1 0.7080078125 0.41168212890625 0.0253753662109375 0.079736328125
1 0.447998046875 0.3585968017578125 0.0302734375 0.06321487426757813
1 0.0496826171875 0.2255584716796875 0.030731201171875 0.07274856567382812
1 0.69384765625 0.15546417236328125 0.021087646484375 0.062023162841796875
1 0.787109375 0.19749908447265624 0.0218658447265625 0.0608856201171875
0 0.6533203125 0.678192138671875 0.036285400390625 0.0569854736328125
1 0.646484375 0.4222991943359375 0.0289306640625 0.06429824829101563
1 0.5576171875 0.21374969482421874 0.0164642333984375 0.05817718505859375
1 0.30078125 0.27041015625 0.027069091796875 0.07361526489257812
1 0.8134765625 0.285577392578125 0.0279541015625 0.07117767333984375
1 0.9580078125 0.3707305908203125 0.0268096923828125 0.05861053466796875
1 0.0751953125 0.2964111328125 0.02947998046875 0.06180648803710938
1 0.69482421875 0.77049560546875 0.03436279296875 0.07556533813476562
1 0.583984375 0.627490234375 0.0240478515625 0.05262489318847656
1 0.98583984375 0.3377960205078125 0.0232391357421875 0.06662750244140625
1 0.53076171875 0.81036376953125 0.03314208984375 0.05806884765625
1 0.4736328125 0.305078125 0.0150146484375 0.05926055908203125
0 0.5826726126434533 0.55035400390625 0.04301353936153075 0.051541519165039004
0 0.50390625 0.670391845703125 0.033782958984375 0.05538749694824219
1 0.31201171875 0.18839874267578124 0.0240020751953125 0.0686859130859375
1 0.386962890625 0.31201171875 0.0194549560546875 0.06299819946289062
1 0.6630859375 0.31634521484375 0.016845703125 0.06787338256835937
1 0.7548828125 0.1960906982421875 0.018829345703125 0.0574188232421875
1 0.986328125 0.2225250244140625 0.02532958984375 0.06538162231445313
1 0.97705078125 0.87276611328125 0.04107666015625 0.062835693359375
0 0.86328125 0.688592529296875 0.055511474609375 0.0569854736328125
1 0.56396484375 0.44981689453125 0.0271759033203125 0.0556854248046875
1 0.51513671875 0.2381256103515625 0.01312255859375 0.0572021484375
1 0.6455078125 0.2866607666015625 0.0192413330078125 0.05029563903808594
1 0.90478515625 0.3607635498046875 0.0299835205078125 0.0522186279296875
1 0.8310546875 0.17843170166015626 0.0211181640625 0.078436279296875
1 0.01119232177734375 0.16131439208984374 0.0223846435546875 0.08434066772460938
1 0.82373046875 0.90396728515625 0.03912353515625 0.05538749694824219
1 0.89453125 0.234442138671875 0.033843994140625 0.06879425048828125
1 0.5732421875 0.3685638427734375 0.0280609130859375 0.059856414794921875
1 0.744140625 0.412115478515625 0.0299224853515625 0.07117767333984375
1 0.5615234375 0.311578369140625 0.026763916015625 0.06776504516601563
1 0.953125 0.06142730712890625 0.0161590576171875 0.06500244140625
1 0.1876220703125 0.856732177734375 0.04510498046875 0.05579376220703125
1 0.19775390625 0.2433258056640625 0.027801513671875 0.06776504516601563
1 0.73486328125 0.35794677734375 0.0261077880859375 0.05687713623046875
1 0.450927734375 0.25740966796875 0.0269622802734375 0.04988937377929688
1 0.72119140625 0.10243301391601563 0.0169830322265625 0.06489410400390624
1 0.62939453125 0.2376922607421875 0.0153656005859375 0.059856414794921875
1 0.268310546875 0.2030242919921875 0.0231475830078125 0.05232696533203125
1 0.226806640625 0.9169677734375 0.03582763671875 0.050078964233398436
1 0.7109375 0.2749603271484375 0.0240020751953125 0.0695526123046875
1 0.26123046875 0.240509033203125 0.0204925537109375 0.05601043701171875
1 0.623046875 0.3733306884765625 0.022674560546875 0.07117767333984375
1 0.62060546875 0.2069244384765625 0.017913818359375 0.05232696533203125
1 0.054290771484375 0.6638916015625 0.033721923828125 0.05362701416015625
1 0.7509765625 0.14008026123046874 0.0200958251953125 0.06500244140625
1 0.0867919921875 0.241375732421875 0.02886962890625 0.06749420166015625
1 0.94287109375 0.3148284912109375 0.026153564453125 0.0608856201171875
1 0.0489501953125 0.79129638671875 0.03662109375 0.0582855224609375
1 0.234375 0.315045166015625 0.0236968994140625 0.07713623046875
1 0.97900390625 0.92996826171875 0.038116455078125 0.06727752685546876
1 0.62060546875 0.1124542236328125 0.01384735107421875 0.06500244140625
1 0.1263427734375 0.2641265869140625 0.02337646484375 0.0483184814453125
1 0.68359375 0.360113525390625 0.027801513671875 0.0626190185546875
1 0.61328125 0.4209991455078125 0.0224609375 0.061914825439453126
1 0.06451416015625 0.6257568359375 0.03790283203125 0.05311241149902344
1 0.72509765625 0.3334625244140625 0.01971435546875 0.0693359375
1 0.1279296875 0.1930572509765625 0.021820068359375 0.04504127502441406
1 0.421142578125 0.26260986328125 0.0185394287109375 0.04284744262695313
1 0.5703125 0.2686767578125 0.0185394287109375 0.05232696533203125
1 0.8701171875 0.478851318359375 0.02880859375 0.048399734497070315
1 0.69970703125 0.30767822265625 0.02191162109375 0.07036514282226562
1 0.030853271484375 0.19403228759765626 0.0209197998046875 0.05414161682128906
1 0.76806640625 0.30594482421875 0.020294189453125 0.06223983764648437
0 0.07806396484375 0.535186767578125 0.045257568359375 0.05029563903808594
0 0.32080078125 0.477984619140625 0.0411376953125 0.059748077392578126
0 0.74609375 0.704193115234375 0.037109375 0.0686859130859375
1 0.2286376953125 0.388714599609375 0.0217742919921875 0.03932647705078125
0 0.6105061721602765 0.490985107421875 0.04037884715701629 0.06576080322265618