1 0.9700052164840898 0.3736111111111111 0.037037037037037035 0.06574074074074074
0 0.6752738654147105 0.5527777777777778 0.053208137715179966 0.049074074074074076
0 0.9154929577464789 0.4425925925925926 0.05581637976004173 0.041666666666666664
1 0.29003651538862807 0.35 0.02764736567553469 0.06296296296296296
0 0.6064162754303599 0.4912037037037037 0.051643192488262914 0.04537037037037037
1 0.3779342723004695 0.674074074074074 0.027125717266562335 0.06111111111111111
0 0.29290558163797603 0.49537037037037035 0.050078247261345854 0.041666666666666664
0 0.03468961919666145 0.5722222222222222 0.06364110589462701 0.049074074074074076
1 0.8406364110589463 0.8101851851851852 0.03234220135628586 0.05555555555555555
0 0.798904538341158 0.4287037037037037 0.04538341158059468 0.04351851851851852
0 0.5485133020344288 0.5800925925925926 0.030777256129368807 0.058333333333333334
1 0.5052164840897235 0.8388888888888889 0.03025560772039645 0.06388888888888888
1 0.8677621283255086 0.2912037037037037 0.029212310902451747 0.062037037037037036
1 0.34376630151278037 0.1912037037037037 0.02034428794992175 0.06944444444444445
1 0.31637976004173185 0.37083333333333335 0.023995826812728223 0.06944444444444445
1 0.908189880020866 0.6324074074074074 0.036515388628064686 0.058333333333333334
1 0.1927490871152843 0.4115740740740741 0.029212310902451747 0.06018518518518518
0 0.9110589462702139 0.5254629629629629 0.029212310902451747 0.05092592592592592
1 0.13380281690140844 0.42314814814814816 0.024517475221700575 0.07314814814814814
1 0.6249347939488784 0.4060185185185185 0.022430881585811163 0.06296296296296296
1 0.07668231611893583 0.7680555555555556 0.03808033385498174 0.05462962962962963
1 0.8479394887845592 0.8787037037037037 0.03234220135628586 0.053703703703703705
1 0.5868544600938967 0.2537037037037037 0.022430881585811163 0.06481481481481481
1 0.11476264997391758 0.15601851851851853 0.02034428794992175 0.062037037037037036
1 0.5013041210224308 0.3902777777777778 0.023995826812728223 0.06018518518518518
1 0.676056338028169 0.30787037037037035 0.03025560772039645 0.06944444444444445
1 0.24074074074074073 0.6453703703703704 0.028690662493479395 0.08055555555555556
1 0.7926447574334898 0.2912037037037037 0.02138758476786646 0.05092592592592592
1 0.9522691705790297 0.3300925925925926 0.03286384976525822 0.06296296296296296
1 0.9285341679707877 0.5638888888888889 0.026604068857589983 0.058333333333333334
1 0.17866458007303077 0.36574074074074076 0.022430881585811163 0.0712962962962963
0 0.9499217527386542 0.512962962962963 0.0505998956703182 0.040740740740740744
1 0.39149713093375066 0.22916666666666666 0.02034428794992175 0.05462962962962963
0 0.8980177360459051 0.6662037037037037 0.053208137715179966 0.041666666666666664
1 0.4254042775169536 0.2490740740740741 0.017214397496087636 0.05092592592592592
1 0.9480959833072509 0.7805555555555556 0.0406885758998435 0.05185185185185185
1 0.05712050078247261 0.28703703703703703 0.03338549817423057 0.06296296296296296
1 0.34533124673969745 0.38842592592592595 0.03129890453834116 0.041666666666666664
1 0.6880542514345331 0.2212962962962963 0.027125717266562335 0.06018518518518518
1 0.2553468961919666 0.39490740740740743 0.029212310902451747 0.05277777777777778
0 0.47861241523213355 0.5277777777777778 0.040166927490871154 0.058333333333333334
1 0.5803338549817423 0.3773148148148148 0.020865936358894107 0.05648148148148148
0 0.28325508607198746 0.3287037037037037 0.05112154407929056 0.037037037037037035
1 0.4989567031820553 0.28703703703703703 0.02556077203964528 0.06296296296296296
1 0.9160146061554513 0.7416666666666667 0.038601982263954095 0.058333333333333334
1 0.8664580073030778 0.225 0.03286384976525822 0.06111111111111111
1 0.05607720396452791 0.8384259259259259 0.03338549817423057 0.06111111111111111
1 0.14162754303599373 0.3509259259259259 0.020865936358894107 0.07592592592592592
0 0.7811684924360981 0.5611111111111111 0.048513302034428794 0.06018518518518518
1 0.29786124152321336 0.27314814814814814 0.02190923317683881 0.06666666666666667
1 0.7112676056338029 0.2708333333333333 0.024517475221700575 0.05555555555555555
1 0.8523735002608243 0.9550925925925926 0.03234220135628586 0.05648148148148148
1 0.9235785080855503 0.7013888888888888 0.028690662493479395 0.058333333333333334
1 0.912623891497131 0.3013888888888889 0.02556077203964528 0.05277777777777778
1 0.3393322900365154 0.42083333333333334 0.028690662493479395 0.05277777777777778
1 0.7125717266562337 0.2023148148148148 0.02190923317683881 0.06481481481481481
1 0.1572769953051643 0.1398148148148148 0.022430881585811163 0.06296296296296296
1 0.09859154929577464 0.3277777777777778 0.03442879499217527 0.05740740740740741
1 0.4590505998956703 0.8185185185185185 0.029212310902451747 0.04814814814814815
1 0.7013562858633281 0.35462962962962963 0.024517475221700575 0.062037037037037036
1 0.9551382368283776 0.2828703703703704 0.029212310902451747 0.06574074074074074
1 0.28455920709441834 0.21666666666666667 0.02034428794992175 0.05740740740740741
1 0.5401669274908711 0.36527777777777776 0.025039123630672927 0.04537037037037037
1 0.5824204486176318 0.8893518518518518 0.028169014084507043 0.05462962962962963
1 0.5615545122587376 0.8027777777777778 0.020865936358894107 0.05462962962962963
1 0.9835680751173709 0.15833333333333333 0.030777256129368807 0.03981481481481482
1 0.5912884715701617 0.8490740740740741 0.03442879499217527 0.05
1 0.3129890453834116 0.09490740740740741 0.024517475221700575 0.06111111111111111
1 0.4692227438706312 0.2791666666666667 0.018257694314032343 0.05925925925925926
1 0.758998435054773 0.1925925925925926 0.020865936358894107 0.06296296296296296
1 0.5803338549817423 0.7513888888888889 0.024517475221700575 0.06481481481481481
0 0.989567031820553 0.45694444444444443 0.020865936358894107 0.03425925925925926
1 0.2871674491392801 0.1736111111111111 0.03129890453834116 0.03888888888888889
1 0.22404799165362546 0.19444444444444445 0.020865936358894107 0.06111111111111111
1 0.04747000521648409 0.4324074074074074 0.03547209181011998 0.04537037037037037
1 0.16562336984872197 0.9421296296296297 0.03755868544600939 0.06574074074074074
1 0.01617110067814293 0.1375 0.023995826812728223 0.07592592592592592
1 0.8980177360459051 0.19953703703703704 0.03234220135628586 0.06574074074074074
1 0.44861763171622326 0.3726851851851852 0.026604068857589983 0.05092592592592592
1 0.6194574856546687 0.30324074074074076 0.02764736567553469 0.06388888888888888
1 0.1992696922274387 0.22685185185185186 0.02190923317683881 0.06666666666666667
1 0.36958789775691187 0.10740740740740741 0.018779342723004695 0.058333333333333334
1 0.9700052164840898 0.18888888888888888 0.01564945226917058 0.04351851851851852
1 0.4384454877412624 0.3287037037037037 0.018779342723004695 0.04814814814814815
1 0.05033907146583203 0.4726851851851852 0.03338549817423057 0.05
1 0.04042775169535733 0.22824074074074074 0.03025560772039645 0.03611111111111111
1 0.6275430359937402 0.2708333333333333 0.0198226395409494 0.058333333333333334