1 0.4525299947835159 0.6606481481481481 0.03234220135628586 0.05277777777777778
1 0.28377673448095986 0.9004629629629629 0.036515388628064686 0.06388888888888888
1 0.5185185185185185 0.6847222222222222 0.03025560772039645 0.05555555555555555
1 0.19666145018257694 0.8398148148148148 0.03755868544600939 0.06111111111111111
1 0.625717266562337 0.30092592592592593 0.023995826812728223 0.0712962962962963
1 0.42566510172143973 0.8412037037037037 0.03182055294731351 0.07962962962962963
1 0.48643714136671884 0.6342592592592593 0.027125717266562335 0.062037037037037036
0 0.7436098069900887 0.5370370370370371 0.057902973395931145 0.04351851851851852
0 0.5826812728221179 0.5273148148148148 0.048513302034428794 0.04537037037037037
0 0.3302034428794992 0.5597222222222222 0.04121022430881586 0.03981481481481482
0 0.5007824726134585 0.5560185185185185 0.048513302034428794 0.04814814814814815
1 0.2798643714136672 0.7199074074074074 0.029212310902451747 0.06388888888888888
1 0.48643714136671884 0.7611111111111111 0.02608242044861763 0.06296296296296296
1 0.2743870631194575 0.7824074074074074 0.02608242044861763 0.06481481481481481
1 0.18648930620761606 0.5472222222222223 0.028169014084507043 0.058333333333333334
0 0.38914971309337504 0.6106481481481482 0.04329681794470527 0.06018518518518518
0 0.8575899843505478 0.4962962962962963 0.051643192488262914 0.044444444444444446
1 0.10485133020344288 0.3861111111111111 0.03234220135628586 0.062037037037037036
1 0.6309337506520605 0.836574074074074 0.03547209181011998 0.06481481481481481
0 0.10693792383933229 0.6282407407407408 0.05581637976004173 0.05
1 0.014345331246739697 0.837037037037037 0.028690662493479395 0.05740740740740741
0 0.4238393322900365 0.5199074074074074 0.0297339593114241 0.05648148148148148
1 0.9306207616066771 0.6259259259259259 0.03234220135628586 0.06111111111111111
1 0.5140845070422535 0.26481481481481484 0.02764736567553469 0.05277777777777778
1 0.5787689097548252 0.40046296296296297 0.020865936358894107 0.05555555555555555
0 0.13928012519561817 0.5939814814814814 0.05425143453312467 0.049074074074074076
1 0.2842983828899322 0.45787037037037037 0.027125717266562335 0.06944444444444445
1 0.19535732916014606 0.9481481481481482 0.037037037037037035 0.05925925925925926
1 0.7206572769953051 0.34953703703703703 0.037037037037037035 0.07037037037037037
1 0.01564945226917058 0.337037037037037 0.03025560772039645 0.06666666666666667
1 0.099113197704747 0.6925925925925925 0.03547209181011998 0.07962962962962963
1 0.010432968179447054 0.8731481481481481 0.020865936358894107 0.06851851851851852
0 0.8153364632237872 0.41944444444444445 0.044861763171622326 0.05555555555555555
1 0.6684924360980699 0.21666666666666667 0.01773604590505999 0.06111111111111111
1 0.7882107459572248 0.22037037037037038 0.029212310902451747 0.06574074074074074
1 0.48330725091288473 0.37592592592592594 0.027125717266562335 0.05092592592592592
1 0.5461658841940532 0.6328703703703704 0.03338549817423057 0.06666666666666667
1 0.2939488784559207 0.1476851851851852 0.017214397496087636 0.06018518518518518
1 0.6885758998435054 0.29814814814814816 0.026604068857589983 0.06018518518518518
1 0.5065206051121544 0.3287037037037037 0.02034428794992175 0.06666666666666667
1 0.34220135628586335 0.6990740740740741 0.024517475221700575 0.05648148148148148
1 0.35654668753260305 0.38287037037037036 0.023474178403755867 0.06666666666666667
1 0.454094940010433 0.32407407407407407 0.02138758476786646 0.07037037037037037
1 0.7475221700573813 0.6208333333333333 0.028690662493479395 0.05740740740740741
1 0.42775169535732915 0.787962962962963 0.029212310902451747 0.06388888888888888
1 0.19327073552425664 0.2490740740740741 0.025039123630672927 0.05555555555555555
1 0.051643192488262914 0.8925925925925926 0.029212310902451747 0.05277777777777778
1 0.054773082942097026 0.2810185185185185 0.022952529994783515 0.06574074074074074
1 0.5508607198748043 0.9689814814814814 0.03390714658320292 0.053703703703703705
1 0.865414710485133 0.9671296296296297 0.0297339593114241 0.053703703703703705
1 0.8643714136671883 0.21805555555555556 0.028690662493479395 0.058333333333333334
1 0.7683881064162754 0.28055555555555556 0.027125717266562335 0.07407407407407407
1 0.015127803860198226 0.27175925925925926 0.024517475221700575 0.07314814814814814
1 0.41366718831507565 0.39351851851851855 0.027125717266562335 0.06851851851851852
1 0.5432968179447053 0.913425925925926 0.0297339593114241 0.06018518518518518
1 0.21439749608763695 0.36898148148148147 0.028690662493479395 0.04722222222222222
1 0.8109024517475222 0.34629629629629627 0.020865936358894107 0.05092592592592592
1 0.9587897756911842 0.32083333333333336 0.029212310902451747 0.05740740740740741
1 0.2094418362023996 0.44027777777777777 0.0297339593114241 0.06574074074074074
1 0.8229003651538863 0.2675925925925926 0.03182055294731351 0.06481481481481481
1 0.9334898278560251 0.2152777777777778 0.0198226395409494 0.053703703703703705
1 0.1444966092853417 0.9638888888888889 0.037037037037037035 0.06388888888888888
1 0.049817423056859676 0.9453703703703704 0.03390714658320292 0.058333333333333334
1 0.260302556077204 0.2125 0.022952529994783515 0.06388888888888888
1 0.11658841940532082 0.362962962962963 0.02764736567553469 0.06481481481481481
1 0.09024517475221701 0.2569444444444444 0.022952529994783515 0.05462962962962963
1 0.9269692227438706 0.32546296296296295 0.03025560772039645 0.046296296296296294
1 0.3080333854981742 0.23981481481481481 0.02138758476786646 0.04537037037037037
1 0.44522691705790296 0.6967592592592593 0.02608242044861763 0.03425925925925926
1 0.42331768388106417 0.36064814814814816 0.01617110067814293 0.06018518518518518
1 0.27829942618675013 0.30092592592592593 0.023995826812728223 0.0787037037037037
1 0.3797600417318727 0.11666666666666667 0.01564945226917058 0.05925925925925926
1 0.7850808555033907 0.17824074074074073 0.02608242044861763 0.06296296296296296
1 0.9050599895670318 0.3472222222222222 0.026604068857589983 0.05277777777777778
1 0.34820031298904536 0.2439814814814815 0.019300991131977047 0.05277777777777778
1 0.9540949400104329 0.21342592592592594 0.02190923317683881 0.075
1 0.4306207616066771 0.23287037037037037 0.02608242044861763 0.07222222222222222
1 0.724830464267084 0.2273148148148148 0.023474178403755867 0.06574074074074074
1 0.15284298382889933 0.35185185185185186 0.018257694314032343 0.06481481481481481
1 0.9003651538862807 0.27037037037037037 0.02608242044861763 0.053703703703703705
1 0.05268648930620762 0.18009259259259258 0.0297339593114241 0.06296296296296296
1 0.10067814293166406 0.19166666666666668 0.026604068857589983 0.09259259259259259
1 0.45957224830464266 0.1935185185185185 0.023995826812728223 0.07037037037037037
1 0.5070422535211268 0.7060185185185185 0.018779342723004695 0.058333333333333334
1 0.1958789775691184 0.5050925925925925 0.02034428794992175 0.03611111111111111
1 0.9486176317162233 0.17916666666666667 0.018257694314032343 0.05277777777777778
1 0.35159102764736566 0.20185185185185187 0.028690662493479395 0.03611111111111111
1 0.7733437663015128 0.15694444444444444 0.028169014084507043 0.044444444444444446
1 0.7076160667709963 0.19444444444444445 0.022430881585811163 0.040740740740740744
1 0.2861241523213354 0.42314814814814816 0.03025560772039645 0.03611111111111111
1 0.19640062597809077 0.30185185185185187 0.022430881585811163 0.062037037037037036
1 0.17344809598330724 0.3921296296296296 0.022952529994783515 0.04351851851851852
1 0.5881585811163276 0.3611111111111111 0.03025560772039645 0.03796296296296296
1 0.39932185706833595 0.22546296296296298 0.014606155451225874 0.05555555555555555
1 0.3873239436619718 0.2537037037037037 0.02190923317683881 0.05
1 0.37506520605112154 0.2814814814814815 0.018257694314032343 0.05185185185185185
1 0.4032342201356286 0.28194444444444444 0.01773604590505999 0.04722222222222222
1 0.5722483046426708 0.2726851851851852 0.02190923317683881 0.05740740740740741
1 0.24021909233176839 0.17824074074074073 0.016692749087115284 0.05555555555555555
1 0.40714658320292124 0.31574074074074077 0.019300991131977047 0.05555555555555555
1 0.2016171100678143 0.4722222222222222 0.03390714658320292 0.04259259259259259
1 0.31011997913406364 0.20462962962962963 0.027125717266562335 0.03518518518518519
1 0.9139280125195618 0.23472222222222222 0.028169014084507043 0.03518518518518519
1 0.8748043818466353 0.15092592592592594 0.018257694314032343 0.058333333333333334