0 0.20859375 0.3768518518518518 0.04791666666666667 0.046296296296296294
0 0.48098958333333336 0.40879629629629627 0.0484375 0.04259259259259259
0 0.2515625 0.5120370370370371 0.04895833333333333 0.04351851851851852
0 0.29010416666666666 0.41898148148148145 0.046875 0.04537037037037037
0 0.928125 0.5592592592592592 0.052083333333333336 0.05740740740740741
0 0.6309895833333333 0.5444444444444444 0.05 0.041666666666666664
0 0.7880208333333333 0.4861111111111111 0.050520833333333334 0.041666666666666664
0 0.48880208333333336 0.6287037037037037 0.0515625 0.058333333333333334
0 0.9268229166666667 0.3138888888888889 0.05364583333333333 0.040740740740740744
0 0.07760416666666667 0.42083333333333334 0.04895833333333333 0.041666666666666664
0 0.7002604166666667 0.5157407407407407 0.051041666666666666 0.046296296296296294
0 0.38385416666666666 0.5601851851851852 0.046875 0.04351851851851852
0 0.8158854166666667 0.4050925925925926 0.028645833333333332 0.044444444444444446
0 0.8158854166666667 0.31527777777777777 0.020833333333333332 0.058333333333333334
0 0.18645833333333334 0.5847222222222223 0.044270833333333336 0.05462962962962963
0 0.4390625 0.1476851851851852 0.019270833333333334 0.06666666666666667