0 0.81005859375 0.3621961805555556 0.050048828125 0.04554578993055555
0 0.123046875 0.4943576388888889 0.054901123046875 0.0498046875
0 0.810546875 0.2712673611111111 0.04620361328125 0.046061197916666664
1 0.7822265625 0.6328125 0.0294189453125 0.07313368055555555
0 0.5986328125 0.3899739583333333 0.0482177734375 0.04416232638888889
0 0.025177001953125 0.3908420138888889 0.046630859375 0.04383680555555555
0 0.53076171875 0.23567708333333334 0.0439453125 0.047661675347222224
0 0.0163421630859375 0.3116319444444444 0.03204345703125 0.03843858506944445
0 0.5908203125 0.4939236111111111 0.048126220703125 0.05848524305555555
0 0.521484375 0.5572916666666666 0.050323486328125 0.056315104166666664
0 0.89990234375 0.5151909722222222 0.057281494140625 0.049967447916666664
0 0.007175445556640625 0.2981770833333333 0.0142822265625 0.052897135416666664
0 0.7838541666666667 0.5681216931216932 0.057291666666666664 0.05158730158730165
1 0.8028273809523813 0.6441798941798943 0.020833333333333332 0.07671957671957674