1 0.5087890625 0.89356689453125 0.034942626953125 0.06099395751953125
1 0.98388671875 0.19576568603515626 0.028167724609375 0.09067840576171875
1 0.61962890625 0.813397216796875 0.034423828125 0.06099395751953125
0 0.8837890625 0.6084228515625 0.05889892578125 0.0461517333984375
0 0.458984375 0.588922119140625 0.049224853515625 0.04496002197265625
1 0.357421875 0.612322998046875 0.033843994140625 0.05384368896484375
1 0.556640625 0.722393798828125 0.022247314453125 0.06240234375
1 0.34619140625 0.681658935546875 0.0323486328125 0.05311241149902344
0 0.66943359375 0.541253662109375 0.047882080078125 0.047397613525390625
0 0.8759765625 0.5460205078125 0.058135986328125 0.04157447814941406
0 0.48583984375 0.5148193359375 0.046112060546875 0.051622772216796876
1 0.2191162109375 0.82769775390625 0.036712646484375 0.061914825439453126
0 0.1929931640625 0.473651123046875 0.030914306640625 0.050566482543945315
0 0.61962890625 0.568121337890625 0.04534912109375 0.05251655578613281
0 0.173095703125 0.42381591796875 0.037750244140625 0.051839447021484374
1 0.1048583984375 0.57808837890625 0.033660888671875 0.059748077392578126
1 0.256103515625 0.95943603515625 0.029205322265625 0.0582855224609375
1 0.26904296875 0.57462158203125 0.0287017822265625 0.06077728271484375
1 0.953125 0.305511474609375 0.0271148681640625 0.06787338256835937
1 0.317138671875 0.63009033203125 0.023101806640625 0.06299819946289062
1 0.224365234375 0.28687744140625 0.029541015625 0.0656524658203125
1 0.488525390625 0.6812255859375 0.02630615234375 0.0565521240234375
1 0.08154296875 0.33541259765625 0.0316162109375 0.06749420166015625
1 0.343994140625 0.235308837890625 0.018341064453125 0.06343154907226563
0 0.6220703125 0.49921875 0.0489501953125 0.03994941711425781
1 0.884765625 0.17713165283203125 0.0306243896484375 0.0712860107421875
1 0.276123046875 0.904833984375 0.03173828125 0.057635498046875
1 0.748046875 0.294244384765625 0.0305633544921875 0.06489410400390624
1 0.779296875 0.780462646484375 0.0271148681640625 0.054439544677734375
1 0.314453125 0.3048614501953125 0.02203369140625 0.06440658569335937
1 0.59619140625 0.33194580078125 0.020721435546875 0.05311241149902344
1 0.78662109375 0.1436553955078125 0.0292510986328125 0.06223983764648437
1 0.402099609375 0.78436279296875 0.031982421875 0.062023162841796875
1 0.376708984375 0.74189453125 0.019561767578125 0.0647857666015625
1 0.759765625 0.871466064453125 0.0305023193359375 0.05384368896484375
1 0.2646484375 0.3655303955078125 0.02069091796875 0.0565521240234375
1 0.1153564453125 0.20226593017578126 0.0280609130859375 0.06489410400390624
1 0.443115234375 0.2927276611328125 0.0220794677734375 0.06007308959960937
1 0.175537109375 0.2277252197265625 0.0245208740234375 0.062835693359375
1 0.986328125 0.3005279541015625 0.02691650390625 0.08249893188476562
1 0.61669921875 0.9273681640625 0.02886962890625 0.048968505859375
1 0.78662109375 0.322845458984375 0.0220794677734375 0.0639190673828125
1 0.56298828125 0.770928955078125 0.019561767578125 0.06018142700195313
1 0.68896484375 0.3711639404296875 0.0269622802734375 0.06603164672851562
1 0.7734375 0.90743408203125 0.02886962890625 0.05384368896484375
1 0.5634765625 0.27127685546875 0.020416259765625 0.06944427490234376
1 0.39599609375 0.86063232421875 0.02886962890625 0.057635498046875
1 0.07666015625 0.27474365234375 0.0240020751953125 0.05579376220703125
1 0.41650390625 0.3464630126953125 0.0233306884765625 0.0578521728515625
1 0.8740234375 0.327178955078125 0.027587890625 0.06007308959960937
1 0.485107421875 0.3013946533203125 0.01525115966796875 0.0556854248046875
1 0.59814453125 0.2441925048828125 0.0189056396484375 0.05213737487792969
1 0.6162109375 0.19706573486328124 0.0216217041015625 0.05322074890136719
1 0.6357421875 0.3616302490234375 0.0258636474609375 0.046422576904296874
1 0.916015625 0.391314697265625 0.03271484375 0.06538162231445313
1 0.63330078125 0.24527587890625 0.0208892822265625 0.061102294921875
1 0.1927490234375 0.2012908935546875 0.0253753662109375 0.05806884765625
1 0.461181640625 0.3518798828125 0.018402099609375 0.06700668334960938
1 0.63671875 0.9551025390625 0.036224365234375 0.06240234375
1 0.5478515625 0.3802642822265625 0.029144287109375 0.03957023620605469
1 0.22509765625 0.1787567138671875 0.0209197998046875 0.05806884765625
1 0.8740234375 0.47235107421875 0.0274810791015625 0.058935546875
1 0.03253173828125 0.16304779052734375 0.021087646484375 0.057635498046875
1 0.6171875 0.4123321533203125 0.0177764892578125 0.06099395751953125
1 0.342041015625 0.34927978515625 0.0194244384765625 0.04869766235351562
1 0.06646728515625 0.21049957275390624 0.0213623046875 0.06240234375
1 0.296142578125 0.243975830078125 0.018829345703125 0.05262489318847656
1 0.365234375 0.283843994140625 0.024749755859375 0.065869140625
1 0.404541015625 0.3724639892578125 0.0169830322265625 0.06527328491210938
1 0.74609375 0.1713897705078125 0.0232391357421875 0.08509902954101563
1 0.39453125 0.328912353515625 0.0163421630859375 0.0556854248046875
1 0.66552734375 0.3187286376953125 0.029815673828125 0.058502197265625
1 0.30029296875 0.20161590576171876 0.019378662109375 0.056768798828125
1 0.84814453125 0.37701416015625 0.027435302734375 0.06624832153320312
1 0.72216796875 0.67342529296875 0.0285491943359375 0.0738861083984375
1 0.61865234375 0.09441604614257812 0.018829345703125 0.04777679443359375
0 0.10125732421875 0.2548095703125 0.038330078125 0.03957023620605469
1 0.5517578125 0.412982177734375 0.02484130859375 0.06418991088867188
1 0.73876953125 0.2398590087890625 0.0287628173828125 0.0626190185546875
1 0.615234375 0.4697509765625 0.0219879150390625 0.04555587768554688
1 0.9140625 0.3234954833984375 0.0310821533203125 0.050078964233398436
1 0.66552734375 0.09495773315429687 0.0205230712890625 0.060289764404296876
1 0.0196075439453125 0.3234954833984375 0.029205322265625 0.04436416625976562
1 0.61328125 0.51915283203125 0.02508544921875 0.06538162231445313
1 0.0112457275390625 0.246142578125 0.02215576171875 0.06841506958007812
1 0.9873046875 0.637457275390625 0.0245208740234375 0.041980743408203125
1 0.91943359375 0.287310791015625 0.0282745361328125 0.03948898315429687
1 0.7109375 0.308111572265625 0.0215301513671875 0.03472213745117188
1 0.98486328125 0.07220687866210937 0.0177764892578125 0.07101516723632813
1 0.63427734375 0.32327880859375 0.03271484375 0.047505950927734374
1 0.798828125 0.25654296875 0.01763916015625 0.06548995971679687