1 0.5550339071465832 0.6351851851851852 0.024517475221700575 0.05925925925925926
1 0.37167449139280123 0.6518518518518519 0.02764736567553469 0.05740740740740741
1 0.3646322378716745 0.8819444444444444 0.020865936358894107 0.06388888888888888
1 0.4063641105894627 0.02824074074074074 0.03234220135628586 0.049074074074074076
1 0.7099634846113719 0.7060185185185185 0.018779342723004695 0.05462962962962963
0 0.2094418362023996 0.44675925925925924 0.054773082942097026 0.044444444444444446
0 0.3604590505998957 0.43287037037037035 0.05216484089723526 0.06111111111111111
1 0.31794470526864893 0.5421296296296296 0.026604068857589983 0.06388888888888888
1 0.33541992696922274 0.5902777777777778 0.02556077203964528 0.06666666666666667
1 0.715962441314554 0.7532407407407408 0.02034428794992175 0.05
1 0.8500260824204486 0.17083333333333334 0.02034428794992175 0.06574074074074074
1 0.41705790297339596 0.7467592592592592 0.022952529994783515 0.07037037037037037
1 0.3951486697965571 0.6912037037037037 0.026604068857589983 0.06018518518518518
1 0.1507563901930099 0.7796296296296297 0.020865936358894107 0.06666666666666667
1 0.45748565466875324 0.7412037037037037 0.02190923317683881 0.06481481481481481
1 0.23135106937923838 0.5675925925925925 0.03182055294731351 0.053703703703703705
1 0.11424100156494522 0.21342592592592594 0.03129890453834116 0.062037037037037036
1 0.3369848721961398 0.8925925925925926 0.01617110067814293 0.07407407407407407
1 0.22665623369848723 0.6958333333333333 0.025039123630672927 0.05462962962962963
1 0.699791340636411 0.6685185185185185 0.020865936358894107 0.06296296296296296
1 0.23839332290036516 0.7555555555555555 0.029212310902451747 0.07037037037037037
1 0.01278038601982264 0.6592592592592592 0.02556077203964528 0.062037037037037036
1 0.8562858633281168 0.6601851851851852 0.029212310902451747 0.05925925925925926
1 0.38471570161711005 0.8069444444444445 0.022952529994783515 0.07037037037037037
1 0.10146061554512259 0.7893518518518519 0.02190923317683881 0.06018518518518518
1 0.1585811163275952 0.07592592592592592 0.03129890453834116 0.053703703703703705
1 0.30333854981742303 0.5777777777777777 0.020865936358894107 0.06851851851851852
1 0.11763171622326551 0.625462962962963 0.023474178403755867 0.06388888888888888
1 0.8802816901408451 0.7018518518518518 0.023995826812728223 0.05555555555555555
1 0.704225352112676 0.7666666666666667 0.024517475221700575 0.05185185185185185
1 0.43740219092331767 0.65 0.022952529994783515 0.05185185185185185
1 0.07068335941575378 0.49537037037037035 0.03286384976525822 0.06296296296296296
1 0.5245174752217006 0.7083333333333334 0.02556077203964528 0.05462962962962963
1 0.21387584767866458 0.1699074074074074 0.02608242044861763 0.05648148148148148
1 0.8377673448095984 0.7560185185185185 0.022952529994783515 0.06388888888888888
1 0.8127282211789254 0.725 0.026604068857589983 0.053703703703703705
1 0.1288471570161711 0.5731481481481482 0.02190923317683881 0.06574074074074074
1 0.18857589984350548 0.7736111111111111 0.023474178403755867 0.06388888888888888
0 0.5299947835159102 0.2847222222222222 0.0505998956703182 0.046296296296296294
1 0.09233176838810642 0.7050925925925926 0.02608242044861763 0.06018518518518518
1 0.059989567031820554 0.799074074074074 0.026604068857589983 0.07314814814814814
1 0.19327073552425664 0.6356481481481482 0.023995826812728223 0.06388888888888888
1 0.7819509650495566 0.7194444444444444 0.022430881585811163 0.05925925925925926
1 0.0297339593114241 0.5504629629629629 0.028690662493479395 0.06481481481481481
1 0.3051643192488263 0.6268518518518519 0.0198226395409494 0.05277777777777778
1 0.4204486176317162 0.8916666666666667 0.015127803860198226 0.06296296296296296
1 0.3729786124152321 0.7444444444444445 0.01564945226917058 0.07222222222222222
1 0.8163797600417319 0.8226851851851852 0.022430881585811163 0.06111111111111111
1 0.20500782472613457 0.13472222222222222 0.023474178403755867 0.05740740740740741
1 0.06546687532603025 0.5949074074074074 0.038601982263954095 0.06851851851851852
1 0.1210224308815858 0.23935185185185184 0.027125717266562335 0.05740740740740741
1 0.2983828899321857 0.7675925925925926 0.02608242044861763 0.06296296296296296
1 0.414188836724048 0.7893518518518519 0.018257694314032343 0.03981481481481482
1 0.9574856546687532 0.7587962962962963 0.028169014084507043 0.06111111111111111
0 0.7300469483568075 0.5509259259259259 0.053208137715179966 0.05092592592592592
1 0.8698487219613981 0.021296296296296296 0.02608242044861763 0.040740740740740744
1 0.7910798122065728 0.8305555555555556 0.023995826812728223 0.06111111111111111
1 0.39123630672926446 0.9138888888888889 0.011997913406364111 0.06111111111111111
0 0.9770474700052165 0.49722222222222223 0.04590505998956703 0.04814814814814815
1 0.9540949400104329 0.6962962962962963 0.028690662493479395 0.04814814814814815
1 0.5821596244131455 0.11574074074074074 0.022952529994783515 0.058333333333333334
1 0.1421491914449661 0.6111111111111112 0.03025560772039645 0.06018518518518518
0 0.6575378195096505 0.6050925925925926 0.04538341158059468 0.058333333333333334
0 0.6695357329160146 0.32731481481481484 0.05581637976004173 0.0712962962962963
0 0.8774126238914971 0.3111111111111111 0.05372978612415232 0.06018518518518518
1 0.8359415753781951 0.19768518518518519 0.036515388628064686 0.04814814814814815
1 0.11058946270213876 0.13564814814814816 0.03129890453834116 0.06759259259259259