0 0.67734375 0.3337962962962963 0.05260416666666667 0.04259259259259259
0 0.6583333333333333 0.43796296296296294 0.04895833333333333 0.04351851851851852
0 0.39453125 0.6037037037037037 0.043229166666666666 0.044444444444444446
0 0.7557291666666667 0.5740740740740741 0.040625 0.06388888888888888
0 0.17734375 0.5291666666666667 0.050520833333333334 0.044444444444444446
0 0.7455729166666667 0.3907407407407407 0.04739583333333333 0.041666666666666664
0 0.17864583333333334 0.6291666666666667 0.04895833333333333 0.04351851851851852
0 0.52578125 0.6416666666666667 0.04583333333333333 0.04259259259259259
0 0.4 0.37962962962962965 0.051041666666666666 0.046296296296296294
0 0.51640625 0.48657407407407405 0.051041666666666666 0.04537037037037037
0 0.05026041666666667 0.4425925925925926 0.05260416666666667 0.04351851851851852
0 0.6869791666666667 0.6453703703703704 0.0484375 0.041666666666666664
0 0.7125 0.4837962962962963 0.0484375 0.046296296296296294
0 0.6010416666666667 0.5694444444444444 0.050520833333333334 0.04351851851851852
0 0.6075520833333333 0.5064814814814815 0.0484375 0.041666666666666664
0 0.34479166666666666 0.7222222222222222 0.041666666666666664 0.04259259259259259
0 0.7830729166666667 0.6694444444444444 0.04583333333333333 0.037037037037037035
0 0.81328125 0.26157407407407407 0.0546875 0.04814814814814815
0 0.0203125 0.5152777777777777 0.040625 0.041666666666666664
0 0.5169270833333334 0.42777777777777776 0.05260416666666667 0.04259259259259259
0 0.59453125 0.6925925925925925 0.029166666666666667 0.04259259259259259
0 0.3125 0.2814814814814815 0.05520833333333333 0.06388888888888888