0 0.7670839853938446 0.4425925925925926 0.053208137715179966 0.041666666666666664
0 0.6940532081377152 0.47824074074074074 0.051643192488262914 0.044444444444444446
0 0.5552947313510693 0.38333333333333336 0.03129890453834116 0.07222222222222222
0 0.758998435054773 0.5152777777777777 0.053208137715179966 0.049074074074074076
0 0.5013041210224308 0.4791666666666667 0.02556077203964528 0.05740740740740741
1 0.05268648930620762 0.7236111111111111 0.024517475221700575 0.06111111111111111
0 0.08450704225352113 0.637962962962963 0.05112154407929056 0.044444444444444446
0 0.29786124152321336 0.4675925925925926 0.04277516953573292 0.058333333333333334
1 0.9637454355764214 0.6421296296296296 0.03234220135628586 0.06388888888888888
1 0.27829942618675013 0.6712962962962963 0.03338549817423057 0.0787037037037037
1 0.971830985915493 0.7398148148148148 0.041731872717788214 0.05925925925925926
1 0.04538341158059468 0.15 0.044861763171622326 0.07407407407407407
1 0.9345331246739698 0.700925925925926 0.04329681794470527 0.06018518518518518
1 0.5380803338549818 0.27685185185185185 0.017214397496087636 0.05925925925925926
1 0.3455920709441836 0.6884259259259259 0.02764736567553469 0.07037037037037037
1 0.41158059467918623 0.6092592592592593 0.022952529994783515 0.05462962962962963
1 0.07668231611893583 0.6680555555555555 0.028169014084507043 0.06944444444444445
1 0.04434011476264997 0.8467592592592592 0.030777256129368807 0.06666666666666667
1 0.7709963484611372 0.6703703703703704 0.03286384976525822 0.06666666666666667
1 0.763432446531038 0.5523148148148148 0.02764736567553469 0.07962962962962963
1 0.056598852373500264 0.7532407407407408 0.02190923317683881 0.06018518518518518
1 0.39801773604590507 0.7101851851851851 0.018257694314032343 0.06481481481481481
1 0.34089723526343246 0.8157407407407408 0.02190923317683881 0.06481481481481481
0 0.029212310902451747 0.37222222222222223 0.058424621804903494 0.04537037037037037
1 0.20657276995305165 0.8296296296296296 0.022430881585811163 0.07407407407407407
1 0.48643714136671884 0.5648148148148148 0.01564945226917058 0.06666666666666667
1 0.860980699008868 0.16157407407407406 0.03390714658320292 0.05462962962962963
1 0.4507042253521127 0.7578703703703704 0.018779342723004695 0.07222222222222222
1 0.6541471048513302 0.1361111111111111 0.03495044340114763 0.05185185185185185
1 0.12597809076682315 0.6064814814814815 0.028690662493479395 0.06018518518518518
1 0.30672926447574334 0.6759259259259259 0.018257694314032343 0.06759259259259259
1 0.5993740219092332 0.6587962962962963 0.028690662493479395 0.06759259259259259
1 0.523735002608242 0.712037037037037 0.018779342723004695 0.06481481481481481
1 0.41836202399582684 0.6319444444444444 0.020865936358894107 0.037037037037037035
1 0.9003651538862807 0.725462962962963 0.037037037037037035 0.05925925925925926
1 0.11476264997391758 0.7166666666666667 0.029212310902451747 0.06296296296296296
1 0.4736567553468962 0.7083333333333334 0.02138758476786646 0.06666666666666667
1 0.12936880542514345 0.8185185185185185 0.02556077203964528 0.06574074074074074
1 0.8262910798122066 0.7291666666666666 0.024517475221700575 0.06018518518518518
1 0.11267605633802817 0.674537037037037 0.026604068857589983 0.06574074074074074
1 0.3808033385498174 0.8856481481481482 0.026604068857589983 0.06388888888888888
1 0.8367240479916537 0.18518518518518517 0.03495044340114763 0.058333333333333334
1 0.09676577986437142 0.7763888888888889 0.026604068857589983 0.05925925925925926
1 0.19874804381846636 0.7537037037037037 0.03390714658320292 0.07037037037037037
1 0.17031820552947313 0.8481481481481481 0.02764736567553469 0.06574074074074074
1 0.9196661450182577 0.07361111111111111 0.03755868544600939 0.05555555555555555
1 0.6577986437141367 0.7333333333333333 0.026604068857589983 0.053703703703703705
1 0.8907146583202922 0.7532407407407408 0.03025560772039645 0.07037037037037037
1 0.9405320813771518 0.7125 0.018779342723004695 0.032407407407407406
1 0.25273865414710484 0.08009259259259259 0.027125717266562335 0.08611111111111111