1 0.43244653103808034 0.8018518518518518 0.036515388628064686 0.06111111111111111
1 0.06911841418883673 0.7694444444444445 0.03808033385498174 0.05925925925925926
1 0.2994261867501304 0.8731481481481481 0.03599374021909233 0.06111111111111111
0 0.42149191444966094 0.5986111111111111 0.054773082942097026 0.05277777777777778
0 0.10641627543035993 0.4078703703703704 0.0495565988523735 0.04722222222222222
0 0.3202921231090245 0.5101851851851852 0.051643192488262914 0.04814814814814815
1 0.14006259780907668 0.6388888888888888 0.03390714658320292 0.05185185185185185
1 0.582942097026604 0.8638888888888889 0.024517475221700575 0.058333333333333334
0 0.7003129890453834 0.5189814814814815 0.04225352112676056 0.07962962962962963
1 0.11137193531559729 0.6203703703703703 0.027125717266562335 0.058333333333333334
1 0.9791340636411059 0.15601851851851853 0.024517475221700575 0.06574074074074074
1 0.3821074595722483 0.7402777777777778 0.027125717266562335 0.06296296296296296
1 0.695357329160146 0.4152777777777778 0.022952529994783515 0.06388888888888888
0 0.5957224830464267 0.5083333333333333 0.040166927490871154 0.05925925925925926
1 0.7582159624413145 0.22777777777777777 0.023995826812728223 0.06666666666666667
1 0.690923317683881 0.26342592592592595 0.023995826812728223 0.06481481481481481
0 0.018779342723004695 0.4583333333333333 0.03755868544600939 0.04259259259259259
1 0.06416275430359937 0.587037037037037 0.03338549817423057 0.06759259259259259
0 0.10589462702138759 0.5064814814814815 0.05112154407929056 0.04351851851851852
1 0.23630672926447574 0.7097222222222223 0.027125717266562335 0.058333333333333334
1 0.3854981742305686 0.6763888888888889 0.022952529994783515 0.04537037037037037
0 0.6580594679186228 0.5796296296296296 0.053208137715179966 0.09907407407407408
1 0.4295774647887324 0.9064814814814814 0.029212310902451747 0.05740740740740741
1 0.19770474700052165 0.662962962962963 0.028169014084507043 0.05555555555555555
1 0.08998435054773082 0.8726851851851852 0.03547209181011998 0.058333333333333334
1 0.5644235785080856 0.7347222222222223 0.023995826812728223 0.053703703703703705
0 0.4175795513823683 0.4638888888888889 0.05112154407929056 0.040740740740740744
1 0.20918101199791342 0.8231481481481482 0.03442879499217527 0.06759259259259259
1 0.6411058946270214 0.34629629629629627 0.019300991131977047 0.06666666666666667
0 0.7983828899321858 0.5449074074074074 0.05268648930620762 0.06759259259259259
0 0.4207094418362024 0.5462962962962963 0.05268648930620762 0.04351851851851852
1 0.9222743870631195 0.8069444444444445 0.0396452790818988 0.05648148148148148
1 0.21570161711006783 0.7675925925925926 0.023474178403755867 0.06851851851851852
1 0.7149191444966093 0.11990740740740741 0.017214397496087636 0.06944444444444445
1 0.4405320813771518 0.40046296296296297 0.03025560772039645 0.05648148148148148
1 0.8896713615023474 0.17824074074074073 0.03025560772039645 0.06851851851851852
1 0.9282733437663016 0.7476851851851852 0.03338549817423057 0.049074074074074076
1 0.9780907668231612 0.9152777777777777 0.04277516953573292 0.05925925925925926
1 0.9345331246739698 0.14074074074074075 0.029212310902451747 0.06388888888888888
1 0.1958789775691184 0.19490740740740742 0.028690662493479395 0.06388888888888888
1 0.29107981220657275 0.27175925925925926 0.02190923317683881 0.06018518518518518
1 0.06233698487219614 0.9342592592592592 0.04329681794470527 0.05648148148148148
1 0.8505477308294209 0.975 0.04277516953573292 0.05
0 0.550339071465832 0.5819444444444445 0.04590505998956703 0.06111111111111111
1 0.22639540949400105 0.324537037037037 0.028690662493479395 0.062037037037037036
1 0.3907146583202921 0.3699074074074074 0.024517475221700575 0.062037037037037036
1 0.49269692227438705 0.34629629629629627 0.028690662493479395 0.05555555555555555
1 0.9906103286384976 0.8351851851851851 0.016692749087115284 0.06111111111111111
1 0.3995826812728221 0.2949074074074074 0.025039123630672927 0.05185185185185185
1 0.25013041210224307 0.2351851851851852 0.0297339593114241 0.05555555555555555
1 0.7407407407407407 0.9638888888888889 0.04121022430881586 0.06759259259259259
1 0.9014084507042254 0.9583333333333334 0.038601982263954095 0.05740740740740741
1 0.6259780907668232 0.09398148148148149 0.014606155451225874 0.058333333333333334
1 0.037037037037037035 0.19537037037037036 0.024517475221700575 0.06111111111111111
1 0.13901930099113197 0.23333333333333334 0.024517475221700575 0.04814814814814815
1 0.4504434011476265 0.32731481481481484 0.018257694314032343 0.04259259259259259
1 0.09989567031820552 0.3351851851851852 0.029212310902451747 0.05185185185185185
1 0.12910798122065728 0.274537037037037 0.027125717266562335 0.06574074074074074
1 0.41053729786124155 0.4351851851851852 0.02034428794992175 0.03425925925925926
1 0.7900365153886281 0.20601851851851852 0.024517475221700575 0.06481481481481481
1 0.9360980699008868 0.3435185185185185 0.018779342723004695 0.05740740740740741
1 0.5980699008868023 0.2537037037037037 0.017214397496087636 0.06296296296296296
1 0.8862806468440271 0.30462962962962964 0.028690662493479395 0.05740740740740741
1 0.405320813771518 0.24259259259259258 0.024517475221700575 0.06851851851851852
1 0.06546687532603025 0.26157407407407407 0.02764736567553469 0.07592592592592592
1 0.9188836724047992 0.3189814814814815 0.02764736567553469 0.049074074074074076
1 0.2720396452790819 0.3074074074074074 0.028690662493479395 0.06759259259259259
1 0.9183620239958268 0.8652777777777778 0.03442879499217527 0.05277777777777778
1 0.8482003129890454 0.2310185185185185 0.023474178403755867 0.037037037037037035
1 0.9181011997913406 0.4300925925925926 0.030777256129368807 0.0712962962962963
1 0.22874282733437662 0.1824074074074074 0.023474178403755867 0.05
1 0.07355242566510173 0.1824074074074074 0.02190923317683881 0.05092592592592592
1 0.8408972352634324 0.13472222222222222 0.01617110067814293 0.05555555555555555
1 0.18440271257172666 0.2439814814814815 0.02764736567553469 0.06296296296296296
1 0.4042775169535733 0.9421296296296297 0.03808033385498174 0.06296296296296296
1 0.011997913406364111 0.15416666666666667 0.018779342723004695 0.05925925925925926
1 0.5464267083985394 0.6333333333333333 0.026604068857589983 0.06574074074074074
1 0.8247261345852895 0.8712962962962963 0.026604068857589983 0.08333333333333333
1 0.3359415753781951 0.2796296296296296 0.026604068857589983 0.05185185185185185
1 0.986697965571205 0.3560185185185185 0.024517475221700575 0.07407407407407407
1 0.4887845592070944 0.19027777777777777 0.01617110067814293 0.05277777777777778
1 0.9256651017214398 0.2814814814814815 0.03025560772039645 0.037037037037037035
1 0.3051643192488263 0.6995370370370371 0.020865936358894107 0.05648148148148148
1 0.20448617631716223 0.29074074074074074 0.0198226395409494 0.049074074074074076
0 0.8993218570683359 0.3736111111111111 0.03338549817423057 0.04351851851851852
1 0.5654668753260302 0.20879629629629629 0.020865936358894107 0.05740740740740741
1 0.7323943661971831 0.274537037037037 0.019300991131977047 0.04814814814814815
1 0.3281168492436098 0.20833333333333334 0.016692749087115284 0.03888888888888889
1 0.9809598330725091 0.06481481481481481 0.016692749087115284 0.0712962962962963
1 0.9183620239958268 0.9074074074074074 0.020865936358894107 0.04351851851851852
1 0.5391236306729265 0.2962962962962963 0.016692749087115284 0.06481481481481481
1 0.433489827856025 0.2212962962962963 0.0198226395409494 0.05740740740740741
1 0.495565988523735 0.29259259259259257 0.018779342723004695 0.05925925925925926
1 0.3792383933229004 0.33055555555555555 0.0297339593114241 0.03981481481481482
1 0.8505477308294209 0.2986111111111111 0.02034428794992175 0.032407407407407406
1 0.4853938445487741 0.2490740740740741 0.016692749087115284 0.04814814814814815
1 0.4426186750130412 0.28425925925925927 0.03182055294731351 0.04351851851851852
1 0.587376108502869 0.3175925925925926 0.0198226395409494 0.06388888888888888
1 0.5331246739697444 0.06944444444444445 0.014606155451225874 0.053703703703703705