0 0.08599853515625 0.3893229166666667 0.052520751953125 0.042046440972222224
0 0.77197265625 0.3997395833333333 0.04779052734375 0.046332465277777776
0 0.3701171875 0.4874131944444444 0.04840087890625 0.04039171006944445
0 0.85986328125 0.4114583333333333 0.047149658203125 0.044840494791666664
0 0.36279296875 0.3400607638888889 0.048309326171875 0.03819444444444445
0 0.63623046875 0.4839409722222222 0.0489501953125 0.042046440972222224
0 0.61328125 0.3426649305555556 0.04559326171875 0.04234483506944445
0 0.76806640625 0.5950520833333334 0.049407958984375 0.0556640625
0 0.329833984375 0.6206597222222222 0.050811767578125 0.04554578993055555
0 0.8935546875 0.6336805555555556 0.047698974609375 0.05995008680555555
0 0.62451171875 0.4292534722222222 0.04681396484375 0.044759114583333336
0 0.485595703125 0.4652777777777778 0.025909423828125 0.05984157986111111
0 0.75830078125 0.4748263888888889 0.048126220703125 0.04432508680555555
0 0.395751953125 0.3901909722222222 0.047088623046875 0.04212782118055555
0 0.73828125 0.3268229166666667 0.0206451416015625 0.04885525173611111
0 0.5478515625 0.1400824652777778 0.017913818359375 0.05642361111111111