1 0.23187271778821075 0.7652777777777777 0.02764736567553469 0.05185185185185185
0 0.0912884715701617 0.4550925925925926 0.054773082942097026 0.06388888888888888
0 0.43401147626499736 0.49722222222222223 0.0297339593114241 0.062037037037037036
1 0.8064684402712572 0.5745370370370371 0.03234220135628586 0.05462962962962963
0 0.6353677621283255 0.4898148148148148 0.0505998956703182 0.040740740740740744
1 0.5954616588419406 0.28379629629629627 0.01773604590505999 0.05740740740740741
0 0.12415232133541992 0.6393518518518518 0.05112154407929056 0.04259259259259259
0 0.6674491392801252 0.3939814814814815 0.03129890453834116 0.06851851851851852
1 0.9754825247782994 0.7046296296296296 0.03338549817423057 0.06111111111111111
1 0.5286906624934794 0.5847222222222223 0.02034428794992175 0.06018518518518518
0 0.9105372978612415 0.4597222222222222 0.05268648930620762 0.03981481481481482
0 0.8813249869587898 0.5375 0.03182055294731351 0.06481481481481481
0 0.8312467396974439 0.47962962962962963 0.051643192488262914 0.03981481481481482
0 0.06207616066770996 0.3597222222222222 0.06103286384976526 0.05462962962962963
0 0.16066770996348462 0.4041666666666667 0.056338028169014086 0.049074074074074076
1 0.4439227960354721 0.6212962962962963 0.025039123630672927 0.06759259259259259
1 0.7081377151799687 0.14074074074074075 0.03755868544600939 0.05185185185185185
1 0.09728742827334376 0.15185185185185185 0.046948356807511735 0.06944444444444445
1 0.015127803860198226 0.7148148148148148 0.027125717266562335 0.058333333333333334
1 0.631716223265519 0.662962962962963 0.03025560772039645 0.06851851851851852
1 0.09181011997913406 0.8486111111111111 0.03129890453834116 0.0712962962962963
1 0.011215440792905582 0.8111111111111111 0.022430881585811163 0.06296296296296296
1 0.38967136150234744 0.6888888888888889 0.028690662493479395 0.0712962962962963
1 0.5639019300991132 0.7138888888888889 0.02034428794992175 0.06666666666666667
1 0.440792905581638 0.7101851851851851 0.019300991131977047 0.06759259259259259
1 0.16797078768909754 0.6060185185185185 0.025039123630672927 0.07592592592592592
1 0.0957224830464267 0.7592592592592593 0.020865936358894107 0.06111111111111111
1 0.3797600417318727 0.8152777777777778 0.022952529994783515 0.06666666666666667
1 0.024517475221700575 0.649537037037037 0.027125717266562335 0.06018518518518518
1 0.3114241001564945 0.09583333333333334 0.027125717266562335 0.05648148148148148
1 0.35837245696400627 0.6680555555555555 0.023474178403755867 0.06481481481481481
1 0.931924882629108 0.749537037037037 0.0297339593114241 0.07314814814814814
1 0.5156494522691706 0.7125 0.022430881585811163 0.06851851851851852
1 0.7360459050599896 0.8041666666666667 0.023474178403755867 0.06388888888888888
1 0.9027125717266562 0.1648148148148148 0.029212310902451747 0.05648148148148148
1 0.8894105372978612 0.22083333333333333 0.028169014084507043 0.049074074074074076
1 0.13536776212832552 0.7763888888888889 0.025039123630672927 0.06111111111111111
1 0.3202921231090245 0.6782407407407407 0.03234220135628586 0.07592592592592592
1 0.05268648930620762 0.6106481481481482 0.03129890453834116 0.05740740740740741
1 0.6919666145018257 0.7402777777777778 0.01773604590505999 0.05555555555555555
1 0.18753260302556077 0.8712962962962963 0.017214397496087636 0.06296296296296296
1 0.8633281168492436 0.7268518518518519 0.025039123630672927 0.06574074074074074
1 0.8109024517475222 0.6777777777777778 0.03025560772039645 0.06296296296296296
1 0.1507563901930099 0.6819444444444445 0.02608242044861763 0.06666666666666667
1 0.9741784037558685 0.07592592592592592 0.03808033385498174 0.05740740740740741
1 0.4473135106937924 0.775 0.018779342723004695 0.05092592592592592
1 0.16953573291601462 0.8152777777777778 0.02190923317683881 0.06388888888888888
1 0.48487219613980176 0.8273148148148148 0.0198226395409494 0.0787037037037037
0 0.06598852373500261 0.9125 0.03025560772039645 0.06388888888888888