0 0.4873046875 0.4055989583333333 0.047088623046875 0.04432508680555555
0 0.89990234375 0.4173177083333333 0.0472412109375 0.04014756944444445
0 0.5654296875 0.5620659722222222 0.048309326171875 0.043158637152777776
0 0.68408203125 0.4149305555555556 0.046905517578125 0.042914496527777776
0 0.18359375 0.4900173611111111 0.051666259765625 0.03835720486111111
0 0.76953125 0.3760850694444444 0.04620361328125 0.04334852430555555
0 0.473876953125 0.625 0.05072021484375 0.06212022569444445
0 0.71826171875 0.5082465277777778 0.047698974609375 0.043267144097222224
0 0.339599609375 0.5455729166666666 0.0537109375 0.044759114583333336
0 0.036895751953125 0.5646701388888888 0.0546875 0.043267144097222224
0 0.042816162109375 0.3170572916666667 0.051849365234375 0.03843858506944445
0 0.15576171875 0.4069010416666667 0.0293731689453125 0.048014322916666664
0 0.27001953125 0.5091145833333334 0.0292510986328125 0.058268229166666664
0 0.78759765625 0.578125 0.037384033203125 0.05300564236111111
0 0.158203125 0.3140190972222222 0.01983642578125 0.0576171875
0 0.56201171875 0.1431206597222222 0.0199432373046875 0.0681423611111111