0 0.5325520833333334 0.38842592592592595 0.0484375 0.04259259259259259
0 0.7513020833333334 0.375 0.05 0.04259259259259259
0 0.34609375 0.32175925925925924 0.044270833333333336 0.04259259259259259
1 0.97734375 0.4444444444444444 0.035416666666666666 0.049074074074074076
0 0.4671875 0.45555555555555555 0.0484375 0.04537037037037037
0 0.29453125 0.3648148148148148 0.04791666666666667 0.04722222222222222
0 0.15416666666666667 0.4152777777777778 0.05 0.04351851851851852
1 0.1234375 0.2518518518518518 0.030208333333333334 0.062037037037037036
0 0.7380208333333333 0.55 0.03177083333333333 0.05277777777777778
0 0.6059895833333333 0.14814814814814814 0.035416666666666666 0.04537037037037037
0 0.5190104166666667 0.3472222222222222 0.04114583333333333 0.05185185185185185