0 0.7984944534102765 0.5759216308593749 0.041682968179447076 0.05546874999999986
1 0.31494140625 0.3425628662109375 0.025177001953125 0.065869140625
0 0.60888671875 0.52781982421875 0.0482177734375 0.0457183837890625
1 0.56640625 0.30074462890625 0.02838134765625 0.062835693359375
0 0.1461181640625 0.490118408203125 0.05242919921875 0.04555587768554688
0 0.499755859375 0.50008544921875 0.0269622802734375 0.061589813232421874
1 0.1439208984375 0.3663970947265625 0.028594970703125 0.0639190673828125
0 0.04559326171875 0.5425537109375 0.052703857421875 0.044689178466796875
0 0.6795145511378456 0.640057373046875 0.04773969655243378 0.06565246582031244
1 0.796875 0.2992279052734375 0.0299224853515625 0.0626190185546875
1 0.07965087890625 0.3425628662109375 0.0364990234375 0.06299819946289062
1 0.98046875 0.4170989990234375 0.03436279296875 0.0780029296875
1 0.74658203125 0.311578369140625 0.03155517578125 0.06673583984375
1 0.1202392578125 0.2745269775390625 0.03704833984375 0.06099395751953125
1 0.16064453125 0.308111572265625 0.0243377685546875 0.063702392578125
1 0.330078125 0.4071319580078125 0.0311431884765625 0.05796051025390625
1 0.230712890625 0.848931884765625 0.0269622802734375 0.05796051025390625
1 0.62646484375 0.448516845703125 0.01983642578125 0.06272735595703124
1 0.64453125 0.274310302734375 0.0238189697265625 0.0673858642578125
1 0.5615234375 0.270843505859375 0.0252227783203125 0.0587188720703125
1 0.453369140625 0.2316253662109375 0.0174407958984375 0.06749420166015625
1 0.203125 0.9343017578125 0.047698974609375 0.0572021484375
0 0.5439453125 0.578955078125 0.048309326171875 0.04436416625976562
1 0.59130859375 0.735394287109375 0.033721923828125 0.055062484741210935
1 0.0258026123046875 0.2654266357421875 0.03143310546875 0.06673583984375
1 0.037384033203125 0.619256591796875 0.03204345703125 0.05476455688476563
1 0.568359375 0.19208221435546874 0.02337646484375 0.0673858642578125
1 0.191162109375 0.2582763671875 0.0226287841796875 0.06527328491210938
1 0.66064453125 0.24267578125 0.0180206298828125 0.05465621948242187
1 0.97314453125 0.315045166015625 0.0345458984375 0.08033218383789062
1 0.263427734375 0.275177001953125 0.024658203125 0.061914825439453126
1 0.9541015625 0.1809234619140625 0.03216552734375 0.0656524658203125
1 0.4609375 0.870599365234375 0.03228759765625 0.052733230590820315
1 0.8095703125 0.3581634521484375 0.021942138671875 0.028899002075195312
1 0.73095703125 0.1913238525390625 0.0244293212890625 0.06018142700195313
1 0.90576171875 0.16369781494140626 0.033660888671875 0.06500244140625
1 0.476318359375 0.3533966064453125 0.0280609130859375 0.0738861083984375
1 0.7080078125 0.12913818359375 0.027801513671875 0.05926055908203125
1 0.1566162109375 0.3005279541015625 0.01337432861328125 0.03204078674316406
1 0.2432861328125 0.22089996337890624 0.0260009765625 0.06440658569335937
1 0.8740234375 0.925634765625 0.0401611328125 0.05709381103515625
1 0.625 0.20020751953125 0.0252227783203125 0.04980812072753906
1 0.053192138671875 0.287310791015625 0.0305633544921875 0.06121063232421875
1 0.63232421875 0.377880859375 0.0203704833984375 0.053437423706054685
1 0.416748046875 0.28341064453125 0.021209716796875 0.04758720397949219
1 0.61572265625 0.2953277587890625 0.0202178955078125 0.068035888671875
1 0.2586506694487914 0.8279320987654318 0.023474178403755867 0.04783950617283957
1 0.2384033203125 0.79996337890625 0.027740478515625 0.053924942016601564
1 0.6903147278734132 0.30401234567901236 0.022604764388801907 0.08950617283950614
1 0.8850634672230916 0.2561728395061729 0.019127108328986186 0.06172839506172841
1 0.8768040340810294 0.18672839506172842 0.013041210224308816 0.06172839506172836
1 0.9658203125 0.289910888671875 0.0318603515625 0.06749420166015625