1 0.35472091810119977 0.30416666666666664 0.0297339593114241 0.06851851851851852
0 0.20892018779342722 0.5513888888888889 0.03129890453834116 0.06574074074074074
1 0.2039645279081899 0.30694444444444446 0.028690662493479395 0.062037037037037036
0 0.2908189880020866 0.5638888888888889 0.02608242044861763 0.06759259259259259
1 0.4947835159102765 0.387037037037037 0.029212310902451747 0.06574074074074074
1 0.21387584767866458 0.40185185185185185 0.028690662493479395 0.06481481481481481
1 0.08868022952529994 0.3814814814814815 0.03390714658320292 0.06666666666666667
1 0.9663536776212832 0.43425925925925923 0.03390714658320292 0.05648148148148148
1 0.44992175273865415 0.37175925925925923 0.023474178403755867 0.06944444444444445
1 0.8455920709441836 0.3814814814814815 0.03234220135628586 0.06944444444444445
1 0.7290036515388628 0.46296296296296297 0.030777256129368807 0.05648148148148148
1 0.7837767344809599 0.2902777777777778 0.0297339593114241 0.062037037037037036
1 0.7005738132498696 0.9523148148148148 0.02608242044861763 0.05740740740740741
1 0.49921752738654146 0.75 0.03129890453834116 0.05092592592592592
1 0.15206051121544079 0.2791666666666667 0.028690662493479395 0.06666666666666667
1 0.5018257694314032 0.2777777777777778 0.024517475221700575 0.05740740740740741
1 0.2412623891497131 0.2375 0.018779342723004695 0.06296296296296296
0 0.6058946270213876 0.5777777777777777 0.047991653625456446 0.03981481481481482
0 0.03155972874282734 0.5976851851851852 0.03129890453834116 0.06111111111111111
1 0.38967136150234744 0.36157407407407405 0.027125717266562335 0.06759259259259259
0 0.7104851330203443 0.5407407407407407 0.03599374021909233 0.04722222222222222
1 0.735263432446531 0.31805555555555554 0.0396452790818988 0.08518518518518518
1 0.695357329160146 0.41944444444444445 0.02034428794992175 0.06111111111111111
0 0.4713093375065206 0.48194444444444445 0.047991653625456446 0.04537037037037037
0 0.4713093375065206 0.5689814814814815 0.0505998956703182 0.041666666666666664
1 0.5106937923839332 0.3347222222222222 0.020865936358894107 0.06388888888888888
1 0.2378716744913928 0.3287037037037037 0.03025560772039645 0.062037037037037036
1 0.748565466875326 0.48333333333333334 0.024517475221700575 0.06296296296296296
1 0.6197183098591549 0.2935185185185185 0.02138758476786646 0.07685185185185185
1 0.41679707876890976 0.9430555555555555 0.027125717266562335 0.053703703703703705
1 0.5699008868022952 0.24166666666666667 0.020865936358894107 0.06851851851851852
1 0.04877412623891497 0.9333333333333333 0.04590505998956703 0.05555555555555555
1 0.8453312467396974 0.20925925925925926 0.02556077203964528 0.06388888888888888
1 0.28377673448095986 0.30972222222222223 0.027125717266562335 0.05092592592592592
1 0.6538862806468441 0.17037037037037037 0.01564945226917058 0.062037037037037036
1 0.12702138758476786 0.3537037037037037 0.028169014084507043 0.06481481481481481
1 0.013562858633281168 0.32731481481481484 0.02608242044861763 0.06296296296296296
1 0.7837767344809599 0.38472222222222224 0.027125717266562335 0.07777777777777778
1 0.12597809076682315 0.3087962962962963 0.024517475221700575 0.05277777777777778
1 0.6058946270213876 0.1837962962962963 0.022430881585811163 0.075
0 0.5195618153364632 0.6277777777777778 0.04121022430881586 0.05462962962962963
1 0.5967657798643714 0.4212962962962963 0.0198226395409494 0.06851851851851852
1 0.5404277516953573 0.2972222222222222 0.0198226395409494 0.05555555555555555
1 0.06781429316640585 0.3194444444444444 0.028169014084507043 0.06018518518518518
1 0.9676577986437142 0.937962962962963 0.041731872717788214 0.05277777777777778
1 0.10328638497652583 0.2671296296296296 0.0198226395409494 0.05925925925925926
1 0.5839853938445487 0.8268518518518518 0.027125717266562335 0.05277777777777778
1 0.652321335419927 0.2518518518518518 0.01564945226917058 0.08148148148148149
1 0.5706833594157538 0.9032407407407408 0.029212310902451747 0.058333333333333334
1 0.7837767344809599 0.20833333333333334 0.02556077203964528 0.06944444444444445
1 0.5633802816901409 0.3541666666666667 0.018257694314032343 0.06018518518518518
1 0.5912884715701617 0.38472222222222224 0.023474178403755867 0.05277777777777778
1 0.022430881585811163 0.30092592592592593 0.030777256129368807 0.05925925925925926
1 0.9634846113719353 0.3486111111111111 0.022430881585811163 0.05185185185185185
1 0.9486176317162233 0.2375 0.015127803860198226 0.06759259259259259
1 0.6032863849765259 0.8638888888888889 0.024517475221700575 0.06388888888888888