0 0.70751953125 0.4012586805555556 0.0261077880859375 0.05674913194444445
0 0.79296875 0.3700086805555556 0.0297088623046875 0.05674913194444445
0 0.546875 0.4318576388888889 0.047332763671875 0.04391818576388889
1 0.89599609375 0.3209635416666667 0.032958984375 0.09098307291666667
0 0.6591796875 0.4696180555555556 0.027069091796875 0.056206597222222224
0 0.84521484375 0.5329861111111112 0.03875732421875 0.051703559027777776
0 0.57958984375 0.5915798611111112 0.0482177734375 0.04562717013888889
0 0.384765625 0.4377170138888889 0.0271148681640625 0.0576171875
0 0.09368896484375 0.3615451388888889 0.0496826171875 0.043755425347222224
0 0.092529296875 0.5768229166666666 0.05865478515625 0.048014322916666664
0 0.78564453125 0.7634548611111112 0.0469970703125 0.06461588541666667
0 0.42819940476190493 0.767857142857143 0.06770833333333333 0.07010582010582017
1 0.898809523809524 0.34457671957671965 0.026785714285714354 0.08862433862433869