0 0.3359415753781951 0.6162037037037037 0.05112154407929056 0.04722222222222222
0 0.5839853938445487 0.5120370370370371 0.04590505998956703 0.06851851851851852
0 0.909754825247783 0.5583333333333333 0.056338028169014086 0.06574074074074074
1 0.7329160146061554 0.27824074074074073 0.028169014084507043 0.06111111111111111
1 0.4332290036515389 0.3962962962962963 0.020865936358894107 0.06296296296296296
1 0.7923839332290037 0.37546296296296294 0.0198226395409494 0.06759259259259259
1 0.9209702660406885 0.43148148148148147 0.029212310902451747 0.06296296296296296
1 0.18518518518518517 0.32685185185185184 0.022952529994783515 0.06018518518518518
0 0.4726134585289515 0.587037037037037 0.051643192488262914 0.04814814814814815
1 0.5323422013562858 0.8217592592592593 0.02034428794992175 0.05462962962962963
1 0.3998435054773083 0.37592592592592594 0.02034428794992175 0.07314814814814814
0 0.11058946270213876 0.5453703703703704 0.050078247261345854 0.04814814814814815
1 0.4587897756911841 0.3365740740740741 0.030777256129368807 0.062037037037037036
1 0.1499739175795514 0.399537037037037 0.03755868544600939 0.06388888888888888
1 0.543035993740219 0.8546296296296296 0.022430881585811163 0.05740740740740741
1 0.10641627543035993 0.28564814814814815 0.0297339593114241 0.06481481481481481
1 0.7446531038080334 0.3837962962962963 0.026604068857589983 0.07777777777777778
1 0.4394887845592071 0.7356481481481482 0.02138758476786646 0.053703703703703705
1 0.8946270213875848 0.24166666666666667 0.03234220135628586 0.06944444444444445
1 0.7363067292644757 0.1865740740740741 0.019300991131977047 0.07037037037037037
1 0.6914449660928534 0.3421296296296296 0.027125717266562335 0.04537037037037037
1 0.6468440271257173 0.4166666666666667 0.018257694314032343 0.06296296296296296
1 0.9608763693270735 0.36203703703703705 0.03547209181011998 0.06759259259259259
1 0.3335941575378195 0.3611111111111111 0.016692749087115284 0.06851851851851852
1 0.30125195618153366 0.29907407407407405 0.01617110067814293 0.05925925925925926
0 0.34167970787689095 0.4601851851851852 0.02608242044861763 0.05185185185185185
1 0.0297339593114241 0.3837962962962963 0.040166927490871154 0.06388888888888888
1 0.03625456442357851 0.3476851851851852 0.0396452790818988 0.06296296296296296
1 0.5346896191966615 0.39490740740740743 0.02138758476786646 0.0787037037037037
1 0.6304121022430882 0.9453703703703704 0.03547209181011998 0.05925925925925926
0 0.027908189880020865 0.5587962962962963 0.05372978612415232 0.046296296296296294
1 0.6025039123630673 0.2490740740740741 0.0198226395409494 0.08333333333333333
0 0.3489827856025039 0.5587962962962963 0.03547209181011998 0.05277777777777778
1 0.9071465832029212 0.3527777777777778 0.02608242044861763 0.06018518518518518
1 0.6158059467918623 0.16666666666666666 0.01773604590505999 0.06111111111111111
1 0.4045383411580595 0.32916666666666666 0.02138758476786646 0.06388888888888888
1 0.08320292123109024 0.3574074074074074 0.03338549817423057 0.06111111111111111
1 0.24021909233176839 0.274537037037037 0.026604068857589983 0.06018518518518518
1 0.5185185185185185 0.899537037037037 0.03234220135628586 0.06111111111111111
1 0.7955138236828377 0.20972222222222223 0.028690662493479395 0.06111111111111111
1 0.5732916014606155 0.2972222222222222 0.02608242044861763 0.06574074074074074
1 0.022170057381324985 0.3736111111111111 0.0198226395409494 0.037037037037037035
1 0.9019300991131977 0.9324074074074075 0.030777256129368807 0.05
1 0.8954094940010433 0.325 0.02608242044861763 0.05925925925925926
1 0.07589984350547731 0.35 0.013041210224308816 0.03333333333333333
1 0.9345331246739698 0.30462962962962964 0.02556077203964528 0.05092592592592592
1 0.4619196661450183 0.2814814814814815 0.01773604590505999 0.06296296296296296
1 0.6742305685967658 0.45925925925925926 0.0198226395409494 0.06018518518518518
1 0.6924882629107981 0.4828703703703704 0.020865936358894107 0.06296296296296296
1 0.38367240479916537 0.30416666666666664 0.01564945226917058 0.05462962962962963
1 0.2323943661971831 0.3143518518518518 0.018257694314032343 0.05648148148148148
1 0.49426186750130413 0.2972222222222222 0.01617110067814293 0.05740740740740741
1 0.35654668753260305 0.9351851851851852 0.02138758476786646 0.05092592592592592
1 0.07537819509650495 0.3037037037037037 0.022430881585811163 0.053703703703703705
1 0.0605112154407929 0.2662037037037037 0.017214397496087636 0.06296296296296296
1 0.5628586332811685 0.16898148148148148 0.02034428794992175 0.07314814814814814