0 0.625 0.46574074074074073 0.041666666666666664 0.058333333333333334
0 0.5947916666666667 0.6138888888888889 0.04635416666666667 0.04351851851851852
0 0.6528645833333333 0.36574074074074076 0.0484375 0.04259259259259259
0 0.6674479166666667 0.6893518518518519 0.04479166666666667 0.03981481481481482
0 0.5669270833333333 0.5518518518518518 0.0421875 0.06481481481481481
0 0.75 0.6365740740740741 0.04375 0.04537037037037037
0 0.7177083333333333 0.44351851851851853 0.04791666666666667 0.04537037037037037
0 0.9671875 0.38935185185185184 0.05364583333333333 0.041666666666666664
0 0.7158854166666667 0.5726851851851852 0.05 0.044444444444444446
0 0.8130208333333333 0.47453703703703703 0.0515625 0.04814814814814815
0 0.5484375 0.6611111111111111 0.04375 0.04351851851851852
0 0.8973958333333333 0.7129629629629629 0.046875 0.040740740740740744
0 0.81875 0.412962962962963 0.05416666666666667 0.04537037037037037
0 0.9096354166666667 0.5842592592592593 0.044270833333333336 0.041666666666666664
0 0.7822916666666667 0.2300925925925926 0.057291666666666664 0.058333333333333334
0 0.7528645833333333 0.33287037037037037 0.05364583333333333 0.062037037037037036
0 0.8114583333333333 0.5342592592592592 0.0515625 0.05555555555555555