1 0.09702660406885759 0.42685185185185187 0.03234220135628586 0.058333333333333334
0 0.47235263432446534 0.49166666666666664 0.048513302034428794 0.049074074074074076
0 0.4397496087636933 0.41805555555555557 0.0505998956703182 0.04722222222222222
1 0.3395931142410016 0.3175925925925926 0.03338549817423057 0.05277777777777778
1 0.3933229003651539 0.17222222222222222 0.027125717266562335 0.06388888888888888
1 0.5 0.10740740740740741 0.03547209181011998 0.06111111111111111
1 0.6113719353155973 0.1837962962962963 0.03495044340114763 0.062037037037037036
1 0.5482524778299426 0.28194444444444444 0.025039123630672927 0.05740740740740741
1 0.3471570161711007 0.38842592592592595 0.03442879499217527 0.05185185185185185
1 0.39436619718309857 0.22037037037037038 0.023995826812728223 0.05462962962962963
1 0.21283255086071987 0.17314814814814813 0.03599374021909233 0.062037037037037036
1 0.37063119457485655 0.25787037037037036 0.028169014084507043 0.06388888888888888
1 0.9418362023995827 0.6967592592592593 0.03286384976525822 0.06851851851851852
0 0.8622848200312989 0.3939814814814815 0.057902973395931145 0.04537037037037037
1 0.30855503390714656 0.3662037037037037 0.02608242044861763 0.06574074074074074
1 0.07563901930099114 0.6675925925925926 0.03808033385498174 0.06574074074074074
0 0.8555033907146583 0.45231481481481484 0.057902973395931145 0.044444444444444446
0 0.16770996348461137 0.5203703703703704 0.050078247261345854 0.04537037037037037
1 0.25143453312467395 0.040740740740740744 0.036515388628064686 0.058333333333333334
0 0.6544079290558164 0.46064814814814814 0.047991653625456446 0.04351851851851852
0 0.1554512258737611 0.5703703703703704 0.04590505998956703 0.03888888888888889
1 0.2190923317683881 0.7134259259259259 0.02764736567553469 0.06388888888888888
0 0.607981220657277 0.5018518518518519 0.05112154407929056 0.03611111111111111
1 0.9804381846635368 0.8199074074074074 0.024517475221700575 0.0712962962962963
1 0.26943140323422016 0.09861111111111111 0.036515388628064686 0.05462962962962963
1 0.22065727699530516 0.8212962962962963 0.02608242044861763 0.05462962962962963
1 0.4801773604590506 0.3212962962962963 0.0198226395409494 0.058333333333333334
1 0.6113719353155973 0.07546296296296297 0.02556077203964528 0.05277777777777778
1 0.2644757433489828 0.6541666666666667 0.027125717266562335 0.06296296296296296
1 0.3367240479916536 0.7662037037037037 0.022952529994783515 0.06111111111111111
0 0.9775691184141888 0.36944444444444446 0.04381846635367762 0.06388888888888888
1 0.9087115284298383 0.6175925925925926 0.02764736567553469 0.06666666666666667
1 0.3951486697965571 0.6277777777777778 0.0297339593114241 0.06018518518518518
1 0.25639019300991134 0.39351851851851855 0.023474178403755867 0.06574074074074074
1 0.752999478351591 0.1287037037037037 0.022952529994783515 0.05555555555555555
1 0.0748565466875326 0.7263888888888889 0.03547209181011998 0.06666666666666667
1 0.7923839332290037 0.7444444444444445 0.0198226395409494 0.06481481481481481
1 0.5516431924882629 0.2310185185185185 0.028169014084507043 0.06018518518518518
1 0.7143974960876369 0.324537037037037 0.023474178403755867 0.07037037037037037
1 0.33750652060511216 0.6523148148148148 0.02764736567553469 0.05
0 0.5967657798643714 0.43194444444444446 0.046948356807511735 0.04722222222222222
1 0.5868544600938967 0.6680555555555555 0.02556077203964528 0.05
1 0.4765258215962441 0.6990740740740741 0.022952529994783515 0.058333333333333334
1 0.7660406885758998 0.21064814814814814 0.03286384976525822 0.08055555555555556
1 0.30855503390714656 0.6953703703703704 0.02138758476786646 0.06481481481481481
1 0.6298904538341158 0.6361111111111111 0.0297339593114241 0.046296296296296294
1 0.10772039645279081 0.7972222222222223 0.022430881585811163 0.06666666666666667
1 0.43766301512780387 0.725462962962963 0.02034428794992175 0.06018518518518518
1 0.8802816901408451 0.8240740740740741 0.02034428794992175 0.07037037037037037
1 0.02608242044861763 0.836574074074074 0.020865936358894107 0.058333333333333334
1 0.5482524778299426 0.5893518518518519 0.023474178403755867 0.062037037037037036
1 0.8393322900365154 0.6208333333333333 0.026604068857589983 0.06481481481481481
1 0.28455920709441834 0.750462962962963 0.028690662493479395 0.05740740740740741
1 0.6601460615545123 0.6837962962962963 0.0198226395409494 0.05925925925925926
1 0.4535732916014606 0.6518518518518519 0.02764736567553469 0.06851851851851852
1 0.1828377673448096 0.7967592592592593 0.018257694314032343 0.05555555555555555
1 0.7665623369848722 0.09074074074074075 0.02138758476786646 0.053703703703703705
1 0.0099113197704747 0.6958333333333333 0.0198226395409494 0.075
1 0.7811684924360981 0.8592592592592593 0.018779342723004695 0.062037037037037036
1 0.6098069900886802 0.586574074074074 0.019300991131977047 0.06574074074074074
1 0.5565988523735003 0.725925925925926 0.023474178403755867 0.07592592592592592
1 0.2537819509650496 0.4351851851851852 0.018779342723004695 0.04814814814814815
1 0.7733437663015128 0.6777777777777778 0.03182055294731351 0.06759259259259259
1 0.3841940532081377 0.6699074074074074 0.022430881585811163 0.06388888888888888
1 0.7402190923317684 0.8324074074074074 0.023474178403755867 0.08333333333333333
1 0.7417840375586855 0.7055555555555556 0.019300991131977047 0.06944444444444445
1 0.3599374021909233 0.7185185185185186 0.026604068857589983 0.06388888888888888
1 0.6830985915492958 0.6277777777777778 0.020865936358894107 0.06296296296296296
1 0.6254564423578508 0.043055555555555555 0.037037037037037035 0.06666666666666667
1 0.868283776734481 0.5648148148148148 0.023995826812728223 0.05185185185185185
1 0.5414710485133021 0.6222222222222222 0.0297339593114241 0.041666666666666664
1 0.868283776734481 0.6754629629629629 0.0198226395409494 0.06018518518518518
1 0.2939488784559207 0.8027777777777778 0.020865936358894107 0.05462962962962963
1 0.7305685967657799 0.7648148148148148 0.022952529994783515 0.06111111111111111
1 0.1697965571205008 0.7643518518518518 0.02034428794992175 0.04814814814814815
1 0.24256651017214398 0.6717592592592593 0.02764736567553469 0.040740740740740744
1 0.42149191444966094 0.7643518518518518 0.01773604590505999 0.046296296296296294
1 0.5375586854460094 0.7800925925925926 0.022952529994783515 0.05
1 0.661189358372457 0.9013888888888889 0.022952529994783515 0.05740740740740741
1 0.6147626499739176 0.7893518518518519 0.025039123630672927 0.062037037037037036
1 0.6356285863328117 0.7152777777777778 0.019300991131977047 0.05277777777777778
1 0.008085550339071466 0.7513888888888889 0.01617110067814293 0.06388888888888888
1 0.6244131455399061 0.6754629629629629 0.03390714658320292 0.04814814814814815
1 0.908189880020866 0.6768518518518518 0.0198226395409494 0.04722222222222222
1 0.06572769953051644 0.7907407407407407 0.02556077203964528 0.06666666666666667
1 0.9115805946791862 0.7171296296296297 0.028690662493479395 0.040740740740740744
1 0.9843505477308294 0.9282407407407407 0.01773604590505999 0.0712962962962963