0 0.528125 0.6523148148148148 0.0453125 0.04259259259259259
0 0.14739583333333334 0.2361111111111111 0.053125 0.05462962962962963
0 0.6799479166666667 0.6277777777777778 0.04739583333333333 0.040740740740740744
0 0.27395833333333336 0.6944444444444444 0.0453125 0.044444444444444446
0 0.765625 0.5625 0.05 0.04351851851851852
0 0.7955729166666666 0.6217592592592592 0.04479166666666667 0.040740740740740744
0 0.9356770833333333 0.4486111111111111 0.030208333333333334 0.053703703703703705
0 0.97890625 0.6476851851851851 0.04114583333333333 0.040740740740740744
0 0.7010416666666667 0.36018518518518516 0.029166666666666667 0.0787037037037037
0 0.42473958333333334 0.8796296296296297 0.019270833333333334 0.06851851851851852
0 0.9856770833333334 0.549537037037037 0.027604166666666666 0.03796296296296296