0 0.20911458333333333 0.21805555555555556 0.059895833333333336 0.037037037037037035
0 0.7755208333333333 0.6027777777777777 0.04635416666666667 0.07407407407407407
0 0.19921875 0.4462962962962963 0.0546875 0.03796296296296296
0 0.5028645833333333 0.5476851851851852 0.0453125 0.04814814814814815
0 0.5830729166666667 0.36157407407407405 0.044270833333333336 0.04259259259259259
0 0.04505208333333333 0.6356481481481482 0.05260416666666667 0.03611111111111111
0 0.3578125 0.34074074074074073 0.042708333333333334 0.06574074074074074
0 0.06953125 0.7064814814814815 0.04791666666666667 0.03981481481481482
0 0.5213541666666667 0.674537037037037 0.042708333333333334 0.044444444444444446
0 0.6791666666666667 0.17916666666666667 0.03125 0.058333333333333334
0 0.9286458333333333 0.5921296296296297 0.05 0.04722222222222222
0 0.040364583333333336 0.48518518518518516 0.05 0.06111111111111111
0 0.87109375 0.5305555555555556 0.0515625 0.05
0 0.9638020833333333 0.4 0.059375 0.049074074074074076
0 0.04244791666666667 0.3060185185185185 0.03229166666666667 0.05
0 0.8135416666666667 0.4287037037037037 0.052083333333333336 0.04537037037037037
0 0.20598958333333334 0.7324074074074074 0.051041666666666666 0.04259259259259259
0 0.6630208333333333 0.5541666666666667 0.04739583333333333 0.04259259259259259
0 0.20989583333333334 0.16574074074074074 0.06197916666666667 0.06018518518518518
0 0.6192708333333333 0.5013888888888889 0.043229166666666666 0.05740740740740741