0 0.30833333333333335 0.36666666666666664 0.04791666666666667 0.03981481481481482
0 0.49166666666666664 0.3699074074074074 0.042708333333333334 0.04351851851851852
0 0.75625 0.3912037037037037 0.046875 0.044444444444444446
0 0.7153645833333333 0.6337962962962963 0.053125 0.041666666666666664
0 0.2872395833333333 0.5675925925925925 0.05260416666666667 0.04351851851851852
0 0.21484375 0.30277777777777776 0.04635416666666667 0.03981481481481482
0 0.5994791666666667 0.45601851851851855 0.04739583333333333 0.044444444444444446
0 0.9604166666666667 0.3680555555555556 0.051041666666666666 0.04351851851851852
0 0.6 0.36203703703703705 0.04583333333333333 0.041666666666666664
0 0.5747395833333333 0.5578703703703703 0.04895833333333333 0.040740740740740744
0 0.6869791666666667 0.4685185185185185 0.046875 0.040740740740740744
0 0.04348958333333333 0.538425925925926 0.053125 0.04537037037037037
0 0.4859375 0.4078703703703704 0.04114583333333333 0.04351851851851852
0 0.5802083333333333 0.30092592592592593 0.042708333333333334 0.04351851851851852
0 0.1875 0.49074074074074076 0.0296875 0.058333333333333334
0 0.032552083333333336 0.3685185185185185 0.04635416666666667 0.062037037037037036
0 0.23098958333333333 0.45555555555555555 0.0484375 0.041666666666666664
0 0.89296875 0.46435185185185185 0.04635416666666667 0.07592592592592592
0 0.5302083333333333 0.4828703703703704 0.041666666666666664 0.040740740740740744
0 0.92421875 0.8148148148148148 0.05416666666666667 0.04537037037037037
0 0.5760416666666667 0.6685185185185185 0.052083333333333336 0.03888888888888889
0 0.9716145833333333 0.6759259259259259 0.050520833333333334 0.06111111111111111