1 0.15571205007824726 0.861574074074074 0.03755868544600939 0.058333333333333334
1 0.26943140323422016 0.6717592592592593 0.02556077203964528 0.06388888888888888
1 0.2983828899321857 0.7814814814814814 0.037037037037037035 0.058333333333333334
0 0.058424621804903494 0.44027777777777777 0.05112154407929056 0.044444444444444446
0 0.47209181011997914 0.5287037037037037 0.046426708398539386 0.06018518518518518
0 0.10459050599895671 0.5393518518518519 0.051643192488262914 0.05
0 0.40584246218049036 0.4925925925925926 0.027125717266562335 0.06388888888888888
0 0.8007303077725613 0.549074074074074 0.056859676577986434 0.044444444444444446
0 0.985133020344288 0.5995370370370371 0.0297339593114241 0.06481481481481481
1 0.6898800208659364 0.9171296296296296 0.0406885758998435 0.06388888888888888
1 0.14162754303599373 0.7 0.03129890453834116 0.06018518518518518
1 0.42905581637976004 0.6097222222222223 0.027125717266562335 0.07592592592592592
1 0.3273343766301513 0.38287037037037036 0.028169014084507043 0.06388888888888888
1 0.7436098069900887 0.22592592592592592 0.025039123630672927 0.05740740740740741
1 0.7083985393844549 0.09212962962962963 0.015127803860198226 0.06481481481481481
1 0.42018779342723006 0.7486111111111111 0.03182055294731351 0.062037037037037036
1 0.18309859154929578 0.6925925925925925 0.025039123630672927 0.05648148148148148
0 0.2856025039123631 0.45185185185185184 0.0495565988523735 0.03518518518518519
0 0.11763171622326551 0.5074074074074074 0.048513302034428794 0.041666666666666664
1 0.557642149191445 0.3347222222222222 0.01773604590505999 0.06296296296296296
1 0.11763171622326551 0.6550925925925926 0.030777256129368807 0.05555555555555555
1 0.9517475221700574 0.16620370370370371 0.02764736567553469 0.0712962962962963
1 0.9887845592070944 0.23842592592592593 0.017214397496087636 0.07407407407407407
0 0.3257694314032342 0.500462962962963 0.046948356807511735 0.058333333333333334
1 0.8925404277516954 0.7597222222222222 0.03442879499217527 0.05462962962962963
1 0.09702660406885759 0.7537037037037037 0.030777256129368807 0.07037037037037037
1 0.7188315075639019 0.13287037037037036 0.019300991131977047 0.07407407407407407
1 0.5732916014606155 0.2513888888888889 0.023995826812728223 0.075
1 0.2775169535732916 0.33564814814814814 0.02190923317683881 0.05277777777777778
1 0.6058946270213876 0.9310185185185185 0.0396452790818988 0.06666666666666667
0 0.2433489827856025 0.5523148148148148 0.050078247261345854 0.05462962962962963
0 0.3667188315075639 0.5504629629629629 0.048513302034428794 0.08055555555555556
1 0.8578508085550339 0.6583333333333333 0.03495044340114763 0.053703703703703705
1 0.46896191966614503 0.8467592592592592 0.028169014084507043 0.0787037037037037
1 0.4606155451225874 0.2824074074074074 0.02138758476786646 0.06851851851851852
1 0.029473135106937925 0.2263888888888889 0.029212310902451747 0.053703703703703705
1 0.8072509128847157 0.7861111111111111 0.037037037037037035 0.05740740740740741
1 0.47704747000521647 0.2625 0.018779342723004695 0.06574074074074074
1 0.8075117370892019 0.7314814814814815 0.03234220135628586 0.04814814814814815
1 0.5761606677099634 0.4074074074074074 0.02138758476786646 0.07962962962962963
1 0.06598852373500261 0.2212962962962963 0.023474178403755867 0.058333333333333334
0 0.7889932185706834 0.3476851851851852 0.040166927490871154 0.05092592592592592
1 0.8828899321857069 0.16712962962962963 0.02138758476786646 0.07037037037037037
1 0.6283255086071987 0.1884259259259259 0.02034428794992175 0.06296296296296296
1 0.03912363067292645 0.3 0.03338549817423057 0.05
0 0.07955138236828378 0.8101851851851852 0.030777256129368807 0.06018518518518518
1 0.5033907146583203 0.3287037037037037 0.018779342723004695 0.06666666666666667
1 0.6752738654147105 0.19166666666666668 0.025039123630672927 0.06759259259259259
1 0.30672926447574334 0.8875 0.03599374021909233 0.05462962962962963
1 0.8382889932185706 0.14537037037037037 0.02034428794992175 0.06388888888888888
1 0.09102764736567553 0.3143518518518518 0.028169014084507043 0.06481481481481481
1 0.09676577986437142 0.6342592592592593 0.028690662493479395 0.046296296296296294
1 0.297339593114241 0.225 0.023995826812728223 0.06388888888888888
1 0.2788210745957225 0.4199074074074074 0.023474178403755867 0.04722222222222222
1 0.8988002086593636 0.9222222222222223 0.03912363067292645 0.08888888888888889
1 0.9042775169535733 0.28379629629629627 0.030777256129368807 0.041666666666666664
1 0.3633281168492436 0.29212962962962963 0.023995826812728223 0.062037037037037036
1 0.22509128847157017 0.19166666666666668 0.02190923317683881 0.04537037037037037
1 0.7626499739175796 0.8740740740740741 0.03025560772039645 0.06388888888888888
1 0.12232655190401669 0.21944444444444444 0.0297339593114241 0.05555555555555555
1 0.22848200312989045 0.25046296296296294 0.019300991131977047 0.05185185185185185
1 0.8495044340114762 0.8685185185185185 0.03755868544600939 0.05648148148148148
1 0.41027647365675535 0.25 0.020865936358894107 0.06944444444444445
1 0.18675013041210226 0.17731481481481481 0.029212310902451747 0.05092592592592592
1 0.14188836724047993 0.27824074074074073 0.02608242044861763 0.062037037037037036
1 0.8022952529994783 0.8449074074074074 0.03495044340114763 0.06388888888888888
1 0.6108502869066249 0.23796296296296296 0.02608242044861763 0.05
1 0.24856546687532602 0.9046296296296297 0.03547209181011998 0.05925925925925926
1 0.8286384976525821 0.32175925925925924 0.026604068857589983 0.05185185185185185
1 0.1828377673448096 0.25787037037037036 0.027125717266562335 0.06018518518518518
1 0.3288993218570683 0.29907407407407405 0.02764736567553469 0.05185185185185185
1 0.38628064684402713 0.2712962962962963 0.025039123630672927 0.053703703703703705
1 0.39697443922796033 0.17824074074074073 0.01773604590505999 0.06296296296296296
1 0.9204486176317163 0.6842592592592592 0.036515388628064686 0.05462962962962963
1 0.7738654147104851 0.11712962962962963 0.022430881585811163 0.07685185185185185
1 0.9014084507042254 0.32083333333333336 0.020865936358894107 0.04722222222222222
1 0.010954616588419406 0.6425925925925926 0.02138758476786646 0.06481481481481481
1 0.7978612415232134 0.41805555555555557 0.03234220135628586 0.06296296296296296
1 0.8231611893583725 0.9231481481481482 0.03808033385498174 0.06018518518518518
1 0.29577464788732394 0.18009259259259258 0.017214397496087636 0.04814814814814815
1 0.9893062076160668 0.8935185185185185 0.02138758476786646 0.05277777777777778
1 0.09937402190923318 0.17731481481481481 0.016692749087115284 0.053703703703703705
1 0.3252477829942619 0.19814814814814816 0.02556077203964528 0.06388888888888888
1 0.46609285341679707 0.8199074074074074 0.02034428794992175 0.037037037037037035
1 0.532603025560772 0.050462962962962966 0.018257694314032343 0.06666666666666667
1 0.2634324465310381 0.28564814814814815 0.026604068857589983 0.05
1 0.6802295252999478 0.836574074074074 0.023995826812728223 0.08333333333333333
1 0.9736567553468962 0.7898148148148149 0.04121022430881586 0.08888888888888889
1 0.792905581637976 0.25046296296296294 0.0198226395409494 0.04537037037037037
1 0.012519561815336464 0.14212962962962963 0.025039123630672927 0.03425925925925926
1 0.22483046426708397 0.14027777777777778 0.023995826812728223 0.04259259259259259
1 0.36071987480438183 0.21388888888888888 0.02608242044861763 0.03425925925925926
1 0.2686489306207616 0.38657407407407407 0.030777256129368807 0.03425925925925926
1 0.3826291079812207 0.21898148148148147 0.022430881585811163 0.05462962962962963
1 0.7456964006259781 0.18333333333333332 0.03182055294731351 0.03981481481481482
1 0.08294209702660407 0.26851851851851855 0.02190923317683881 0.044444444444444446
1 0.8265519040166928 0.2412037037037037 0.03234220135628586 0.040740740740740744
1 0.7616066770996348 0.38935185185185184 0.0297339593114241 0.04722222222222222