0 0.8658854166666666 0.5305555555555556 0.04895833333333333 0.044444444444444446
1 0.44869791666666664 0.7268518518518519 0.0234375 0.0824074074074074
0 0.765625 0.6194444444444445 0.049479166666666664 0.041666666666666664
0 0.7713541666666667 0.47175925925925927 0.05520833333333333 0.07037037037037037
0 0.884375 0.4263888888888889 0.0453125 0.06111111111111111
0 0.9177083333333333 0.5763888888888888 0.051041666666666666 0.041666666666666664
0 0.9526041666666667 0.6967592592592593 0.04791666666666667 0.04259259259259259
1 0.053125 0.7351851851851852 0.023958333333333335 0.06388888888888888
0 0.4921875 0.6546296296296297 0.042708333333333334 0.041666666666666664
0 0.775 0.37083333333333335 0.05677083333333333 0.06666666666666667
0 0.36380208333333336 0.6356481481481482 0.04635416666666667 0.06296296296296296
1 0.4515625 0.7134259259259259 0.019270833333333334 0.05925925925925926