0 0.054947916666666666 0.6310185185185185 0.05520833333333333 0.04351851851851852
0 0.31145833333333334 0.5722222222222222 0.04739583333333333 0.06944444444444445
0 0.09427083333333333 0.40694444444444444 0.052083333333333336 0.03981481481481482
0 0.4203125 0.4027777777777778 0.046875 0.04351851851851852
0 0.19739583333333333 0.4546296296296296 0.0484375 0.044444444444444446
0 0.3151041666666667 0.3875 0.05 0.04259259259259259
0 0.28854166666666664 0.3398148148148148 0.0515625 0.041666666666666664
0 0.30572916666666666 0.4587962962962963 0.04791666666666667 0.040740740740740744
0 0.011458333333333333 0.31574074074074077 0.022395833333333334 0.05925925925925926
0 0.4942708333333333 0.6597222222222222 0.0484375 0.05092592592592592
0 0.55078125 0.15 0.017708333333333333 0.04722222222222222