0 0.08151041666666667 0.3763888888888889 0.05 0.037037037037037035
0 0.27109375 0.35509259259259257 0.04739583333333333 0.037037037037037035
0 0.43828125 0.6314814814814815 0.05572916666666667 0.04537037037037037
0 0.5072916666666667 0.3851851851851852 0.044270833333333336 0.04351851851851852
0 0.21484375 0.6694444444444444 0.0546875 0.04259259259259259
0 0.35 0.3472222222222222 0.04583333333333333 0.044444444444444446
0 0.70546875 0.3662037037037037 0.046875 0.04259259259259259
0 0.44609375 0.44907407407407407 0.0484375 0.041666666666666664
0 0.7895833333333333 0.5087962962962963 0.05 0.04351851851851852
0 0.3489583333333333 0.4726851851851852 0.04791666666666667 0.03981481481481482
0 0.8447916666666667 0.600925925925926 0.05572916666666667 0.04351851851851852
0 0.6416666666666667 0.4689814814814815 0.044270833333333336 0.041666666666666664
0 0.025520833333333333 0.3087962962962963 0.043229166666666666 0.041666666666666664
0 0.6919270833333333 0.662962962962963 0.0453125 0.04814814814814815
0 0.27838541666666666 0.47175925925925927 0.04479166666666667 0.03981481481481482
0 0.3145833333333333 0.5560185185185185 0.049479166666666664 0.04259259259259259
0 0.26901041666666664 0.3902777777777778 0.0515625 0.05
0 0.48880208333333336 0.7685185185185185 0.052083333333333336 0.058333333333333334