0 0.07476806640625 0.5638020833333334 0.05389404296875 0.03805881076388889
0 0.425537109375 0.4670138888888889 0.049041748046875 0.042046440972222224
0 0.1163330078125 0.6384548611111112 0.05560302734375 0.042670355902777776
0 0.2271728515625 0.4071180555555556 0.047882080078125 0.040228949652777776
0 0.55224609375 0.4748263888888889 0.04400634765625 0.042914496527777776
0 0.487548828125 0.3487413194444444 0.04327392578125 0.047932942708333336
0 0.50048828125 0.5828993055555556 0.048583984375 0.044840494791666664
0 0.14794921875 0.3532986111111111 0.04840087890625 0.04139539930555555
0 0.61328125 0.5403645833333334 0.05072021484375 0.04527452256944445
0 0.0496826171875 0.3153211805555556 0.049041748046875 0.03512912326388889
0 0.018341064453125 0.4522569444444444 0.037322998046875 0.03770616319444445
0 0.8515625 0.3153211805555556 0.04779052734375 0.042046440972222224
0 0.7958984375 0.4099392361111111 0.048583984375 0.04367404513888889
0 0.10968017578125 0.7356770833333334 0.062103271484375 0.046142578125
0 0.08819580078125 0.51953125 0.04742431640625 0.04942491319444445
0 0.95166015625 0.5633680555555556 0.05242919921875 0.04831271701388889