0 0.03619791666666667 0.5787037037037037 0.053125 0.06851851851851852
0 0.50078125 0.7018518518518518 0.04375 0.040740740740740744
0 0.44427083333333334 0.5699074074074074 0.04375 0.06296296296296296
0 0.30130208333333336 0.5152777777777777 0.05 0.05
0 0.4864583333333333 0.6337962962962963 0.042708333333333334 0.06759259259259259
0 0.08020833333333334 0.4810185185185185 0.052083333333333336 0.05555555555555555
0 0.8953125 0.6550925925925926 0.04114583333333333 0.03796296296296296
0 0.28463541666666664 0.6148148148148148 0.04895833333333333 0.041666666666666664
0 0.07526041666666666 0.7175925925925926 0.04895833333333333 0.04351851851851852
0 0.9130208333333333 0.6240740740740741 0.049479166666666664 0.04814814814814815
1 0.46770833333333334 0.8333333333333334 0.0171875 0.06296296296296296
0 0.6377604166666667 0.6134259259259259 0.043229166666666666 0.05092592592592592
0 0.025520833333333333 0.3523148148148148 0.051041666666666666 0.044444444444444446
0 0.01875 0.43472222222222223 0.0375 0.044444444444444446
0 0.1953125 0.29907407407407405 0.05 0.06111111111111111
0 0.7427083333333333 0.7189814814814814 0.03854166666666667 0.05925925925925926