0 0.37005208333333334 0.4375 0.04479166666666667 0.06388888888888888
0 0.42421875 0.5175925925925926 0.0421875 0.05462962962962963
0 0.5809895833333333 0.47175925925925927 0.051041666666666666 0.046296296296296294
0 0.3734375 0.587037037037037 0.050520833333333334 0.044444444444444446
0 0.30703125 0.3337962962962963 0.04583333333333333 0.041666666666666664
0 0.39791666666666664 0.30185185185185187 0.041666666666666664 0.05462962962962963
0 0.5192708333333333 0.38842592592592595 0.042708333333333334 0.04351851851851852
0 0.78203125 0.45555555555555555 0.03697916666666667 0.06666666666666667
0 0.36276041666666664 0.6532407407407408 0.052083333333333336 0.044444444444444446
0 0.22369791666666666 0.5125 0.0546875 0.0712962962962963
0 0.7971354166666667 0.3662037037037037 0.03229166666666667 0.06481481481481481
0 0.34765625 0.7523148148148148 0.04635416666666667 0.053703703703703705
0 0.85625 0.6708333333333333 0.0484375 0.053703703703703705
0 0.24114583333333334 0.587037037037037 0.033854166666666664 0.04537037037037037
0 0.7088541666666667 0.31851851851851853 0.04635416666666667 0.025
0 0.9794270833333333 0.4009259259259259 0.04114583333333333 0.046296296296296294
0 0.6825520833333333 0.937037037037037 0.0484375 0.07777777777777778