0 0.596244131455399 0.5013888888888889 0.054773082942097026 0.046296296296296294
1 0.20996348461137193 0.6402777777777777 0.03286384976525822 0.07037037037037037
1 0.18935837245696402 0.5615740740740741 0.03390714658320292 0.06481481481481481
0 0.08502869066249348 0.43796296296296294 0.050078247261345854 0.044444444444444446
0 0.325508607198748 0.49027777777777776 0.051643192488262914 0.046296296296296294
1 0.2556077203964528 0.8157407407407408 0.03286384976525822 0.05462962962962963
0 0.8028169014084507 0.337037037037037 0.05372978612415232 0.03981481481481482
1 0.08685446009389672 0.6342592592592593 0.03755868544600939 0.06296296296296296
0 0.4569640062597809 0.6842592592592592 0.05372978612415232 0.049074074074074076
1 0.7686489306207616 0.4236111111111111 0.027125717266562335 0.07962962962962963
1 0.29447052686489306 0.28564814814814815 0.024517475221700575 0.05648148148148148
1 0.4548774126238915 0.2851851851851852 0.02138758476786646 0.06296296296296296
1 0.14580073030777257 0.3800925925925926 0.029212310902451747 0.0712962962962963
1 0.09859154929577464 0.6064814814814815 0.04277516953573292 0.05740740740740741
1 0.15258215962441316 0.7587962962962963 0.03390714658320292 0.05555555555555555
0 0.23369848721961398 0.44814814814814813 0.04903495044340115 0.046296296296296294
0 0.24804381846635368 0.5231481481481481 0.048513302034428794 0.04259259259259259
1 0.6053729786124152 0.4064814814814815 0.02556077203964528 0.05740740740740741
1 0.8891497130933751 0.22453703703703703 0.024517475221700575 0.06018518518518518
1 0.4765258215962441 0.3263888888888889 0.020865936358894107 0.06574074074074074
1 0.5049556598852374 0.2574074074074074 0.018779342723004695 0.06666666666666667
0 0.2842983828899322 0.5666666666666667 0.0495565988523735 0.04537037037037037
1 0.4241001564945227 0.324537037037037 0.024517475221700575 0.07407407407407407
1 0.23135106937923838 0.22685185185185186 0.02190923317683881 0.06574074074074074
1 0.9720918101199791 0.16157407407407406 0.027125717266562335 0.062037037037037036
1 0.9047991653625457 0.15231481481481482 0.026604068857589983 0.06666666666666667
1 0.15153886280646844 0.3365740740740741 0.02764736567553469 0.06666666666666667
1 0.744131455399061 0.6768518518518518 0.02556077203964528 0.06111111111111111
1 0.9131455399061033 0.425 0.023474178403755867 0.06296296296296296
1 0.2678664580073031 0.8740740740740741 0.03182055294731351 0.05555555555555555
0 0.4697443922796036 0.6291666666666667 0.0505998956703182 0.04722222222222222
1 0.9321857068335941 0.39675925925925926 0.023995826812728223 0.06481481481481481
1 0.5062597809076682 0.8944444444444445 0.01617110067814293 0.04722222222222222
1 0.5923317683881064 0.2351851851851852 0.01617110067814293 0.06018518518518518
1 0.636150234741784 0.1814814814814815 0.017214397496087636 0.05740740740740741
1 0.3941053729786124 0.22685185185185186 0.016692749087115284 0.06111111111111111
1 0.29029733959311427 0.24444444444444444 0.026604068857589983 0.05185185185185185
1 0.5845070422535211 0.2935185185185185 0.028169014084507043 0.06388888888888888
1 0.07902973395931143 0.8277777777777777 0.03755868544600939 0.053703703703703705
1 0.647887323943662 0.26435185185185184 0.02190923317683881 0.04537037037037037
1 0.4872196139801774 0.41944444444444445 0.020865936358894107 0.05555555555555555
1 0.8544600938967136 0.6541666666666667 0.03442879499217527 0.08148148148148149
1 0.8471570161711007 0.38981481481481484 0.026604068857589983 0.053703703703703705
1 0.2180490349504434 0.2833333333333333 0.02034428794992175 0.06388888888888888
1 0.04434011476264997 0.2199074074074074 0.03129890453834116 0.06481481481481481
1 0.7305685967657799 0.19027777777777777 0.024517475221700575 0.07314814814814814
0 0.7003129890453834 0.5828703703703704 0.05268648930620762 0.049074074074074076
0 0.5912884715701617 0.5819444444444445 0.028690662493479395 0.06574074074074074
1 0.03234220135628586 0.32314814814814813 0.03025560772039645 0.06574074074074074
1 0.25169535732916015 0.1875 0.028169014084507043 0.06666666666666667
1 0.1729264475743349 0.29907407407407405 0.027125717266562335 0.058333333333333334
1 0.3854981742305686 0.38425925925925924 0.028690662493479395 0.058333333333333334
1 0.5605112154407929 0.7875 0.027125717266562335 0.05277777777777778
1 0.6171100678142931 0.2916666666666667 0.015127803860198226 0.06111111111111111
1 0.760302556077204 0.10462962962962963 0.027125717266562335 0.05555555555555555
1 0.03912363067292645 0.9222222222222223 0.048513302034428794 0.06759259259259259
1 0.5096504955659885 0.7625 0.023995826812728223 0.05555555555555555
1 0.9692227438706312 0.4199074074074074 0.03495044340114763 0.07037037037037037
1 0.8022952529994783 0.37175925925925923 0.01773604590505999 0.05740740740740741
1 0.6163275952008347 0.22314814814814815 0.013562858633281168 0.058333333333333334
1 0.17214397496087636 0.7032407407407407 0.028169014084507043 0.05462962962962963
1 0.14032342201356285 0.2601851851851852 0.017214397496087636 0.05925925925925926
1 0.3218570683359416 0.19953703703703704 0.022952529994783515 0.06759259259259259
1 0.5219092331768388 0.40555555555555556 0.01773604590505999 0.05648148148148148
1 0.022430881585811163 0.11712962962962963 0.02764736567553469 0.06944444444444445
1 0.6684924360980699 0.09398148148148149 0.018257694314032343 0.08703703703703704
0 0.9765258215962441 0.5152777777777777 0.04590505998956703 0.046296296296296294
1 0.17475221700573812 0.20555555555555555 0.029212310902451747 0.05740740740740741
1 0.27543035993740217 0.21944444444444444 0.019300991131977047 0.044444444444444446
0 0.014606155451225874 0.5587962962962963 0.028690662493479395 0.03888888888888889
1 0.6964006259780907 0.23055555555555557 0.020865936358894107 0.058333333333333334
1 0.557642149191445 0.23425925925925925 0.016692749087115284 0.06018518518518518
1 0.7889932185706834 0.2777777777777778 0.029212310902451747 0.06296296296296296
1 0.8539384454877412 0.19768518518518519 0.022952529994783515 0.058333333333333334
1 0.25273865414710484 0.9449074074074074 0.03286384976525822 0.05462962962962963
1 0.6400625978090767 0.3773148148148148 0.01617110067814293 0.046296296296296294
1 0.949660928534168 0.37824074074074077 0.02190923317683881 0.05925925925925926
1 0.6371935315597287 0.3398148148148148 0.0297339593114241 0.037037037037037035
1 0.01564945226917058 0.6722222222222223 0.03129890453834116 0.05648148148148148
1 0.4207094418362024 0.4699074074074074 0.02556077203964528 0.04722222222222222
1 0.6001564945226917 0.8638888888888889 0.03025560772039645 0.062037037037037036
1 0.17370892018779344 0.7393518518518518 0.030777256129368807 0.05462962962962963
1 0.795774647887324 0.18101851851851852 0.03129890453834116 0.04259259259259259
0 0.7889932185706834 0.5689814814814815 0.044861763171622326 0.05
1 0.7832550860719875 0.39166666666666666 0.018257694314032343 0.058333333333333334
1 0.03442879499217527 0.6935185185185185 0.03234220135628586 0.04814814814814815
1 0.07772561293688054 0.3050925925925926 0.03442879499217527 0.05555555555555555
1 0.49947835159102766 0.8546296296296296 0.03338549817423057 0.05277777777777778
0 0.19327073552425664 0.18333333333333332 0.03442879499217527 0.03518518518518519
1 0.10511215440792905 0.19490740740740742 0.02190923317683881 0.058333333333333334
1 0.3735002608242045 0.2601851851851852 0.012519561815336464 0.049074074074074076
1 0.22717788210745957 0.1449074074074074 0.016692749087115284 0.05462962962962963
1 0.008346374543557642 0.15 0.016692749087115284 0.06759259259259259
1 0.695357329160146 0.15324074074074073 0.01564945226917058 0.03518518518518519
1 0.707094418362024 0.07175925925925926 0.03129890453834116 0.03888888888888889
1 0.8583724569640062 0.15555555555555556 0.029212310902451747 0.037037037037037035
1 0.5010432968179447 0.7268518518518519 0.03390714658320292 0.05092592592592592
1 0.9804381846635368 0.055092592592592596 0.017214397496087636 0.0712962962962963
1 0.0396452790818988 0.26157407407407407 0.03338549817423057 0.06018518518518518
1 0.795774647887324 0.22546296296296298 0.02138758476786646 0.058333333333333334
1 0.7089201877934272 0.11296296296296296 0.018779342723004695 0.05925925925925926