0 0.06588541666666667 0.5773148148148148 0.0515625 0.06759259259259259
0 0.47213541666666664 0.5712962962962963 0.0390625 0.062037037037037036
0 0.32708333333333334 0.5143518518518518 0.04583333333333333 0.044444444444444446
0 0.5145833333333333 0.6962962962962963 0.043229166666666666 0.040740740740740744
0 0.1015625 0.7166666666666667 0.04895833333333333 0.05462962962962963
0 0.30572916666666666 0.6125 0.04791666666666667 0.040740740740740744
0 0.9395833333333333 0.6208333333333333 0.051041666666666666 0.046296296296296294
0 0.7643229166666666 0.7199074074074074 0.0453125 0.06388888888888888
0 0.10833333333333334 0.4810185185185185 0.050520833333333334 0.053703703703703705
1 0.47265625 0.8324074074074074 0.015625 0.06944444444444445
0 0.03854166666666667 0.4305555555555556 0.053125 0.04722222222222222
0 0.25104166666666666 0.30092592592592593 0.0515625 0.049074074074074076
0 0.5098958333333333 0.6310185185185185 0.034895833333333334 0.06574074074074074
0 0.05260416666666667 0.34814814814814815 0.05364583333333333 0.04537037037037037
0 0.013541666666666667 0.274537037037037 0.027083333333333334 0.05462962962962963
0 0.665625 0.6125 0.0453125 0.05