0 0.1011997913406364 0.4791666666666667 0.05216484089723526 0.05
0 0.7297861241523214 0.4777777777777778 0.053208137715179966 0.04722222222222222
1 0.10693792383933229 0.37222222222222223 0.0297339593114241 0.07037037037037037
1 0.025821596244131457 0.22546296296296298 0.02764736567553469 0.06759259259259259
0 0.7193531559728743 0.5879629629629629 0.05581637976004173 0.044444444444444446
1 0.9887845592070944 0.2861111111111111 0.02138758476786646 0.0787037037037037
1 0.13719353155972874 0.3111111111111111 0.027125717266562335 0.06018518518518518
0 0.5438184663536776 0.4773148148148148 0.04903495044340115 0.04814814814814815
1 0.8854981742305686 0.2902777777777778 0.02764736567553469 0.06481481481481481
1 0.2996870109546166 0.3087962962962963 0.023995826812728223 0.06666666666666667
0 0.2553468961919666 0.5162037037037037 0.0297339593114241 0.06296296296296296
1 0.7091810119979134 0.37222222222222223 0.02556077203964528 0.08333333333333333
0 0.6014606155451225 0.5662037037037037 0.04538341158059468 0.0712962962962963
1 0.7313510693792384 0.21388888888888888 0.029212310902451747 0.044444444444444446
1 0.49165362545644237 0.274537037037037 0.026604068857589983 0.06296296296296296
1 0.23630672926447574 0.17546296296296296 0.023995826812728223 0.07037037037037037
1 0.08242044861763172 0.23055555555555557 0.023995826812728223 0.06574074074074074
1 0.5279081898800209 0.37962962962962965 0.03129890453834116 0.06388888888888888
1 0.5988523735002608 0.3768518518518518 0.02764736567553469 0.049074074074074076
1 0.2005738132498696 0.32222222222222224 0.03025560772039645 0.062037037037037036
1 0.3701095461658842 0.27314814814814814 0.01564945226917058 0.058333333333333334
1 0.7908189880020866 0.31666666666666665 0.0297339593114241 0.075
1 0.11867501304121023 0.22685185185185186 0.022952529994783515 0.06296296296296296
1 0.37219613980177363 0.17453703703703705 0.01773604590505999 0.07222222222222222
1 0.6864893062076161 0.2851851851851852 0.02138758476786646 0.06296296296296296
1 0.35941575378195095 0.8916666666666667 0.023474178403755867 0.06111111111111111
1 0.16171100678142933 0.25787037037037036 0.02556077203964528 0.05648148148148148
1 0.3534167970787689 0.3490740740740741 0.028690662493479395 0.05092592592592592
1 0.8171622326551904 0.17824074074074073 0.023995826812728223 0.058333333333333334
1 0.25821596244131456 0.10462962962962963 0.024517475221700575 0.05462962962962963
1 0.10641627543035993 0.9162037037037037 0.026604068857589983 0.08333333333333333
1 0.433489827856025 0.21944444444444444 0.027125717266562335 0.06481481481481481
1 0.7616066770996348 0.8231481481481482 0.048513302034428794 0.0712962962962963
1 0.3544600938967136 0.3101851851851852 0.0297339593114241 0.040740740740740744
1 0.906885758998435 0.23796296296296296 0.025039123630672927 0.05092592592592592
0 0.6687532603025561 0.3458333333333333 0.047991653625456446 0.041666666666666664
1 0.16353677621283255 0.21388888888888888 0.03129890453834116 0.03796296296296296
1 0.2728221178925404 0.9162037037037037 0.03755868544600939 0.06388888888888888
1 0.6178925404277517 0.28703703703703703 0.02556077203964528 0.06111111111111111
1 0.30229525299947835 0.22685185185185186 0.018257694314032343 0.062037037037037036
1 0.19979134063641105 0.19027777777777777 0.018257694314032343 0.06111111111111111
1 0.4736567553468962 0.2064814814814815 0.02138758476786646 0.07037037037037037
1 0.4360980699008868 0.30462962962962964 0.01617110067814293 0.044444444444444446
1 0.0649452269170579 0.058333333333333334 0.01564945226917058 0.07037037037037037
1 0.35002608242044864 0.21666666666666667 0.01773604590505999 0.05740740740740741
1 0.37741262389149716 0.3972222222222222 0.015127803860198226 0.04259259259259259
1 0.05712050078247261 0.1912037037037037 0.02034428794992175 0.05555555555555555
1 0.5216484089723527 0.8819444444444444 0.0297339593114241 0.08055555555555556
0 0.04825247782994262 0.09074074074074075 0.03129890453834116 0.06851851851851852
0 0.21570161711006783 0.674537037037037 0.06311945748565467 0.05925925925925926
1 0.4647887323943662 0.36064814814814816 0.03599374021909233 0.08796296296296297