0 0.18411458333333333 0.5120370370370371 0.05364583333333333 0.07592592592592592
0 0.334375 0.6504629629629629 0.05 0.05092592592592592
0 0.34427083333333336 0.4375 0.043229166666666666 0.06759259259259259
0 0.39557291666666666 0.5194444444444445 0.044270833333333336 0.05740740740740741
0 0.5565104166666667 0.46944444444444444 0.0484375 0.044444444444444446
0 0.3421875 0.586574074074074 0.05 0.041666666666666664
0 0.6651041666666667 0.9555555555555556 0.04791666666666667 0.08055555555555556
0 0.5 0.38333333333333336 0.026041666666666668 0.05648148148148148
0 0.7518229166666667 0.4527777777777778 0.046875 0.05648148148148148
0 0.31588541666666664 0.749537037037037 0.04375 0.05277777777777778
0 0.27890625 0.33564814814814814 0.046875 0.04259259259259259
0 0.9546875 0.3990740740740741 0.04895833333333333 0.05
0 0.7703125 0.3680555555555556 0.033854166666666664 0.06759259259259259
0 0.20364583333333333 0.5828703703703704 0.030729166666666665 0.05555555555555555
0 0.68984375 0.3125 0.044270833333333336 0.03611111111111111
0 0.36666666666666664 0.2953703703703704 0.025 0.06018518518518518
0 0.80234375 0.674074074074074 0.03802083333333333 0.06388888888888888