0 0.7393229166666667 0.49444444444444446 0.051041666666666666 0.05092592592592592
0 0.09036458333333333 0.39675925925925926 0.041666666666666664 0.06759259259259259
0 0.9151041666666667 0.5467592592592593 0.0515625 0.05092592592592592
0 0.030208333333333334 0.3212962962962963 0.0515625 0.046296296296296294
0 0.7315104166666667 0.6074074074074074 0.049479166666666664 0.04722222222222222
0 0.9872395833333333 0.3439814814814815 0.025520833333333333 0.06018518518518518
0 0.8309895833333333 0.4601851851851852 0.044270833333333336 0.044444444444444446
0 0.86953125 0.38842592592592595 0.04479166666666667 0.04537037037037037
0 0.9252604166666667 0.7412037037037037 0.05677083333333333 0.05740740740740741
0 0.40963541666666664 0.5773148148148148 0.036458333333333336 0.058333333333333334
0 0.9859375 0.4935185185185185 0.027604166666666666 0.049074074074074076
0 0.5518229166666667 0.15416666666666667 0.0171875 0.04722222222222222
0 0.01640625 0.649074074074074 0.03125 0.05462962962962963