0 0.8598958333333333 0.5888888888888889 0.0484375 0.05555555555555555
0 0.7268229166666667 0.23981481481481481 0.04791666666666667 0.07407407407407407
1 0.34270833333333334 0.8337962962962963 0.015104166666666667 0.07037037037037037
0 0.8708333333333333 0.7263888888888889 0.044270833333333336 0.044444444444444446
0 0.8458333333333333 0.5263888888888889 0.05572916666666667 0.04537037037037037
0 0.4859375 0.42777777777777776 0.04010416666666667 0.06851851851851852
0 0.34921875 0.6291666666666667 0.0453125 0.04351851851851852
0 0.3421875 0.6736111111111112 0.042708333333333334 0.040740740740740744
0 0.30364583333333334 0.49953703703703706 0.050520833333333334 0.044444444444444446
1 0.32864583333333336 0.837037037037037 0.015625 0.041666666666666664
0 0.5526041666666667 0.5472222222222223 0.049479166666666664 0.044444444444444446
0 0.84453125 0.7583333333333333 0.04583333333333333 0.04259259259259259
0 0.07109375 0.7273148148148149 0.03802083333333333 0.05740740740740741
0 0.8895833333333333 0.6777777777777778 0.04479166666666667 0.03981481481481482
0 0.17630208333333333 0.42592592592592593 0.05416666666666667 0.049074074074074076
0 0.64453125 0.6805555555555556 0.04375 0.03981481481481482
0 0.10052083333333334 0.6643518518518519 0.051041666666666666 0.04259259259259259