0 0.040985107421875 0.558154296875 0.04949951171875 0.053437423706054685
1 0.666015625 0.17344818115234376 0.0234222412109375 0.06538162231445313
1 0.2144775390625 0.2762603759765625 0.0278472900390625 0.07220687866210937
1 0.43603515625 0.2788604736328125 0.02691650390625 0.07459030151367188
1 0.1331787109375 0.22880859375 0.034881591796875 0.06814422607421874
0 0.60888671875 0.493585205078125 0.0521240234375 0.05094566345214844
1 0.452880859375 0.92476806640625 0.0300445556640625 0.05731048583984375
1 0.93896484375 0.3347625732421875 0.033477783203125 0.06906509399414062
1 0.845703125 0.413848876953125 0.0295867919921875 0.06310653686523438
1 0.78173828125 0.4123321533203125 0.0227203369140625 0.050756072998046874
1 0.230224609375 0.3910980224609375 0.0341796875 0.06018142700195313
1 0.304443359375 0.3065948486328125 0.033966064453125 0.063702392578125
1 0.08343505859375 0.2502593994140625 0.027587890625 0.07144851684570312
1 0.7421875 0.21580810546875 0.0259552001953125 0.06711502075195312
1 0.250244140625 0.350146484375 0.03192138671875 0.06359405517578125
0 0.61181640625 0.555987548828125 0.050048828125 0.0452850341796875
1 0.5625 0.3100616455078125 0.02752685546875 0.04812889099121094
1 0.1634521484375 0.884466552734375 0.039703369140625 0.05839385986328125
1 0.026611328125 0.3096282958984375 0.038330078125 0.06077728271484375
0 0.2027587890625 0.452850341796875 0.04913330078125 0.07361526489257812
1 0.62744140625 0.31114501953125 0.02532958984375 0.06662750244140625
1 0.82861328125 0.2966278076171875 0.0276947021484375 0.06711502075195312
1 0.3525390625 0.2801605224609375 0.019378662109375 0.05527915954589844
1 0.52197265625 0.452850341796875 0.029541015625 0.0591522216796875
1 0.6201171875 0.3572967529296875 0.030914306640625 0.07962799072265625
1 0.1640625 0.31634521484375 0.0257110595703125 0.06765670776367187
1 0.4931640625 0.3720306396484375 0.020843505859375 0.065869140625
1 0.8720703125 0.3031280517578125 0.02655029296875 0.06451492309570313
1 0.89990234375 0.16803131103515626 0.02532958984375 0.061589813232421874
1 0.74658203125 0.33367919921875 0.02484130859375 0.06662750244140625
1 0.08038330078125 0.299444580078125 0.02801513671875 0.05154151916503906
1 0.355712890625 0.35968017578125 0.0289764404296875 0.05687713623046875
1 0.73828125 0.3013946533203125 0.0246124267578125 0.06489410400390624
1 0.697265625 0.90916748046875 0.0234222412109375 0.05124359130859375
0 0.51611328125 0.540386962890625 0.03271484375 0.05124359130859375
1 0.86474609375 0.78956298828125 0.0253753662109375 0.06099395751953125
1 0.25146484375 0.671258544921875 0.0192718505859375 0.054872894287109376
1 0.358642578125 0.387847900390625 0.030731201171875 0.056768798828125
1 0.87353515625 0.2129913330078125 0.0290374755859375 0.0613189697265625
1 0.401611328125 0.86236572265625 0.0245208740234375 0.06662750244140625
1 0.2393798828125 0.308111572265625 0.0257568359375 0.06251068115234375
1 0.802734375 0.3009613037109375 0.02801513671875 0.06251068115234375
1 0.59521484375 0.13249664306640624 0.0153656005859375 0.07946548461914063
1 0.409423828125 0.81556396484375 0.0303802490234375 0.05633544921875
1 0.437744140625 0.82249755859375 0.0232391357421875 0.0582855224609375