0 0.646484375 0.4739583333333333 0.043212890625 0.06537543402777778
1 0.81103515625 0.2990451388888889 0.019561767578125 0.06380208333333333
0 0.033599853515625 0.4661458333333333 0.057373046875 0.04006618923611111
0 0.0872802734375 0.3743489583333333 0.04620361328125 0.045111762152777776
0 0.81494140625 0.4157986111111111 0.048675537109375 0.046223958333333336
0 0.09320068359375 0.4142795138888889 0.05072021484375 0.05056423611111111
0 0.59716796875 0.4279513888888889 0.045867919921875 0.0666232638888889
0 0.6025390625 0.2463107638888889 0.04327392578125 0.04163953993055555
0 0.4931640625 0.3081597222222222 0.040924072265625 0.041015625
0 0.6533203125 0.2766927083333333 0.02838134765625 0.04969618055555555
0 0.90625 0.5460069444444444 0.0328369140625 0.05270724826388889
0 0.65087890625 0.3285590277777778 0.0455322265625 0.04123263888888889
0 0.28955078125 0.3057725694444444 0.04913330078125 0.050374348958333336
0 0.54833984375 0.7200520833333334 0.050140380859375 0.0537109375
0 0.215576171875 0.5130208333333334 0.0469970703125 0.055989583333333336
0 0.96923828125 0.7113715277777778 0.034759521484375 0.05075412326388889
0 0.56640625 0.09830729166666667 0.0199127197265625 0.06477864583333333
1 0.7924107142857146 0.29100529100529104 0.026785714285714236 0.06349206349206359