0 0.216796875 0.5286458333333334 0.05450439453125 0.04367404513888889
0 0.2470703125 0.4600694444444444 0.04931640625 0.04275173611111111
0 0.153564453125 0.3218315972222222 0.04931640625 0.042426215277777776
0 0.52392578125 0.5677083333333334 0.04620361328125 0.053521050347222224
0 0.6416015625 0.443359375 0.05126953125 0.04006618923611111
0 0.54052734375 0.3292100694444444 0.04510498046875 0.057183159722222224
0 0.8798828125 0.8637152777777778 0.051177978515625 0.05848524305555555
0 0.66650390625 0.5390625 0.035614013671875 0.05251736111111111
0 0.51708984375 0.4674479166666667 0.04620361328125 0.047037760416666664
0 0.47119140625 0.3758680555555556 0.036712646484375 0.0537109375
0 0.090576171875 0.4236111111111111 0.0521240234375 0.04275173611111111
0 0.97705078125 0.3337673611111111 0.038330078125 0.059027777777777776
0 0.091552734375 0.5785590277777778 0.054107666015625 0.0886501736111111
0 0.7470703125 0.6306423611111112 0.051177978515625 0.07221137152777778