0 0.6294270833333333 0.412962962962963 0.0453125 0.06666666666666667
0 0.3190104166666667 0.524074074074074 0.053125 0.04259259259259259
0 0.5135416666666667 0.6611111111111111 0.0484375 0.040740740740740744
0 0.6356770833333333 0.600925925925926 0.04791666666666667 0.04351851851851852
0 0.2609375 0.6652777777777777 0.035416666666666666 0.041666666666666664
0 0.4708333333333333 0.5745370370370371 0.0484375 0.041666666666666664
0 0.6177083333333333 0.5393518518518519 0.04791666666666667 0.046296296296296294
0 0.19479166666666667 0.5152777777777777 0.049479166666666664 0.04259259259259259
0 0.18541666666666667 0.39675925925925926 0.05364583333333333 0.04351851851851852
0 0.50625 0.5342592592592592 0.025 0.06296296296296296
0 0.71640625 0.5898148148148148 0.04635416666666667 0.046296296296296294
0 0.640625 0.35509259259259257 0.0515625 0.044444444444444446
0 0.61484375 0.6893518518518519 0.0234375 0.05092592592592592
0 0.23984375 0.6300925925925925 0.049479166666666664 0.05555555555555555
0 0.9125 0.31666666666666665 0.051041666666666666 0.04814814814814815
0 0.5489583333333333 0.8555555555555555 0.0171875 0.046296296296296294