1 0.4637454355764215 0.7949074074074074 0.022952529994783515 0.05648148148148148
0 0.6400625978090767 0.5277777777777778 0.047991653625456446 0.04537037037037037
1 0.6158059467918623 0.3912037037037037 0.02556077203964528 0.07222222222222222
1 0.603547209181012 0.18472222222222223 0.019300991131977047 0.07777777777777778
1 0.6684924360980699 0.6587962962962963 0.022952529994783515 0.05277777777777778
1 0.2167449139280125 0.3726851851851852 0.027125717266562335 0.06018518518518518
1 0.2005738132498696 0.850925925925926 0.037037037037037035 0.053703703703703705
0 0.4825247782994262 0.4625 0.047991653625456446 0.04814814814814815
1 0.41497130933750653 0.3578703703703704 0.024517475221700575 0.05740740740740741
1 0.4371413667188315 0.3013888888888889 0.01773604590505999 0.06759259259259259
1 0.4220135628586333 0.6671296296296296 0.02190923317683881 0.062037037037037036
0 0.27829942618675013 0.5393518518518519 0.0297339593114241 0.05
1 0.9254042775169535 0.888425925925926 0.03547209181011998 0.05555555555555555
0 0.7709963484611372 0.5657407407407408 0.053208137715179966 0.053703703703703705
1 0.37245696400625977 0.6486111111111111 0.025039123630672927 0.062037037037037036
1 0.11006781429316641 0.7939814814814815 0.03442879499217527 0.0824074074074074
1 0.6322378716744914 0.26296296296296295 0.018779342723004695 0.06018518518518518
1 0.3114241001564945 0.7240740740740741 0.03338549817423057 0.05740740740740741
0 0.5307772561293688 0.5768518518518518 0.04381846635367762 0.06944444444444445
0 0.44679186228482004 0.55 0.0495565988523735 0.041666666666666664
1 0.5751173708920188 0.38564814814814813 0.023474178403755867 0.07314814814814814
1 0.7462180490349505 0.40046296296296297 0.0198226395409494 0.06944444444444445
1 0.08789775691184142 0.3300925925925926 0.03338549817423057 0.06944444444444445
0 0.9199269692227439 0.4615740740740741 0.057902973395931145 0.04722222222222222
1 0.6465832029212311 0.33796296296296297 0.02556077203964528 0.05648148148148148
1 0.20448617631716223 0.7620370370370371 0.03234220135628586 0.05925925925925926
1 0.4295774647887324 0.2388888888888889 0.024517475221700575 0.06666666666666667
1 0.7811684924360981 0.33935185185185185 0.027125717266562335 0.06851851851851852
1 0.942357850808555 0.18333333333333332 0.03495044340114763 0.06944444444444445
1 0.792905581637976 0.4300925925925926 0.028169014084507043 0.05462962962962963
1 0.23395931142410015 0.2412037037037037 0.02190923317683881 0.05740740740740741
1 0.05086071987480438 0.29305555555555557 0.03495044340114763 0.06018518518518518
1 0.8101199791340636 0.287962962962963 0.022952529994783515 0.06296296296296296
1 0.30699008868022953 0.18101851851851852 0.018779342723004695 0.05740740740740741
1 0.3448095983307251 0.29583333333333334 0.02764736567553469 0.058333333333333334
1 0.21778821074595722 0.2074074074074074 0.01773604590505999 0.058333333333333334
0 0.2498695878977569 0.4842592592592593 0.056338028169014086 0.05648148148148148
1 0.5936358894105372 0.26481481481481484 0.023474178403755867 0.06111111111111111
1 0.7133541992696922 0.36712962962962964 0.02138758476786646 0.058333333333333334
1 0.054773082942097026 0.725462962962963 0.03599374021909233 0.07592592592592592
1 0.11684924360980699 0.2337962962962963 0.019300991131977047 0.05740740740740741
1 0.1254564423578508 0.27685185185185185 0.026604068857589983 0.06296296296296296
1 0.09546165884194054 0.11527777777777778 0.02190923317683881 0.08333333333333333
1 0.9843505477308294 0.14444444444444443 0.026604068857589983 0.07685185185185185
1 0.6108502869066249 0.8314814814814815 0.022952529994783515 0.06574074074074074
1 0.9624413145539906 0.03194444444444444 0.018257694314032343 0.06296296296296296
1 0.8633281168492436 0.12407407407407407 0.0198226395409494 0.062037037037037036
1 0.4757433489827856 0.1648148148148148 0.01617110067814293 0.05185185185185185
1 0.7553468961919666 0.2518518518518518 0.022952529994783515 0.05740740740740741
1 0.94679186228482 0.2569444444444444 0.03025560772039645 0.06851851851851852
1 0.5552947313510693 0.3199074074074074 0.019300991131977047 0.06296296296296296
1 0.14397496087636932 0.18981481481481483 0.02556077203964528 0.05462962962962963
1 0.7889932185706834 0.20416666666666666 0.0297339593114241 0.06944444444444445
1 0.30699008868022953 0.24074074074074073 0.023474178403755867 0.06018518518518518
1 0.702660406885759 0.2726851851851852 0.024517475221700575 0.06018518518518518
1 0.31324986958789774 0.1398148148148148 0.018257694314032343 0.05
1 0.01695357329160146 0.1476851851851852 0.03234220135628586 0.0787037037037037
1 0.8148148148148148 0.11990740740740741 0.026604068857589983 0.06851851851851852
0 0.98226395409494 0.7351851851851852 0.03547209181011998 0.053703703703703705
1 0.2699530516431925 0.16666666666666666 0.02034428794992175 0.05
1 0.7110067814293166 0.1925925925925926 0.017214397496087636 0.062037037037037036
1 0.28012519561815336 0.8078703703703703 0.01773604590505999 0.049074074074074076
1 0.9814814814814815 0.2986111111111111 0.03025560772039645 0.08518518518518518
1 0.4050599895670318 0.28379629629629627 0.020865936358894107 0.06296296296296296
1 0.24856546687532602 0.31157407407407406 0.02138758476786646 0.06296296296296296
1 0.7425665101721439 0.3148148148148148 0.028690662493479395 0.075
1 0.5146061554512259 0.16944444444444445 0.014606155451225874 0.04814814814814815
1 0.9770474700052165 0.21712962962962962 0.024517475221700575 0.06296296296296296
1 0.9063641105894628 0.20277777777777778 0.028690662493479395 0.06666666666666667
1 0.2136150234741784 0.2967592592592593 0.03547209181011998 0.07037037037037037
1 0.3114241001564945 0.8425925925925926 0.03390714658320292 0.04722222222222222
1 0.8453312467396974 0.30694444444444446 0.02764736567553469 0.04814814814814815
1 0.6742305685967658 0.0837962962962963 0.022430881585811163 0.06388888888888888
0 0.9804381846635368 0.5708333333333333 0.03912363067292645 0.05648148148148148
1 0.5498174230568597 0.18796296296296297 0.022952529994783515 0.058333333333333334
1 0.10459050599895671 0.19722222222222222 0.03129890453834116 0.037037037037037035
1 0.39280125195618154 0.18055555555555555 0.019300991131977047 0.05092592592592592
0 0.3922796035472092 0.4740740740740741 0.0406885758998435 0.06296296296296296
0 0.4074074074074074 0.4337962962962963 0.0406885758998435 0.06018518518518518