1 0.5825520833333333 0.8597222222222223 0.0203125 0.05925925925925926
0 0.60546875 0.7291666666666666 0.041666666666666664 0.03888888888888889
0 0.83984375 0.5273148148148148 0.049479166666666664 0.04814814814814815
0 0.71875 0.5884259259259259 0.04739583333333333 0.062037037037037036
0 0.5263020833333333 0.600925925925926 0.0421875 0.05462962962962963
0 0.83046875 0.6300925925925925 0.052083333333333336 0.04351851851851852
0 0.6651041666666667 0.6625 0.040625 0.06759259259259259
0 0.23515625 0.6444444444444445 0.046875 0.046296296296296294
0 0.1125 0.5185185185185185 0.0546875 0.049074074074074076
0 0.02421875 0.5916666666666667 0.0484375 0.044444444444444446
0 0.2559895833333333 0.6847222222222222 0.033854166666666664 0.041666666666666664
1 0.5627604166666667 0.8560185185185185 0.0171875 0.0824074074074074