0 0.8950520833333333 0.6365740740740741 0.05364583333333333 0.04351851851851852
0 0.13541666666666666 0.6611111111111111 0.0546875 0.04722222222222222
0 0.9072916666666667 0.42824074074074076 0.051041666666666666 0.04537037037037037
0 0.0234375 0.5259259259259259 0.04114583333333333 0.058333333333333334
0 0.8252604166666667 0.3287037037037037 0.046875 0.04259259259259259
0 0.0203125 0.6032407407407407 0.040625 0.03888888888888889
0 0.9432291666666667 0.5120370370370371 0.04791666666666667 0.044444444444444446
0 0.76171875 0.38657407407407407 0.050520833333333334 0.04814814814814815
0 0.76015625 0.46435185185185185 0.042708333333333334 0.06388888888888888
0 0.09375 0.49583333333333335 0.05520833333333333 0.04537037037037037
0 0.05 0.687962962962963 0.04635416666666667 0.05277777777777778
0 0.9119791666666667 0.3597222222222222 0.04635416666666667 0.04259259259259259
0 0.08229166666666667 0.3296296296296296 0.049479166666666664 0.041666666666666664
0 0.7455729166666667 0.350462962962963 0.0453125 0.046296296296296294
0 0.11197916666666667 0.3861111111111111 0.050520833333333334 0.04351851851851852
0 0.8299479166666667 0.5412037037037037 0.05 0.06851851851851852
0 0.18229166666666666 0.29953703703703705 0.05520833333333333 0.06759259259259259
0 0.09479166666666666 0.43472222222222223 0.06197916666666667 0.05648148148148148