0 0.26513671875 0.5668212890625 0.03289794921875 0.062023162841796875
1 0.96826171875 0.4248992919921875 0.036346435546875 0.07469863891601562
1 0.62841796875 0.19338226318359375 0.021575927734375 0.068035888671875
1 0.156005859375 0.677325439453125 0.029144287109375 0.05796051025390625
1 0.475830078125 0.41514892578125 0.0268096923828125 0.07144851684570312
0 0.8876953125 0.60235595703125 0.030670166015625 0.057635498046875
0 0.13720703125 0.47581787109375 0.05242919921875 0.041005706787109374
1 0.5029296875 0.3629302978515625 0.02532958984375 0.05644378662109375
1 0.11126708984375 0.82769775390625 0.036224365234375 0.060398101806640625
1 0.828125 0.803863525390625 0.0251312255859375 0.06018142700195313
1 0.418212890625 0.84156494140625 0.034027099609375 0.05403327941894531
1 0.9833984375 0.2402923583984375 0.0282135009765625 0.06440658569335937
1 0.428466796875 0.34581298828125 0.0318603515625 0.07264022827148438
1 0.237060546875 0.384814453125 0.0200958251953125 0.06007308959960937
0 0.68994140625 0.58675537109375 0.04779052734375 0.048968505859375
1 0.04302978515625 0.436383056640625 0.0313720703125 0.05202903747558594
1 0.5791015625 0.3490631103515625 0.018768310546875 0.06527328491210938
1 0.376220703125 0.2589263916015625 0.0282745361328125 0.06180648803710938
0 0.87109375 0.483184814453125 0.02886962890625 0.05154151916503906
1 0.256591796875 0.2894775390625 0.02752685546875 0.06516494750976562
1 0.8154296875 0.88143310546875 0.02880859375 0.05666046142578125
1 0.93408203125 0.315911865234375 0.035400390625 0.07209854125976563
1 0.168701171875 0.29034423828125 0.032958984375 0.06489410400390624
1 0.468017578125 0.348846435546875 0.0191192626953125 0.06440658569335937
1 0.74609375 0.161639404296875 0.027069091796875 0.07946548461914063
0 0.48779296875 0.5564208984375 0.0546875 0.047505950927734374
0 0.361083984375 0.540386962890625 0.033599853515625 0.063702392578125
0 0.9697265625 0.60755615234375 0.049591064453125 0.05037689208984375
1 0.46875 0.287744140625 0.018402099609375 0.05465621948242187
1 0.8203125 0.1713897705078125 0.0204925537109375 0.0656524658203125
1 0.8251953125 0.2480926513671875 0.0190887451171875 0.06272735595703124
1 0.029083251953125 0.3611968994140625 0.0268096923828125 0.06299819946289062
0 0.7890625 0.608856201171875 0.0318603515625 0.05476455688476563
1 0.5791015625 0.1289215087890625 0.0197906494140625 0.06548995971679687
1 0.1640625 0.18254852294921875 0.0304412841796875 0.06402740478515626
1 0.6357421875 0.3932647705078125 0.02532958984375 0.07101516723632813
1 0.65087890625 0.3087615966796875 0.020843505859375 0.059748077392578126
0 0.05889892578125 0.525653076171875 0.0258026123046875 0.05094566345214844
1 0.7978515625 0.4127655029296875 0.0293731689453125 0.08309478759765625
1 0.38037109375 0.9655029296875 0.0238189697265625 0.059748077392578126
1 0.08599853515625 0.17019805908203126 0.03167724609375 0.08022384643554688
1 0.90478515625 0.148638916015625 0.026611328125 0.061589813232421874
0 0.94921875 0.558154296875 0.055419921875 0.04563713073730469
1 0.4228515625 0.9291015625 0.035675048828125 0.059423065185546874
1 0.7705078125 0.31201171875 0.03240966796875 0.05806884765625
1 0.8427734375 0.3538299560546875 0.0215301513671875 0.06018142700195313
1 0.95947265625 0.816864013671875 0.038177490234375 0.05633544921875
1 0.012054443359375 0.735394287109375 0.022979736328125 0.05546875
0 0.0738525390625 0.65089111328125 0.06610107421875 0.053924942016601564
1 0.279052734375 0.17496490478515625 0.0250396728515625 0.0608856201171875
1 0.372802734375 0.4079986572265625 0.0233306884765625 0.05601043701171875
1 0.68701171875 0.13032989501953124 0.0265045166015625 0.068902587890625
1 0.67431640625 0.8198974609375 0.0311431884765625 0.06576080322265625
1 0.9228515625 0.391314697265625 0.0258636474609375 0.06381072998046874
1 0.5341796875 0.267376708984375 0.0207672119140625 0.06467742919921875
1 0.587890625 0.75142822265625 0.035552978515625 0.05546875
1 0.1512451171875 0.9343017578125 0.03448486328125 0.05953140258789062
1 0.5166015625 0.7072265625 0.0258636474609375 0.0587188720703125
1 0.398193359375 0.69422607421875 0.03533935546875 0.050078964233398436
1 0.452880859375 0.750128173828125 0.029144287109375 0.05644378662109375
1 0.57568359375 0.86583251953125 0.024993896484375 0.049537277221679686
1 0.57763671875 0.648291015625 0.033203125 0.0537353515625
1 0.69189453125 0.2671600341796875 0.0271759033203125 0.054547882080078124
1 0.861328125 0.21244964599609376 0.0284423828125 0.052733230590820315
1 0.62939453125 0.2940277099609375 0.01519012451171875 0.045122528076171876
1 0.312744140625 0.230108642578125 0.0287017822265625 0.04384956359863281
1 0.01282501220703125 0.20367431640625 0.0233306884765625 0.05322074890136719
0 0.95361328125 0.08466567993164062 0.03167724609375 0.06624832153320312
1 0.006771087646484375 0.3299957275390625 0.0136871337890625 0.05124359130859375
1 0.93603515625 0.0513519287109375 0.0169830322265625 0.06917343139648438
1 0.7685546875 0.269976806640625 0.03167724609375 0.040789031982421876
1 0.52880859375 0.2255584716796875 0.029754638671875 0.03672637939453125
1 0.986328125 0.887066650390625 0.027740478515625 0.07009429931640625
1 0.008880615234375 0.2623931884765625 0.0180206298828125 0.030496978759765626