0 0.9324465310380803 0.5212962962962963 0.044861763171622326 0.062037037037037036
0 0.3205529473135107 0.5222222222222223 0.030777256129368807 0.06851851851851852
0 0.3427230046948357 0.4111111111111111 0.03129890453834116 0.06574074074074074
1 0.9898278560250391 0.7708333333333334 0.018779342723004695 0.06481481481481481
1 0.7154407929055816 0.6935185185185185 0.027125717266562335 0.05740740740740741
1 0.8862806468440271 0.6925925925925925 0.023474178403755867 0.06111111111111111
1 0.9131455399061033 0.6282407407407408 0.026604068857589983 0.06851851851851852
1 0.8213354199269692 0.6754629629629629 0.027125717266562335 0.062037037037037036
1 0.5560772039645279 0.6365740740740741 0.026604068857589983 0.07037037037037037
1 0.4702660406885759 0.6597222222222222 0.023995826812728223 0.06574074074074074
1 0.9334898278560251 0.7662037037037037 0.022952529994783515 0.06574074074074074
1 0.22561293688054251 0.6912037037037037 0.03025560772039645 0.062037037037037036
1 0.2540427751695357 0.17962962962962964 0.0495565988523735 0.07685185185185185
1 0.711528429838289 0.7731481481481481 0.018257694314032343 0.062037037037037036
1 0.021648408972352633 0.7055555555555556 0.03912363067292645 0.05925925925925926
0 0.4984350547730829 0.5231481481481481 0.0495565988523735 0.05185185185185185
1 0.7793427230046949 0.825 0.02608242044861763 0.06851851851851852
1 0.6606677099634846 0.6476851851851851 0.02556077203964528 0.04722222222222222
1 0.852112676056338 0.7425925925925926 0.02608242044861763 0.06111111111111111
1 0.5213875847678665 0.7226851851851852 0.018779342723004695 0.06944444444444445
1 0.6387584767866458 0.8342592592592593 0.02138758476786646 0.053703703703703705
1 0.6737089201877934 0.7337962962962963 0.020865936358894107 0.05740740740740741
0 0.022430881585811163 0.43425925925925923 0.0406885758998435 0.058333333333333334
0 0.34533124673969745 0.6564814814814814 0.04747000521648409 0.04259259259259259
0 0.4637454355764215 0.44074074074074077 0.041731872717788214 0.04814814814814815
1 0.6601460615545123 0.1037037037037037 0.03286384976525822 0.06296296296296296
1 0.418622848200313 0.6217592592592592 0.02034428794992175 0.05
1 0.8935837245696401 0.7689814814814815 0.0297339593114241 0.06296296296296296
1 0.6421491914449661 0.7240740740740741 0.01773604590505999 0.05648148148148148
1 0.7509128847157016 0.08472222222222223 0.037037037037037035 0.062037037037037036
1 0.7563901930099113 0.8916666666666667 0.018779342723004695 0.05277777777777778
0 0.7918622848200313 0.4791666666666667 0.054773082942097026 0.053703703703703705
1 0.2819509650495566 0.7870370370370371 0.03025560772039645 0.044444444444444446
1 0.8153364632237872 0.8050925925925926 0.01617110067814293 0.06481481481481481
1 0.5805946791862285 0.6995370370370371 0.02138758476786646 0.05185185185185185
1 0.32785602503912364 0.7175925925925926 0.023995826812728223 0.05925925925925926
1 0.09624413145539906 0.7199074074074074 0.03390714658320292 0.05925925925925926
1 0.39723526343244653 0.7106481481481481 0.02764736567553469 0.05462962962962963
1 0.5821596244131455 0.7847222222222222 0.022952529994783515 0.08518518518518518
1 0.4937402190923318 0.11851851851851852 0.02608242044861763 0.07777777777777778
1 0.9546165884194053 0.8087962962962963 0.020865936358894107 0.058333333333333334
1 0.6421491914449661 0.6018518518518519 0.017214397496087636 0.046296296296296294
1 0.6244131455399061 0.6953703703703704 0.018779342723004695 0.06111111111111111
1 0.4989567031820553 0.5722222222222222 0.02034428794992175 0.04351851851851852
1 0.5610328638497653 0.6675925925925926 0.01564945226917058 0.030555555555555555
1 0.3093375065206051 0.6259259259259259 0.02764736567553469 0.0824074074074074
1 0.9345331246739698 0.9412037037037037 0.01564945226917058 0.07037037037037037
0 0.8604590505998957 0.3101851851851852 0.06781429316640585 0.06481481481481481
1 0.13119457485654668 0.7097222222222223 0.03129890453834116 0.06296296296296296
1 0.012519561815336464 0.7648148148148148 0.025039123630672927 0.05925925925925926
0 0.9517475221700574 0.9092592592592592 0.03182055294731351 0.06851851851851852
1 0.45670318205529475 0.7592592592592593 0.018779342723004695 0.05925925925925926
1 0.5404277516953573 0.7847222222222222 0.027125717266562335 0.05092592592592592