1 0.3288993218570683 0.6606481481481481 0.03495044340114763 0.06018518518518518
1 0.15701617110067814 0.6532407407407408 0.03442879499217527 0.05462962962962963
0 0.7044861763171623 0.6064814814814815 0.046948356807511735 0.05
0 0.612415232133542 0.5685185185185185 0.04590505998956703 0.04814814814814815
1 0.8140323422013563 0.11481481481481481 0.030777256129368807 0.06666666666666667
1 0.48617631716223264 0.38981481481481484 0.025039123630672927 0.06481481481481481
0 0.838810641627543 0.5768518518518518 0.056338028169014086 0.049074074074074076
0 0.41784037558685444 0.5194444444444445 0.057902973395931145 0.05185185185185185
0 0.11606677099634846 0.42777777777777776 0.03808033385498174 0.06296296296296296
1 0.513302034428795 0.6083333333333333 0.01617110067814293 0.06296296296296296
1 0.11971830985915492 0.8111111111111111 0.040166927490871154 0.06481481481481481
1 0.1752738654147105 0.6787037037037037 0.03129890453834116 0.053703703703703705
0 0.6113719353155973 0.48518518518518516 0.028169014084507043 0.05740740740740741
1 0.18701095461658843 0.8319444444444445 0.03547209181011998 0.062037037037037036
1 0.9444444444444444 0.4537037037037037 0.02764736567553469 0.05925925925925926
1 0.8891497130933751 0.11574074074074074 0.02190923317683881 0.06111111111111111
1 0.47522170057381324 0.29212962962962963 0.02556077203964528 0.06296296296296296
1 0.17031820552947313 0.24861111111111112 0.02556077203964528 0.06296296296296296
1 0.9400104329681794 0.8916666666666667 0.03129890453834116 0.05925925925925926
1 0.03442879499217527 0.9074074074074074 0.03755868544600939 0.058333333333333334
1 0.017214397496087636 0.8736111111111111 0.03442879499217527 0.05555555555555555
1 0.8252477829942618 0.45092592592592595 0.028690662493479395 0.06111111111111111
1 0.24047991653625456 0.2810185185185185 0.029212310902451747 0.058333333333333334
1 0.7143974960876369 0.3990740740740741 0.01773604590505999 0.07037037037037037
1 0.7816901408450704 0.43796296296296294 0.03182055294731351 0.06944444444444445
1 0.7005738132498696 0.29259259259259257 0.02556077203964528 0.06481481481481481
0 0.9741784037558685 0.7092592592592593 0.04329681794470527 0.06296296296296296
1 0.8695878977569118 0.3490740740740741 0.030777256129368807 0.06296296296296296
1 0.2676056338028169 0.3143518518518518 0.026604068857589983 0.05648148148148148
1 0.547470005216484 0.2162037037037037 0.028169014084507043 0.05925925925925926
1 0.07537819509650495 0.33425925925925926 0.03495044340114763 0.06574074074074074
1 0.2863849765258216 0.3472222222222222 0.02608242044861763 0.06574074074074074
1 0.38054251434533126 0.8472222222222222 0.0297339593114241 0.06018518518518518
1 0.4368805425143453 0.7060185185185185 0.02190923317683881 0.06296296296296296
1 0.3455920709441836 0.3541666666666667 0.024517475221700575 0.06851851851851852
1 0.29786124152321336 0.2773148148148148 0.02138758476786646 0.06481481481481481
0 0.32994261867501307 0.4356481481481482 0.04903495044340115 0.044444444444444446
1 0.6069379238393323 0.0763888888888889 0.014606155451225874 0.06759259259259259
1 0.41784037558685444 0.7402777777777778 0.03338549817423057 0.05925925925925926
1 0.47052686489306206 0.3472222222222222 0.026604068857589983 0.06481481481481481
1 0.9256651017214398 0.262037037037037 0.029212310902451747 0.05648148148148148
1 0.8348982785602503 0.18564814814814815 0.02764736567553469 0.05648148148148148
1 0.43870631194574855 0.6203703703703703 0.027125717266562335 0.07314814814814814
1 0.6395409494001043 0.2388888888888889 0.020865936358894107 0.06944444444444445
1 0.8265519040166928 0.33611111111111114 0.03442879499217527 0.062037037037037036
1 0.747000521648409 0.38472222222222224 0.028169014084507043 0.05555555555555555
1 0.661189358372457 0.41574074074074074 0.02556077203964528 0.05092592592592592
1 0.5057381324986959 0.2810185185185185 0.02190923317683881 0.05740740740740741
1 0.14501825769431403 0.26666666666666666 0.03599374021909233 0.06296296296296296
1 0.9003651538862807 0.7541666666666667 0.027125717266562335 0.05648148148148148
1 0.7754303599374022 0.21851851851851853 0.023474178403755867 0.05462962962962963
0 0.15206051121544079 0.5587962962962963 0.04747000521648409 0.062037037037037036
1 0.10093896713615023 0.5055555555555555 0.03390714658320292 0.08148148148148149
0 0.5297339593114241 0.5162037037037037 0.04747000521648409 0.05092592592592592
1 0.8012519561815337 0.26481481481481484 0.02138758476786646 0.06851851851851852
1 0.6617110067814294 0.18564814814814815 0.024517475221700575 0.062037037037037036
1 0.6551904016692749 0.09907407407407408 0.0198226395409494 0.06851851851851852
1 0.590245174752217 0.1935185185185185 0.02608242044861763 0.06481481481481481
1 0.34298382889932183 0.9023148148148148 0.02764736567553469 0.058333333333333334
1 0.8398539384454877 0.25555555555555554 0.01617110067814293 0.05555555555555555
1 0.7720396452790819 0.8925925925925926 0.030777256129368807 0.04722222222222222
1 0.02764736567553469 0.32685185185185184 0.03755868544600939 0.075
1 0.09885237350026083 0.21944444444444444 0.03495044340114763 0.07222222222222222
1 0.607981220657277 0.2912037037037037 0.024517475221700575 0.049074074074074076
1 0.15153886280646844 0.1986111111111111 0.023474178403755867 0.0712962962962963
1 0.7728221178925404 0.17037037037037037 0.0297339593114241 0.06666666666666667
1 0.5482524778299426 0.725 0.03025560772039645 0.06296296296296296
1 0.9658320292123109 0.17175925925925925 0.03129890453834116 0.06481481481481481
1 0.1927490871152843 0.6314814814814815 0.02556077203964528 0.05185185185185185
1 0.1499739175795514 0.3490740740740741 0.03234220135628586 0.04722222222222222
1 0.4222743870631195 0.3194444444444444 0.025039123630672927 0.05277777777777778
1 0.30855503390714656 0.2175925925925926 0.022952529994783515 0.05648148148148148
1 0.24256651017214398 0.15601851851851853 0.029212310902451747 0.075
1 0.8818466353677621 0.2875 0.02608242044861763 0.041666666666666664
1 0.8969744392279604 0.25972222222222224 0.02034428794992175 0.06018518518518518
1 0.37819509650495564 0.8064814814814815 0.018779342723004695 0.05185185185185185
1 0.8643714136671883 0.20185185185185187 0.01773604590505999 0.06111111111111111
1 0.7996870109546166 0.4083333333333333 0.02034428794992175 0.05462962962962963
1 0.5039123630672926 0.23287037037037037 0.02138758476786646 0.04259259259259259
1 0.23500260824204486 0.23425925925925925 0.03390714658320292 0.05185185185185185
1 0.8187271778821075 0.2875 0.020865936358894107 0.06574074074074074
1 0.8985393844548775 0.3458333333333333 0.019300991131977047 0.03796296296296296
1 0.9681794470526864 0.04583333333333333 0.016692749087115284 0.06944444444444445
1 0.3909754825247783 0.28055555555555556 0.014084507042253521 0.05
1 0.9003651538862807 0.17731481481481481 0.019300991131977047 0.05277777777777778
1 0.33437663015127805 0.31157407407407406 0.018779342723004695 0.05092592592592592
1 0.9334898278560251 0.7939814814814815 0.03755868544600939 0.06111111111111111
1 0.8437663015127804 0.13842592592592592 0.018779342723004695 0.05462962962962963
1 0.057902973395931145 0.24074074074074073 0.03495044340114763 0.06481481481481481
1 0.9368805425143454 0.16203703703703703 0.026604068857589983 0.053703703703703705
1 0.4979134063641106 0.03657407407407407 0.011476264997391758 0.05555555555555555
0 0.9820031298904538 0.0787037037037037 0.028690662493479395 0.06296296296296296
1 0.29551382368283774 0.18425925925925926 0.0297339593114241 0.04259259259259259
1 0.554773082942097 0.9222222222222223 0.02190923317683881 0.05462962962962963
1 0.5972874282733438 0.8796296296296297 0.03286384976525822 0.05277777777777778
1 0.532603025560772 0.8282407407407407 0.03025560772039645 0.053703703703703705
1 0.17892540427751696 0.14953703703703702 0.023995826812728223 0.041666666666666664
1 0.7811684924360981 0.7157407407407408 0.03495044340114763 0.05555555555555555
1 0.7235263432446531 0.1865740740740741 0.026604068857589983 0.03796296296296296
1 0.9024517475221701 0.3106481481481482 0.03286384976525822 0.04259259259259259
1 0.08085550339071466 0.49675925925925923 0.028169014084507043 0.041666666666666664
1 0.9183620239958268 0.3800925925925926 0.029212310902451747 0.041666666666666664
1 0.4444444444444444 0.5814814814814815 0.019300991131977047 0.03888888888888889
0 0.9235785080855503 0.6064814814814815 0.056338028169014086 0.07592592592592592
0 0.9864371413667188 0.5689814814814815 0.027125717266562335 0.04722222222222222
1 0.9087115284298383 0.41805555555555557 0.028169014084507043 0.03981481481481482
1 0.05712050078247261 0.1685185185185185 0.02034428794992175 0.049074074074074076
0 0.42592592592592593 0.46296296296296297 0.05529473135106938 0.075
0 0.8213354199269692 0.5101851851851852 0.06207616066770996 0.05925925925925926