0 0.293212890625 0.4709201388888889 0.052032470703125 0.04123263888888889
0 0.7275390625 0.36328125 0.047698974609375 0.04226345486111111
0 0.435302734375 0.3758680555555556 0.047698974609375 0.04543728298611111
0 0.93310546875 0.3012152777777778 0.045440673828125 0.04172092013888889
0 0.287109375 0.3493923611111111 0.04742431640625 0.038492838541666664
0 0.54833984375 0.4657118055555556 0.05023193359375 0.043999565972222224
0 0.52001953125 0.8328993055555556 0.051361083984375 0.053521050347222224
0 0.02606201171875 0.3917100694444444 0.05023193359375 0.038872612847222224
0 0.5478515625 0.390625 0.0225067138671875 0.05772569444444445
0 0.36279296875 0.5464409722222222 0.03643798828125 0.054633246527777776
0 0.77587890625 0.6015625 0.061187744140625 0.07221137152777778
0 0.5693359375 0.12608506944444445 0.0209197998046875 0.06944444444444445