0 0.43218570683359414 0.5907407407407408 0.06207616066770996 0.07037037037037037
0 0.15832029212310902 0.5185185185185185 0.05894627021387585 0.06111111111111111
0 0.2537819509650496 0.45787037037037037 0.040166927490871154 0.06481481481481481
0 0.24882629107981222 0.5587962962962963 0.0396452790818988 0.05740740740740741
0 0.10824204486176317 0.41944444444444445 0.05216484089723526 0.03518518518518519
0 0.547470005216484 0.5523148148148148 0.04747000521648409 0.06481481481481481
0 0.05033907146583203 0.5236111111111111 0.0495565988523735 0.041666666666666664
0 0.4947835159102765 0.5097222222222222 0.0594679186228482 0.05462962962962963
0 0.030777256129368807 0.45416666666666666 0.05112154407929056 0.044444444444444446
1 0.7303077725612936 0.8736111111111111 0.02556077203964528 0.062037037037037036
1 0.7232655190401669 0.9629629629629629 0.0297339593114241 0.05185185185185185
1 0.868283776734481 0.6680555555555555 0.03286384976525822 0.06018518518518518
1 0.46087636932707354 0.8388888888888889 0.02190923317683881 0.06481481481481481
1 0.30255607720396455 0.8287037037037037 0.023995826812728223 0.06111111111111111
1 0.6251956181533647 0.4305555555555556 0.020865936358894107 0.05925925925925926
1 0.9726134585289515 0.4444444444444444 0.03338549817423057 0.06574074074074074
1 0.5699008868022952 0.2708333333333333 0.019300991131977047 0.06666666666666667
1 0.5633802816901409 0.4009259259259259 0.022952529994783515 0.0712962962962963
1 0.8862806468440271 0.4212962962962963 0.03390714658320292 0.06666666666666667
1 0.9374021909233177 0.3912037037037037 0.03547209181011998 0.05925925925925926
1 0.8471570161711007 0.3861111111111111 0.029212310902451747 0.07407407407407407
1 0.4945226917057903 0.34120370370370373 0.022952529994783515 0.06018518518518518
1 0.7143974960876369 0.16527777777777777 0.01773604590505999 0.06296296296296296
1 0.9501825769431403 0.34444444444444444 0.03338549817423057 0.06851851851851852
1 0.6622326551904016 0.2064814814814815 0.022952529994783515 0.07037037037037037
1 0.6348461137193532 0.2777777777777778 0.0198226395409494 0.058333333333333334
1 0.5967657798643714 0.3074074074074074 0.025039123630672927 0.06944444444444445
1 0.6288471570161711 0.3490740740740741 0.025039123630672927 0.06018518518518518
1 0.3988002086593636 0.31157407407407406 0.015127803860198226 0.06296296296296296
1 0.16666666666666666 0.825 0.028690662493479395 0.04722222222222222
1 0.22013562858633282 0.6402777777777777 0.022430881585811163 0.062037037037037036
1 0.19874804381846636 0.3050925925925926 0.019300991131977047 0.05648148148148148
1 0.8320292123109024 0.3587962962962963 0.028169014084507043 0.06388888888888888
1 0.13588941053729786 0.8481481481481481 0.03547209181011998 0.05555555555555555
1 0.6674491392801252 0.12037037037037036 0.02034428794992175 0.06481481481481481
1 0.44679186228482004 0.4222222222222222 0.028690662493479395 0.06388888888888888
1 0.9141888367240479 0.2564814814814815 0.02556077203964528 0.05925925925925926
1 0.7686489306207616 0.20462962962962963 0.02608242044861763 0.06666666666666667
1 0.5005216484089724 0.26851851851851855 0.02608242044861763 0.06111111111111111
1 0.6176317162232655 0.25092592592592594 0.02190923317683881 0.05462962962962963
1 0.8007303077725613 0.1824074074074074 0.02034428794992175 0.06759259259259259
1 0.9507042253521126 0.17407407407407408 0.02190923317683881 0.06111111111111111
1 0.9400104329681794 0.3023148148148148 0.028690662493479395 0.06666666666666667
1 0.15753781950965048 0.23842592592592593 0.030777256129368807 0.05925925925925926
1 0.7918622848200313 0.1398148148148148 0.018779342723004695 0.06944444444444445
1 0.12571726656233698 0.7652777777777777 0.025039123630672927 0.05185185185185185
1 0.7944705268648931 0.25787037037037036 0.025039123630672927 0.06388888888888888
1 0.7044861763171623 0.3162037037037037 0.024517475221700575 0.04351851851851852
1 0.26917057902973396 0.6652777777777777 0.03390714658320292 0.06111111111111111
1 0.8442879499217527 0.2912037037037037 0.02764736567553469 0.04722222222222222
1 0.04251434533124674 0.75 0.03129890453834116 0.05740740740740741
1 0.8257694314032342 0.31851851851851853 0.027125717266562335 0.04722222222222222
1 0.29577464788732394 0.23194444444444445 0.023995826812728223 0.07222222222222222
1 0.09546165884194054 0.3143518518518518 0.02138758476786646 0.06574074074074074
1 0.08581116327595201 0.24768518518518517 0.025039123630672927 0.05
1 0.021648408972352633 0.8708333333333333 0.0396452790818988 0.053703703703703705
1 0.9848721961398018 0.8601851851851852 0.028169014084507043 0.07314814814814814
1 0.9663536776212832 0.23472222222222222 0.029212310902451747 0.05185185185185185
1 0.9027125717266562 0.1537037037037037 0.02138758476786646 0.06018518518518518
1 0.20318205529473135 0.6773148148148148 0.022952529994783515 0.05277777777777778
1 0.392018779342723 0.38935185185185184 0.03286384976525822 0.0712962962962963
1 0.07772561293688054 0.35 0.02764736567553469 0.05740740740740741
1 0.2652582159624413 0.3625 0.030777256129368807 0.05462962962962963
1 0.2683881064162754 0.18472222222222223 0.01564945226917058 0.05925925925925926
1 0.2454355764214919 0.2675925925925926 0.0198226395409494 0.062037037037037036
1 0.29029733959311427 0.14166666666666666 0.017214397496087636 0.06759259259259259
1 0.847678664580073 0.20694444444444443 0.017214397496087636 0.041666666666666664
1 0.6517996870109546 0.40925925925925927 0.02138758476786646 0.05648148148148148
1 0.5062597809076682 0.6717592592592593 0.022952529994783515 0.08425925925925926
1 0.036515388628064686 0.3560185185185185 0.028169014084507043 0.0712962962962963
1 0.055033907146583204 0.3148148148148148 0.026604068857589983 0.05740740740740741