0 0.11065673828125 0.3756510416666667 0.04779052734375 0.04299587673611111
0 0.06231689453125 0.4678819444444444 0.056549072265625 0.036919487847222224
1 0.79638671875 0.3057725694444444 0.020172119140625 0.07231987847222222
0 0.309326171875 0.3101128472222222 0.04949951171875 0.047661675347222224
0 0.67041015625 0.3253038194444444 0.044586181640625 0.04383680555555555
0 0.8408203125 0.4136284722222222 0.04620361328125 0.042670355902777776
0 0.619140625 0.24544270833333334 0.041473388671875 0.04014756944444445
0 0.1163330078125 0.4144965277777778 0.05108642578125 0.048665364583333336
0 0.51904296875 0.2979600694444444 0.0232391357421875 0.059624565972222224
0 0.6748046875 0.2784288194444444 0.026763916015625 0.048665364583333336
0 0.625 0.4305555555555556 0.041229248046875 0.06309678819444445
0 0.93896484375 0.5568576388888888 0.05511474609375 0.04543728298611111
0 0.5771484375 0.7230902777777778 0.048309326171875 0.06179470486111111
0 0.243408203125 0.5104166666666666 0.030731201171875 0.05740017361111111
0 0.6739211309523813 0.4743923611111113 0.043999808175223164 0.05935329861111111
1 0.8162202380952385 0.30820105820105825 0.01934523809523808 0.06878306878306872