1 0.09285341679707877 0.7185185185185186 0.03495044340114763 0.06851851851851852
0 0.25013041210224307 0.45787037037037037 0.027125717266562335 0.06018518518518518
1 0.9676577986437142 0.22268518518518518 0.028690662493479395 0.06666666666666667
1 0.8695878977569118 0.6972222222222222 0.03390714658320292 0.05740740740740741
1 0.9619196661450182 0.033796296296296297 0.017214397496087636 0.06666666666666667
1 0.03103808033385498 0.350462962962963 0.030777256129368807 0.06666666666666667
1 0.6533646322378717 0.33194444444444443 0.030777256129368807 0.0712962962962963
1 0.2874282733437663 0.25833333333333336 0.028690662493479395 0.05462962962962963
1 0.07329160146061554 0.24583333333333332 0.03495044340114763 0.06018518518518518
0 0.04825247782994262 0.5060185185185185 0.05581637976004173 0.04259259259259259
0 0.06703182055294732 0.4375 0.03234220135628586 0.062037037037037036
1 0.6645800730307773 0.8106481481481481 0.0297339593114241 0.05462962962962963
1 0.8028169014084507 0.8601851851851852 0.03338549817423057 0.05648148148148148
1 0.6085028690662494 0.6037037037037037 0.02034428794992175 0.06296296296296296
0 0.7172665623369848 0.48518518518518516 0.03025560772039645 0.06759259259259259
0 0.9486176317162233 0.6148148148148148 0.03182055294731351 0.05925925925925926
0 0.38601982263954093 0.47453703703703703 0.05216484089723526 0.04259259259259259
1 0.5419926969222744 0.1986111111111111 0.024517475221700575 0.05740740740740741
1 0.8007303077725613 0.3449074074074074 0.03286384976525822 0.06481481481481481
1 0.4157537819509651 0.2574074074074074 0.028169014084507043 0.06111111111111111
1 0.5323422013562858 0.7527777777777778 0.02034428794992175 0.053703703703703705
0 0.8453312467396974 0.5879629629629629 0.056859676577986434 0.05185185185185185
1 0.45774647887323944 0.7893518518518519 0.028169014084507043 0.05555555555555555
1 0.392018779342723 0.8050925925925926 0.02556077203964528 0.04814814814814815
1 0.603547209181012 0.2564814814814815 0.026604068857589983 0.0712962962962963
0 0.8135106937923839 0.5175925925925926 0.029212310902451747 0.05092592592592592
1 0.23604590505998957 0.27870370370370373 0.024517475221700575 0.05740740740740741
1 0.9702660406885759 0.40185185185185185 0.03599374021909233 0.06851851851851852
1 0.8140323422013563 0.4115740740740741 0.023995826812728223 0.075
1 0.4139280125195618 0.9046296296296297 0.03182055294731351 0.06018518518518518
1 0.689358372456964 0.17777777777777778 0.02190923317683881 0.07037037037037037
1 0.3779342723004695 0.22407407407407406 0.018779342723004695 0.05185185185185185
1 0.587376108502869 0.6231481481481481 0.023474178403755867 0.06018518518518518
1 0.31533646322378717 0.2884259259259259 0.0198226395409494 0.06666666666666667
1 0.10876369327073553 0.29212962962962963 0.03755868544600939 0.06481481481481481
1 0.4128847157016171 0.36018518518518516 0.019300991131977047 0.06111111111111111
1 0.603547209181012 0.387037037037037 0.016692749087115284 0.06296296296296296
1 0.7183098591549296 0.21342592592592594 0.02190923317683881 0.06296296296296296
1 0.5213875847678665 0.3143518518518518 0.022430881585811163 0.05092592592592592
1 0.2986437141366719 0.7958333333333333 0.0297339593114241 0.05092592592592592
1 0.440792905581638 0.38564814814814813 0.019300991131977047 0.06666666666666667
1 0.755868544600939 0.3402777777777778 0.027125717266562335 0.05462962962962963
1 0.01069379238393323 0.24953703703703703 0.02138758476786646 0.07037037037037037
0 0.3268127282211789 0.5509259259259259 0.04538341158059468 0.06296296296296296
1 0.27803860198226393 0.3087962962962963 0.02608242044861763 0.06481481481481481
1 0.8403755868544601 0.3560185185185185 0.029212310902451747 0.05925925925925926
1 0.7905581637976005 0.20787037037037037 0.024517475221700575 0.05740740740740741
1 0.5151278038601982 0.8282407407407407 0.026604068857589983 0.04722222222222222
1 0.495565988523735 0.2273148148148148 0.024517475221700575 0.062037037037037036
1 0.25952008346374544 0.725462962962963 0.024517475221700575 0.05555555555555555
1 0.9300991131977048 0.26805555555555555 0.027125717266562335 0.06111111111111111
1 0.7154407929055816 0.08703703703703704 0.013562858633281168 0.06388888888888888
1 0.6444966092853417 0.1884259259259259 0.018779342723004695 0.062037037037037036
1 0.7939488784559207 0.2875 0.03025560772039645 0.05740740740740741
1 0.8755868544600939 0.29398148148148145 0.024517475221700575 0.06296296296296296
1 0.8914971309337506 0.2537037037037037 0.02608242044861763 0.05740740740740741
1 0.908189880020866 0.3972222222222222 0.03182055294731351 0.05555555555555555
1 0.014345331246739697 0.7898148148148149 0.028169014084507043 0.053703703703703705
1 0.9843505477308294 0.287962962962963 0.030777256129368807 0.062037037037037036
1 0.05581637976004173 0.20879629629629629 0.018779342723004695 0.04259259259259259
1 0.13302034428794993 0.19166666666666668 0.013562858633281168 0.05
1 0.2905581637976004 0.20601851851851852 0.01773604590505999 0.05092592592592592
1 0.8646322378716745 0.2111111111111111 0.022952529994783515 0.05925925925925926
1 0.46765779864371415 0.20462962962962963 0.02556077203964528 0.06111111111111111
1 0.9243609806990088 0.33425925925925926 0.019300991131977047 0.040740740740740744
1 0.1562336984872196 0.24444444444444444 0.018779342723004695 0.03333333333333333
1 0.9027125717266562 0.325 0.022430881585811163 0.05092592592592592
0 0.9775691184141888 0.06620370370370371 0.030777256129368807 0.06944444444444445
1 0.3917579551382368 0.31805555555555554 0.014606155451225874 0.053703703703703705