1 0.5594679186228482 0.6472222222222223 0.022952529994783515 0.05740740740740741
0 0.27908189880020867 0.5310185185185186 0.0297339593114241 0.05462962962962963
1 0.6293688054251435 0.7407407407407407 0.026604068857589983 0.0712962962962963
0 0.3114241001564945 0.44583333333333336 0.05216484089723526 0.04537037037037037
0 0.21830985915492956 0.5194444444444445 0.03129890453834116 0.05277777777777778
1 0.3304642670839854 0.2222222222222222 0.03390714658320292 0.07314814814814814
0 0.4032342201356286 0.48842592592592593 0.051643192488262914 0.041666666666666664
1 0.42462180490349505 0.6171296296296296 0.02190923317683881 0.06944444444444445
1 0.9517475221700574 0.5763888888888888 0.03390714658320292 0.06759259259259259
0 0.22769953051643194 0.5712962962962963 0.028169014084507043 0.05185185185185185
0 0.2303077725612937 0.3527777777777778 0.04121022430881586 0.07037037037037037
1 0.6098069900886802 0.8236111111111111 0.02190923317683881 0.05925925925925926
1 0.5498174230568597 0.7078703703703704 0.02190923317683881 0.06574074074074074
1 0.24934793948878456 0.6564814814814814 0.03286384976525822 0.06481481481481481
1 0.8568075117370892 0.7171296296296297 0.03182055294731351 0.06388888888888888
0 0.030777256129368807 0.5476851851851852 0.053208137715179966 0.040740740740740744
1 0.7861241523213354 0.6939814814814815 0.020865936358894107 0.06759259259259259
0 0.744131455399061 0.5041666666666667 0.051643192488262914 0.04259259259259259
0 0.18049034950443402 0.40555555555555556 0.05425143453312467 0.05185185185185185
1 0.7660406885758998 0.6458333333333334 0.024517475221700575 0.06388888888888888
1 0.5078247261345853 0.6689814814814815 0.018257694314032343 0.05925925925925926
1 0.5667709963484612 0.6064814814814815 0.02608242044861763 0.06388888888888888
1 0.04590505998956703 0.711574074074074 0.03755868544600939 0.06388888888888888
1 0.7094418362023995 0.6726851851851852 0.028169014084507043 0.05555555555555555
1 0.3922796035472092 0.6171296296296296 0.027125717266562335 0.062037037037037036
1 0.3317683881064163 0.26666666666666666 0.030777256129368807 0.06481481481481481
1 0.9227960354720918 0.6217592592592592 0.03129890453834116 0.05555555555555555
1 0.647887323943662 0.8953703703703704 0.01773604590505999 0.06851851851851852
1 0.19718309859154928 0.6328703703703704 0.03025560772039645 0.06111111111111111
1 0.3701095461658842 0.6805555555555556 0.02138758476786646 0.06018518518518518
0 0.7876890975482524 0.4134259259259259 0.051643192488262914 0.041666666666666664
1 0.09389671361502347 0.34629629629629627 0.04538341158059468 0.06944444444444445
0 0.4076682316118936 0.3300925925925926 0.048513302034428794 0.07037037037037037
1 0.9814814814814815 0.03287037037037037 0.037037037037037035 0.05648148148148148
1 0.7279603547209181 0.6222222222222222 0.018779342723004695 0.062037037037037036
1 0.747000521648409 0.03611111111111111 0.030777256129368807 0.06574074074074074
1 0.48487219613980176 0.7162037037037037 0.017214397496087636 0.06296296296296296
1 0.3403755868544601 0.6055555555555555 0.028169014084507043 0.05740740740740741
1 0.4394887845592071 0.6472222222222223 0.03025560772039645 0.06388888888888888
1 0.3938445487741262 0.7064814814814815 0.027125717266562335 0.07777777777777778
1 0.9149713093375065 0.7375 0.02608242044861763 0.062037037037037036
1 0.8969744392279604 0.6578703703703703 0.024517475221700575 0.05185185185185185
1 0.7162232655190401 0.7939814814814815 0.026604068857589983 0.06851851851851852
1 0.18596765779864372 0.6981481481481482 0.028169014084507043 0.05740740740740741
1 0.5174752217005738 0.6087962962962963 0.016692749087115284 0.06759259259259259
1 0.9619196661450182 0.6717592592592593 0.026604068857589983 0.062037037037037036
1 0.7496087636932708 0.6787037037037037 0.023474178403755867 0.06018518518518518
1 0.520605112154408 0.7087962962962963 0.026604068857589983 0.07222222222222222
1 0.7576943140323422 0.7625 0.02608242044861763 0.05925925925925926
0 0.8834115805946792 0.4759259259259259 0.030777256129368807 0.05092592592592592
1 0.7245696400625978 0.9037037037037037 0.013562858633281168 0.062037037037037036
1 0.827073552425665 0.6189814814814815 0.022430881585811163 0.06666666666666667
1 0.022170057381324985 0.6523148148148148 0.030777256129368807 0.04722222222222222
1 0.02686489306207616 0.7949074074074074 0.023995826812728223 0.05648148148148148
1 0.7503912363067292 0.14953703703703702 0.036515388628064686 0.053703703703703705
1 0.20735524256651017 0.8425925925925926 0.027125717266562335 0.05277777777777778
1 0.5106937923839332 0.40185185185185185 0.02034428794992175 0.05277777777777778
1 0.40923317683881066 0.7569444444444444 0.02556077203964528 0.05555555555555555
1 0.9590505998956703 0.9453703703703704 0.017214397496087636 0.06851851851851852
1 0.6356285863328117 0.774074074074074 0.018257694314032343 0.04722222222222222
1 0.08737610850286906 0.7967592592592593 0.022952529994783515 0.05740740740740741
1 0.5743348982785602 0.7268518518518519 0.020865936358894107 0.06944444444444445
1 0.806207616066771 0.7898148148148149 0.02138758476786646 0.05740740740740741
1 0.4047991653625456 0.4115740740740741 0.025039123630672927 0.058333333333333334
1 0.8868022952529995 0.5990740740740741 0.02138758476786646 0.06481481481481481
1 0.1178925404277517 0.027777777777777776 0.03390714658320292 0.05277777777777778
0 0.08268127282211789 0.4708333333333333 0.04747000521648409 0.046296296296296294
1 0.9121022430881586 0.8356481481481481 0.027125717266562335 0.058333333333333334
1 0.7295252999478351 0.8407407407407408 0.01773604590505999 0.06018518518518518
0 0.8622848200312989 0.75 0.051643192488262914 0.04537037037037037
1 0.7519561815336463 0.08981481481481482 0.022952529994783515 0.06111111111111111
1 0.9893062076160668 0.6777777777777778 0.02034428794992175 0.08055555555555556
1 0.12232655190401669 0.7458333333333333 0.028690662493479395 0.053703703703703705
1 0.26473656755346897 0.7222222222222222 0.02138758476786646 0.05740740740740741
0 0.1134585289514867 0.43194444444444446 0.03755868544600939 0.04537037037037037
1 0.7655190401669275 0.11435185185185186 0.027125717266562335 0.053703703703703705
1 0.9603547209181011 0.10972222222222222 0.03390714658320292 0.05555555555555555
1 0.5140845070422535 0.1337962962962963 0.03129890453834116 0.06296296296296296
1 0.6684924360980699 0.5560185185185185 0.015127803860198226 0.046296296296296294
1 0.2357850808555034 0.7597222222222222 0.027125717266562335 0.05
1 0.7743870631194575 0.7351851851851852 0.01773604590505999 0.06018518518518518
1 0.4671361502347418 0.7351851851851852 0.025039123630672927 0.049074074074074076
1 0.7386541471048513 0.7101851851851851 0.017214397496087636 0.04537037037037037
1 0.9491392801251957 0.7472222222222222 0.023995826812728223 0.06111111111111111
1 0.15701617110067814 0.8037037037037037 0.02556077203964528 0.053703703703703705
1 0.7582159624413145 0.20601851851851852 0.030777256129368807 0.046296296296296294
1 0.9741784037558685 0.7986111111111112 0.03286384976525822 0.09537037037037037
1 0.2746478873239437 0.7689814814814815 0.022430881585811163 0.05
0 0.9741784037558685 0.9120370370370371 0.03182055294731351 0.06574074074074074
1 0.95565988523735 0.19444444444444445 0.037037037037037035 0.06388888888888888
1 0.44548774126238916 0.7208333333333333 0.018257694314032343 0.04722222222222222
1 0.1356285863328117 0.8143518518518519 0.022430881585811163 0.044444444444444446
1 0.5404277516953573 0.7865740740740741 0.028690662493479395 0.07037037037037037