0 0.18622848200312989 0.42453703703703705 0.05529473135106938 0.046296296296296294
1 0.868283776734481 0.6342592592592593 0.022952529994783515 0.06666666666666667
0 0.1906624934793949 0.5356481481481481 0.05425143453312467 0.044444444444444446
0 0.9775691184141888 0.5208333333333334 0.03025560772039645 0.058333333333333334
1 0.4494001043296818 0.5731481481481482 0.03338549817423057 0.05925925925925926
0 0.8466353677621283 0.5277777777777778 0.05529473135106938 0.05462962962962963
0 0.6752738654147105 0.4930555555555556 0.03495044340114763 0.05925925925925926
1 0.8969744392279604 0.7708333333333334 0.02138758476786646 0.06388888888888888
1 0.7772561293688054 0.6814814814814815 0.028690662493479395 0.06388888888888888
1 0.6987480438184663 0.08055555555555556 0.03808033385498174 0.06018518518518518
0 0.3933229003651539 0.5314814814814814 0.0495565988523735 0.040740740740740744
1 0.6776212832550861 0.7703703703703704 0.01773604590505999 0.062037037037037036
1 0.6757955138236829 0.6962962962962963 0.026604068857589983 0.05925925925925926
1 0.8348982785602503 0.6861111111111111 0.02190923317683881 0.06296296296296296
1 0.2652582159624413 0.6402777777777777 0.028169014084507043 0.06851851851851852
0 0.2905581637976004 0.4412037037037037 0.051643192488262914 0.04537037037037037
1 0.9486176317162233 0.7736111111111111 0.023995826812728223 0.06018518518518518
1 0.9882629107981221 0.8263888888888888 0.023474178403755867 0.06481481481481481
1 0.4872196139801774 0.7337962962962963 0.022430881585811163 0.06574074074074074
0 0.3109024517475222 0.6476851851851851 0.047991653625456446 0.04259259259259259
1 0.18988002086593636 0.6898148148148148 0.027125717266562335 0.06111111111111111
1 0.3745435576421492 0.625 0.022430881585811163 0.053703703703703705
1 0.3599374021909233 0.700925925925926 0.027125717266562335 0.05092592592592592
1 0.7597809076682316 0.7837962962962963 0.024517475221700575 0.07037037037037037
1 0.7295252999478351 0.8981481481481481 0.024517475221700575 0.05277777777777778
1 0.8114241001564946 0.7453703703703703 0.027125717266562335 0.06111111111111111
1 0.24517475221700574 0.7861111111111111 0.03025560772039645 0.04351851851851852
1 0.29134063641105895 0.7185185185185186 0.02556077203964528 0.062037037037037036
1 0.8560250391236307 0.7773148148148148 0.027125717266562335 0.06851851851851852
0 0.9741784037558685 0.2949074074074074 0.051643192488262914 0.04537037037037037
1 0.5912884715701617 0.612037037037037 0.02556077203964528 0.05
1 0.6244131455399061 0.6518518518518519 0.02608242044861763 0.049074074074074076
1 0.09259259259259259 0.7055555555555556 0.03129890453834116 0.062037037037037036
1 0.9256651017214398 0.812037037037037 0.0198226395409494 0.058333333333333334
1 0.6064162754303599 0.8101851851851852 0.014606155451225874 0.06388888888888888
1 0.547470005216484 0.7763888888888889 0.02034428794992175 0.05925925925925926
1 0.5370370370370371 0.7032407407407407 0.02608242044861763 0.06851851851851852
1 0.43244653103808034 0.6643518518518519 0.02034428794992175 0.06018518518518518
1 0.9872196139801773 0.6458333333333334 0.023474178403755867 0.06666666666666667
1 0.5179968701095462 0.6712962962962963 0.018779342723004695 0.04351851851851852
1 0.6332811684924361 0.7837962962962963 0.018779342723004695 0.05740740740740741
1 0.5790297339593115 0.6898148148148148 0.02034428794992175 0.06111111111111111
1 0.6087636932707355 0.10972222222222222 0.0297339593114241 0.06296296296296296
1 0.8607198748043818 0.1037037037037037 0.03390714658320292 0.04722222222222222
1 0.6108502869066249 0.7263888888888889 0.015127803860198226 0.053703703703703705
1 0.47391757955138236 0.8763888888888889 0.013041210224308816 0.037037037037037035
1 0.21100678142931664 0.1787037037037037 0.053208137715179966 0.07407407407407407
1 0.07642149191444966 0.7675925925925926 0.024517475221700575 0.04537037037037037
1 0.44887845592070946 0.12129629629629629 0.027125717266562335 0.07685185185185185
0 0.952529994783516 0.9101851851851852 0.03234220135628586 0.07037037037037037
1 0.935054773082942 0.9425925925925925 0.01564945226917058 0.07037037037037037
1 0.5067814293166406 0.7893518518518519 0.022430881585811163 0.06018518518518518
0 0.6734480959833072 0.3527777777777778 0.058424621804903494 0.075
1 0.8661971830985915 0.8175925925925925 0.011476264997391758 0.025
1 0.5073030777256129 0.9333333333333333 0.013041210224308816 0.06018518518518518
1 0.3615023474178404 0.7689814814814815 0.011476264997391758 0.024074074074074074