1 0.716796875 0.3003472222222222 0.027374267578125 0.0700954861111111
0 0.7333984375 0.5525173611111112 0.05224609375 0.043999565972222224
0 0.292724609375 0.3606770833333333 0.049774169921875 0.042182074652777776
0 0.8896484375 0.4891493055555556 0.052520751953125 0.049506293402777776
0 0.51123046875 0.6788194444444444 0.050506591796875 0.05750868055555555
0 0.9345703125 0.5811631944444444 0.05145263671875 0.04234483506944445
0 0.234619140625 0.7335069444444444 0.059967041015625 0.05653211805555555
0 0.73974609375 0.7235243055555556 0.05560302734375 0.05360243055555555
0 0.952241443452381 0.4513888888888889 0.048382713681175575 0.06380208333333333
0 0.4820149739583334 0.42087260251322756 0.03791736421130949 0.05211046006944445
0 0.08361525762648811 0.3090277777777779 0.042547316778273815 0.06526692708333333
0 0.75634765625 0.3765190972222222 0.044281005859375 0.06401909722222222
0 0.187744140625 0.4444444444444444 0.054901123046875 0.04031032986111111
0 0.68701171875 0.6267361111111112 0.045196533203125 0.040934244791666664
1 0.6171875 0.2647569444444444 0.0207672119140625 0.06646050347222222
0 0.79248046875 0.6267361111111112 0.047149658203125 0.04391818576388889
1 0.86083984375 0.2712673611111111 0.030670166015625 0.06331380208333333
0 0.98876953125 0.3552517361111111 0.02215576171875 0.03648546006944445
1 0.25878906250000006 0.29131531084656087 0.0266571044921875 0.058509786292989405
0 0.018402099609375 0.3556857638888889 0.034027099609375 0.04684787326388889
1 0.95259021577381 0.22205687830687834 0.036131359281994097 0.06571903935185189
0 0.6302548363095238 0.4947916666666668 0.04214840843563993 0.058159722222222224