1 0.7119140625 0.403448486328125 0.029144287109375 0.06240234375
1 0.189697265625 0.836798095703125 0.036895751953125 0.059423065185546874
1 0.1385498046875 0.432049560546875 0.035888671875 0.05806884765625
1 0.8994140625 0.816864013671875 0.0276947021484375 0.06251068115234375
1 0.640625 0.3624969482421875 0.022796630859375 0.0693359375
1 0.49560546875 0.855865478515625 0.03533935546875 0.05262489318847656
1 0.54052734375 0.424249267578125 0.0284881591796875 0.06548995971679687
1 0.2276611328125 0.6742919921875 0.0259552001953125 0.056768798828125
0 0.66748046875 0.578955078125 0.051361083984375 0.0461517333984375
0 0.2890625 0.46541748046875 0.0306243896484375 0.05904388427734375
1 0.08709716796875 0.74622802734375 0.035736083984375 0.052814483642578125
0 0.5302734375 0.557720947265625 0.054290771484375 0.048589324951171874
0 0.8857421875 0.598455810546875 0.05780029296875 0.050674819946289064
0 0.44384765625 0.58848876953125 0.0305633544921875 0.06673583984375
1 0.90576171875 0.367913818359375 0.0313720703125 0.07020263671875
1 0.438232421875 0.416015625 0.0234222412109375 0.04409332275390625
1 0.291748046875 0.347979736328125 0.024139404296875 0.065869140625
1 0.73974609375 0.835064697265625 0.0312042236328125 0.06169815063476562
1 0.8818359375 0.885333251953125 0.0279541015625 0.0556854248046875
1 0.8564453125 0.3542633056640625 0.03125 0.061589813232421874
1 0.68603515625 0.20443267822265626 0.0242767333984375 0.06814422607421874
1 0.06854248046875 0.34927978515625 0.0208892822265625 0.06359405517578125
1 0.07147216796875 0.413848876953125 0.035675048828125 0.063702392578125
1 0.8955078125 0.246142578125 0.0289764404296875 0.06538162231445313
1 0.64453125 0.13032989501953124 0.0202178955078125 0.07117767333984375
1 0.489501953125 0.360980224609375 0.027740478515625 0.060398101806640625
1 0.9609375 0.16044769287109376 0.03179931640625 0.06359405517578125
1 0.53125 0.308544921875 0.0189056396484375 0.062023162841796875
1 0.463134765625 0.9724365234375 0.0300445556640625 0.05213737487792969
1 0.44970703125 0.334112548828125 0.0243377685546875 0.05709381103515625
1 0.59228515625 0.7193603515625 0.0233306884765625 0.05709381103515625
1 0.2110595703125 0.946435546875 0.032470703125 0.0587188720703125
1 0.7392578125 0.148638916015625 0.0261993408203125 0.060289764404296876
1 0.2081298828125 0.25654296875 0.0232391357421875 0.054872894287109376
1 0.478271484375 0.23487548828125 0.0282135009765625 0.052814483642578125
1 0.8681640625 0.2270751953125 0.027069091796875 0.05622711181640625
1 0.019561767578125 0.2268585205078125 0.0284423828125 0.065869140625
0 0.2467041015625 0.5806884765625 0.050506591796875 0.04988937377929688
1 0.2152099609375 0.19099884033203124 0.0264129638671875 0.06099395751953125
1 0.6494140625 0.880133056640625 0.0230712890625 0.053329086303710936
1 0.509765625 0.93690185546875 0.03839111328125 0.059964752197265624
1 0.59619140625 0.278643798828125 0.01953125 0.05806884765625
1 0.98095703125 0.266943359375 0.035003662109375 0.06240234375
1 0.654296875 0.651324462890625 0.033538818359375 0.05113525390625
1 0.9130859375 0.3117950439453125 0.0293121337890625 0.05465621948242187
1 0.66015625 0.74969482421875 0.03448486328125 0.05517082214355469
1 0.364990234375 0.2307586669921875 0.0240478515625 0.06516494750976562
0 0.982421875 0.646124267578125 0.03704833984375 0.0537353515625
1 0.474609375 0.711993408203125 0.034820556640625 0.05113525390625
1 0.063232421875 0.244842529296875 0.028167724609375 0.06099395751953125
1 0.6884765625 0.3031280517578125 0.01507568359375 0.041980743408203125
1 0.93310546875 0.054954147338867186 0.01666259765625 0.0699859619140625
1 0.09503173828125 0.298577880859375 0.02752685546875 0.054872894287109376
1 0.74609375 0.273876953125 0.021331787109375 0.05113525390625
1 0.277099609375 0.256109619140625 0.0202484130859375 0.050566482543945315
1 0.4521484375 0.21916656494140624 0.022796630859375 0.057635498046875
1 0.599609375 0.2186248779296875 0.018341064453125 0.0535186767578125
1 0.986328125 0.4040985107421875 0.0222930908203125 0.06440658569335937
1 0.52587890625 0.75576171875 0.0221099853515625 0.061102294921875
1 0.72509765625 0.3295623779296875 0.02447509765625 0.030713653564453124
1 0.99072265625 0.3421295166015625 0.0184783935546875 0.0578521728515625
1 0.05975341796875 0.195440673828125 0.0180206298828125 0.045799636840820314
1 0.80908203125 0.1579559326171875 0.015838623046875 0.05424995422363281
1 0.427001953125 0.2929443359375 0.01560211181640625 0.06467742919921875