0 0.13463541666666667 0.6259259259259259 0.0515625 0.03611111111111111
0 0.4046875 0.5324074074074074 0.049479166666666664 0.040740740740740744
0 0.7611979166666667 0.6351851851851852 0.0484375 0.04259259259259259
0 0.6963541666666667 0.5259259259259259 0.04375 0.03981481481481482
0 0.29739583333333336 0.3296296296296296 0.053125 0.041666666666666664
0 0.025 0.4148148148148148 0.04895833333333333 0.04351851851851852
0 0.3221354166666667 0.6407407407407407 0.046875 0.037037037037037035
0 0.9091145833333333 0.3976851851851852 0.057291666666666664 0.04351851851851852
0 0.06848958333333334 0.6884259259259259 0.04635416666666667 0.03888888888888889
0 0.3731770833333333 0.4449074074074074 0.0484375 0.03981481481481482
0 0.49973958333333335 0.3662037037037037 0.053125 0.04814814814814815
0 0.7544270833333333 0.3314814814814815 0.0484375 0.049074074074074076
0 0.4083333333333333 0.649537037037037 0.04635416666666667 0.040740740740740744
0 0.044270833333333336 0.5625 0.05 0.04259259259259259
0 0.31979166666666664 0.6050925925925926 0.04583333333333333 0.04722222222222222
0 0.49895833333333334 0.5425925925925926 0.049479166666666664 0.040740740740740744
0 0.3338541666666667 0.5254629629629629 0.04583333333333333 0.041666666666666664
0 0.8458333333333333 0.4828703703703704 0.05 0.04814814814814815
0 0.5848958333333333 0.2152777777777778 0.04739583333333333 0.04259259259259259
0 0.5604166666666667 0.6111111111111112 0.043229166666666666 0.041666666666666664