0 0.20166015625 0.5295138888888888 0.0526123046875 0.044243706597222224
0 0.1524658203125 0.6788194444444444 0.055938720703125 0.04039171006944445
0 0.040771484375 0.416015625 0.051666259765625 0.040473090277777776
0 0.10302734375 0.3326822916666667 0.0517578125 0.046332465277777776
0 0.4384765625 0.4405381944444444 0.0469970703125 0.04503038194444445
0 0.314208984375 0.4934895833333333 0.050323486328125 0.047309027777777776
0 0.86083984375 0.5230034722222222 0.049224853515625 0.04543728298611111
0 0.66015625 0.4123263888888889 0.04559326171875 0.046142578125
0 0.8203125 0.5842013888888888 0.05108642578125 0.047037760416666664
0 0.71728515625 0.3452690972222222 0.04510498046875 0.04212782118055555
0 0.23876953125 0.412109375 0.0302734375 0.054741753472222224
0 0.08209228515625 0.6015625 0.052825927734375 0.04299587673611111
0 0.6103515625 0.5750868055555556 0.0401611328125 0.0705837673611111
0 0.83837890625 0.4359809027777778 0.044921875 0.041015625
0 0.97265625 0.5381944444444444 0.048126220703125 0.05495876736111111
0 0.791015625 0.3248697916666667 0.0231475830078125 0.051920572916666664