0 0.53759765625 0.4138454861111111 0.041839599609375 0.044840494791666664
0 0.1734619140625 0.3630642361111111 0.050140380859375 0.046142578125
0 0.759765625 0.49609375 0.0469970703125 0.045111762152777776
0 0.4853515625 0.3546006944444444 0.04559326171875 0.04226345486111111
0 0.63037109375 0.5490451388888888 0.045867919921875 0.045708550347222224
0 0.7119140625 0.6362847222222222 0.04876708984375 0.04587131076388889
0 0.6396484375 0.3450520833333333 0.04681396484375 0.04334852430555555
0 0.32275390625 0.4730902777777778 0.0489501953125 0.04684787326388889
0 0.2119140625 0.3200954861111111 0.04559326171875 0.04342990451388889
0 0.79345703125 0.4134114583333333 0.03875732421875 0.042426215277777776
0 0.457275390625 0.6749131944444444 0.0287628173828125 0.04774305555555555
0 0.470947265625 0.4596354166666667 0.049591064453125 0.042670355902777776
0 0.315185546875 0.3116319444444444 0.038330078125 0.04172092013888889
0 0.505859375 0.9522569444444444 0.054107666015625 0.07508680555555555
0 0.63623046875 0.4461805555555556 0.047607421875 0.04408094618055555
0 0.935546875 0.6115451388888888 0.039947509765625 0.048583984375
0 0.5615234375 0.1449652777777778 0.0177764892578125 0.06391059027777778