0 0.26119791666666664 0.2152777777777778 0.06041666666666667 0.03981481481481482
0 0.10442708333333334 0.6277777777777778 0.05364583333333333 0.03611111111111111
0 0.2625 0.45046296296296295 0.05520833333333333 0.03888888888888889
0 0.7294270833333333 0.17916666666666667 0.04479166666666667 0.053703703703703705
0 0.4119791666666667 0.3375 0.0484375 0.06759259259259259
0 0.03515625 0.5425925925925926 0.05572916666666667 0.041666666666666664
0 0.8252604166666667 0.5986111111111111 0.04895833333333333 0.07592592592592592
0 0.027864583333333335 0.4162037037037037 0.05572916666666667 0.040740740740740744
0 0.1140625 0.7087962962962963 0.0484375 0.04351851851851852
0 0.13151041666666666 0.30462962962962964 0.05625 0.041666666666666664
0 0.5658854166666667 0.6722222222222223 0.044270833333333336 0.041666666666666664
0 0.5567708333333333 0.5416666666666666 0.04739583333333333 0.03888888888888889
0 0.6455729166666667 0.3560185185185185 0.0453125 0.044444444444444446
0 0.10520833333333333 0.47314814814814815 0.05520833333333333 0.04351851851851852
0 0.8770833333333333 0.425 0.05260416666666667 0.04537037037037037
0 0.26197916666666665 0.16064814814814815 0.06041666666666667 0.05555555555555555
0 0.928125 0.5231481481481481 0.05260416666666667 0.04814814814814815
0 0.6763020833333333 0.4962962962962963 0.04583333333333333 0.06018518518518518
0 0.7109375 0.5518518518518518 0.0484375 0.044444444444444446
0 0.9783854166666667 0.586574074074074 0.043229166666666666 0.046296296296296294
0 0.25885416666666666 0.7273148148148149 0.0265625 0.03888888888888889
0 0.014583333333333334 0.638425925925926 0.028645833333333332 0.03425925925925926
0 0.02890625 0.34675925925925927 0.05677083333333333 0.07407407407407407