1 0.7103112502173534 0.4575617283950617 0.013910624239262776 0.0663580246913581
1 0.469482421875 0.366180419921875 0.024658203125 0.05465621948242187
0 0.7255859375 0.592388916015625 0.0552978515625 0.047858047485351565
0 0.10357666015625 0.500518798828125 0.034942626953125 0.05666046142578125
1 0.92138671875 0.859765625 0.039794921875 0.0613189697265625
1 0.65576171875 0.3464630126953125 0.03277587890625 0.06429824829101563
1 0.1697998046875 0.3438629150390625 0.03125 0.06169815063476562
1 0.826171875 0.8649658203125 0.0268096923828125 0.0578521728515625
1 0.01107025146484375 0.350146484375 0.021240234375 0.082769775390625
1 0.970703125 0.505718994140625 0.024658203125 0.05839385986328125
1 0.325439453125 0.33367919921875 0.0279541015625 0.061914825439453126
1 0.61376953125 0.228375244140625 0.0240020751953125 0.061102294921875
1 0.2420654296875 0.2810272216796875 0.0254669189453125 0.06142730712890625
1 0.1798095703125 0.8337646484375 0.030853271484375 0.06169815063476562
1 0.68408203125 0.1126708984375 0.0169219970703125 0.07220687866210937
1 0.7958984375 0.439849853515625 0.0306243896484375 0.046341323852539064
1 0.88916015625 0.56248779296875 0.033203125 0.06169815063476562
1 0.06842041015625 0.3161285400390625 0.028167724609375 0.0574188232421875
1 0.45458984375 0.88836669921875 0.0247039794921875 0.05861053466796875
1 0.61865234375 0.967236328125 0.030670166015625 0.054872894287109376
1 0.96435546875 0.4058319091796875 0.041534423828125 0.06917343139648438
1 0.8291015625 0.3672637939453125 0.0276336669921875 0.0608856201171875
1 0.6318359375 0.088836669921875 0.0224151611328125 0.061102294921875
1 0.89404296875 0.431182861328125 0.0235595703125 0.0639190673828125
1 0.6611328125 0.12101287841796875 0.0137939453125 0.06310653686523438
1 0.2017822265625 0.27474365234375 0.0269622802734375 0.06018142700195313
1 0.92138671875 0.21049957275390624 0.027801513671875 0.0561187744140625
1 0.65234375 0.2628265380859375 0.01751708984375 0.068902587890625
1 0.6357421875 0.18384857177734376 0.01971435546875 0.07047348022460938
1 0.30712890625 0.252642822265625 0.026458740234375 0.05622711181640625
1 0.56591796875 0.2860107421875 0.027801513671875 0.061102294921875
0 0.2587890625 0.673858642578125 0.04681396484375 0.06576080322265625
0 0.416015625 0.4209991455078125 0.048309326171875 0.049997711181640626
1 0.794921875 0.2376922607421875 0.0216217041015625 0.0730194091796875
1 0.86669921875 0.92476806640625 0.034698486328125 0.0535186767578125
0 0.392333984375 0.710693359375 0.046630859375 0.058935546875
1 0.14599609375 0.3048614501953125 0.0278472900390625 0.05633544921875
1 0.5908203125 0.3512298583984375 0.0186920166015625 0.05192070007324219
1 0.0266571044921875 0.270843505859375 0.0279083251953125 0.06018142700195313
1 0.83056640625 0.2307586669921875 0.0251312255859375 0.06180648803710938
1 0.18896484375 0.2121246337890625 0.0203704833984375 0.04650382995605469
1 0.9208984375 0.2762603759765625 0.0293731689453125 0.0665191650390625
1 0.916015625 0.783929443359375 0.0283355712890625 0.06169815063476562
1 0.71728515625 0.3811309814453125 0.0225830078125 0.06007308959960937
1 0.27001953125 0.1887237548828125 0.020294189453125 0.062131500244140624
1 0.4990234375 0.2944610595703125 0.0180206298828125 0.05633544921875
1 0.7216796875 0.2372589111328125 0.024932861328125 0.06451492309570313
1 0.96142578125 0.2012908935546875 0.025421142578125 0.07247772216796874
1 0.90234375 0.3767974853515625 0.020843505859375 0.05752716064453125
0 0.329345703125 0.45155029296875 0.0310211181640625 0.052435302734375
1 0.59375 0.126104736328125 0.01467132568359375 0.0699859619140625
0 0.0509033203125 0.687725830078125 0.050994873046875 0.05709381103515625
1 0.06756591796875 0.241375732421875 0.03033447265625 0.06516494750976562
1 0.36865234375 0.17626495361328126 0.019378662109375 0.055902099609375
1 0.1636962890625 0.9793701171875 0.028594970703125 0.037213897705078124
1 0.6907494348808902 0.40432098765432095 0.014780038254216619 0.06481481481481481