0 0.6390625 0.3421296296296296 0.04583333333333333 0.044444444444444446
0 0.5151041666666667 0.33055555555555555 0.043229166666666666 0.049074074074074076
0 0.5854166666666667 0.3875 0.04635416666666667 0.040740740740740744
0 0.8130208333333333 0.3824074074074074 0.0484375 0.04351851851851852
1 0.8432291666666667 0.8384259259259259 0.027604166666666666 0.075
0 0.8408854166666667 0.5023148148148148 0.05260416666666667 0.046296296296296294
0 0.5614583333333333 0.4703703703703704 0.04583333333333333 0.049074074074074076
0 0.6875 0.8513888888888889 0.05364583333333333 0.05
0 0.03671875 0.3523148148148148 0.04739583333333333 0.040740740740740744
0 0.48541666666666666 0.7569444444444444 0.04791666666666667 0.0712962962962963
0 0.7635416666666667 0.5208333333333334 0.0296875 0.06111111111111111
0 0.5830729166666667 0.1087962962962963 0.03177083333333333 0.07777777777777778
1 0.8596354166666667 0.8444444444444444 0.01875 0.07037037037037037