1 0.11867501304121023 0.2791666666666667 0.03495044340114763 0.06296296296296296
1 0.8974960876369327 0.30277777777777776 0.03547209181011998 0.05740740740740741
1 0.6841418883672404 0.18194444444444444 0.03025560772039645 0.05740740740740741
1 0.05920709441836203 0.6513888888888889 0.03182055294731351 0.06296296296296296
0 0.32446531038080334 0.5254629629629629 0.03025560772039645 0.06574074074074074
0 0.8881064162754304 0.47314814814814815 0.03338549817423057 0.049074074074074076
0 0.13719353155972874 0.5615740740740741 0.03495044340114763 0.05740740740740741
1 0.9608763693270735 0.9652777777777778 0.01773604590505999 0.06666666666666667
0 0.023213354199269693 0.5912037037037037 0.041731872717788214 0.058333333333333334
1 0.8453312467396974 0.5800925925925926 0.023474178403755867 0.062037037037037036
1 0.477829942618675 0.21157407407407408 0.023995826812728223 0.05740740740740741
1 0.6270213875847679 0.38981481481481484 0.019300991131977047 0.06759259259259259
1 0.6231090245174752 0.7444444444444445 0.028690662493479395 0.07037037037037037
0 0.4525299947835159 0.5208333333333334 0.05529473135106938 0.046296296296296294
1 0.6825769431403235 0.6662037037037037 0.028690662493479395 0.06759259259259259
1 0.7793427230046949 0.6583333333333333 0.029212310902451747 0.06296296296296296
0 0.9121022430881586 0.40694444444444444 0.05738132498695879 0.04722222222222222
1 0.8296817944705268 0.1398148148148148 0.03599374021909233 0.062037037037037036
1 0.45983307250912886 0.6680555555555555 0.01773604590505999 0.06944444444444445
1 0.43896713615023475 0.09351851851851851 0.03286384976525822 0.05462962962962963
1 0.13536776212832552 0.7074074074074074 0.03599374021909233 0.05925925925925926
1 0.30672926447574334 0.7444444444444445 0.02764736567553469 0.05462962962962963
0 0.42931664058424623 0.4449074074074074 0.0495565988523735 0.06296296296296296
1 0.631716223265519 0.6175925925925926 0.02138758476786646 0.06111111111111111
0 0.10772039645279081 0.48935185185185187 0.05581637976004173 0.04259259259259259
0 0.7861241523213354 0.5157407407407407 0.0297339593114241 0.06296296296296296
1 0.6708398539384455 0.8106481481481481 0.018257694314032343 0.06296296296296296
1 0.6465832029212311 0.7013888888888888 0.025039123630672927 0.06666666666666667
1 0.03390714658320292 0.21064814814814814 0.037037037037037035 0.05092592592592592
1 0.8661971830985915 0.6412037037037037 0.028169014084507043 0.06111111111111111
1 0.39932185706833595 0.7791666666666667 0.025039123630672927 0.06388888888888888
1 0.29134063641105895 0.6467592592592593 0.024517475221700575 0.06666666666666667
1 0.28455920709441834 0.2759259259259259 0.025039123630672927 0.05
1 0.983828899321857 0.6532407407407408 0.03129890453834116 0.06944444444444445
1 0.4713093375065206 0.6162037037037037 0.01773604590505999 0.06111111111111111
1 0.6270213875847679 0.30925925925925923 0.028169014084507043 0.06574074074074074
1 0.4381846635367762 0.7384259259259259 0.017214397496087636 0.06481481481481481
1 0.9890453834115805 0.7805555555555556 0.02190923317683881 0.07037037037037037
1 0.15153886280646844 0.8018518518518518 0.017214397496087636 0.05740740740740741
1 0.33776734480959836 0.7129629629629629 0.02556077203964528 0.06296296296296296
1 0.0198226395409494 0.2902777777777778 0.03495044340114763 0.06666666666666667
1 0.547470005216484 0.6837962962962963 0.018779342723004695 0.04814814814814815
1 0.32107459572248304 0.19907407407407407 0.02556077203964528 0.053703703703703705
1 0.5625978090766823 0.24027777777777778 0.017214397496087636 0.049074074074074076
1 0.41236306729264477 0.20601851851851852 0.037037037037037035 0.07037037037037037
1 0.5620761606677099 0.8041666666666667 0.025039123630672927 0.06111111111111111
1 0.019300991131977047 0.7967592592592593 0.020865936358894107 0.058333333333333334
1 0.8072509128847157 0.7851851851851852 0.028169014084507043 0.06666666666666667
1 0.4856546687532603 0.7875 0.02556077203964528 0.05092592592592592
1 0.2678664580073031 0.6939814814814815 0.027125717266562335 0.06018518518518518
1 0.8974960876369327 0.700462962962963 0.023995826812728223 0.06111111111111111
1 0.520605112154408 0.7763888888888889 0.01564945226917058 0.06111111111111111
1 0.5448617631716224 0.17083333333333334 0.022952529994783515 0.04814814814814815
1 0.7782994261867501 0.7236111111111111 0.028690662493479395 0.07037037037037037
1 0.7222222222222222 0.8416666666666667 0.017214397496087636 0.06481481481481481
1 0.41784037558685444 0.6810185185185185 0.01564945226917058 0.05555555555555555
1 0.8140323422013563 0.7106481481481481 0.03234220135628586 0.05925925925925926
1 0.7344809598330725 0.8851851851851852 0.01773604590505999 0.075
1 0.0892018779342723 0.7550925925925925 0.03495044340114763 0.05925925925925926
1 0.9546165884194053 0.7148148148148148 0.023995826812728223 0.05185185185185185
1 0.1883150756390193 0.850462962962963 0.022430881585811163 0.04722222222222222
1 0.9149713093375065 0.7680555555555556 0.03129890453834116 0.075
1 0.08189880020865936 0.8152777777777778 0.020865936358894107 0.06296296296296296
1 0.9321857068335941 0.5902777777777778 0.03129890453834116 0.032407407407407406
1 0.3072509128847157 0.8004629629629629 0.020865936358894107 0.041666666666666664
1 0.8286384976525821 0.6615740740740741 0.03286384976525822 0.07037037037037037
1 0.2597809076682316 0.7361111111111112 0.01773604590505999 0.03333333333333333
1 0.9261867501304121 0.6754629629629629 0.02138758476786646 0.06296296296296296
1 0.8834115805946792 0.7865740740740741 0.02608242044861763 0.05555555555555555
1 0.9483568075117371 0.6652777777777777 0.01564945226917058 0.03888888888888889
1 0.7425665101721439 0.7861111111111111 0.024517475221700575 0.06296296296296296
1 0.008607198748043818 0.3763888888888889 0.017214397496087636 0.049074074074074076
0 0.9765258215962441 0.9347222222222222 0.03234220135628586 0.06851851851851852
1 0.8834115805946792 0.8930555555555556 0.010954616588419406 0.024074074074074074