0 0.7455729166666667 0.48564814814814816 0.0484375 0.04722222222222222
0 0.5361979166666667 0.2912037037037037 0.043229166666666666 0.041666666666666664
0 0.6104166666666667 0.42083333333333334 0.04375 0.06111111111111111
0 0.75390625 0.38101851851851853 0.0484375 0.04351851851851852
1 0.5596354166666667 0.15324074074074073 0.014583333333333334 0.05740740740740741
0 0.9760416666666667 0.27685185185185185 0.04791666666666667 0.04537037037037037
0 0.56875 0.35555555555555557 0.03125 0.06666666666666667
0 0.14765625 0.3282407407407407 0.023958333333333335 0.06574074074074074
0 0.9213541666666667 0.7 0.04635416666666667 0.058333333333333334
0 0.42083333333333334 0.39444444444444443 0.05 0.05740740740740741
0 0.9736979166666667 0.5125 0.05 0.07037037037037037