1 0.90087890625 0.856298828125 0.038330078125 0.062131500244140624
0 0.048858642578125 0.50008544921875 0.052825927734375 0.04877891540527344
1 0.94580078125 0.50181884765625 0.0257110595703125 0.060289764404296876
1 0.1510009765625 0.342779541015625 0.0290374755859375 0.06223983764648437
1 0.4521484375 0.3657470703125 0.0216217041015625 0.05882720947265625
1 0.6943359375 0.45675048828125 0.0184783935546875 0.06906509399414062
1 0.63623046875 0.3486297607421875 0.027740478515625 0.060289764404296876
0 0.6650390625 0.582421875 0.046112060546875 0.044607925415039065
1 0.051666259765625 0.3100616455078125 0.0269622802734375 0.05926055908203125
1 0.43212890625 0.8857666015625 0.0259552001953125 0.054439544677734375
0 0.3051995118376152 0.6795451599874613 0.05534194312164461 0.07599629531671966
0 0.290771484375 0.449383544921875 0.05242919921875 0.04915809631347656
0 0.8212890625 0.558587646484375 0.0546875 0.04607048034667969
0 0.364990234375 0.40648193359375 0.048583984375 0.0461517333984375
1 0.603515625 0.970703125 0.022796630859375 0.04915809631347656
1 0.289794921875 0.2478759765625 0.0177154541015625 0.048589324951171874
1 0.2293701171875 0.2810272216796875 0.029144287109375 0.059856414794921875
1 0.1282958984375 0.3013946533203125 0.0253753662109375 0.054954147338867186
1 0.97509765625 0.44981689453125 0.035888671875 0.06299819946289062
1 0.1680908203125 0.244842529296875 0.0250396728515625 0.06359405517578125
1 0.64599609375 0.11949615478515625 0.0160980224609375 0.06299819946289062
1 0.1639404296875 0.8302978515625 0.038909912109375 0.05666046142578125
1 0.5556640625 0.276910400390625 0.0200958251953125 0.04823722839355469
1 0.896484375 0.784796142578125 0.02630615234375 0.05963973999023438
1 0.775390625 0.230975341796875 0.021240234375 0.07009429931640625
1 0.31103515625 0.3330291748046875 0.0301055908203125 0.06321487426757813
1 0.63525390625 0.2593597412109375 0.0272216796875 0.06527328491210938
1 0.66845703125 0.109637451171875 0.022247314453125 0.07090682983398437
1 0.94873046875 0.4019317626953125 0.031494140625 0.06711502075195312
1 0.712890625 0.3449462890625 0.022796630859375 0.06381072998046874
1 0.8779296875 0.42728271484375 0.0283355712890625 0.0686859130859375
1 0.6748046875 0.4110321044921875 0.0163421630859375 0.06700668334960938
1 0.943359375 0.2008575439453125 0.03192138671875 0.07361526489257812
1 0.810546875 0.366180419921875 0.03240966796875 0.0626190185546875
1 0.85009765625 0.925634765625 0.03314208984375 0.05251655578613281
1 0.90478515625 0.21049957275390624 0.0297088623046875 0.0608856201171875
1 0.484130859375 0.29207763671875 0.012969970703125 0.05926055908203125
0 0.09930419921875 0.68729248046875 0.04803466796875 0.057635498046875
1 0.86474609375 0.274310302734375 0.022979736328125 0.048508071899414064
1 0.193359375 0.17691497802734374 0.028656005859375 0.05601043701171875
0 0.4430853907200921 0.7103129822530864 0.04532644914929883 0.05232696533203139
1 0.802734375 0.867132568359375 0.036285400390625 0.054547882080078124
1 0.779296875 0.4370330810546875 0.0212860107421875 0.059423065185546874
1 0.59765625 0.22274169921875 0.018646240234375 0.0639190673828125
1 0.57373046875 0.35101318359375 0.017242431640625 0.05113525390625
1 0.9140625 0.2948944091796875 0.0282135009765625 0.07009429931640625
1 0.619140625 0.1887237548828125 0.0221099853515625 0.0730194091796875
1 0.0838623046875 0.1930572509765625 0.0251312255859375 0.060398101806640625
1 0.81787109375 0.2285919189453125 0.02801513671875 0.062131500244140624
1 0.5869140625 0.1133209228515625 0.0162200927734375 0.07697372436523438
1 0.1412353515625 0.9793701171875 0.0244293212890625 0.039705657958984376
1 0.01287078857421875 0.2628265380859375 0.025177001953125 0.05424995422363281
1 0.05194091796875 0.2411590576171875 0.0305633544921875 0.059856414794921875
1 0.85693359375 0.21656646728515624 0.0232391357421875 0.05796051025390625
1 0.54150390625 0.2090911865234375 0.0150146484375 0.068035888671875