0 0.1773681640625 0.4965277777777778 0.0552978515625 0.04299587673611111
0 0.12445068359375 0.4105902777777778 0.053985595703125 0.047661675347222224
0 0.278076171875 0.3658854166666667 0.048126220703125 0.04432508680555555
0 0.7177734375 0.4522569444444444 0.047882080078125 0.04234483506944445
0 0.82568359375 0.4930555555555556 0.049224853515625 0.042046440972222224
0 0.06053234281994048 0.3155381944444444 0.039205641973586315 0.06966145833333333
0 0.356201171875 0.5863715277777778 0.05499267578125 0.04334852430555555
1 0.95458984375 0.3122829861111111 0.0276336669921875 0.06586371527777778
0 0.8037109375 0.6019965277777778 0.05126953125 0.054524739583333336
0 0.86328125 0.4077690972222222 0.033966064453125 0.05577256944444445
0 0.58984375 0.4735243055555556 0.045196533203125 0.05113389756944445
0 0.701171875 0.7621527777777778 0.039642333984375 0.07872178819444445