0 0.04538341158059468 0.3712962962962963 0.03599374021909233 0.06296296296296296
0 0.6977047470005217 0.3731481481481482 0.05425143453312467 0.044444444444444446
0 0.612415232133542 0.4930555555555556 0.03286384976525822 0.06296296296296296
1 0.6006781429316641 0.09259259259259259 0.023995826812728223 0.0787037037037037
1 0.0649452269170579 0.6305555555555555 0.0297339593114241 0.06574074074074074
1 0.554773082942097 0.6569444444444444 0.026604068857589983 0.06388888888888888
1 0.800208659363589 0.6967592592592593 0.028690662493479395 0.06018518518518518
1 0.40688575899843504 0.6148148148148148 0.02556077203964528 0.06759259259259259
1 0.7206572769953051 0.8296296296296296 0.019300991131977047 0.0787037037037037
1 0.21752738654147105 0.7185185185185186 0.027125717266562335 0.06111111111111111
1 0.7905581637976005 0.7796296296296297 0.020865936358894107 0.06018518518518518
1 0.5370370370370371 0.7611111111111111 0.0198226395409494 0.06574074074074074
1 0.8583724569640062 0.8189814814814815 0.03129890453834116 0.06666666666666667
0 0.05894627021387585 0.42083333333333334 0.051643192488262914 0.04537037037037037
1 0.8213354199269692 0.8694444444444445 0.019300991131977047 0.06666666666666667
1 0.9366197183098591 0.7430555555555556 0.030777256129368807 0.05648148148148148
0 0.19300991131977047 0.5361111111111111 0.04903495044340115 0.046296296296296294
1 0.08998435054773082 0.7597222222222222 0.02764736567553469 0.06759259259259259
1 0.6624934793948879 0.7805555555555556 0.025039123630672927 0.06481481481481481
1 0.11476264997391758 0.7041666666666667 0.03495044340114763 0.05925925925925926
1 0.03390714658320292 0.13333333333333333 0.046948356807511735 0.05555555555555555
1 0.17266562336984873 0.7064814814814815 0.03129890453834116 0.062037037037037036
1 0.6225873761085029 0.5694444444444444 0.017214397496087636 0.06666666666666667
1 0.5972874282733438 0.7180555555555556 0.020865936358894107 0.058333333333333334
1 0.7094418362023995 0.725462962962963 0.022952529994783515 0.05925925925925926
0 0.013041210224308816 0.5120370370370371 0.02608242044861763 0.058333333333333334
1 0.0198226395409494 0.7356481481481482 0.03338549817423057 0.07685185185185185
1 0.7464788732394366 0.5875 0.028169014084507043 0.049074074074074076
1 0.9775691184141888 0.7620370370370371 0.036515388628064686 0.06388888888888888
1 0.42592592592592593 0.6726851851851852 0.02764736567553469 0.06296296296296296
1 0.6752738654147105 0.7013888888888888 0.02764736567553469 0.05648148148148148
1 0.9178403755868545 0.6708333333333333 0.03234220135628586 0.06111111111111111
1 0.5923317683881064 0.7847222222222222 0.02556077203964528 0.03796296296296296
1 0.9457485654668754 0.6222222222222222 0.029212310902451747 0.06481481481481481
1 0.8740219092331768 0.0837962962962963 0.041731872717788214 0.062037037037037036
1 0.6298904538341158 0.8893518518518518 0.02138758476786646 0.07592592592592592
0 0.8505477308294209 0.41712962962962963 0.05112154407929056 0.06018518518518518
1 0.48513302034428796 0.7486111111111111 0.020865936358894107 0.06574074074074074
1 0.35498174230568597 0.1824074074074074 0.046426708398539386 0.075
0 0.40349504434011474 0.39861111111111114 0.044861763171622326 0.06666666666666667
1 0.7738654147104851 0.09768518518518518 0.02138758476786646 0.06296296296296296
1 0.730829420970266 0.6953703703703704 0.028690662493479395 0.06481481481481481
1 0.8969744392279604 0.8009259259259259 0.018779342723004695 0.06944444444444445
1 0.3077725612936881 0.6824074074074075 0.018257694314032343 0.05555555555555555
1 0.5190401669274909 0.6296296296296297 0.022430881585811163 0.05092592592592592
1 0.6165884194053208 0.7856481481481481 0.024517475221700575 0.05740740740740741
1 0.1739697443922796 0.8004629629629629 0.023474178403755867 0.06111111111111111
0 0.730829420970266 0.5231481481481481 0.058424621804903494 0.049074074074074076