0 0.6159086681547622 0.5212673611111113 0.046703520275297554 0.061197916666666664
0 0.7053106398809526 0.480902777777778 0.043956211635044595 0.061089409722222224
0 0.435546875 0.4865451388888889 0.047943115234375 0.043755425347222224
0 0.55712890625 0.6697048611111112 0.04803466796875 0.051215277777777776
0 0.3579334077380954 0.5598958333333336 0.048673357282366096 0.05891927083333326
0 0.80029296875 0.4366319444444444 0.05072021484375 0.043511284722222224
0 0.666015625 0.6480034722222222 0.04876708984375 0.06412760416666667
1 0.7919921875 0.2838541666666667 0.02752685546875 0.06190321180555555
0 0.0257110595703125 0.5026041666666666 0.0509033203125 0.042182074652777776
0 0.3603515625 0.3841145833333333 0.0496826171875 0.04001193576388889
0 0.799200148809524 0.7539682539682542 0.048107328869047686 0.049967447916666664
0 0.40087890625 0.3504774305555556 0.04534912109375 0.045979817708333336
1 0.69580078125 0.23741319444444445 0.0248870849609375 0.06635199652777778
0 0.296630859375 0.6662326388888888 0.052703857421875 0.06537543402777778
0 0.822056361607143 0.8268849206349207 0.048102969215029746 0.044759114583333336
0 0.5404110863095241 0.775607638888889 0.04212878999255954 0.0636935763888889
1 0.58349609375 0.24153645833333334 0.020172119140625 0.06260850694444445
0 0.53271484375 0.5121527777777778 0.042327880859375 0.048583984375
0 0.54833984375 0.6119791666666666 0.050506591796875 0.05113389756944445
0 0.6051664806547622 0.4257812500000002 0.042476835704985054 0.060492621527777776