0 0.7832550860719875 0.49537037037037035 0.05529473135106938 0.05462962962962963
0 0.5106937923839332 0.38796296296296295 0.0495565988523735 0.046296296296296294
1 0.945226917057903 0.6129629629629629 0.03234220135628586 0.06574074074074074
0 0.7316118935837246 0.5439814814814815 0.051643192488262914 0.04259259259259259
0 0.4535732916014606 0.3347222222222222 0.03182055294731351 0.06018518518518518
0 0.8888888888888888 0.4546296296296296 0.053208137715179966 0.04722222222222222
1 0.7871674491392802 0.6083333333333333 0.027125717266562335 0.06296296296296296
0 0.6340636411058946 0.37037037037037035 0.05581637976004173 0.049074074074074076
0 0.5625978090766823 0.275 0.030777256129368807 0.05462962962962963
1 0.6630151278038602 0.7152777777777778 0.026604068857589983 0.05740740740740741
1 0.21231090245174752 0.5648148148148148 0.028169014084507043 0.06111111111111111
1 0.09337506520605113 0.875 0.0297339593114241 0.06574074074074074
1 0.7897756911841419 0.7412037037037037 0.03129890453834116 0.06296296296296296
1 0.5662493479394888 0.6606481481481481 0.024517475221700575 0.06481481481481481
1 0.2996870109546166 0.8712962962962963 0.017214397496087636 0.075
0 0.4439227960354721 0.6666666666666666 0.04329681794470527 0.046296296296296294
1 0.3568075117370892 0.7592592592592593 0.018257694314032343 0.06481481481481481
1 0.07563901930099114 0.08194444444444444 0.03495044340114763 0.062037037037037036
1 0.26369327073552423 0.5944444444444444 0.02034428794992175 0.06296296296296296
1 0.9775691184141888 0.7393518518518518 0.03547209181011998 0.06759259259259259
1 0.024517475221700575 0.8143518518518519 0.03129890453834116 0.06759259259259259
1 0.24960876369327073 0.7078703703703704 0.02034428794992175 0.062037037037037036
1 0.5179968701095462 0.19583333333333333 0.03495044340114763 0.0787037037037037
0 0.6296296296296297 0.45925925925925926 0.051643192488262914 0.05
0 0.8022952529994783 0.3611111111111111 0.05425143453312467 0.053703703703703705
1 0.8560250391236307 0.725925925925926 0.03286384976525822 0.06481481481481481
1 0.45800730307772564 0.6064814814814815 0.02764736567553469 0.06388888888888888
0 0.4681794470526865 0.5203703703703704 0.04329681794470527 0.053703703703703705
1 0.8977569118414189 0.7462962962962963 0.029212310902451747 0.06018518518518518
1 0.08111632759520084 0.6930555555555555 0.03182055294731351 0.06018518518518518
1 0.3304642670839854 0.6467592592592593 0.02138758476786646 0.06574074074074074
1 0.7274387063119457 0.7907407407407407 0.018779342723004695 0.05555555555555555
1 0.22952529994783516 0.6217592592592592 0.028690662493479395 0.05925925925925926
1 0.297339593114241 0.7157407407407408 0.018779342723004695 0.06481481481481481
1 0.7232655190401669 0.6703703703703704 0.029212310902451747 0.06111111111111111
1 0.12154407929055816 0.6430555555555556 0.027125717266562335 0.05277777777777778
0 0.9731351069379238 0.44074074074074077 0.0495565988523735 0.040740740740740744
1 0.22404799165362546 0.7763888888888889 0.026604068857589983 0.06481481481481481
0 0.029473135106937925 0.3300925925925926 0.05894627021387585 0.06388888888888888
1 0.8028169014084507 0.11944444444444445 0.040166927490871154 0.05925925925925926
1 0.17736045905059988 0.8337962962962963 0.03025560772039645 0.06111111111111111
1 0.10146061554512259 0.7712962962962963 0.029212310902451747 0.062037037037037036
1 0.26604068857589985 0.10462962962962963 0.03495044340114763 0.075
1 0.92018779342723 0.6731481481481482 0.03547209181011998 0.075
1 0.25925925925925924 0.8574074074074074 0.023474178403755867 0.06666666666666667
1 0.15388628064684404 0.7143518518518519 0.03129890453834116 0.062037037037037036
1 0.4793948878455921 0.7 0.02190923317683881 0.062037037037037036
1 0.10198226395409495 0.5833333333333334 0.03129890453834116 0.041666666666666664
1 0.198226395409494 0.6768518518518518 0.0297339593114241 0.04259259259259259
1 0.4131455399061033 0.7476851851851852 0.024517475221700575 0.05555555555555555
1 0.4371413667188315 0.9180555555555555 0.018779342723004695 0.062037037037037036