0 0.3375 0.5796296296296296 0.0546875 0.05092592592592592
1 0.21640625 0.6611111111111111 0.025 0.07314814814814814
0 0.9783854166666667 0.5111111111111111 0.043229166666666666 0.04259259259259259
0 0.7377604166666667 0.49537037037037035 0.053125 0.046296296296296294
1 0.19817708333333334 0.6694444444444444 0.022395833333333334 0.062037037037037036
0 0.9127604166666666 0.31527777777777777 0.046875 0.03981481481481482
0 0.10364583333333334 0.36712962962962964 0.04895833333333333 0.04351851851851852
0 0.32421875 0.38564814814814813 0.04739583333333333 0.04537037037037037
0 0.8796875 0.3990740740740741 0.04739583333333333 0.044444444444444446
0 0.1171875 0.2759259259259259 0.04635416666666667 0.04722222222222222
0 0.321875 0.5018518518518519 0.04895833333333333 0.04351851851851852
0 0.41510416666666666 0.23703703703703705 0.04375 0.04351851851851852
0 0.11223958333333334 0.6 0.046875 0.053703703703703705