0 0.70859375 0.4152777777777778 0.044270833333333336 0.04722222222222222
0 0.38958333333333334 0.6175925925925926 0.05 0.046296296296296294
0 0.4674479166666667 0.5699074074074074 0.04895833333333333 0.04814814814814815
0 0.3841145833333333 0.7583333333333333 0.05520833333333333 0.053703703703703705
0 0.5033854166666667 0.4337962962962963 0.04739583333333333 0.04351851851851852
0 0.72109375 0.6134259259259259 0.049479166666666664 0.04537037037037037
0 0.5291666666666667 0.4930555555555556 0.046875 0.041666666666666664
0 0.4002604166666667 0.5259259259259259 0.04583333333333333 0.04537037037037037
0 0.93359375 0.48055555555555557 0.050520833333333334 0.044444444444444446
0 0.4708333333333333 0.674537037037037 0.052083333333333336 0.046296296296296294
0 0.3502604166666667 0.44074074074074077 0.0453125 0.046296296296296294
0 0.48671875 0.30694444444444446 0.044270833333333336 0.03796296296296296
0 0.5927083333333333 0.5175925925925926 0.04739583333333333 0.044444444444444446
0 0.40598958333333335 0.3680555555555556 0.049479166666666664 0.04537037037037037
0 0.9190104166666667 0.37777777777777777 0.04739583333333333 0.04537037037037037
0 0.8447916666666667 0.7148148148148148 0.057291666666666664 0.06296296296296296
0 0.3296875 0.33564814814814814 0.04635416666666667 0.040740740740740744
0 0.7359375 0.2814814814814815 0.04479166666666667 0.041666666666666664
0 0.56875 0.36018518518518516 0.043229166666666666 0.040740740740740744
0 0.59375 0.575462962962963 0.050520833333333334 0.041666666666666664