0 0.9140625 0.6106481481481482 0.05260416666666667 0.041666666666666664
0 0.228125 0.600462962962963 0.04791666666666667 0.046296296296296294
0 0.6299479166666667 0.5125 0.0484375 0.040740740740740744
0 0.14010416666666667 0.5884259259259259 0.04739583333333333 0.044444444444444446
0 0.6372395833333333 0.6597222222222222 0.0484375 0.03796296296296296
0 0.36380208333333336 0.5162037037037037 0.04895833333333333 0.041666666666666664
0 0.38671875 0.6574074074074074 0.04583333333333333 0.04259259259259259
0 0.23203125 0.4050925925925926 0.049479166666666664 0.05555555555555555
0 0.6700520833333333 0.37916666666666665 0.051041666666666666 0.04537037037037037
0 0.10651041666666666 0.3662037037037037 0.04791666666666667 0.06018518518518518
0 0.37552083333333336 0.5708333333333333 0.046875 0.044444444444444446
0 0.5143229166666666 0.5347222222222222 0.026041666666666668 0.06018518518518518
0 0.24166666666666667 0.525 0.04791666666666667 0.044444444444444446
0 0.6041666666666666 0.6097222222222223 0.046875 0.041666666666666664
0 0.26171875 0.6731481481481482 0.020833333333333332 0.049074074074074076
0 0.45208333333333334 0.8597222222222223 0.017708333333333333 0.05648148148148148