0 0.9044270833333333 0.4101851851851852 0.040625 0.05462962962962963
0 0.765625 0.45694444444444443 0.05260416666666667 0.046296296296296294
1 0.975 0.3194444444444444 0.03125 0.08148148148148149
0 0.3294270833333333 0.3662037037037037 0.04739583333333333 0.041666666666666664
0 0.1875 0.412962962962963 0.053125 0.04814814814814815
0 0.23854166666666668 0.5046296296296297 0.052083333333333336 0.046296296296296294
0 0.06692708333333333 0.5523148148148148 0.049479166666666664 0.06388888888888888
0 0.6505208333333333 0.4777777777777778 0.036458333333333336 0.058333333333333334
0 0.865625 0.600462962962963 0.046875 0.06296296296296296
0 0.4315104166666667 0.5875 0.05416666666666667 0.04722222222222222
0 0.87578125 0.48935185185185187 0.0421875 0.05185185185185185
0 0.76640625 0.7583333333333333 0.052083333333333336 0.0712962962962963
0 0.0125 0.4273148148148148 0.025 0.030555555555555555
0 0.01875 0.7800925925925926 0.034895833333333334 0.03888888888888889
0 0.121875 0.3106481481481482 0.04010416666666667 0.07314814814814814