0 0.7921231090245174 0.42407407407407405 0.03234220135628586 0.07037037037037037
1 0.02477829942618675 0.3300925925925926 0.03495044340114763 0.05740740740740741
1 0.5033907146583203 0.5995370370370371 0.0297339593114241 0.06111111111111111
1 0.8406364110589463 0.3523148148148148 0.03442879499217527 0.06296296296296296
1 0.5521648408972353 0.34629629629629627 0.023474178403755867 0.058333333333333334
1 0.7548252477829943 0.16574074074074074 0.03599374021909233 0.05555555555555555
1 0.6768388106416275 0.6162037037037037 0.025039123630672927 0.06851851851851852
1 0.34376630151278037 0.8333333333333334 0.02138758476786646 0.06666666666666667
0 0.6278038601982264 0.4486111111111111 0.0495565988523735 0.06666666666666667
1 0.10745957224830464 0.5444444444444444 0.037037037037037035 0.06666666666666667
1 0.07068335941575378 0.14305555555555555 0.03338549817423057 0.06388888888888888
1 0.7918622848200313 0.3287037037037037 0.025039123630672927 0.062037037037037036
1 0.6158059467918623 0.5648148148148148 0.022430881585811163 0.06851851851851852
1 0.5972874282733438 0.1736111111111111 0.03234220135628586 0.05740740740740741
1 0.9874804381846636 0.4759259259259259 0.025039123630672927 0.07037037037037037
1 0.103547209181012 0.8236111111111111 0.022430881585811163 0.06018518518518518
0 0.8930620761606677 0.562962962962963 0.03025560772039645 0.05277777777777778
1 0.9029733959311425 0.7583333333333333 0.029212310902451747 0.06111111111111111
1 0.9835680751173709 0.6537037037037037 0.0297339593114241 0.06481481481481481
1 0.5513823682837767 0.7282407407407407 0.023995826812728223 0.06388888888888888
1 0.046426708398539386 0.95 0.017214397496087636 0.07314814814814814
0 0.6609285341679708 0.4898148148148148 0.05425143453312467 0.040740740740740744
1 0.8148148148148148 0.6893518518518519 0.016692749087115284 0.06296296296296296
1 0.5618153364632238 0.663425925925926 0.022430881585811163 0.06111111111111111
1 0.4306207616066771 0.7217592592592592 0.02190923317683881 0.062037037037037036
1 0.023995826812728223 0.5462962962962963 0.04121022430881586 0.06018518518518518
1 0.3075117370892019 0.8458333333333333 0.024517475221700575 0.06018518518518518
1 0.9880020865936359 0.41388888888888886 0.02190923317683881 0.06574074074074074
1 0.8664580073030778 0.7930555555555555 0.026604068857589983 0.06574074074074074
1 0.43661971830985913 0.5796296296296296 0.022430881585811163 0.05462962962962963
1 0.9394887845592071 0.23703703703703705 0.0297339593114241 0.05
1 0.7563901930099113 0.7662037037037037 0.03286384976525822 0.07037037037037037
1 0.05607720396452791 0.8226851851851852 0.023995826812728223 0.06481481481481481
1 0.9684402712571727 0.7449074074074075 0.03808033385498174 0.06759259259259259
1 0.20657276995305165 0.3226851851851852 0.03390714658320292 0.07037037037037037
1 0.797339593114241 0.65 0.02556077203964528 0.0787037037037037
1 0.13380281690140844 0.6171296296296296 0.030777256129368807 0.05925925925925926
1 0.779603547209181 0.8194444444444444 0.019300991131977047 0.06296296296296296
1 0.17736045905059988 0.586574074074074 0.030777256129368807 0.07777777777777778
1 0.08294209702660407 0.763425925925926 0.023474178403755867 0.05
1 0.7154407929055816 0.8421296296296297 0.02034428794992175 0.06388888888888888
1 0.9204486176317163 0.14953703703703702 0.03442879499217527 0.058333333333333334
1 0.11241523213354199 0.7129629629629629 0.029212310902451747 0.07314814814814814
1 0.2587376108502869 0.8217592592592593 0.023995826812728223 0.06388888888888888
1 0.3873239436619718 0.7962962962962963 0.01773604590505999 0.06388888888888888
1 0.21830985915492956 0.6087962962962963 0.025039123630672927 0.06944444444444445
1 0.6604068857589984 0.6944444444444444 0.02138758476786646 0.06481481481481481
1 0.9606155451225874 0.6833333333333333 0.03234220135628586 0.06666666666666667
1 0.38967136150234744 0.8814814814814815 0.018257694314032343 0.06574074074074074
1 0.42566510172143973 0.763425925925926 0.02138758476786646 0.041666666666666664
1 0.20109546165884193 0.7810185185185186 0.018779342723004695 0.05925925925925926
1 0.2587376108502869 0.8759259259259259 0.022430881585811163 0.05740740740740741
1 0.6131977047470005 0.774074074074074 0.017214397496087636 0.062037037037037036
1 0.8935837245696401 0.1935185185185185 0.03286384976525822 0.05
1 0.37689097548252476 0.712037037037037 0.020865936358894107 0.08611111111111111
1 0.8583724569640062 0.6930555555555555 0.023474178403755867 0.05277777777777778
1 0.5938967136150235 0.725462962962963 0.028169014084507043 0.06481481481481481
1 0.28455920709441834 0.7967592592592593 0.02034428794992175 0.06481481481481481
1 0.14788732394366197 0.7300925925925926 0.029212310902451747 0.06018518518518518
1 0.15284298382889933 0.8537037037037037 0.02608242044861763 0.062037037037037036
1 0.19327073552425664 0.8712962962962963 0.03286384976525822 0.06759259259259259
1 0.07720396452790819 0.3375 0.038601982263954095 0.06018518518518518
1 0.4110589462702139 0.5902777777777778 0.027125717266562335 0.02962962962962963
1 0.04042775169535733 0.7310185185185185 0.030777256129368807 0.05925925925925926
1 0.34950443401147624 0.7222222222222222 0.028169014084507043 0.04537037037037037
1 0.015127803860198226 0.6407407407407407 0.02608242044861763 0.05555555555555555
1 0.2553468961919666 0.7569444444444444 0.024517475221700575 0.07777777777777778
1 0.9546165884194053 0.8 0.026604068857589983 0.06111111111111111
1 0.20839853938445488 0.7087962962962963 0.02190923317683881 0.046296296296296294
1 0.4282733437663015 0.6574074074074074 0.022430881585811163 0.05462962962962963
1 0.23630672926447574 0.6921296296296297 0.03025560772039645 0.04722222222222222
1 0.01278038601982264 0.7712962962962963 0.02190923317683881 0.05277777777777778
1 0.48200312989045385 0.7342592592592593 0.022952529994783515 0.05462962962962963
1 0.9061032863849765 0.8379629629629629 0.017214397496087636 0.04537037037037037
1 0.4525299947835159 0.7958333333333333 0.01617110067814293 0.06296296296296296
1 0.347678664580073 0.04583333333333333 0.025039123630672927 0.05
1 0.347678664580073 0.1259259259259259 0.03234220135628586 0.05740740740740741
0 0.03025560772039645 0.9162037037037037 0.03234220135628586 0.06759259259259259