1 0.05555555555555555 0.6680555555555555 0.03390714658320292 0.06388888888888888
0 0.10537297861241524 0.5597222222222222 0.05425143453312467 0.04351851851851852
0 0.47078768909754826 0.41435185185185186 0.04903495044340115 0.04537037037037037
0 0.34663536776212833 0.44212962962962965 0.054773082942097026 0.046296296296296294
1 0.08972352634324465 0.2550925925925926 0.03442879499217527 0.05462962962962963
1 0.08763693270735524 0.4375 0.037037037037037035 0.058333333333333334
0 0.22196139801773604 0.5736111111111111 0.037037037037037035 0.05185185185185185
0 0.41001564945226915 0.5050925925925925 0.05216484089723526 0.04814814814814815
1 0.03834115805946792 0.625462962962963 0.0297339593114241 0.06296296296296296
1 0.21700573813249868 0.7097222222222223 0.023995826812728223 0.05092592592592592
1 0.17110067814293167 0.18935185185185185 0.03755868544600939 0.05277777777777778
0 0.11971830985915492 0.3398148148148148 0.0396452790818988 0.053703703703703705
1 0.4254042775169536 0.11388888888888889 0.018257694314032343 0.05925925925925926
1 0.4287949921752739 0.6208333333333333 0.02556077203964528 0.05555555555555555
1 0.09207094418362025 0.29907407407407405 0.04121022430881586 0.058333333333333334
1 0.50886802295253 0.6101851851851852 0.017214397496087636 0.05740740740740741
1 0.44835680751173707 0.19722222222222222 0.030777256129368807 0.053703703703703705
0 0.7284820031298904 0.5041666666666667 0.05112154407929056 0.040740740740740744
1 0.33411580594679186 0.6902777777777778 0.03234220135628586 0.07037037037037037
1 0.5391236306729265 0.7166666666666667 0.022952529994783515 0.06018518518518518
1 0.3868022952529995 0.6935185185185185 0.027125717266562335 0.06481481481481481
1 0.5054773082942097 0.1625 0.02034428794992175 0.06111111111111111
1 0.6885758998435054 0.625462962962963 0.023474178403755867 0.06944444444444445
0 0.10772039645279081 0.46064814814814814 0.050078247261345854 0.041666666666666664
1 0.38810641627543035 0.5949074074074074 0.028690662493479395 0.06018518518518518
1 0.16666666666666666 0.12222222222222222 0.04329681794470527 0.053703703703703705
1 0.5526864893062076 0.17962962962962964 0.02034428794992175 0.04722222222222222
1 0.05920709441836203 0.22314814814814815 0.028690662493479395 0.053703703703703705
1 0.5790297339593115 0.7472222222222222 0.024517475221700575 0.05277777777777778
1 0.665623369848722 0.8277777777777777 0.01617110067814293 0.08425925925925926
0 0.020083463745435577 0.5458333333333333 0.03912363067292645 0.03981481481481482
1 0.13771517996870108 0.7097222222222223 0.022430881585811163 0.06296296296296296
1 0.09937402190923318 0.37222222222222223 0.02608242044861763 0.049074074074074076
1 0.41992696922274386 0.7444444444444445 0.028169014084507043 0.06851851851851852
1 0.8695878977569118 0.5787037037037037 0.03442879499217527 0.07222222222222222
1 0.7162232655190401 0.6532407407407408 0.024517475221700575 0.07407407407407407
1 0.5599895670318206 0.6282407407407408 0.016692749087115284 0.05
1 0.31637976004173185 0.7791666666666667 0.022430881585811163 0.06759259259259259
1 0.46635367762128327 0.7296296296296296 0.022952529994783515 0.062037037037037036
1 0.7083985393844549 0.7277777777777777 0.03025560772039645 0.06481481481481481
1 0.16040688575899845 0.04675925925925926 0.03808033385498174 0.058333333333333334
1 0.05216484089723526 0.7194444444444444 0.023995826812728223 0.05648148148148148
1 0.6293688054251435 0.32592592592592595 0.02608242044861763 0.06666666666666667
1 0.6645800730307773 0.6106481481481482 0.03182055294731351 0.04537037037037037
1 0.50886802295253 0.711574074074074 0.029212310902451747 0.06111111111111111
1 0.810641627543036 0.7787037037037037 0.0198226395409494 0.062037037037037036
0 0.06546687532603025 0.48564814814814816 0.04903495044340115 0.04259259259259259
1 0.3797600417318727 0.7291666666666666 0.02190923317683881 0.05462962962962963
1 0.8153364632237872 0.5902777777777778 0.0297339593114241 0.062037037037037036
0 0.23187271778821075 0.43425925925925923 0.03912363067292645 0.07777777777777778
1 0.6171100678142931 0.7708333333333334 0.02190923317683881 0.05740740740740741
1 0.347678664580073 0.7875 0.02190923317683881 0.046296296296296294
1 0.13954094940010434 0.7777777777777778 0.03129890453834116 0.06296296296296296
1 0.431924882629108 0.2439814814814815 0.025039123630672927 0.06388888888888888
1 0.8857589984350548 0.8393518518518519 0.02764736567553469 0.06296296296296296
1 0.8633281168492436 0.6472222222222223 0.026604068857589983 0.07592592592592592
1 0.6697965571205008 0.5791666666666667 0.020865936358894107 0.053703703703703705
1 0.5565988523735003 0.6620370370370371 0.029212310902451747 0.04259259259259259
1 0.29551382368283774 0.7305555555555555 0.023995826812728223 0.05462962962962963
1 0.8461137193531559 0.8583333333333333 0.026604068857589983 0.06388888888888888
1 0.10824204486176317 0.8023148148148148 0.02556077203964528 0.06574074074074074
1 0.9595722483046427 0.7166666666666667 0.03338549817423057 0.06944444444444445
1 0.7670839853938446 0.34953703703703703 0.03234220135628586 0.0824074074074074
1 0.25143453312467395 0.8064814814814815 0.0297339593114241 0.06388888888888888
1 0.9144496609285342 0.6717592592592593 0.02608242044861763 0.05555555555555555
1 0.9619196661450182 0.5680555555555555 0.036515388628064686 0.04537037037037037
0 0.5425143453312468 0.46805555555555556 0.036515388628064686 0.05555555555555555
1 0.09963484611371935 0.712037037037037 0.02764736567553469 0.04722222222222222
1 0.7206572769953051 0.825462962962963 0.03025560772039645 0.04259259259259259
1 0.3049034950443401 0.625462962962963 0.02138758476786646 0.05925925925925926
1 0.7798643714136672 0.8055555555555556 0.023474178403755867 0.05740740740740741
1 0.02190923317683881 0.8416666666666667 0.029212310902451747 0.040740740740740744
1 0.986697965571205 0.8634259259259259 0.02608242044861763 0.06666666666666667
1 0.46739697443922795 0.637962962962963 0.01617110067814293 0.04259259259259259
1 0.9613980177360459 0.5268518518518519 0.02764736567553469 0.04814814814814815
1 0.20292123109024518 0.7907407407407407 0.038601982263954095 0.0787037037037037
1 0.755868544600939 0.6023148148148149 0.016692749087115284 0.044444444444444446
1 0.7582159624413145 0.6351851851851852 0.024517475221700575 0.03981481481481482
1 0.6914449660928534 0.9041666666666667 0.02190923317683881 0.06296296296296296
1 0.7837767344809599 0.8462962962962963 0.028169014084507043 0.03611111111111111
1 0.7227438706311946 0.7847222222222222 0.02138758476786646 0.05740740740740741
1 0.1838810641627543 0.7967592592592593 0.028690662493479395 0.041666666666666664
1 0.29603547209181014 0.8046296296296296 0.023474178403755867 0.05277777777777778
1 0.9681794470526864 0.7712962962962963 0.030777256129368807 0.037037037037037035