1 0.3218570683359416 0.31296296296296294 0.03442879499217527 0.05462962962962963
1 0.3998435054773083 0.21574074074074073 0.02190923317683881 0.062037037037037036
1 0.1431924882629108 0.0837962962962963 0.038601982263954095 0.06388888888888888
1 0.42931664058424623 0.28703703703703703 0.03390714658320292 0.05092592592592592
0 0.05920709441836203 0.44351851851851853 0.06155451225873761 0.04814814814814815
1 0.36071987480438183 0.32916666666666666 0.0198226395409494 0.06851851851851852
1 0.22561293688054251 0.27685185185185185 0.025039123630672927 0.05925925925925926
1 0.05764214919144497 0.4273148148148148 0.027125717266562335 0.06018518518518518
1 0.022430881585811163 0.6546296296296297 0.02764736567553469 0.04814814814814815
1 0.28169014084507044 0.7564814814814815 0.023474178403755867 0.06666666666666667
1 0.16797078768909754 0.2638888888888889 0.03599374021909233 0.05648148148148148
0 0.1431924882629108 0.37824074074074077 0.05529473135106938 0.05092592592592592
1 0.07563901930099114 0.14027777777777778 0.0396452790818988 0.06388888888888888
1 0.4254042775169536 0.3458333333333333 0.02138758476786646 0.06666666666666667
0 0.1285863328116849 0.33101851851851855 0.051643192488262914 0.06296296296296296
1 0.31533646322378717 0.8662037037037037 0.028690662493479395 0.07962962962962963
1 0.17136150234741784 0.5097222222222222 0.026604068857589983 0.062037037037037036
1 0.051382368283776736 0.5810185185185185 0.029212310902451747 0.04722222222222222
0 0.5498174230568597 0.4615740740740741 0.04747000521648409 0.04814814814814815
1 0.6045905059989567 0.6333333333333333 0.024517475221700575 0.06944444444444445
0 0.37845592070944184 0.4134259259259259 0.05216484089723526 0.046296296296296294
1 0.08163797600417319 0.612037037037037 0.028169014084507043 0.05277777777777778
1 0.5320813771517997 0.675 0.024517475221700575 0.07777777777777778
1 0.07068335941575378 0.46064814814814814 0.03129890453834116 0.053703703703703705
1 0.4204486176317162 0.7162037037037037 0.022952529994783515 0.06296296296296296
1 0.4760041731872718 0.5685185185185185 0.02034428794992175 0.049074074074074076
0 0.02060511215440793 0.37222222222222223 0.03755868544600939 0.040740740740740744
1 0.3075117370892019 0.16805555555555557 0.02556077203964528 0.05925925925925926
1 0.42436098069900885 0.38101851851851853 0.01773604590505999 0.06574074074074074
1 0.17136150234741784 0.19675925925925927 0.03755868544600939 0.07037037037037037
1 0.9880020865936359 0.15231481481481482 0.022952529994783515 0.07685185185185185
1 0.6950965049556599 0.6398148148148148 0.026604068857589983 0.044444444444444446
1 0.8229003651538863 0.3578703703703704 0.03025560772039645 0.06481481481481481
0 0.24804381846635368 0.40046296296296297 0.05216484089723526 0.04722222222222222
1 0.1697965571205008 0.6754629629629629 0.023474178403755867 0.06666666666666667
1 0.0782472613458529 0.7305555555555555 0.02190923317683881 0.05
1 0.31011997913406364 0.12129629629629629 0.03129890453834116 0.05648148148148148
1 0.02686489306207616 0.6194444444444445 0.018779342723004695 0.058333333333333334
1 0.6139801773604591 0.7472222222222222 0.028169014084507043 0.06296296296296296
1 0.8664580073030778 0.7037037037037037 0.020865936358894107 0.05277777777777778
1 0.22848200312989045 0.5888888888888889 0.02138758476786646 0.06574074074074074
1 0.6452790818988002 0.39537037037037037 0.022952529994783515 0.05925925925925926
1 0.9042775169535733 0.7564814814814815 0.029212310902451747 0.058333333333333334
1 0.986697965571205 0.7208333333333333 0.02556077203964528 0.06111111111111111
1 0.6455399061032864 0.36574074074074076 0.0297339593114241 0.058333333333333334
1 0.6713615023474179 0.6962962962962963 0.02556077203964528 0.06759259259259259
1 0.7245696400625978 0.712037037037037 0.023995826812728223 0.06759259259259259
1 0.0957224830464267 0.8361111111111111 0.03129890453834116 0.0712962962962963
1 0.7404799165362546 0.8060185185185185 0.027125717266562335 0.06111111111111111
1 0.20422535211267606 0.8277777777777777 0.028690662493479395 0.06481481481481481
1 0.3111632759520083 0.20694444444444443 0.03129890453834116 0.05740740740740741
1 0.775169535732916 0.7689814814814815 0.024517475221700575 0.06018518518518518
1 0.0693792383933229 0.040740740740740744 0.044861763171622326 0.05648148148148148
1 0.9775691184141888 0.6550925925925926 0.03234220135628586 0.05925925925925926
0 0.4887845592070944 0.5023148148148148 0.03755868544600939 0.05277777777777778
1 0.33541992696922274 0.7337962962962963 0.025039123630672927 0.040740740740740744
1 0.3857589984350548 0.6689814814814815 0.028690662493479395 0.06759259259259259
0 0.01904016692749087 0.33287037037037037 0.036515388628064686 0.05092592592592592
1 0.17683881064162754 0.7560185185185185 0.028169014084507043 0.06296296296296296
1 0.2686489306207616 0.8592592592592593 0.028169014084507043 0.07685185185185185
1 0.3129890453834116 0.6486111111111111 0.022952529994783515 0.058333333333333334
1 0.09285341679707877 0.6722222222222223 0.026604068857589983 0.06574074074074074
1 0.24647887323943662 0.7050925925925926 0.028169014084507043 0.05555555555555555
1 0.5910276473656755 0.6833333333333333 0.018257694314032343 0.06018518518518518
1 0.4726134585289515 0.7162037037037037 0.02034428794992175 0.053703703703703705
1 0.29003651538862807 0.5763888888888888 0.02034428794992175 0.06296296296296296
1 0.8362023995826813 0.7643518518518518 0.028169014084507043 0.06574074074074074
1 0.6914449660928534 0.7675925925925926 0.025039123630672927 0.06851851851851852
1 0.896452790818988 0.23703703703703705 0.03286384976525822 0.044444444444444446
1 0.5438184663536776 0.12361111111111112 0.03755868544600939 0.07037037037037037
1 0.43453312467396976 0.0699074074074074 0.022952529994783515 0.05092592592592592
1 0.08841940532081377 0.5347222222222222 0.03442879499217527 0.07314814814814814
1 0.3646322378716745 0.5925925925925926 0.028169014084507043 0.04537037037037037
1 0.3364632237871675 0.6407407407407407 0.020865936358894107 0.07037037037037037
1 0.21178925404277518 0.7273148148148149 0.028169014084507043 0.04722222222222222
1 0.8135106937923839 0.6986111111111111 0.022430881585811163 0.053703703703703705
1 0.856546687532603 0.7722222222222223 0.02764736567553469 0.07592592592592592
1 0.4507042253521127 0.762962962962963 0.019300991131977047 0.053703703703703705
1 0.43661971830985913 0.023148148148148147 0.023474178403755867 0.044444444444444446
1 0.14345331246739698 0.8342592592592593 0.02764736567553469 0.049074074074074076
1 0.29290558163797603 0.7263888888888889 0.0198226395409494 0.040740740740740744
1 0.8740219092331768 0.6731481481481482 0.020865936358894107 0.06481481481481481
1 0.2788210745957225 0.6949074074074074 0.020865936358894107 0.05462962962962963
1 0.985133020344288 0.7754629629629629 0.028690662493479395 0.06944444444444445
1 0.9167970787689097 0.26851851851851855 0.03182055294731351 0.053703703703703705
1 0.9131455399061033 0.7310185185185185 0.023474178403755867 0.049074074074074076
1 0.14397496087636932 0.7592592592592593 0.02034428794992175 0.046296296296296294
1 0.0649452269170579 0.5 0.03338549817423057 0.040740740740740744
1 0.7866458007303078 0.6365740740740741 0.023474178403755867 0.05
1 0.4809598330725091 0.6092592592592593 0.03338549817423057 0.04259259259259259
1 0.2777777777777778 0.6666666666666666 0.02556077203964528 0.058333333333333334
1 0.9861763171622326 0.24583333333333332 0.02608242044861763 0.05277777777777778
1 0.8810641627543035 0.7967592592592593 0.022430881585811163 0.04814814814814815
1 0.9835680751173709 0.8273148148148148 0.027125717266562335 0.06851851851851852
1 0.368283776734481 0.6287037037037037 0.028690662493479395 0.03888888888888889
1 0.24621804903495045 0.750462962962963 0.0297339593114241 0.04351851851851852
1 0.35002608242044864 0.8046296296296296 0.01564945226917058 0.04259259259259259
1 0.2968179447052686 0.6106481481481482 0.018779342723004695 0.05555555555555555
1 0.2777777777777778 0.5902777777777778 0.017214397496087636 0.05
1 0.01617110067814293 0.9222222222222223 0.017214397496087636 0.0712962962962963
1 0.0782472613458529 0.6532407407407408 0.03234220135628586 0.04537037037037037
1 0.6841418883672404 0.8393518518518519 0.023995826812728223 0.05648148148148148
1 0.15910276473656756 0.22870370370370371 0.022952529994783515 0.058333333333333334
1 0.5268648930620762 0.7046296296296296 0.014084507042253521 0.04351851851851852