1 0.9392279603547209 0.3925925925925926 0.03182055294731351 0.06018518518518518
1 0.017996870109546165 0.49907407407407406 0.03182055294731351 0.05462962962962963
0 0.11137193531559729 0.6129629629629629 0.056859676577986434 0.053703703703703705
1 0.301773604590506 0.7444444444444445 0.03495044340114763 0.05092592592592592
1 0.3236828377673448 0.4537037037037037 0.016692749087115284 0.05185185185185185
1 0.806207616066771 0.36203703703703705 0.029212310902451747 0.058333333333333334
1 0.4126238914971309 0.9004629629629629 0.03390714658320292 0.06759259259259259
1 0.5396452790818989 0.3819444444444444 0.01617110067814293 0.04722222222222222
1 0.27543035993740217 0.9111111111111111 0.02764736567553469 0.06759259259259259
1 0.7436098069900887 0.7888888888888889 0.028690662493479395 0.04351851851851852
1 0.9181011997913406 0.2222222222222222 0.03286384976525822 0.06666666666666667
1 0.12649973917579552 0.7277777777777777 0.03547209181011998 0.05462962962962963
0 0.9551382368283776 0.5356481481481481 0.056338028169014086 0.040740740740740744
1 0.9514866979655712 0.2638888888888889 0.027125717266562335 0.06111111111111111
0 0.6711006781429316 0.4976851851851852 0.05268648930620762 0.04259259259259259
1 0.8482003129890454 0.2375 0.028690662493479395 0.06481481481481481
1 0.8813249869587898 0.21296296296296297 0.028690662493479395 0.05555555555555555
1 0.6267605633802817 0.3768518518518518 0.02034428794992175 0.05555555555555555
1 0.92018779342723 0.2884259259259259 0.03442879499217527 0.06111111111111111
1 0.773604590505999 0.25046296296296294 0.019300991131977047 0.05
1 0.18309859154929578 0.7208333333333333 0.027125717266562335 0.05925925925925926
1 0.14162754303599373 0.18425925925925926 0.02764736567553469 0.06296296296296296
1 0.3369848721961398 0.29212962962962963 0.01773604590505999 0.05277777777777778
1 0.9011476264997392 0.8101851851851852 0.030777256129368807 0.05925925925925926
1 0.8458528951486698 0.8680555555555556 0.036515388628064686 0.0712962962962963
1 0.9859154929577465 0.36712962962962964 0.027125717266562335 0.06481481481481481
1 0.27829942618675013 0.8069444444444445 0.020865936358894107 0.06018518518518518
1 0.6491914449660928 0.24212962962962964 0.02138758476786646 0.05555555555555555
1 0.2498695878977569 0.675 0.0198226395409494 0.058333333333333334
1 0.3095983307250913 0.25 0.02608242044861763 0.04537037037037037
1 0.945226917057903 0.20416666666666666 0.024517475221700575 0.05925925925925926
1 0.18022952529994785 0.2064814814814815 0.018779342723004695 0.05
1 0.22326551904016692 0.34120370370370373 0.03234220135628586 0.06574074074074074
1 0.5469483568075117 0.2671296296296296 0.026604068857589983 0.046296296296296294
1 0.7078768909754826 0.2439814814814815 0.025039123630672927 0.06388888888888888
1 0.2934272300469484 0.2953703703703704 0.02608242044861763 0.06388888888888888
1 0.3701095461658842 0.1875 0.01564945226917058 0.06111111111111111
1 0.6747522170057382 0.6509259259259259 0.026604068857589983 0.06296296296296296
1 0.2576943140323422 0.6435185185185185 0.0297339593114241 0.06018518518518518
1 0.8257694314032342 0.8111111111111111 0.02556077203964528 0.05
0 0.5229525299947835 0.29814814814814816 0.041731872717788214 0.04537037037037037
1 0.4394887845592071 0.3902777777777778 0.028690662493479395 0.06666666666666667
1 0.8539384454877412 0.3287037037037037 0.02764736567553469 0.06481481481481481
1 0.968961919666145 0.2972222222222222 0.03495044340114763 0.07314814814814814
1 0.1444966092853417 0.8569444444444444 0.030777256129368807 0.05277777777777778
1 0.5039123630672926 0.6462962962962963 0.020865936358894107 0.053703703703703705
1 0.1431924882629108 0.9083333333333333 0.03442879499217527 0.05462962962962963
1 0.6836202399582681 0.3425925925925926 0.023995826812728223 0.05277777777777778
1 0.346113719353156 0.3050925925925926 0.0198226395409494 0.05277777777777778
1 0.04877412623891497 0.42453703703703705 0.028690662493479395 0.06574074074074074
1 0.013041210224308816 0.75 0.02608242044861763 0.05925925925925926
1 0.3907146583202921 0.34305555555555556 0.022952529994783515 0.06388888888888888
1 0.806207616066771 0.2037037037037037 0.018779342723004695 0.046296296296296294
1 0.751434533124674 0.3402777777777778 0.022430881585811163 0.05092592592592592
1 0.15284298382889933 0.8277777777777777 0.03599374021909233 0.06388888888888888
1 0.8588941053729786 0.2865740740740741 0.027125717266562335 0.07037037037037037
1 0.10980699008868022 0.43842592592592594 0.023995826812728223 0.06111111111111111
1 0.14788732394366197 0.1574074074074074 0.03025560772039645 0.06111111111111111
1 0.4613980177360459 0.26435185185185184 0.02764736567553469 0.06944444444444445
1 0.7543035993740219 0.1986111111111111 0.020865936358894107 0.06296296296296296
1 0.8356807511737089 0.7675925925925926 0.023474178403755867 0.05185185185185185
1 0.06207616066770996 0.7398148148148148 0.03599374021909233 0.05925925925925926
1 0.18805425143453314 0.42824074074074076 0.03234220135628586 0.046296296296296294
1 0.15336463223787167 0.2902777777777778 0.020865936358894107 0.044444444444444446
1 0.7334376630151278 0.25324074074074077 0.02034428794992175 0.04722222222222222
1 0.584246218049035 0.3226851851851852 0.022952529994783515 0.06111111111111111
1 0.6142410015649452 0.22314814814814815 0.02034428794992175 0.03888888888888889
1 0.8646322378716745 0.8421296296296297 0.037037037037037035 0.05
0 0.02608242044861763 0.575462962962963 0.05216484089723526 0.062037037037037036
1 0.023995826812728223 0.26944444444444443 0.03390714658320292 0.07407407407407407
1 0.45174752217005737 0.3384259259259259 0.02034428794992175 0.06388888888888888
1 0.2994261867501304 0.7763888888888889 0.02608242044861763 0.040740740740740744
1 0.13928012519561817 0.3300925925925926 0.025039123630672927 0.058333333333333334
1 0.11815336463223787 0.39814814814814814 0.02190923317683881 0.05648148148148148
1 0.15675534689619197 0.3912037037037037 0.027125717266562335 0.05925925925925926
1 0.711528429838289 0.3189814814814815 0.025039123630672927 0.04722222222222222
1 0.22743870631194574 0.1300925925925926 0.02190923317683881 0.062037037037037036
1 0.3338549817423057 0.1162037037037037 0.015127803860198226 0.06388888888888888
1 0.07224830464267085 0.3050925925925926 0.020865936358894107 0.046296296296296294
1 0.5031298904538342 0.20972222222222223 0.01773604590505999 0.06574074074074074
1 0.9859154929577465 0.1865740740740741 0.027125717266562335 0.06481481481481481
1 0.10250391236306729 0.16111111111111112 0.0297339593114241 0.06574074074074074
1 0.2081377151799687 0.23796296296296296 0.022430881585811163 0.05277777777777778
1 0.016692749087115284 0.3384259259259259 0.029212310902451747 0.06111111111111111
1 0.8375065206051121 0.2175925925925926 0.022430881585811163 0.053703703703703705
1 0.053208137715179966 0.2462962962962963 0.023474178403755867 0.058333333333333334
1 0.7806468440271257 0.2763888888888889 0.02138758476786646 0.04351851851851852
1 0.2005738132498696 0.27824074074074073 0.02764736567553469 0.046296296296296294