0 0.7245696400625978 0.4300925925925926 0.05372978612415232 0.04259259259259259
1 0.16484089723526343 0.6726851851851852 0.028169014084507043 0.07407407407407407
0 0.760302556077204 0.49907407407407406 0.054773082942097026 0.05555555555555555
1 0.5336463223787168 0.7023148148148148 0.022430881585811163 0.06481481481481481
1 0.4919144496609285 0.6768518518518518 0.019300991131977047 0.0712962962962963
1 0.40923317683881066 0.712037037037037 0.020865936358894107 0.05740740740740741
1 0.590245174752217 0.8023148148148148 0.02034428794992175 0.05740740740740741
0 0.22665623369848723 0.5351851851851852 0.03390714658320292 0.06018518518518518
0 0.11163275952008346 0.5731481481481482 0.050078247261345854 0.044444444444444446
1 0.07276995305164319 0.6990740740740741 0.03129890453834116 0.06296296296296296
1 0.8886280646844027 0.5430555555555555 0.03182055294731351 0.062037037037037036
1 0.8656755346896192 0.5995370370370371 0.03338549817423057 0.06481481481481481
1 0.22483046426708397 0.774074074074074 0.025039123630672927 0.06481481481481481
1 0.026604068857589983 0.6458333333333334 0.036515388628064686 0.06296296296296296
1 0.31194574856546686 0.6805555555555556 0.028690662493479395 0.06018518518518518
1 0.47235263432446534 0.7421296296296296 0.014084507042253521 0.05648148148148148
1 0.2498695878977569 0.6810185185185185 0.024517475221700575 0.05925925925925926
1 0.6752738654147105 0.6300925925925925 0.01773604590505999 0.058333333333333334
1 0.36384976525821594 0.7652777777777777 0.025039123630672927 0.06111111111111111
1 0.8492436098069901 0.6916666666666667 0.03234220135628586 0.06851851851851852
1 0.7162232655190401 0.7384259259259259 0.018779342723004695 0.07314814814814814
1 0.8466353677621283 0.861574074074074 0.02034428794992175 0.07037037037037037
1 0.9590505998956703 0.6967592592592593 0.03182055294731351 0.05925925925925926
1 0.13354199269692227 0.7245370370370371 0.024517475221700575 0.058333333333333334
1 0.3667188315075639 0.6685185185185185 0.027125717266562335 0.06481481481481481
1 0.8768909754825248 0.7662037037037037 0.026604068857589983 0.05925925925925926
1 0.47391757955138236 0.9337962962962963 0.016692749087115284 0.06481481481481481
1 0.8187271778821075 0.8523148148148149 0.024517475221700575 0.06666666666666667
1 0.07616066770996348 0.7699074074074074 0.023474178403755867 0.06388888888888888
1 0.95565988523735 0.6277777777777778 0.02556077203964528 0.06481481481481481
1 0.19483568075117372 0.7393518518518518 0.02608242044861763 0.06111111111111111
1 0.32942097026604067 0.7638888888888888 0.028169014084507043 0.04351851851851852
1 0.7143974960876369 0.8027777777777778 0.017214397496087636 0.06111111111111111
1 0.15492957746478872 0.7657407407407407 0.027125717266562335 0.06388888888888888
1 0.018779342723004695 0.15787037037037038 0.03755868544600939 0.07777777777777778
1 0.6776212832550861 0.7018518518518518 0.026604068857589983 0.05648148148148148
1 0.7378716744913928 0.8893518518518518 0.02138758476786646 0.06851851851851852
1 0.8836724047991653 0.6712962962962963 0.03286384976525822 0.06111111111111111
1 0.9898278560250391 0.7824074074074074 0.018779342723004695 0.06111111111111111
1 0.7876890975482524 0.7680555555555556 0.02556077203964528 0.05740740740740741
1 0.028690662493479395 0.7592592592592593 0.022952529994783515 0.053703703703703705
1 0.7900365153886281 0.6625 0.029212310902451747 0.08796296296296297
1 0.7235263432446531 0.08194444444444444 0.027125717266562335 0.05555555555555555
1 0.7916014606155451 0.8708333333333333 0.01773604590505999 0.05555555555555555
1 0.2806468440271257 0.8398148148148148 0.018779342723004695 0.08888888888888889
1 0.3951486697965571 0.026851851851851852 0.029212310902451747 0.04814814814814815
1 0.6304121022430882 0.8208333333333333 0.025039123630672927 0.05740740740740741
1 0.14553990610328638 0.1175925925925926 0.03286384976525822 0.06388888888888888
0 0.9835680751173709 0.4773148148148148 0.03286384976525822 0.05277777777777778
1 0.6538862806468441 0.875 0.027125717266562335 0.06851851851851852
0 0.215962441314554 0.43842592592592594 0.058424621804903494 0.05
1 0.2023995826812728 0.8314814814814815 0.019300991131977047 0.05092592592592592
1 0.8236828377673449 0.037037037037037035 0.022430881585811163 0.05277777777777778
0 0.9535732916014606 0.9138888888888889 0.03129890453834116 0.06851851851851852
1 0.40584246218049036 0.1925925925925926 0.028169014084507043 0.05277777777777778
1 0.20344287949921752 0.07962962962962963 0.03912363067292645 0.062037037037037036
1 0.8774126238914971 0.825925925925926 0.02764736567553469 0.03611111111111111