0 0.10382826169497694 0.37374840253665115 0.0395457268258713 0.0884178444191262
1 0.199951171875 0.4032318115234375 0.0240478515625 0.06310653686523438
0 0.58984375 0.490118408203125 0.04840087890625 0.0461517333984375
1 0.20166015625 0.250042724609375 0.0294189453125 0.05213737487792969
1 0.56494140625 0.354913330078125 0.0259552001953125 0.06272735595703124
1 0.1923828125 0.3143951416015625 0.031982421875 0.06489410400390624
1 0.2310791015625 0.8736328125 0.036346435546875 0.07540283203125
1 0.332275390625 0.3538299560546875 0.023101806640625 0.06635665893554688
0 0.494140625 0.4593505859375 0.0482177734375 0.05086441040039062
1 0.131103515625 0.244842529296875 0.0283355712890625 0.06538162231445313
0 0.26953125 0.627490234375 0.057708740234375 0.0656524658203125
0 0.128173828125 0.471051025390625 0.055938720703125 0.047858047485351565
1 0.160888671875 0.20443267822265626 0.025665283203125 0.05963973999023438
1 0.232666015625 0.3637969970703125 0.0279541015625 0.06429824829101563
1 0.433349609375 0.3364959716796875 0.0179901123046875 0.05882720947265625
1 0.384765625 0.3692138671875 0.0282135009765625 0.042603683471679685
0 0.0948486328125 0.624456787109375 0.054412841796875 0.047505950927734374
1 0.67626953125 0.3503631591796875 0.021240234375 0.06700668334960938
1 0.492431640625 0.313311767578125 0.026153564453125 0.06169815063476562
1 0.169921875 0.3655303955078125 0.0192413330078125 0.0504852294921875
1 0.4501953125 0.92216796875 0.03759765625 0.0587188720703125
1 0.2462158203125 0.2363922119140625 0.0200653076171875 0.06429824829101563
1 0.361328125 0.298577880859375 0.0193023681640625 0.051731109619140625
1 0.9765625 0.295111083984375 0.0293121337890625 0.08065719604492187
1 0.72119140625 0.21548309326171874 0.0184783935546875 0.06299819946289062
1 0.467529296875 0.2870941162109375 0.017242431640625 0.059748077392578126
1 0.48828125 0.2519927978515625 0.0240936279296875 0.05633544921875
1 0.37548828125 0.88663330078125 0.0318603515625 0.06700668334960938
1 0.05340576171875 0.3512298583984375 0.03790283203125 0.06500244140625
1 0.68212890625 0.1809234619140625 0.0188751220703125 0.076702880859375
1 0.75439453125 0.3382293701171875 0.0284881591796875 0.07009429931640625
1 0.59130859375 0.260443115234375 0.0211639404296875 0.059856414794921875
1 0.63037109375 0.96463623046875 0.03173828125 0.058935546875
1 0.64453125 0.269110107421875 0.0252685546875 0.05622711181640625
1 0.8740234375 0.3377960205078125 0.036712646484375 0.05926055908203125
1 0.93798828125 0.19208221435546874 0.0258026123046875 0.07442779541015625
1 0.51708984375 0.241375732421875 0.019012451171875 0.0574188232421875
1 0.61572265625 0.2132080078125 0.015716552734375 0.06321487426757813
1 0.6298828125 0.872332763671875 0.029815673828125 0.078436279296875
1 0.892578125 0.3958648681640625 0.0282135009765625 0.05774383544921875
1 0.89453125 0.15958099365234374 0.0251312255859375 0.08092803955078125
1 0.34130859375 0.24874267578125 0.020294189453125 0.046883010864257814
1 0.76416015625 0.21244964599609376 0.017181396484375 0.06548995971679687
1 0.80712890625 0.15243072509765626 0.0262603759765625 0.06451492309570313
1 0.603515625 0.07903213500976562 0.0115509033203125 0.059964752197265624
1 0.6201171875 0.164239501953125 0.01490020751953125 0.044770431518554685
1 0.873046875 0.21786651611328126 0.023773193359375 0.06321487426757813
1 0.2890625 0.19674072265625 0.01525115966796875 0.044770431518554685
1 0.83349609375 0.21504974365234375 0.0207977294921875 0.06635665893554688
1 0.2509765625 0.3178619384765625 0.015960693359375 0.03036155700683594
1 0.054901123046875 0.3161285400390625 0.0194244384765625 0.03361167907714844