1 0.81005859375 0.7400173611111112 0.0272674560546875 0.07373046875
0 0.1351318359375 0.4852430555555556 0.053009033203125 0.041558159722222224
0 0.66650390625 0.5190972222222222 0.05023193359375 0.046061197916666664
0 0.263427734375 0.5477430555555556 0.056976318359375 0.04758029513888889
0 0.75341796875 0.2212456597222222 0.045257568359375 0.04684787326388889
0 0.35546875 0.5173611111111112 0.05126953125 0.039632161458333336
0 0.3203125 0.3285590277777778 0.044342041015625 0.04139539930555555
0 0.411376953125 0.390625 0.046722412109375 0.040228949652777776
0 0.1163330078125 0.3326822916666667 0.046478271484375 0.040228949652777776
0 0.137451171875 0.4008246527777778 0.0509033203125 0.037272135416666664
0 0.95166015625 0.5108506944444444 0.0496826171875 0.04196506076388889
0 0.869140625 0.6840277777777778 0.046478271484375 0.06222873263888889
0 0.92578125 0.3832465277777778 0.02801513671875 0.06260850694444445
0 0.0548095703125 0.2947048611111111 0.04986572265625 0.026692708333333332
0 0.299560546875 0.8854166666666666 0.0364990234375 0.05555555555555555
1 0.8284970238095241 0.7400793650793654 0.020089285714285646 0.07010582010582017