0 0.126220703125 0.5217013888888888 0.05450439453125 0.042182074652777776
0 0.0537109375 0.6827256944444444 0.058563232421875 0.040608723958333336
0 0.380126953125 0.4390190972222222 0.049224853515625 0.044596354166666664
0 0.60498046875 0.4055989583333333 0.046112060546875 0.047037760416666664
0 0.2218017578125 0.48828125 0.0496826171875 0.03843858506944445
0 0.66552734375 0.3411458333333333 0.044342041015625 0.04275173611111111
0 0.185791015625 0.4142795138888889 0.03179931640625 0.0556640625
0 0.75634765625 0.5811631944444444 0.047607421875 0.04139539930555555
0 0.025115966796875 0.6050347222222222 0.05023193359375 0.03857421875
0 0.051177978515625 0.3294270833333333 0.0504150390625 0.047200520833333336
0 0.9169921875 0.5303819444444444 0.044769287109375 0.05514865451388889
0 0.80859375 0.5238715277777778 0.046295166015625 0.041558159722222224
0 0.783203125 0.4333767361111111 0.0455322265625 0.040934244791666664
0 0.52587890625 0.5681423611111112 0.04302978515625 0.0686306423611111
0 0.74169921875 0.3205295138888889 0.0221099853515625 0.05555555555555555
0 0.55810546875 0.15516493055555555 0.0219879150390625 0.06461588541666667