0 0.28880208333333335 0.42453703703703705 0.052083333333333336 0.044444444444444446
1 0.9125 0.3476851851851852 0.026041666666666668 0.058333333333333334
0 0.9200520833333333 0.5074074074074074 0.046875 0.07037037037037037
0 0.6533854166666667 0.4787037037037037 0.04635416666666667 0.046296296296296294
0 0.11692708333333333 0.4425925925925926 0.05260416666666667 0.04351851851851852
0 0.17395833333333333 0.4023148148148148 0.04479166666666667 0.05740740740740741
0 0.025520833333333333 0.487962962962963 0.05 0.040740740740740744
0 0.68984375 0.5504629629629629 0.04739583333333333 0.041666666666666664
0 0.40182291666666664 0.825 0.053125 0.05
0 0.5328125 0.5731481481481482 0.05 0.03888888888888889
0 0.028645833333333332 0.31527777777777777 0.0484375 0.03796296296296296
1 0.6518229166666667 0.27546296296296297 0.016666666666666666 0.06296296296296296
1 0.14479166666666668 0.2662037037037037 0.013020833333333334 0.05277777777777778
0 0.7138020833333333 0.6800925925925926 0.057291666666666664 0.05277777777777778
0 0.24296875 0.7393518518518518 0.051041666666666666 0.05740740740740741
1 0.8778645833333333 0.3212962962962963 0.028125 0.044444444444444446
1 0.21692708333333333 0.2912037037037037 0.0296875 0.08425925925925926
1 0.54296875 0.24953703703703703 0.027083333333333334 0.06666666666666667
1 0.9166666666666666 0.39861111111111114 0.025520833333333333 0.06481481481481481