0 0.8681640625 0.5368923611111112 0.050811767578125 0.04684787326388889
0 0.9740753173828125 0.5698784722222222 0.051849365234375 0.05026584201388889
1 0.802734375 0.2975260416666667 0.0289306640625 0.07194010416666667
0 0.5244140625 0.3821614583333333 0.045684814453125 0.039849175347222224
0 0.22265625 0.4181857638888889 0.053009033203125 0.043511284722222224
0 0.8834402901785715 0.7447916666666667 0.05150931222098206 0.06331380208333333
0 0.43798828125 0.4613715277777778 0.04931640625 0.057074652777777776
0 0.0831298828125 0.5473090277777778 0.05889892578125 0.05837673611111111
0 0.62646484375 0.7456597222222222 0.052520751953125 0.049967447916666664
0 0.7314453125 0.4418402777777778 0.044342041015625 0.041802300347222224
0 0.335205078125 0.3200954861111111 0.0278472900390625 0.0862087673611111
1 0.94482421875 0.2775607638888889 0.024993896484375 0.06488715277777778
1 0.6982421875 0.265625 0.0232391357421875 0.061686197916666664
0 0.27587890625 0.3598090277777778 0.042724609375 0.08881293402777778
0 0.9868850708007812 0.4032118055555556 0.0262298583984375 0.04001193576388889
0 0.9638671875 0.6571180555555556 0.058349609375 0.0632052951388889
1 0.05224609375 0.054524739583333336 0.0196075439453125 0.07611762152777778