1 0.1609285341679708 0.27175925925925926 0.03234220135628586 0.06574074074074074
1 0.9590505998956703 0.9638888888888889 0.01617110067814293 0.06759259259259259
0 0.4444444444444444 0.5064814814814815 0.026604068857589983 0.06666666666666667
1 0.7290036515388628 0.1726851851851852 0.0297339593114241 0.06111111111111111
1 0.7295252999478351 0.6611111111111111 0.028690662493479395 0.07037037037037037
1 0.6664058424621805 0.38564814814814813 0.019300991131977047 0.06388888888888888
1 0.34376630151278037 0.7449074074074075 0.028690662493479395 0.053703703703703705
0 0.2511737089201878 0.5300925925925926 0.030777256129368807 0.06296296296296296
0 0.5654668753260302 0.5125 0.027125717266562335 0.058333333333333334
1 0.4981742305685968 0.6648148148148149 0.023474178403755867 0.06759259259259259
1 0.5166927490871153 0.21805555555555556 0.02556077203964528 0.05648148148148148
1 0.06311945748565467 0.2796296296296296 0.03182055294731351 0.06851851851851852
1 0.8231611893583725 0.6546296296296297 0.0297339593114241 0.06481481481481481
1 0.8988002086593636 0.5814814814814815 0.02556077203964528 0.06296296296296296
1 0.6606677099634846 0.2953703703703704 0.020865936358894107 0.058333333333333334
1 0.9066249347939489 0.6351851851851852 0.03338549817423057 0.06481481481481481
1 0.07459572248304643 0.19537037037037036 0.03808033385498174 0.05
1 0.594679186228482 0.8050925925925926 0.022430881585811163 0.06574074074074074
0 0.026604068857589983 0.5097222222222222 0.03338549817423057 0.06666666666666667
1 0.87584767866458 0.1337962962962963 0.024517475221700575 0.06666666666666667
1 0.707094418362024 0.8074074074074075 0.018257694314032343 0.06481481481481481
1 0.7777777777777778 0.7814814814814814 0.02190923317683881 0.06296296296296296
0 0.20500782472613457 0.48194444444444445 0.054773082942097026 0.04814814814814815
1 0.695357329160146 0.7050925925925926 0.01773604590505999 0.06944444444444445
1 0.9530516431924883 0.774537037037037 0.03547209181011998 0.07777777777777778
1 0.5185185185185185 0.6203703703703703 0.018257694314032343 0.06388888888888888
1 0.45983307250912886 0.6782407407407407 0.024517475221700575 0.06666666666666667
0 0.11971830985915492 0.5893518518518519 0.05112154407929056 0.03888888888888889
1 0.35732916014606153 0.1935185185185185 0.022952529994783515 0.05185185185185185
1 0.48513302034428796 0.08055555555555556 0.03286384976525822 0.053703703703703705
1 0.6118935837245696 0.8472222222222222 0.01564945226917058 0.06666666666666667
1 0.17736045905059988 0.7037037037037037 0.03495044340114763 0.062037037037037036
1 0.9457485654668754 0.28935185185185186 0.03338549817423057 0.06481481481481481
1 0.6113719353155973 0.225 0.02034428794992175 0.05092592592592592
1 0.5156494522691706 0.7976851851851852 0.02556077203964528 0.075
1 0.34089723526343246 0.6805555555555556 0.02764736567553469 0.06388888888888888
1 0.5599895670318206 0.7777777777777778 0.01773604590505999 0.05925925925925926
0 0.028169014084507043 0.5541666666666667 0.05372978612415232 0.05462962962962963
1 0.7503912363067292 0.8189814814814815 0.02034428794992175 0.0712962962962963
1 0.32655190401669276 0.2518518518518518 0.027125717266562335 0.0824074074074074
1 0.665623369848722 0.7458333333333333 0.01564945226917058 0.07777777777777778
1 0.4809598330725091 0.6351851851851852 0.020865936358894107 0.062037037037037036
1 0.9332290036515388 0.6912037037037037 0.03025560772039645 0.06388888888888888
0 0.9027125717266562 0.5078703703703704 0.03390714658320292 0.06851851851851852
1 0.8184663536776213 0.7282407407407407 0.022430881585811163 0.075
1 0.4760041731872718 0.7337962962962963 0.018779342723004695 0.062037037037037036
1 0.5834637454355764 0.6851851851851852 0.025039123630672927 0.05185185185185185
1 0.979394887845592 0.5986111111111111 0.03390714658320292 0.06018518518518518
1 0.10772039645279081 0.6837962962962963 0.03234220135628586 0.06759259259259259
1 0.046687532603025564 0.3638888888888889 0.036515388628064686 0.05092592592592592
1 0.8755868544600939 0.6754629629629629 0.03390714658320292 0.07222222222222222
1 0.30907668231611896 0.6851851851851852 0.02190923317683881 0.05740740740740741
1 0.587376108502869 0.16435185185185186 0.0297339593114241 0.04722222222222222
1 0.4350547730829421 0.7699074074074074 0.022430881585811163 0.05648148148148148
1 0.37689097548252476 0.7101851851851851 0.024517475221700575 0.06574074074074074
0 0.5845070422535211 0.44074074074074077 0.04434011476264997 0.04351851851851852
1 0.986697965571205 0.7101851851851851 0.024517475221700575 0.062037037037037036
1 0.9149713093375065 0.7842592592592592 0.0297339593114241 0.06388888888888888
1 0.672926447574335 0.6282407407407408 0.018779342723004695 0.08148148148148149
1 0.05242566510172144 0.7902777777777777 0.019300991131977047 0.07037037037037037
1 0.18596765779864372 0.8050925925925926 0.0198226395409494 0.058333333333333334
1 0.3288993218570683 0.6310185185185185 0.019300991131977047 0.058333333333333334
1 0.03234220135628586 0.6833333333333333 0.02764736567553469 0.053703703703703705
1 0.08111632759520084 0.7050925925925926 0.026604068857589983 0.05740740740740741
1 0.028169014084507043 0.4 0.03286384976525822 0.04722222222222222
1 0.9238393322900366 0.8805555555555555 0.0099113197704747 0.03611111111111111
1 0.11841418883672405 0.7509259259259259 0.03182055294731351 0.05925925925925926
1 0.21439749608763695 0.8625 0.023474178403755867 0.06388888888888888
0 0.058424621804903494 0.44814814814814813 0.047991653625456446 0.04537037037037037
1 0.9603547209181011 0.6699074074074074 0.029212310902451747 0.06851851851851852
1 0.2996870109546166 0.7291666666666666 0.01564945226917058 0.040740740740740744
1 0.8617631716223265 0.7777777777777778 0.014084507042253521 0.03796296296296296
1 0.8510693792383933 0.7055555555555556 0.03234220135628586 0.05740740740740741
1 0.010954616588419406 0.7171296296296297 0.02190923317683881 0.06481481481481481
1 0.3028169014084507 0.8722222222222222 0.019300991131977047 0.06574074074074074