1 0.5258215962441315 0.8902777777777777 0.03495044340114763 0.06481481481481481
0 0.053468961919666144 0.4708333333333333 0.05112154407929056 0.041666666666666664
0 0.744131455399061 0.512962962962963 0.046426708398539386 0.04537037037037037
1 0.1828377673448096 0.7763888888888889 0.022430881585811163 0.041666666666666664
1 0.9115805946791862 0.49166666666666664 0.023474178403755867 0.05
0 0.8828899321857069 0.6162037037037037 0.06259780907668232 0.05092592592592592
1 0.019300991131977047 0.2162037037037037 0.026604068857589983 0.06574074074074074
0 0.6797078768909754 0.5782407407407407 0.04747000521648409 0.044444444444444446
1 0.6460615545122588 0.9212962962962963 0.03338549817423057 0.06111111111111111
1 0.38810641627543035 0.35324074074074074 0.026604068857589983 0.06111111111111111
1 0.7798643714136672 0.7060185185185185 0.03442879499217527 0.05277777777777778
1 0.07433489827856025 0.875 0.03338549817423057 0.07037037037037037
1 0.6371935315597287 0.7314814814814815 0.03286384976525822 0.05092592592592592
1 0.9619196661450182 0.9291666666666667 0.040166927490871154 0.06666666666666667
1 0.1111111111111111 0.3560185185185185 0.028690662493479395 0.05740740740740741
1 0.6030255607720396 0.42453703703703705 0.03182055294731351 0.08425925925925926
1 0.2934272300469484 0.23796296296296296 0.022952529994783515 0.05185185185185185
1 0.5448617631716224 0.32685185185185184 0.02190923317683881 0.08333333333333333
1 0.48278560250391234 0.38333333333333336 0.02764736567553469 0.06111111111111111
1 0.08111632759520084 0.24305555555555555 0.023995826812728223 0.06111111111111111
1 0.07955138236828378 0.28194444444444444 0.03234220135628586 0.05555555555555555
1 0.7949921752738655 0.3296296296296296 0.023995826812728223 0.06296296296296296
1 0.6225873761085029 0.24675925925925926 0.020865936358894107 0.05092592592592592
1 0.6484089723526343 0.2833333333333333 0.0198226395409494 0.062037037037037036
1 0.7005738132498696 0.33055555555555555 0.020865936358894107 0.06851851851851852
1 0.7803860198226396 0.8925925925925926 0.022430881585811163 0.053703703703703705
1 0.23526343244653103 0.23935185185185184 0.02556077203964528 0.06018518518518518
1 0.21622326551904017 0.3050925925925926 0.018779342723004695 0.04722222222222222
1 0.43114241001564946 0.6083333333333333 0.022952529994783515 0.058333333333333334
1 0.20631194574856546 0.22685185185185186 0.024517475221700575 0.06851851851851852
1 0.16536254564423578 0.24722222222222223 0.024517475221700575 0.05185185185185185
1 0.1914449660928534 0.3337962962962963 0.02608242044861763 0.05648148148148148
1 0.8656755346896192 0.4199074074074074 0.026604068857589983 0.06759259259259259
1 0.7569118414188837 0.3375 0.029212310902451747 0.06481481481481481
1 0.06885758998435054 0.33796296296296297 0.0297339593114241 0.06111111111111111
1 0.7274387063119457 0.6921296296296297 0.0297339593114241 0.06481481481481481
1 0.6544079290558164 0.9731481481481481 0.03495044340114763 0.05
1 0.08294209702660407 0.8097222222222222 0.03129890453834116 0.06111111111111111
1 0.9217527386541471 0.8092592592592592 0.029212310902451747 0.06759259259259259
1 0.01069379238393323 0.8060185185185185 0.020865936358894107 0.05462962962962963
1 0.8612415232133542 0.29212962962962963 0.029212310902451747 0.05740740740740741
1 0.32342201356285866 0.20277777777777778 0.02190923317683881 0.05648148148148148
1 0.42775169535732915 0.6365740740740741 0.023995826812728223 0.058333333333333334
1 0.09154929577464789 0.7703703703703704 0.03338549817423057 0.06666666666666667
1 0.38601982263954093 0.2550925925925926 0.023995826812728223 0.05925925925925926
1 0.33411580594679186 0.18472222222222223 0.019300991131977047 0.05740740740740741
1 0.7240479916536254 0.41805555555555557 0.03025560772039645 0.04722222222222222
1 0.6601460615545123 0.7958333333333333 0.024517475221700575 0.06018518518518518
1 0.9366197183098591 0.23425925925925925 0.020865936358894107 0.06759259259259259
1 0.3489827856025039 0.3055555555555556 0.026604068857589983 0.06481481481481481
1 0.2981220657276995 0.36712962962962964 0.028169014084507043 0.04814814814814815
1 0.8169014084507042 0.41435185185185186 0.018257694314032343 0.05185185185185185
1 0.7363067292644757 0.25601851851851853 0.02034428794992175 0.07037037037037037
1 0.3998435054773083 0.30648148148148147 0.025039123630672927 0.0787037037037037
1 0.2566510172143975 0.6523148148148148 0.026604068857589983 0.06296296296296296
1 0.7793427230046949 0.8555555555555555 0.02138758476786646 0.05925925925925926
1 0.7767344809598331 0.2833333333333333 0.02034428794992175 0.040740740740740744
1 0.800208659363589 0.43796296296296294 0.028169014084507043 0.06296296296296296
1 0.9882629107981221 0.33101851851851855 0.02190923317683881 0.07777777777777778
1 0.8051643192488263 0.2800925925925926 0.020865936358894107 0.07222222222222222
1 0.25482524778299426 0.3263888888888889 0.02138758476786646 0.05277777777777778
1 0.7569118414188837 0.38472222222222224 0.02190923317683881 0.0712962962962963
1 0.9178403755868545 0.7435185185185185 0.03129890453834116 0.05648148148148148
1 0.18909754825247782 0.20925925925925926 0.02138758476786646 0.05185185185185185
1 0.8789775691184142 0.1912037037037037 0.028690662493479395 0.06018518518518518
1 0.8612415232133542 0.7412037037037037 0.037037037037037035 0.058333333333333334
1 0.6006781429316641 0.2833333333333333 0.019300991131977047 0.05277777777777778
0 0.41340636411058945 0.2972222222222222 0.041731872717788214 0.03796296296296296
1 0.797339593114241 0.40046296296296297 0.02190923317683881 0.06111111111111111
1 0.979394887845592 0.1638888888888889 0.03234220135628586 0.06666666666666667
1 0.6622326551904016 0.663425925925926 0.0297339593114241 0.06296296296296296
1 0.46609285341679707 0.2671296296296296 0.01564945226917058 0.05462962962962963
1 0.8335941575378195 0.3194444444444444 0.028169014084507043 0.05185185185185185
1 0.13145539906103287 0.19398148148148148 0.02190923317683881 0.04722222222222222
1 0.7217005738132499 0.10925925925925926 0.01564945226917058 0.062037037037037036
1 0.07433489827856025 0.7337962962962963 0.03599374021909233 0.05648148148148148
1 0.8881064162754304 0.24768518518518517 0.023995826812728223 0.05925925925925926
1 0.05920709441836203 0.21157407407407408 0.025039123630672927 0.046296296296296294
1 0.061815336463223784 0.8402777777777778 0.03808033385498174 0.049074074074074076
1 0.9360980699008868 0.17962962962962964 0.022952529994783515 0.046296296296296294
1 0.8187271778821075 0.15138888888888888 0.02034428794992175 0.07314814814814814
1 0.15571205007824726 0.26851851851851855 0.018779342723004695 0.05740740740740741
1 0.9136671883150757 0.3314814814814815 0.022430881585811163 0.06759259259259259
1 0.7681272822117893 0.8041666666666667 0.03442879499217527 0.058333333333333334