1 0.45122587376108503 0.25046296296296294 0.02556077203964528 0.07037037037037037
1 0.9775691184141888 0.9481481481481482 0.036515388628064686 0.053703703703703705
1 0.2895148669796557 0.38333333333333336 0.027125717266562335 0.06388888888888888
1 0.12493479394887845 0.8439814814814814 0.023995826812728223 0.07222222222222222
1 0.16797078768909754 0.15416666666666667 0.020865936358894107 0.06018518518518518
1 0.11241523213354199 0.38796296296296295 0.03755868544600939 0.06666666666666667
1 0.6752738654147105 0.5856481481481481 0.022430881585811163 0.062037037037037036
1 0.3202921231090245 0.3587962962962963 0.025039123630672927 0.06018518518518518
1 0.3711528429838289 0.31666666666666665 0.025039123630672927 0.05740740740740741
1 0.5276473656755347 0.31203703703703706 0.02034428794992175 0.06666666666666667
0 0.7902973395931142 0.5106481481481482 0.03182055294731351 0.06018518518518518
1 0.7600417318727178 0.7550925925925925 0.03025560772039645 0.06574074074074074
0 0.24700052164840897 0.5814814814814815 0.05372978612415232 0.04814814814814815
1 0.3455920709441836 0.8462962962962963 0.03599374021909233 0.06296296296296296
1 0.14162754303599373 0.7754629629629629 0.025039123630672927 0.06574074074074074
1 0.5550339071465832 0.28379629629629627 0.02138758476786646 0.07592592592592592
1 0.8995826812728221 0.3087962962962963 0.02556077203964528 0.062037037037037036
1 0.7566510172143975 0.7078703703703704 0.0297339593114241 0.06481481481481481
1 0.27673448095983305 0.20601851851851852 0.02556077203964528 0.06481481481481481
1 0.572509128847157 0.33194444444444443 0.01773604590505999 0.06388888888888888
0 0.9358372456964006 0.45185185185185184 0.030777256129368807 0.04814814814814815
0 0.46870109546165883 0.6268518518518519 0.0505998956703182 0.03888888888888889
1 0.5106937923839332 0.35509259259259257 0.016692749087115284 0.05555555555555555
1 0.5057381324986959 0.26342592592592595 0.01773604590505999 0.06666666666666667
1 0.22326551904016692 0.387037037037037 0.0297339593114241 0.06296296296296296
0 0.5675534689619197 0.48148148148148145 0.048513302034428794 0.040740740740740744
1 0.3338549817423057 0.33194444444444443 0.023995826812728223 0.05925925925925926
1 0.5628586332811685 0.3819444444444444 0.02034428794992175 0.06296296296296296
1 0.6413667188315075 0.350462962962963 0.028690662493479395 0.06481481481481481
1 0.12597809076682315 0.9282407407407407 0.03599374021909233 0.07314814814814814
1 0.3755868544600939 0.37222222222222223 0.027125717266562335 0.058333333333333334
1 0.06442357850808555 0.36435185185185187 0.030777256129368807 0.06574074074074074
1 0.30412102243088157 0.2564814814814815 0.01617110067814293 0.05648148148148148
0 0.43114241001564946 0.48657407407407405 0.02556077203964528 0.046296296296296294
1 0.9076682316118936 0.3523148148148148 0.04121022430881586 0.06296296296296296
0 0.8719353155972874 0.5398148148148149 0.029212310902451747 0.06388888888888888
0 0.9084507042253521 0.49444444444444446 0.03129890453834116 0.062037037037037036
1 0.08555033907146584 0.31527777777777777 0.02764736567553469 0.06574074074074074
0 0.8202921231090246 0.6796296296296296 0.0505998956703182 0.07314814814814814
1 0.17579551382368283 0.22824074074074074 0.023474178403755867 0.053703703703703705
1 0.8307250912884716 0.30833333333333335 0.028690662493479395 0.07037037037037037
1 0.5936358894105372 0.2759259259259259 0.018257694314032343 0.06111111111111111
1 0.022952529994783515 0.3194444444444444 0.03234220135628586 0.07407407407407407
0 0.9248826291079812 0.4064814814814815 0.03129890453834116 0.049074074074074076
1 0.04590505998956703 0.28564814814814815 0.03599374021909233 0.06481481481481481
1 0.702660406885759 0.36203703703703705 0.028690662493479395 0.06481481481481481
1 0.9786124152321335 0.5601851851851852 0.03808033385498174 0.06481481481481481
1 0.6090245174752217 0.25092592592592594 0.016692749087115284 0.05185185185185185
1 0.05920709441836203 0.14444444444444443 0.0198226395409494 0.05740740740740741
1 0.2983828899321857 0.3074074074074074 0.018779342723004695 0.06388888888888888
1 0.7571726656233698 0.3787037037037037 0.028690662493479395 0.05
1 0.22561293688054251 0.2712962962962963 0.0297339593114241 0.06944444444444445
1 0.1332811684924361 0.24259259259259258 0.02608242044861763 0.06388888888888888
1 0.5584246218049035 0.562037037037037 0.03025560772039645 0.08333333333333333
1 0.7318727177882107 0.1986111111111111 0.02034428794992175 0.06296296296296296
0 0.21961398017736045 0.2449074074074074 0.048513302034428794 0.05
1 0.11711006781429317 0.1685185185185185 0.027125717266562335 0.06388888888888888
1 0.7162232655190401 0.3013888888888889 0.02138758476786646 0.05277777777777778
1 0.14501825769431403 0.30694444444444446 0.02764736567553469 0.06944444444444445
1 0.19196661450182578 0.3449074074074074 0.018779342723004695 0.04722222222222222
1 0.6700573813249869 0.23472222222222222 0.02190923317683881 0.06111111111111111
1 0.3338549817423057 0.27314814814814814 0.01773604590505999 0.05648148148148148
1 0.41653625456442356 0.42916666666666664 0.01773604590505999 0.04722222222222222
0 0.12754303599374023 0.5699074074074074 0.05372978612415232 0.06851851851851852
1 0.6713615023474179 0.36157407407407405 0.02764736567553469 0.06574074074074074
1 0.8346374543557642 0.2675925925925926 0.025039123630672927 0.05740740740740741
1 0.6812728221178925 0.2740740740740741 0.027125717266562335 0.06111111111111111
1 0.6139801773604591 0.8472222222222222 0.03547209181011998 0.05925925925925926
1 0.1596244131455399 0.3648148148148148 0.022430881585811163 0.04259259259259259
1 0.915753781950965 0.2814814814814815 0.023474178403755867 0.06111111111111111
1 0.8492436098069901 0.24861111111111112 0.02138758476786646 0.04814814814814815
1 0.8051643192488263 0.22268518518518518 0.023995826812728223 0.053703703703703705
1 0.9561815336463224 0.2439814814814815 0.030777256129368807 0.05462962962962963
1 0.020083463745435577 0.4050925925925926 0.03286384976525822 0.05462962962962963
1 0.3398539384454877 0.9032407407407408 0.024517475221700575 0.06759259259259259
1 0.9864371413667188 0.18935185185185185 0.02034428794992175 0.062037037037037036
1 0.841679707876891 0.19675925925925927 0.02608242044861763 0.058333333333333334
1 0.3617631716223266 0.9439814814814815 0.03338549817423057 0.06111111111111111
1 0.03912363067292645 0.05694444444444444 0.017214397496087636 0.06759259259259259
1 0.3539384454877413 0.10185185185185185 0.019300991131977047 0.06018518518518518
1 0.16562336984872197 0.41435185185185186 0.024517475221700575 0.05648148148148148
1 0.024517475221700575 0.24259259259259258 0.020865936358894107 0.06111111111111111
1 0.34820031298904536 0.16203703703703703 0.01773604590505999 0.05555555555555555
1 0.7850808555033907 0.13425925925925927 0.022952529994783515 0.05185185185185185
1 0.1288471570161711 0.8976851851851851 0.027125717266562335 0.04722222222222222
1 0.09520083463745435 0.21851851851851853 0.02138758476786646 0.03981481481481482
1 0.9214919144496609 0.17731481481481481 0.023474178403755867 0.04814814814814815
1 0.63302034428795 0.2824074074074074 0.01773604590505999 0.053703703703703705
0 0.024517475221700575 0.09212962962962963 0.03025560772039645 0.06481481481481481
1 0.5023474178403756 0.2300925925925926 0.01617110067814293 0.04537037037037037
1 0.34167970787689095 0.7824074074074074 0.024517475221700575 0.05185185185185185
1 0.26473656755346897 0.17083333333333334 0.014606155451225874 0.05
1 0.1697965571205008 0.9662037037037037 0.04590505998956703 0.06666666666666667
1 0.9900886802295253 0.6180555555555556 0.0198226395409494 0.058333333333333334
1 0.6562336984872196 0.2212962962962963 0.02190923317683881 0.046296296296296294