0 0.9593114241001565 0.2967592592592593 0.054773082942097026 0.07407407407407407
0 0.896452790818988 0.5009259259259259 0.0505998956703182 0.05092592592592592
0 0.43896713615023475 0.45555555555555555 0.050078247261345854 0.05092592592592592
0 0.7271778821074596 0.5314814814814814 0.050078247261345854 0.04537037037037037
0 0.6011997913406364 0.5180555555555556 0.0505998956703182 0.041666666666666664
1 0.2686489306207616 0.6222222222222222 0.028690662493479395 0.06388888888888888
1 0.4126238914971309 0.6981481481481482 0.02608242044861763 0.062037037037037036
0 0.9697443922796035 0.47638888888888886 0.051643192488262914 0.04814814814814815
1 0.21178925404277518 0.8564814814814815 0.025039123630672927 0.05925925925925926
1 0.31690140845070425 0.8032407407407407 0.02138758476786646 0.06388888888888888
1 0.42149191444966094 0.06574074074074074 0.024517475221700575 0.06018518518518518
0 0.6095461658841941 0.3523148148148148 0.05372978612415232 0.04351851851851852
1 0.3974960876369327 0.16944444444444445 0.0297339593114241 0.05462962962962963
0 0.3051643192488263 0.46435185185185185 0.04381846635367762 0.06759259259259259
1 0.350547730829421 0.7513888888888889 0.019300991131977047 0.06111111111111111
1 0.7185706833594158 0.42268518518518516 0.023474178403755867 0.05925925925925926
1 0.3813249869587898 0.6763888888888889 0.019300991131977047 0.06388888888888888
1 0.3427230046948357 0.7013888888888888 0.0198226395409494 0.0712962962962963
1 0.37402190923317685 0.7328703703703704 0.02190923317683881 0.06018518518518518
1 0.1729264475743349 0.6106481481481482 0.026604068857589983 0.06944444444444445
1 0.07902973395931143 0.6851851851851852 0.03182055294731351 0.06759259259259259
1 0.1210224308815858 0.6425925925925926 0.03234220135628586 0.06111111111111111
1 0.9679186228482003 0.6564814814814814 0.03599374021909233 0.07407407407407407
1 0.3612415232133542 0.6421296296296296 0.019300991131977047 0.05740740740740741
1 0.42331768388106417 0.6462962962962963 0.023995826812728223 0.058333333333333334
1 0.193792383933229 0.7074074074074074 0.02034428794992175 0.06851851851851852
1 0.8119457485654669 0.2601851851851852 0.028169014084507043 0.06759259259259259
1 0.396452790818988 0.10555555555555556 0.020865936358894107 0.06388888888888888
1 0.6087636932707355 0.6291666666666667 0.028690662493479395 0.07037037037037037
1 0.945226917057903 0.6967592592592593 0.03442879499217527 0.05740740740740741
1 0.554773082942097 0.649537037037037 0.020865936358894107 0.06851851851851852
1 0.8896713615023474 0.6782407407407407 0.029212310902451747 0.07314814814814814
1 0.6823161189358372 0.6532407407407408 0.030777256129368807 0.06481481481481481
1 0.7214397496087637 0.6541666666666667 0.030777256129368807 0.06666666666666667
1 0.22900365153886282 0.5981481481481481 0.03182055294731351 0.06481481481481481
1 0.5972874282733438 0.725462962962963 0.02556077203964528 0.07222222222222222
1 0.7629107981220657 0.6481481481481481 0.022952529994783515 0.06666666666666667
1 0.39149713093375066 0.9106481481481481 0.016692749087115284 0.06388888888888888
1 0.1011997913406364 0.8537037037037037 0.025039123630672927 0.06018518518518518
1 0.2676056338028169 0.7273148148148149 0.023995826812728223 0.06111111111111111
1 0.06990088680229525 0.6027777777777777 0.03182055294731351 0.05092592592592592
1 0.09520083463745435 0.7222222222222222 0.03442879499217527 0.05925925925925926
1 0.6497130933750652 0.75 0.02034428794992175 0.06296296296296296
1 0.1729264475743349 0.7680555555555556 0.022430881585811163 0.06851851851851852
1 0.19092331768388107 0.2324074074074074 0.02764736567553469 0.06296296296296296
1 0.6374543557642149 0.7310185185185185 0.017214397496087636 0.06296296296296296
1 0.8064684402712572 0.3125 0.02608242044861763 0.06759259259259259
1 0.23735002608242045 0.6648148148148149 0.02034428794992175 0.049074074074074076
1 0.547470005216484 0.7421296296296296 0.020865936358894107 0.06481481481481481
1 0.7073552425665102 0.7731481481481481 0.0198226395409494 0.06481481481481481
1 0.5701617110067815 0.6986111111111111 0.023474178403755867 0.06944444444444445
1 0.05033907146583203 0.5699074074074074 0.03390714658320292 0.05740740740740741
1 0.03260302556077204 0.3296296296296296 0.03182055294731351 0.05462962962962963
1 0.7715179968701096 0.8004629629629629 0.022952529994783515 0.05925925925925926
1 0.1309337506520605 0.6912037037037037 0.022952529994783515 0.06481481481481481
1 0.011737089201877934 0.8217592592592593 0.02190923317683881 0.06574074074074074
1 0.041471048513302036 0.2875 0.0406885758998435 0.053703703703703705
1 0.6202399582681273 0.6805555555555556 0.0198226395409494 0.05092592592592592
1 0.16223265519040167 0.8324074074074074 0.023474178403755867 0.06481481481481481
1 0.5318205529473136 0.04583333333333333 0.02608242044861763 0.04814814814814815
1 0.4042775169535733 0.8069444444444445 0.01617110067814293 0.06666666666666667
1 0.053208137715179966 0.10138888888888889 0.036515388628064686 0.053703703703703705
1 0.3935837245696401 0.28935185185185186 0.026604068857589983 0.06666666666666667
1 0.7772561293688054 0.8537037037037037 0.01564945226917058 0.05185185185185185
1 0.6956181533646323 0.7967592592592593 0.023474178403755867 0.06111111111111111
1 0.3901930099113198 0.8402777777777778 0.015127803860198226 0.06666666666666667
1 0.804642670839854 0.6560185185185186 0.03338549817423057 0.05648148148148148
1 0.6755346896191967 0.7226851851851852 0.016692749087115284 0.05092592592592592
0 0.020083463745435577 0.4162037037037037 0.03755868544600939 0.04814814814814815
1 0.22065727699530516 0.7976851851851852 0.017214397496087636 0.06296296296296296
1 0.3988002086593636 0.22083333333333333 0.028690662493479395 0.049074074074074076
1 0.7227438706311946 0.7342592592592593 0.024517475221700575 0.06481481481481481
1 0.6817944705268649 0.1699074074074074 0.03599374021909233 0.05740740740740741
1 0.03755868544600939 0.9449074074074074 0.017214397496087636 0.06851851851851852
1 0.2167449139280125 0.6402777777777777 0.018779342723004695 0.044444444444444446
1 0.07459572248304643 0.7523148148148148 0.025039123630672927 0.06388888888888888
1 0.8995826812728221 0.7601851851851852 0.028169014084507043 0.05
0 0.26421491914449663 0.7638888888888888 0.047991653625456446 0.037037037037037035
1 0.5925925925925926 0.4273148148148148 0.026604068857589983 0.040740740740740744
1 0.8510693792383933 0.7796296296296297 0.019300991131977047 0.05925925925925926
1 0.9647887323943662 0.7245370370370371 0.022952529994783515 0.06018518518518518
1 0.18153364632237873 0.07777777777777778 0.027125717266562335 0.05648148148148148
1 0.8737610850286907 0.7050925925925926 0.03390714658320292 0.06759259259259259
1 0.3907146583202921 0.13287037037037036 0.02556077203964528 0.05462962962962963
1 0.01278038601982264 0.5291666666666667 0.023995826812728223 0.053703703703703705
1 0.4726134585289515 0.9430555555555555 0.014606155451225874 0.05092592592592592
1 0.17683881064162754 0.1425925925925926 0.022952529994783515 0.05740740740740741
1 0.49113197704747 0.7712962962962963 0.022430881585811163 0.0712962962962963
1 0.7644757433489828 0.7097222222222223 0.022430881585811163 0.04537037037037037
1 0.012258737610850287 0.7129629629629629 0.02138758476786646 0.04814814814814815
1 0.989567031820553 0.7763888888888889 0.020865936358894107 0.0824074074074074
0 0.989567031820553 0.5949074074074074 0.02034428794992175 0.030555555555555555
1 0.696661450182577 0.837037037037037 0.020865936358894107 0.046296296296296294
1 0.22326551904016692 0.015277777777777777 0.03129890453834116 0.02962962962962963
1 0.5667709963484612 0.7324074074074074 0.020865936358894107 0.05
1 0.8909754825247783 0.8111111111111111 0.026604068857589983 0.05925925925925926
1 0.027908189880020865 0.6486111111111111 0.030777256129368807 0.05092592592592592
1 0.6690140845070423 0.27314814814814814 0.0198226395409494 0.044444444444444446
0 0.02190923317683881 0.9115740740740741 0.03025560772039645 0.06574074074074074
1 0.9384454877412624 0.7555555555555555 0.02556077203964528 0.04537037037037037
1 0.49765258215962443 0.9435185185185185 0.01564945226917058 0.04722222222222222