1 0.45018257694314034 0.9324074074074075 0.02556077203964528 0.05740740740740741
0 0.8051643192488263 0.4583333333333333 0.04747000521648409 0.04259259259259259
1 0.6163275952008347 0.5476851851851852 0.03286384976525822 0.0824074074074074
0 0.396452790818988 0.5273148148148148 0.04590505998956703 0.07407407407407407
1 0.8351591027647366 0.7319444444444444 0.028690662493479395 0.06759259259259259
0 0.6786645800730308 0.638425925925926 0.05425143453312467 0.04537037037037037
1 0.21726656233698488 0.28564814814814815 0.018257694314032343 0.06018518518518518
0 0.9488784559207094 0.4842592592592593 0.04903495044340115 0.04814814814814815
0 0.5198226395409494 0.5027777777777778 0.027125717266562335 0.05462962962962963
1 0.25639019300991134 0.3958333333333333 0.025039123630672927 0.06851851851851852
1 0.3685446009389671 0.2449074074074074 0.022430881585811163 0.058333333333333334
1 0.22952529994783516 0.13564814814814816 0.02138758476786646 0.06111111111111111
1 0.103547209181012 0.30972222222222223 0.02556077203964528 0.06388888888888888
1 0.20213875847678664 0.3921296296296296 0.022430881585811163 0.06666666666666667
1 0.7389149713093375 0.5722222222222222 0.023995826812728223 0.05740740740740741
1 0.14606155451225875 0.3560185185185185 0.03129890453834116 0.06481481481481481
1 0.5811163275952008 0.36898148148148147 0.0198226395409494 0.07407407407407407
1 0.3941053729786124 0.26435185185185184 0.027125717266562335 0.06296296296296296
0 0.06207616066770996 0.5879629629629629 0.06207616066770996 0.075
1 0.6283255086071987 0.3685185185185185 0.0297339593114241 0.07037037037037037
1 0.12206572769953052 0.14305555555555555 0.027125717266562335 0.06388888888888888
1 0.40584246218049036 0.3236111111111111 0.019300991131977047 0.06851851851851852
1 0.3685446009389671 0.2935185185185185 0.02608242044861763 0.07592592592592592
1 0.7871674491392802 0.3476851851851852 0.0297339593114241 0.06388888888888888
1 0.11867501304121023 0.27546296296296297 0.030777256129368807 0.05740740740740741
1 0.08111632759520084 0.4212962962962963 0.025039123630672927 0.06018518518518518
1 0.38628064684402713 0.3787037037037037 0.0297339593114241 0.075
1 0.05086071987480438 0.3476851851851852 0.0297339593114241 0.04537037037037037
1 0.2631716223265519 0.3333333333333333 0.02190923317683881 0.04259259259259259
1 0.7446531038080334 0.26435185185185184 0.023474178403755867 0.06481481481481481
1 0.7965571205007824 0.15416666666666667 0.02138758476786646 0.0712962962962963
1 0.5701617110067815 0.25462962962962965 0.028690662493479395 0.04814814814814815
0 0.2876890975482525 0.23194444444444445 0.046948356807511735 0.041666666666666664
1 0.013302034428794992 0.7277777777777777 0.026604068857589983 0.06481481481481481
1 0.43401147626499736 0.29814814814814816 0.024517475221700575 0.05648148148148148
1 0.24465310380803337 0.18796296296296297 0.017214397496087636 0.06388888888888888
1 0.7498695878977569 0.3365740740740741 0.03025560772039645 0.06944444444444445
1 0.4227960354720918 0.8333333333333334 0.02764736567553469 0.05740740740740741
1 0.32472613458528954 0.16527777777777777 0.017214397496087636 0.06481481481481481
1 0.8302034428794992 0.674074074074074 0.027125717266562335 0.06111111111111111
1 0.9115805946791862 0.31851851851851853 0.03234220135628586 0.06296296296296296
1 0.21570161711006783 0.7671296296296296 0.03025560772039645 0.04814814814814815
1 0.288471570161711 0.27314814814814814 0.0198226395409494 0.06388888888888888
1 0.7023995826812728 0.3453703703703704 0.03129890453834116 0.06666666666666667
1 0.9681794470526864 0.30185185185185187 0.03442879499217527 0.06111111111111111
1 0.07616066770996348 0.8972222222222223 0.03338549817423057 0.05185185185185185
1 0.6846635367762128 0.4759259259259259 0.03182055294731351 0.05925925925925926
1 0.19431403234220135 0.22870370370370371 0.019300991131977047 0.06388888888888888
1 0.9087115284298383 0.18101851851851852 0.027125717266562335 0.06388888888888888
1 0.6444966092853417 0.3236111111111111 0.023474178403755867 0.06759259259259259
1 0.4238393322900365 0.8925925925925926 0.018779342723004695 0.05462962962962963
1 0.2323943661971831 0.3592592592592593 0.02556077203964528 0.05462962962962963
1 0.6173708920187794 0.2759259259259259 0.028169014084507043 0.07037037037037037
1 0.6969222743870631 0.2810185185185185 0.019300991131977047 0.05555555555555555
1 0.45018257694314034 0.34444444444444444 0.018779342723004695 0.06851851851851852
1 0.0936358894105373 0.38935185185185184 0.027125717266562335 0.046296296296296294
1 0.07329160146061554 0.7064814814814815 0.03495044340114763 0.06111111111111111
1 0.40271257172665625 0.22453703703703703 0.019300991131977047 0.06018518518518518
1 0.15388628064684404 0.2986111111111111 0.02138758476786646 0.06388888888888888
1 0.010172143974960876 0.22546296296296298 0.019300991131977047 0.06666666666666667
1 0.03625456442357851 0.45601851851851855 0.02608242044861763 0.06111111111111111
1 0.7921231090245174 0.19722222222222222 0.024517475221700575 0.05740740740740741
1 0.29290558163797603 0.3736111111111111 0.022952529994783515 0.06388888888888888
1 0.2104851330203443 0.9300925925925926 0.03234220135628586 0.08055555555555556
1 0.50886802295253 0.24027777777777778 0.026604068857589983 0.06111111111111111
1 0.9162754303599374 0.2388888888888889 0.026604068857589983 0.053703703703703705
1 0.5568596765779864 0.9532407407407407 0.0297339593114241 0.04814814814814815
1 0.6601460615545123 0.26296296296296295 0.022430881585811163 0.06759259259259259
1 0.8369848721961398 0.36018518518518516 0.026604068857589983 0.058333333333333334
1 0.7190923317683882 0.8208333333333333 0.028169014084507043 0.05925925925925926
1 0.033646322378716745 0.2759259259259259 0.02190923317683881 0.03796296296296296
1 0.1807511737089202 0.16018518518518518 0.018779342723004695 0.06574074074074074
1 0.42931664058424623 0.1986111111111111 0.018779342723004695 0.046296296296296294
1 0.4843505477308294 0.05185185185185185 0.020865936358894107 0.06944444444444445
1 0.20422535211267606 0.8032407407407407 0.025039123630672927 0.05462962962962963
1 0.6734480959833072 0.23703703703703705 0.019300991131977047 0.06111111111111111
1 0.42488262910798125 0.7699074074074074 0.030777256129368807 0.04537037037037037
1 0.4076682316118936 0.0712962962962963 0.022430881585811163 0.06296296296296296
1 0.5988523735002608 0.21574074074074073 0.01617110067814293 0.044444444444444446
1 0.9606155451225874 0.23981481481481481 0.027125717266562335 0.04351851851851852
1 0.5912884715701617 0.2708333333333333 0.018779342723004695 0.05555555555555555
1 0.037037037037037035 0.05416666666666667 0.01773604590505999 0.06944444444444445
1 0.6971830985915493 0.7194444444444444 0.030777256129368807 0.04814814814814815
1 0.15440792905581638 0.20324074074074075 0.025039123630672927 0.03796296296296296
1 0.24856546687532602 0.975 0.026604068857589983 0.04537037037037037
1 0.8740219092331768 0.21666666666666667 0.02034428794992175 0.05648148148148148
1 0.20422535211267606 0.8421296296296297 0.028169014084507043 0.05740740740740741
1 0.008868022952529996 0.29953703703703705 0.01564945226917058 0.06481481481481481
1 0.7282211789254043 0.2162037037037037 0.019300991131977047 0.058333333333333334
1 0.7879499217527387 0.2814814814814815 0.022430881585811163 0.041666666666666664
1 0.03260302556077204 0.17962962962962964 0.028690662493479395 0.06666666666666667
1 0.09233176838810642 0.25092592592592594 0.02034428794992175 0.04537037037037037
1 0.2524778299426187 0.6861111111111111 0.03599374021909233 0.07592592592592592
1 0.41836202399582684 0.7171296296296297 0.02034428794992175 0.04351851851851852
1 0.7170057381324987 0.18564814814814815 0.019300991131977047 0.05462962962962963
1 0.92018779342723 0.9231481481481482 0.041731872717788214 0.07314814814814814
1 0.9913928012519562 0.3439814814814815 0.016692749087115284 0.06018518518518518
1 0.9786124152321335 0.1675925925925926 0.025039123630672927 0.041666666666666664
1 0.3382889932185707 0.1925925925925926 0.017214397496087636 0.06388888888888888
1 0.39801773604590507 0.9662037037037037 0.022952529994783515 0.03611111111111111
0 0.02060511215440793 0.08564814814814815 0.03234220135628586 0.06851851851851852
1 0.525039123630673 0.17314814814814813 0.01564945226917058 0.05462962962962963
1 0.4853938445487741 0.41944444444444445 0.02190923317683881 0.03888888888888889