0 0.8755868544600939 0.538425925925926 0.05216484089723526 0.041666666666666664
1 0.18205529473135107 0.40879629629629627 0.028169014084507043 0.0712962962962963
1 0.3988002086593636 0.8625 0.03495044340114763 0.05462962962962963
0 0.06207616066770996 0.5916666666666667 0.0594679186228482 0.05
1 0.6737089201877934 0.6787037037037037 0.02764736567553469 0.058333333333333334
1 0.4316640584246218 0.2412037037037037 0.02764736567553469 0.06018518518518518
1 0.37245696400625977 0.7736111111111111 0.023474178403755867 0.05925925925925926
1 0.2699530516431925 0.375 0.027125717266562335 0.06759259259259259
1 0.6030255607720396 0.32175925925925924 0.026604068857589983 0.05740740740740741
0 0.5070422535211268 0.5046296296296297 0.04590505998956703 0.04351851851851852
1 0.36906624934793947 0.44166666666666665 0.029212310902451747 0.07407407407407407
1 0.735263432446531 0.43796296296296294 0.03025560772039645 0.06574074074074074
1 0.8291601460615545 0.4222222222222222 0.02556077203964528 0.06296296296296296
0 0.3218570683359416 0.6087962962962963 0.051643192488262914 0.046296296296296294
0 0.9316640584246219 0.46620370370370373 0.0495565988523735 0.04537037037037037
1 0.807772561293688 0.7569444444444444 0.029212310902451747 0.05555555555555555
1 0.20839853938445488 0.3814814814814815 0.024517475221700575 0.06759259259259259
1 0.36724047991653624 0.9282407407407407 0.029212310902451747 0.05740740740740741
1 0.2996870109546166 0.7217592592592592 0.018779342723004695 0.06111111111111111
1 0.04590505998956703 0.4097222222222222 0.03338549817423057 0.075
1 0.9814814814814815 0.31574074074074077 0.03547209181011998 0.05092592592592592
0 0.2245696400625978 0.5861111111111111 0.054773082942097026 0.04722222222222222
1 0.1841418883672405 0.16527777777777777 0.02190923317683881 0.07407407407407407
1 0.400886802295253 0.18888888888888888 0.022952529994783515 0.05648148148148148
1 0.16171100678142933 0.8393518518518519 0.03234220135628586 0.058333333333333334
1 0.2576943140323422 0.14907407407407408 0.022430881585811163 0.07037037037037037
1 0.6812728221178925 0.32222222222222224 0.0297339593114241 0.06481481481481481
1 0.05764214919144497 0.19027777777777777 0.03286384976525822 0.062037037037037036
1 0.6906624934793949 0.8027777777777778 0.027125717266562335 0.06018518518518518
1 0.22013562858633282 0.21296296296296297 0.0297339593114241 0.06944444444444445
1 0.5631194574856546 0.22453703703703703 0.027125717266562335 0.08703703703703704
1 0.011997913406364111 0.4078703703703704 0.023995826812728223 0.06944444444444445
1 0.8711528429838289 0.28425925925925927 0.028169014084507043 0.06296296296296296
1 0.9457485654668754 0.26944444444444443 0.037037037037037035 0.06018518518518518
1 0.1630151278038602 0.30972222222222223 0.03129890453834116 0.06944444444444445
1 0.4238393322900365 0.3421296296296296 0.017214397496087636 0.05555555555555555
1 0.48487219613980176 0.3421296296296296 0.020865936358894107 0.05925925925925926
1 0.42618675013041213 0.9680555555555556 0.0198226395409494 0.05555555555555555
1 0.5975482524778299 0.4152777777777778 0.017214397496087636 0.06296296296296296
1 0.24517475221700574 0.8986111111111111 0.027125717266562335 0.05092592592592592
1 0.6484089723526343 0.26157407407407407 0.022952529994783515 0.06018518518518518
1 0.8380281690140845 0.3578703703703704 0.020865936358894107 0.06388888888888888
1 0.2412623891497131 0.7935185185185185 0.03338549817423057 0.040740740740740744
1 0.33776734480959836 0.37916666666666665 0.018257694314032343 0.06018518518518518
1 0.3763693270735524 0.35694444444444445 0.022430881585811163 0.06944444444444445
1 0.9003651538862807 0.23703703703703705 0.027125717266562335 0.06111111111111111
1 0.01904016692749087 0.9115740740740741 0.0297339593114241 0.05925925925925926
1 0.47861241523213355 0.26805555555555555 0.01617110067814293 0.05277777777777778
1 0.3935837245696401 0.2949074074074074 0.018257694314032343 0.05925925925925926
0 0.48330725091288473 0.6087962962962963 0.048513302034428794 0.07314814814814814
1 0.8249869587897757 0.23935185185185184 0.020865936358894107 0.06851851851851852
1 0.974960876369327 0.24305555555555555 0.02608242044861763 0.06574074074074074
1 0.01278038601982264 0.8055555555555556 0.02556077203964528 0.05462962962962963
1 0.3208137715179969 0.29259259259259257 0.02138758476786646 0.06018518518518518
1 0.07955138236828378 0.3384259259259259 0.028169014084507043 0.06018518518518518
1 0.7078768909754826 0.20092592592592592 0.029212310902451747 0.06111111111111111
1 0.01564945226917058 0.24861111111111112 0.028169014084507043 0.06759259259259259
1 0.8028169014084507 0.3074074074074074 0.027125717266562335 0.05555555555555555
1 0.7031820552947313 0.9472222222222222 0.0297339593114241 0.06111111111111111
1 0.9697443922796035 0.9652777777777778 0.040166927490871154 0.05
1 0.4194053208137715 0.7361111111111112 0.03547209181011998 0.05740740740740741
1 0.07459572248304643 0.29444444444444445 0.03390714658320292 0.040740740740740744
1 0.12154407929055816 0.23194444444444445 0.02034428794992175 0.03981481481481482
1 0.6789254042775169 0.8671296296296296 0.030777256129368807 0.04722222222222222
1 0.2279603547209181 0.325 0.027125717266562335 0.044444444444444446
1 0.8541992696922275 0.21805555555555556 0.026604068857589983 0.05740740740740741
1 0.4697443922796036 0.43333333333333335 0.016692749087115284 0.04814814814814815
1 0.36958789775691187 0.18333333333333332 0.022430881585811163 0.06018518518518518
1 0.33202921231090243 0.21851851851851853 0.026604068857589983 0.04351851851851852
1 0.5307772561293688 0.06527777777777778 0.015127803860198226 0.06574074074074074
1 0.4300991131977048 0.10324074074074074 0.013041210224308816 0.05185185185185185
1 0.23630672926447574 0.6712962962962963 0.03495044340114763 0.05
1 0.5096504955659885 0.21851851851851853 0.018257694314032343 0.06018518518518518
1 0.7733437663015128 0.19074074074074074 0.027125717266562335 0.05277777777777778
0 0.051382368283776736 0.09490740740740741 0.03390714658320292 0.07037037037037037