0 0.6904296875 0.544287109375 0.050140380859375 0.0522186279296875
1 0.50439453125 0.24267578125 0.019561767578125 0.05362701416015625
1 0.41650390625 0.258709716796875 0.0239105224609375 0.05644378662109375
1 0.81884765625 0.8406982421875 0.0258636474609375 0.05774383544921875
1 0.251953125 0.7349609375 0.03594970703125 0.06142730712890625
1 0.08251953125 0.663458251953125 0.03253173828125 0.0591522216796875
0 0.2237548828125 0.500518798828125 0.0294189453125 0.06624832153320312
0 0.5 0.512652587890625 0.0282745361328125 0.06603164672851562
0 0.301025390625 0.5425537109375 0.053497314453125 0.039786911010742186
1 0.95556640625 0.03940773010253906 0.0167236328125 0.07291107177734375
0 0.78515625 0.506585693359375 0.0311431884765625 0.05963973999023438
0 0.400390625 0.546453857421875 0.028106689453125 0.06343154907226563
1 0.7822265625 0.311578369140625 0.030914306640625 0.0712860107421875
1 0.72802734375 0.7401611328125 0.0293731689453125 0.0613189697265625
1 0.4052734375 0.3741973876953125 0.0202484130859375 0.06906509399414062
1 0.251708984375 0.2008575439453125 0.028656005859375 0.062023162841796875
1 0.8251953125 0.341046142578125 0.0245208740234375 0.07155685424804688
1 0.1563720703125 0.82076416015625 0.027435302734375 0.05202903747558594
1 0.95654296875 0.8875 0.0374755859375 0.0561187744140625
1 0.1536865234375 0.73756103515625 0.0296478271484375 0.0712860107421875
1 0.422607421875 0.33194580078125 0.027069091796875 0.06343154907226563
1 0.07666015625 0.37874755859375 0.035400390625 0.06624832153320312
1 0.73828125 0.265643310546875 0.031494140625 0.0695526123046875
1 0.4384765625 0.8372314453125 0.0240478515625 0.07513198852539063
1 0.410400390625 0.7540283203125 0.0325927734375 0.07946548461914063
0 0.88427734375 0.5876220703125 0.055938720703125 0.06576080322265625
1 0.5380859375 0.3364959716796875 0.018402099609375 0.06603164672851562
1 0.18408203125 0.3126617431640625 0.0251312255859375 0.061914825439453126
1 0.5771484375 0.3425628662109375 0.0252685546875 0.06906509399414062
1 0.60546875 0.3720306396484375 0.0271148681640625 0.06527328491210938
0 0.1014404296875 0.4344329833984375 0.060516357421875 0.04766845703125
1 0.58544921875 0.764862060546875 0.0193023681640625 0.05633544921875
1 0.58056640625 0.92476806640625 0.031982421875 0.05517082214355469
1 0.014556884765625 0.688592529296875 0.02880859375 0.05904388427734375
1 0.779296875 0.2086578369140625 0.030731201171875 0.06500244140625
1 0.91259765625 0.360113525390625 0.028656005859375 0.06142730712890625
1 0.7373046875 0.627923583984375 0.0218658447265625 0.0574188232421875
0 0.0775146484375 0.496185302734375 0.05126953125 0.046883010864257814
1 0.257080078125 0.30247802734375 0.029541015625 0.06007308959960937
1 0.56201171875 0.3733306884765625 0.015777587890625 0.06359405517578125
1 0.63427734375 0.22089996337890624 0.0199432373046875 0.059423065185546874
1 0.71240234375 0.802996826171875 0.0283355712890625 0.05251655578613281
1 0.08135986328125 0.3070281982421875 0.0341796875 0.063702392578125
0 0.330078125 0.4142822265625 0.03839111328125 0.05644378662109375
1 0.452880859375 0.303778076171875 0.0223236083984375 0.0656524658203125
1 0.11163330078125 0.335845947265625 0.025421142578125 0.05601043701171875
1 0.67724609375 0.16456451416015624 0.0201416015625 0.061102294921875
1 0.1380615234375 0.298577880859375 0.02947998046875 0.054358291625976565
1 0.75341796875 0.382647705078125 0.0190582275390625 0.07811126708984376
1 0.958984375 0.290777587890625 0.035888671875 0.06787338256835937
1 0.83447265625 0.11451263427734375 0.0268096923828125 0.05384368896484375
1 0.382568359375 0.29554443359375 0.0190887451171875 0.0578521728515625
0 0.02191162109375 0.562921142578125 0.04302978515625 0.04980812072753906
1 0.66015625 0.3200286865234375 0.02886962890625 0.05731048583984375
1 0.85400390625 0.2246917724609375 0.019866943359375 0.06343154907226563
1 0.0271148681640625 0.24180908203125 0.02886962890625 0.05963973999023438
1 0.55810546875 0.27647705078125 0.0247955322265625 0.07009429931640625
1 0.98095703125 0.225341796875 0.030792236328125 0.06142730712890625
1 0.58642578125 0.2199249267578125 0.0196075439453125 0.061102294921875
1 0.1229248046875 0.22176666259765626 0.0165863037109375 0.047939300537109375
1 0.88720703125 0.281243896484375 0.0316162109375 0.06516494750976562
1 0.9248046875 0.2927276611328125 0.03173828125 0.049997711181640626
1 0.98974609375 0.3830810546875 0.0189056396484375 0.06700668334960938
1 0.040985107421875 0.316778564453125 0.034698486328125 0.06321487426757813
1 0.921875 0.22100830078125 0.029144287109375 0.05839385986328125
1 0.8447265625 0.167706298828125 0.0241851806640625 0.06169815063476562
1 0.12347412109375 0.608856201171875 0.03436279296875 0.050187301635742185
1 0.662109375 0.19273223876953124 0.0179901123046875 0.0613189697265625
1 0.1885986328125 0.18384857177734376 0.0194244384765625 0.05143318176269531
1 0.038818359375 0.19208221435546874 0.02838134765625 0.05622711181640625
1 0.6787109375 0.853265380859375 0.0296478271484375 0.0398681640625
1 0.46826171875 0.18189849853515624 0.0162200927734375 0.06402740478515626
1 0.28759765625 0.2441925048828125 0.020172119140625 0.04149322509765625
1 0.2119140625 0.2246917724609375 0.038604736328125 0.06917343139648438
1 0.5380859375 0.16716461181640624 0.028594970703125 0.07811126708984376
1 0.96728515625 0.19099884033203124 0.0287017822265625 0.04276618957519531