0 0.4107981220657277 0.4597222222222222 0.048513302034428794 0.03888888888888889
0 0.18231611893583724 0.4675925925925926 0.047991653625456446 0.07222222222222222
1 0.1254564423578508 0.13842592592592592 0.037037037037037035 0.05925925925925926
1 0.27073552425665104 0.22592592592592592 0.036515388628064686 0.05648148148148148
0 0.3064684402712572 0.43657407407407406 0.050078247261345854 0.04722222222222222
1 0.3951486697965571 0.28379629629629627 0.0198226395409494 0.053703703703703705
0 0.04094940010432968 0.4787037037037037 0.05216484089723526 0.05
1 0.5297339593114241 0.6712962962962963 0.020865936358894107 0.06388888888888888
0 0.905320813771518 0.4027777777777778 0.05738132498695879 0.046296296296296294
0 0.7334376630151278 0.4597222222222222 0.05425143453312467 0.04814814814814815
1 0.5396452790818989 0.5763888888888888 0.022430881585811163 0.05648148148148148
1 0.550339071465832 0.7611111111111111 0.0198226395409494 0.06388888888888888
0 0.7725612936880543 0.6504629629629629 0.051643192488262914 0.046296296296296294
1 0.24465310380803337 0.3314814814814815 0.02608242044861763 0.062037037037037036
1 0.6601460615545123 0.09259259259259259 0.040166927490871154 0.06388888888888888
1 0.2368283776734481 0.2763888888888889 0.027125717266562335 0.06481481481481481
1 0.4765258215962441 0.6699074074074074 0.02764736567553469 0.06944444444444445
1 0.12493479394887845 0.30972222222222223 0.028690662493479395 0.062037037037037036
1 0.7250912884715701 0.09861111111111111 0.02608242044861763 0.06481481481481481
0 0.3479394887845592 0.5037037037037037 0.026604068857589983 0.058333333333333334
1 0.6977047470005217 0.8708333333333333 0.018779342723004695 0.07037037037037037
1 0.9668753260302556 0.1439814814814815 0.04225352112676056 0.06296296296296296
0 0.257433489827856 0.5513888888888889 0.05268648930620762 0.03888888888888889
1 0.6807511737089202 0.9111111111111111 0.015127803860198226 0.06851851851851852
1 0.0099113197704747 0.575462962962963 0.0198226395409494 0.05462962962962963
1 0.42149191444966094 0.6824074074074075 0.02608242044861763 0.06481481481481481
1 0.7842983828899321 0.2199074074074074 0.037037037037037035 0.053703703703703705
1 0.9916536254564423 0.5361111111111111 0.014606155451225874 0.044444444444444446
1 0.04564423578508085 0.7736111111111111 0.03182055294731351 0.07037037037037037
1 0.9306207616066771 0.8333333333333334 0.02764736567553469 0.07037037037037037
1 0.7232655190401669 0.7763888888888889 0.024517475221700575 0.058333333333333334
1 0.8281168492436098 0.34629629629629627 0.037037037037037035 0.05277777777777778
1 0.8604590505998957 0.25 0.03442879499217527 0.05740740740740741
1 0.16040688575899845 0.3125 0.027125717266562335 0.058333333333333334
1 0.07459572248304643 0.26342592592592595 0.028169014084507043 0.06574074074074074
1 0.09833072509128847 0.3421296296296296 0.03129890453834116 0.058333333333333334
1 0.2798643714136672 0.11342592592592593 0.03912363067292645 0.05648148148148148
1 0.20683359415753783 0.7439814814814815 0.02190923317683881 0.062037037037037036
1 0.7339593114241002 0.13935185185185187 0.03129890453834116 0.05740740740740741
1 0.7842983828899321 0.2671296296296296 0.03234220135628586 0.04814814814814815
1 0.9754825247782994 0.762962962962963 0.030777256129368807 0.0712962962962963
1 0.301773604590506 0.6231481481481481 0.03182055294731351 0.053703703703703705
1 0.3612415232133542 0.762962962962963 0.023995826812728223 0.06666666666666667
1 0.014606155451225874 0.6962962962962963 0.028169014084507043 0.049074074074074076
1 0.015127803860198226 0.7888888888888889 0.028690662493479395 0.06759259259259259
1 0.45018257694314034 0.7328703703703704 0.01564945226917058 0.06666666666666667
1 0.25482524778299426 0.6694444444444444 0.024517475221700575 0.05462962962962963
1 0.3380281690140845 0.8041666666666667 0.020865936358894107 0.062037037037037036
1 0.5858111632759521 0.7648148148148148 0.025039123630672927 0.05
1 0.7905581637976005 0.08194444444444444 0.03755868544600939 0.058333333333333334
1 0.44548774126238916 0.1597222222222222 0.026604068857589983 0.06759259259259259
1 0.16223265519040167 0.750462962962963 0.027125717266562335 0.06759259259259259
1 0.8779342723004695 0.675 0.02034428794992175 0.044444444444444446
1 0.05581637976004173 0.1962962962962963 0.03495044340114763 0.06111111111111111
1 0.8607198748043818 0.8296296296296296 0.024517475221700575 0.06759259259259259
1 0.8969744392279604 0.324537037037037 0.036515388628064686 0.05185185185185185
1 0.647887323943662 0.16435185185185186 0.022952529994783515 0.07592592592592592
1 0.229264475743349 0.06388888888888888 0.02608242044861763 0.03888888888888889
1 0.7754303599374022 0.1587962962962963 0.0297339593114241 0.06481481481481481
1 0.30333854981742303 0.7157407407407408 0.017214397496087636 0.05462962962962963
1 0.6053729786124152 0.812962962962963 0.01564945226917058 0.05
1 0.3865414710485133 0.7569444444444444 0.023474178403755867 0.06759259259259259
1 0.26734480959833073 0.5013888888888889 0.02764736567553469 0.05092592592592592
1 0.07616066770996348 0.8199074074074074 0.02138758476786646 0.05925925925925926
1 0.7772561293688054 0.5777777777777777 0.03234220135628586 0.06111111111111111
1 0.3095983307250913 0.8842592592592593 0.019300991131977047 0.06388888888888888
1 0.8729786124152321 0.07962962962962963 0.03808033385498174 0.08888888888888889
1 0.9379238393322901 0.19305555555555556 0.04121022430881586 0.05555555555555555
1 0.09233176838810642 0.7861111111111111 0.02556077203964528 0.05462962962962963
1 0.07589984350547731 0.36666666666666664 0.029212310902451747 0.04537037037037037
1 0.0693792383933229 0.7013888888888888 0.041731872717788214 0.05925925925925926
1 0.8453312467396974 0.6310185185185185 0.028169014084507043 0.044444444444444446
1 0.7373500260824204 0.5837962962962963 0.028690662493479395 0.03611111111111111
1 0.8252477829942618 0.1287037037037037 0.03182055294731351 0.053703703703703705
1 0.27543035993740217 0.8203703703703704 0.01564945226917058 0.05092592592592592
1 0.7621283255086072 0.6912037037037037 0.02556077203964528 0.06296296296296296
1 0.3064684402712572 0.8032407407407407 0.025039123630672927 0.06296296296296296
1 0.11815336463223787 0.725925925925926 0.02764736567553469 0.05925925925925926
1 0.8158581116327596 0.8550925925925926 0.019300991131977047 0.05925925925925926
1 0.5805946791862285 0.07268518518518519 0.0396452790818988 0.06481481481481481
1 0.2715179968701095 0.7606481481481482 0.01564945226917058 0.05740740740740741
1 0.16249347939488784 0.8337962962962963 0.028690662493479395 0.06666666666666667
1 0.9864371413667188 0.8203703703703704 0.025039123630672927 0.06759259259259259
1 0.2047470005216484 0.8101851851851852 0.023474178403755867 0.04537037037037037
1 0.8802816901408451 0.7143518518518519 0.030777256129368807 0.04351851851851852
1 0.7386541471048513 0.8847222222222222 0.02764736567553469 0.07222222222222222
1 0.229264475743349 0.7138888888888889 0.01773604590505999 0.04259259259259259
1 0.10772039645279081 0.861574074074074 0.03495044340114763 0.06851851851851852
1 0.006781429316640584 0.8453703703703703 0.013562858633281168 0.044444444444444446
1 0.7436098069900887 0.7171296296296297 0.025039123630672927 0.03333333333333333
1 0.847678664580073 0.6657407407407407 0.03442879499217527 0.04537037037037037
1 0.44209702660406885 0.18518518518518517 0.018257694314032343 0.03611111111111111
1 0.3380281690140845 0.6884259259259259 0.019300991131977047 0.06296296296296296
1 0.8935837245696401 0.2828703703703704 0.029212310902451747 0.05185185185185185
1 0.40036515388628063 0.38101851851851853 0.02034428794992175 0.05740740740740741
1 0.387584767866458 0.8171296296296297 0.0198226395409494 0.053703703703703705
1 0.9780907668231612 0.9356481481481481 0.016692749087115284 0.06574074074074074
1 0.20552947313510694 0.8490740740740741 0.02190923317683881 0.03981481481481482
1 0.23865414710485133 0.6171296296296296 0.030777256129368807 0.03518518518518519