1 0.81005859375 0.4101654052734375 0.02886962890625 0.06381072998046874
0 0.09771728515625 0.523919677734375 0.0360107421875 0.05622711181640625
1 0.3193359375 0.678192138671875 0.029754638671875 0.051622772216796876
1 0.62353515625 0.4396331787109375 0.025909423828125 0.07637786865234375
1 0.1639404296875 0.418182373046875 0.033966064453125 0.068902587890625
1 0.253173828125 0.43768310546875 0.0278472900390625 0.06879425048828125
0 0.4755859375 0.5009521484375 0.04931640625 0.041899490356445315
1 0.591796875 0.862799072265625 0.034881591796875 0.0572021484375
1 0.724609375 0.3715972900390625 0.027069091796875 0.06776504516601563
1 0.65380859375 0.3789642333984375 0.0294189453125 0.058502197265625
0 0.666015625 0.602789306640625 0.0295867919921875 0.059964752197265624
1 0.1856689453125 0.75576171875 0.033721923828125 0.05538749694824219
0 0.923828125 0.582855224609375 0.036773681640625 0.05709381103515625
1 0.311767578125 0.322845458984375 0.0235137939453125 0.0665191650390625
1 0.943359375 0.4079986572265625 0.0345458984375 0.07513198852539063
1 0.343994140625 0.2537261962890625 0.024566650390625 0.07247772216796874
1 0.72900390625 0.14647216796875 0.0212860107421875 0.06852340698242188
1 0.38525390625 0.3206787109375 0.0213623046875 0.06429824829101563
1 0.9833984375 0.243975830078125 0.0276947021484375 0.06343154907226563
0 0.751953125 0.584588623046875 0.054901123046875 0.04555587768554688
1 0.982421875 0.402581787109375 0.030670166015625 0.0647857666015625
1 0.59521484375 0.27041015625 0.023284912109375 0.06527328491210938
1 0.392333984375 0.4101654052734375 0.0301513671875 0.06765670776367187
1 0.97802734375 0.802130126953125 0.04107666015625 0.0561187744140625
1 0.8720703125 0.19706573486328124 0.032470703125 0.07372360229492188
1 0.56494140625 0.3702972412109375 0.019012451171875 0.06749420166015625
1 0.04327392578125 0.2658599853515625 0.0304412841796875 0.06467742919921875
1 0.91259765625 0.336712646484375 0.0287017822265625 0.05806884765625
1 0.939453125 0.18807373046875 0.02386474609375 0.06429824829101563
1 0.52197265625 0.4248992919921875 0.0310211181640625 0.06121063232421875
1 0.5283203125 0.21916656494140624 0.02752685546875 0.06240234375
1 0.56103515625 0.96983642578125 0.03326416015625 0.05414161682128906
1 0.61865234375 0.769195556640625 0.0212860107421875 0.05817718505859375
1 0.281982421875 0.19988250732421875 0.0192718505859375 0.061102294921875
1 0.7744140625 0.2112579345703125 0.0211639404296875 0.07074432373046875
1 0.96435546875 0.88836669921875 0.041229248046875 0.05882720947265625
1 0.293212890625 0.84676513671875 0.0369873046875 0.05666046142578125
0 0.045684814453125 0.460650634765625 0.049224853515625 0.0457183837890625
0 0.489013671875 0.602789306640625 0.051361083984375 0.06971511840820313
1 0.8056640625 0.16391448974609374 0.028656005859375 0.07914047241210938
1 0.75439453125 0.669525146484375 0.03424072265625 0.04934768676757813
1 0.68701171875 0.724127197265625 0.0322265625 0.057635498046875
1 0.59033203125 0.1887237548828125 0.017852783203125 0.05806884765625
1 0.090576171875 0.2359588623046875 0.02288818359375 0.065869140625
1 0.82861328125 0.307244873046875 0.0189056396484375 0.06711502075195312
1 0.62255859375 0.9291015625 0.0360107421875 0.05861053466796875
1 0.151123046875 0.350146484375 0.0188751220703125 0.05403327941894531
1 0.42333984375 0.22880859375 0.027008056640625 0.08964920043945312
1 0.285400390625 0.946435546875 0.023773193359375 0.06548995971679687
1 0.1175537109375 0.283843994140625 0.0240020751953125 0.06700668334960938
1 0.625 0.18254852294921875 0.016845703125 0.05861053466796875
1 0.1925048828125 0.30594482421875 0.0285491943359375 0.05384368896484375
1 0.498779296875 0.2961944580078125 0.021240234375 0.059423065185546874
1 0.560546875 0.2411590576171875 0.015716552734375 0.06624832153320312
1 0.6728515625 0.2918609619140625 0.0204925537109375 0.05666046142578125
1 0.5712890625 0.732794189453125 0.035064697265625 0.05622711181640625
1 0.75048828125 0.753594970703125 0.03594970703125 0.05557708740234375
1 0.01029205322265625 0.3065948486328125 0.0199432373046875 0.06879425048828125
1 0.16650390625 0.2337921142578125 0.0221099853515625 0.06538162231445313
1 0.7666015625 0.32327880859375 0.018798828125 0.0461517333984375
1 0.8330078125 0.8372314453125 0.0285491943359375 0.05953140258789062
1 0.61767578125 0.356646728515625 0.018341064453125 0.06613998413085938
1 0.74462890625 0.89443359375 0.0289764404296875 0.050187301635742185
1 0.1998291015625 0.1462554931640625 0.018798828125 0.07247772216796874
1 0.4833984375 0.2225250244140625 0.01490020751953125 0.050187301635742185
1 0.0164031982421875 0.96290283203125 0.0299835205078125 0.05154151916503906
1 0.1396484375 0.2199249267578125 0.0266571044921875 0.052922821044921874
1 0.9169921875 0.2931610107421875 0.03265380859375 0.03948898315429687
1 0.66552734375 0.2513427734375 0.029876708984375 0.03851394653320313
1 0.564453125 0.0970703125 0.01142120361328125 0.040464019775390624
1 0.98681640625 0.3230621337890625 0.0252685546875 0.0496185302734375
0 0.94775390625 0.09495773315429687 0.0309600830078125 0.06700668334960938