0 0.7109375 0.5355902777777778 0.04296875 0.058159722222222224
0 0.6611328125 0.3782552083333333 0.04559326171875 0.046956380208333336
0 0.027740478515625 0.6510416666666666 0.0546875 0.049235026041666664
0 0.63134765625 0.3409288194444444 0.04083251953125 0.04432508680555555
0 0.79736328125 0.4236111111111111 0.0482177734375 0.043755425347222224
0 0.6513671875 0.4713541666666667 0.04327392578125 0.047200520833333336
0 0.81494140625 0.5381944444444444 0.047515869140625 0.046576605902777776
0 0.81689453125 0.3621961805555556 0.045440673828125 0.04684787326388889
0 0.7333984375 0.3177083333333333 0.046630859375 0.041558159722222224
0 0.95947265625 0.2890625 0.046539306640625 0.043267144097222224
0 0.857421875 0.6796875 0.053009033203125 0.040771484375
0 0.755859375 0.6384548611111112 0.049041748046875 0.04258897569444445
0 0.896484375 0.5238715277777778 0.0526123046875 0.047037760416666664
0 0.98388671875 0.3949652777777778 0.0241851806640625 0.049506293402777776
0 0.0271148681640625 0.3908420138888889 0.052703857421875 0.04123263888888889
0 0.90625 0.5863715277777778 0.053192138671875 0.043267144097222224
0 0.0728759765625 0.30859375 0.04913330078125 0.04039171006944445
0 0.020599365234375 0.5494791666666666 0.03802490234375 0.056640625
0 0.92041015625 0.4678819444444444 0.04876708984375 0.038275824652777776
0 0.93017578125 0.7803819444444444 0.0552978515625 0.034125434027777776