1 0.9084507042253521 0.6898148148148148 0.03442879499217527 0.06296296296296296
1 0.36906624934793947 0.6791666666666667 0.02138758476786646 0.06759259259259259
0 0.5998956703182056 0.5356481481481481 0.051643192488262914 0.04351851851851852
1 0.7407407407407407 0.6199074074074075 0.024517475221700575 0.04722222222222222
1 0.05086071987480438 0.7587962962962963 0.02764736567553469 0.05648148148148148
1 0.43218570683359414 0.6699074074074074 0.020865936358894107 0.06666666666666667
1 0.6713615023474179 0.6699074074074074 0.023474178403755867 0.05092592592592592
1 0.5482524778299426 0.6620370370370371 0.022430881585811163 0.06296296296296296
1 0.7065727699530516 0.7763888888888889 0.02608242044861763 0.06388888888888888
1 0.01278038601982264 0.662962962962963 0.02556077203964528 0.06296296296296296
0 0.34950443401147624 0.3851851851851852 0.056859676577986434 0.06388888888888888
1 0.6074595722483046 0.674074074074074 0.0297339593114241 0.05925925925925926
1 0.7451747522170057 0.7699074074074074 0.023474178403755867 0.058333333333333334
1 0.12415232133541992 0.6273148148148148 0.026604068857589983 0.046296296296296294
1 0.3758476786645801 0.7958333333333333 0.019300991131977047 0.06574074074074074
1 0.971830985915493 0.7300925925925926 0.028690662493479395 0.05648148148148148
1 0.2597809076682316 0.8629629629629629 0.02764736567553469 0.07407407407407407
1 0.23395931142410015 0.6208333333333333 0.023474178403755867 0.05925925925925926
0 0.711528429838289 0.5652777777777778 0.048513302034428794 0.05
1 0.015388628064684403 0.5944444444444444 0.030777256129368807 0.06388888888888888
1 0.9374021909233177 0.6097222222222223 0.03808033385498174 0.062037037037037036
1 0.7673448095983307 0.6712962962962963 0.023474178403755867 0.06388888888888888
1 0.847678664580073 0.774537037037037 0.02764736567553469 0.06481481481481481
1 0.752999478351591 0.11388888888888889 0.030777256129368807 0.06296296296296296
1 0.04538341158059468 0.6708333333333333 0.03025560772039645 0.07314814814814814
1 0.454094940010433 0.7337962962962963 0.014084507042253521 0.05462962962962963
1 0.8458528951486698 0.6930555555555555 0.03547209181011998 0.06296296296296296
1 0.6854460093896714 0.08472222222222223 0.036515388628064686 0.06388888888888888
1 0.516171100678143 0.7101851851851851 0.015127803860198226 0.06759259259259259
1 0.7720396452790819 0.7444444444444445 0.023995826812728223 0.05925925925925926
1 0.8951486697965572 0.7569444444444444 0.03234220135628586 0.058333333333333334
1 0.23839332290036516 0.6847222222222222 0.026604068857589983 0.05648148148148148
1 0.9327073552425665 0.8046296296296296 0.025039123630672927 0.053703703703703705
1 0.10589462702138759 0.8388888888888889 0.03495044340114763 0.06574074074074074
1 0.19874804381846636 0.8587962962962963 0.027125717266562335 0.08518518518518518
1 0.20892018779342722 0.7379629629629629 0.023474178403755867 0.07962962962962963
1 0.04929577464788732 0.8217592592592593 0.029212310902451747 0.03981481481481482
1 0.5018257694314032 0.1476851851851852 0.020865936358894107 0.05740740740740741
1 0.6108502869066249 0.7273148148148149 0.016692749087115284 0.05277777777777778
1 0.8082942097026604 0.8111111111111111 0.025039123630672927 0.05092592592592592
1 0.14501825769431403 0.712037037037037 0.023474178403755867 0.075
1 0.1309337506520605 0.7699074074074074 0.02190923317683881 0.05555555555555555
1 0.29107981220657275 0.8861111111111111 0.018779342723004695 0.062037037037037036
1 0.6815336463223787 0.7092592592592593 0.030777256129368807 0.037037037037037035
1 0.04773082942097027 0.5935185185185186 0.02556077203964528 0.06388888888888888
1 0.30412102243088157 0.8157407407407408 0.016692749087115284 0.05555555555555555
1 0.5005216484089724 0.025925925925925925 0.030777256129368807 0.04814814814814815
0 0.03234220135628586 0.4699074074074074 0.05894627021387585 0.04814814814814815
1 0.4160146061554512 0.8194444444444444 0.024517475221700575 0.07962962962962963
1 0.33437663015127805 0.8055555555555556 0.012519561815336464 0.027777777777777776
1 0.9332290036515388 0.7472222222222222 0.02138758476786646 0.046296296296296294
1 0.14162754303599373 0.8569444444444444 0.02138758476786646 0.06851851851851852
1 0.5258215962441315 0.7643518518518518 0.01773604590505999 0.05277777777777778
1 0.06338028169014084 0.9449074074074074 0.01617110067814293 0.07037037037037037
1 0.8218570683359415 0.8439814814814814 0.024517475221700575 0.030555555555555555
1 0.4590505998956703 0.7773148148148148 0.0297339593114241 0.03796296296296296
0 0.046948356807511735 0.9120370370370371 0.030777256129368807 0.06851851851851852
1 0.8972352634324465 0.14675925925925926 0.048513302034428794 0.08055555555555556