1 0.9136671883150757 0.8875 0.03547209181011998 0.05648148148148148
0 0.9663536776212832 0.5773148148148148 0.0594679186228482 0.05185185185185185
1 0.7300469483568075 0.399537037037037 0.03129890453834116 0.06851851851851852
0 0.7436098069900887 0.5597222222222222 0.05268648930620762 0.06759259259259259
0 0.6158059467918623 0.5180555555555556 0.04903495044340115 0.049074074074074076
0 0.2506520605112154 0.5592592592592592 0.05112154407929056 0.03981481481481482
1 0.45618153364632236 0.7972222222222223 0.03442879499217527 0.05462962962962963
1 0.4042775169535733 0.3523148148148148 0.01773604590505999 0.06851851851851852
0 0.3789775691184142 0.425462962962963 0.044861763171622326 0.05555555555555555
1 0.42931664058424623 0.30324074074074076 0.03234220135628586 0.06574074074074074
1 0.2962962962962963 0.7291666666666666 0.025039123630672927 0.05555555555555555
0 0.8954094940010433 0.4638888888888889 0.05529473135106938 0.046296296296296294
1 0.09989567031820552 0.7736111111111111 0.027125717266562335 0.05277777777777778
1 0.41158059467918623 0.6694444444444444 0.027125717266562335 0.06296296296296296
1 0.24491392801251957 0.3074074074074074 0.029212310902451747 0.06851851851851852
0 0.46609285341679707 0.46064814814814814 0.050078247261345854 0.04814814814814815
1 0.5907668231611893 0.18055555555555555 0.02608242044861763 0.08055555555555556
1 0.20605112154407929 0.3712962962962963 0.028690662493479395 0.062037037037037036
1 0.18857589984350548 0.8527777777777777 0.03390714658320292 0.05555555555555555
1 0.9676577986437142 0.21666666666666667 0.027125717266562335 0.06296296296296296
1 0.3646322378716745 0.6472222222222223 0.03234220135628586 0.06388888888888888
1 0.081377151799687 0.33194444444444443 0.03599374021909233 0.06666666666666667
1 0.5855503390714658 0.2601851851851852 0.019300991131977047 0.07314814814814814
0 0.5057381324986959 0.5796296296296296 0.0406885758998435 0.05
1 0.11267605633802817 0.2388888888888889 0.028690662493479395 0.06851851851851852
1 0.036776212832550864 0.2814814814814815 0.03234220135628586 0.08425925925925926
1 0.05112154407929056 0.7083333333333334 0.037037037037037035 0.05555555555555555
0 0.23135106937923838 0.47824074074074074 0.04903495044340115 0.07222222222222222
1 0.6585811163275952 0.6953703703703704 0.025039123630672927 0.06296296296296296
1 0.7754303599374022 0.3388888888888889 0.02190923317683881 0.06944444444444445
1 0.7490871152842984 0.2513888888888889 0.022952529994783515 0.058333333333333334
0 0.42775169535732915 0.5453703703703704 0.053208137715179966 0.04259259259259259
1 0.809076682316119 0.11898148148148148 0.018257694314032343 0.06481481481481481
1 0.19196661450182578 0.7592592592592593 0.023474178403755867 0.058333333333333334
1 0.42566510172143973 0.23796296296296296 0.03286384976525822 0.06018518518518518
1 0.6019822639540949 0.8324074074074074 0.03234220135628586 0.05555555555555555
1 0.7031820552947313 0.36574074074074076 0.03025560772039645 0.05740740740740741
1 0.7876890975482524 0.4199074074074074 0.022952529994783515 0.05648148148148148
1 0.800208659363589 0.28935185185185186 0.029212310902451747 0.05925925925925926
1 0.9405320813771518 0.2518518518518518 0.0297339593114241 0.07037037037037037
1 0.9872196139801773 0.35694444444444445 0.025039123630672927 0.0787037037037037
1 0.9825247782994262 0.14212962962962963 0.024517475221700575 0.0787037037037037
1 0.564945226917058 0.38564814814814813 0.02556077203964528 0.07314814814814814
1 0.8583724569640062 0.12453703703703704 0.019300991131977047 0.06388888888888888
1 0.011997913406364111 0.15324074074074073 0.02190923317683881 0.06388888888888888
1 0.5453834115805947 0.32175925925925924 0.02034428794992175 0.06388888888888888
1 0.2094418362023996 0.20462962962962963 0.018257694314032343 0.05462962962962963
1 0.7845592070944184 0.2 0.025039123630672927 0.06759259259259259
0 0.9702660406885759 0.7236111111111111 0.041731872717788214 0.06481481481481481
1 0.2621283255086072 0.1648148148148148 0.022952529994783515 0.053703703703703705
1 0.9379238393322901 0.18333333333333332 0.02764736567553469 0.06574074074074074
1 0.6948356807511737 0.2740740740740741 0.02556077203964528 0.05740740740740741
1 0.28977569118414187 0.825462962962963 0.05268648930620762 0.08333333333333333
1 0.6661450182576943 0.08564814814814815 0.014084507042253521 0.06851851851851852
1 0.640584246218049 0.3351851851851852 0.017214397496087636 0.062037037037037036
1 0.19353155972874284 0.30972222222222223 0.01773604590505999 0.058333333333333334
1 0.6215440792905582 0.2611111111111111 0.02608242044861763 0.06018518518518518
1 0.33724569640062596 0.29305555555555557 0.0198226395409494 0.05277777777777778
1 0.2986437141366719 0.23703703703703705 0.019300991131977047 0.058333333333333334
1 0.7339593114241002 0.31851851851851853 0.030777256129368807 0.06759259259259259
1 0.2237871674491393 0.2439814814814815 0.023474178403755867 0.05740740740740741
1 0.8369848721961398 0.30787037037037035 0.02034428794992175 0.046296296296296294
1 0.5414710485133021 0.18564814814814815 0.013562858633281168 0.058333333333333334
1 0.9629629629629629 0.03148148148148148 0.018257694314032343 0.06296296296296296
1 0.07198748043818466 0.27314814814814814 0.02138758476786646 0.05648148148148148
1 0.9199269692227439 0.15138888888888888 0.024517475221700575 0.06944444444444445
1 0.09337506520605113 0.11944444444444445 0.02034428794992175 0.0712962962962963
1 0.8427230046948356 0.15925925925925927 0.020865936358894107 0.06759259259259259
1 0.1343244653103808 0.18796296296296297 0.02190923317683881 0.062037037037037036
1 0.8951486697965572 0.20046296296296295 0.030777256129368807 0.06018518518518518
1 0.4684402712571727 0.16620370370370371 0.013562858633281168 0.06018518518518518
1 0.7978612415232134 0.38472222222222224 0.03025560772039645 0.041666666666666664
1 0.9754825247782994 0.2810185185185185 0.03025560772039645 0.044444444444444446
1 0.39436619718309857 0.2814814814814815 0.023474178403755867 0.06111111111111111
1 0.8403755868544601 0.2689814814814815 0.030777256129368807 0.04722222222222222
1 0.7005738132498696 0.20092592592592592 0.02034428794992175 0.04351851851851852
1 0.27230046948356806 0.8050925925925926 0.018257694314032343 0.040740740740740744
1 0.5083463745435577 0.16666666666666666 0.02034428794992175 0.05185185185185185
1 0.6085028690662494 0.39444444444444443 0.02138758476786646 0.06666666666666667
1 0.09728742827334376 0.19814814814814816 0.03129890453834116 0.037037037037037035