0 0.75078125 0.47824074074074074 0.0375 0.05462962962962963
1 0.93125 0.31203703703703706 0.028645833333333332 0.06944444444444445
0 0.6434895833333333 0.4462962962962963 0.04739583333333333 0.044444444444444446
0 0.91640625 0.40185185185185185 0.049479166666666664 0.049074074074074076
0 0.7091145833333333 0.5921296296296297 0.046875 0.06111111111111111
0 0.19947916666666668 0.3611111111111111 0.04791666666666667 0.046296296296296294
0 0.5802083333333333 0.7643518518518518 0.05520833333333333 0.06111111111111111
0 0.027604166666666666 0.4152777777777778 0.05364583333333333 0.044444444444444446
0 0.07786458333333333 0.4898148148148148 0.05572916666666667 0.046296296296296294
0 0.50390625 0.45555555555555555 0.03229166666666667 0.05740740740740741
0 0.24296875 0.5847222222222223 0.05572916666666667 0.040740740740740744
1 0.93515625 0.3347222222222222 0.020833333333333332 0.06111111111111111
0 0.7934895833333333 0.4064814814814815 0.044270833333333336 0.05925925925925926
0 0.9609375 0.5356481481481481 0.05416666666666667 0.05