1 0.6513671875 0.1991241455078125 0.0167236328125 0.06343154907226563
0 0.5888671875 0.488385009765625 0.0303802490234375 0.05384368896484375
0 0.472412109375 0.66129150390625 0.0496826171875 0.05796051025390625
0 0.5283203125 0.507452392578125 0.0489501953125 0.04284744262695313
1 0.212890625 0.38134765625 0.02947998046875 0.043768310546875
1 0.171142578125 0.3692138671875 0.02655029296875 0.05806884765625
0 0.8310546875 0.691192626953125 0.0552978515625 0.05414161682128906
1 0.96142578125 0.93603515625 0.0301513671875 0.05904388427734375
1 0.73046875 0.4073486328125 0.0222930908203125 0.07074432373046875
0 0.83984375 0.52781982421875 0.055816650390625 0.048508071899414064
1 0.5478515625 0.4454833984375 0.030670166015625 0.0574188232421875
1 0.37060546875 0.30421142578125 0.0220794677734375 0.05213737487792969
0 0.55029296875 0.55555419921875 0.051177978515625 0.04336204528808594
0 0.6793477153429839 0.5650878906250001 0.04892786032965734 0.06039810180664061
1 0.325439453125 0.65955810546875 0.034820556640625 0.09289932250976562
1 0.892578125 0.3572967529296875 0.0224151611328125 0.049049758911132814
1 0.7978515625 0.284710693359375 0.0279541015625 0.06689834594726562
1 0.6806640625 0.14918060302734376 0.0190887451171875 0.06418991088867188
1 0.62841796875 0.420782470703125 0.0264129638671875 0.06440658569335937
0 0.05706787109375 0.4049652099609375 0.03314208984375 0.05622711181640625
0 0.390625 0.5078857421875 0.053009033203125 0.04563713073730469
1 0.040618896484375 0.659991455078125 0.038330078125 0.053437423706054685
0 0.61376953125 0.693792724609375 0.046478271484375 0.04877891540527344
1 0.81298828125 0.17344818115234376 0.0254669189453125 0.0656524658203125
1 0.9248046875 0.317645263671875 0.03302001953125 0.06467742919921875
1 0.421875 0.4175323486328125 0.03216552734375 0.06321487426757813
1 0.966796875 0.3325958251953125 0.0276336669921875 0.07074432373046875
1 0.1329345703125 0.328912353515625 0.025665283203125 0.06429824829101563
1 0.94091796875 0.4105987548828125 0.0310211181640625 0.06576080322265625
0 0.55517578125 0.6777587890625 0.038177490234375 0.0569854736328125
1 0.373291015625 0.338446044921875 0.025177001953125 0.06077728271484375
1 0.51513671875 0.807330322265625 0.02288818359375 0.06142730712890625
1 0.6083984375 0.11082916259765625 0.019561767578125 0.06007308959960937
1 0.6650390625 0.360546875 0.0247039794921875 0.06489410400390624
1 0.65087890625 0.61968994140625 0.0225067138671875 0.08233642578125
0 0.6962890625 0.707659912109375 0.0521240234375 0.07318191528320313
1 0.61669921875 0.236175537109375 0.0234222412109375 0.0522186279296875
1 0.771484375 0.19674072265625 0.0247955322265625 0.06332321166992187
1 0.6083984375 0.3598968505859375 0.0233306884765625 0.05192070007324219
1 0.45849609375 0.3061614990234375 0.0233306884765625 0.05303115844726562
1 0.1826171875 0.237908935546875 0.0266571044921875 0.06538162231445313
1 0.55615234375 0.356646728515625 0.0232391357421875 0.0608856201171875
1 0.50537109375 0.76876220703125 0.0225372314453125 0.05362701416015625
1 0.50146484375 0.235308837890625 0.0196075439453125 0.055062484741210935
1 0.94873046875 0.2779937744140625 0.0235595703125 0.062131500244140624
1 0.2197265625 0.3187286376953125 0.0203704833984375 0.06613998413085938
1 0.06097412109375 0.293377685546875 0.03314208984375 0.05953140258789062
1 0.86669921875 0.152972412109375 0.0271148681640625 0.07567367553710938
1 0.60107421875 0.4079986572265625 0.024749755859375 0.078436279296875
1 0.053009033203125 0.347113037109375 0.035736083984375 0.06749420166015625
1 0.57080078125 0.616656494140625 0.0282135009765625 0.058502197265625
1 0.68896484375 0.408648681640625 0.0284423828125 0.0693359375
1 0.982421875 0.2069244384765625 0.028656005859375 0.0738861083984375
1 0.953125 0.058502197265625 0.0163421630859375 0.0699859619140625
1 0.74072265625 0.195440673828125 0.023101806640625 0.05622711181640625
1 0.28515625 0.275177001953125 0.0252685546875 0.05687713623046875
1 0.1727294921875 0.855865478515625 0.034942626953125 0.058935546875
1 0.732421875 0.16456451416015624 0.0258636474609375 0.0565521240234375
1 0.70751953125 0.33367919921875 0.028167724609375 0.06418991088867188
1 0.03594970703125 0.78349609375 0.038909912109375 0.06223983764648437
1 0.2042236328125 0.91610107421875 0.02655029296875 0.050756072998046874
1 0.33056640625 0.276910400390625 0.021453857421875 0.044174575805664064
1 0.072509765625 0.2359588623046875 0.0271759033203125 0.06879425048828125
1 0.11297607421875 0.1822235107421875 0.0272216796875 0.07009429931640625
0 0.021942138671875 0.526953125 0.04248046875 0.048968505859375
1 0.8857421875 0.21548309326171874 0.031982421875 0.08867416381835938
1 0.70849609375 0.0970703125 0.0179901123046875 0.062131500244140624
1 0.55810546875 0.24180908203125 0.02447509765625 0.059748077392578126
1 0.75146484375 0.302911376953125 0.02655029296875 0.062023162841796875
1 0.96484375 0.87276611328125 0.036163330078125 0.05839385986328125
1 0.29931640625 0.186773681640625 0.0293731689453125 0.06749420166015625
1 0.43603515625 0.2580596923828125 0.0196075439453125 0.041168212890625
1 0.333740234375 0.97503662109375 0.037811279296875 0.04235992431640625
1 0.80126953125 0.2493927001953125 0.0265045166015625 0.04972686767578125
0 0.26513671875 0.473651123046875 0.0391845703125 0.054872894287109376
1 0.01129150390625 0.1835235595703125 0.022369384765625 0.054358291625976565
1 0.609375 0.20194091796875 0.0165863037109375 0.04650382995605469
1 0.67724609375 0.766162109375 0.034027099609375 0.07637786865234375
1 0.4072265625 0.2623931884765625 0.0284423828125 0.043605804443359375
1 0.97265625 0.815130615234375 0.0310821533203125 0.04070777893066406
1 0.25048828125 0.2357421875 0.0235595703125 0.051622772216796876
1 0.03790283203125 0.20226593017578126 0.031982421875 0.060289764404296876
1 0.11474609375 0.2714935302734375 0.03271484375 0.058935546875
1 0.51123046875 0.06240234375 0.01678466796875 0.07415695190429687
1 0.79833984375 0.9031005859375 0.03875732421875 0.0561187744140625
1 0.70556640625 0.26087646484375 0.017578125 0.056768798828125
1 0.67431640625 0.2961944580078125 0.0310821533203125 0.07426528930664063
1 0.431884765625 0.3763641357421875 0.0272674560546875 0.05752716064453125
1 0.85498046875 0.47581787109375 0.0199127197265625 0.04276618957519531
1 0.94482421875 0.367913818359375 0.0224151611328125 0.05517082214355469
1 0.227294921875 0.27994384765625 0.0257110595703125 0.056768798828125
0 0.97021484375 0.09116592407226562 0.033905029296875 0.0693359375
1 0.63330078125 0.284710693359375 0.0189361572265625 0.05546875
1 0.10357666015625 0.2519927978515625 0.0253753662109375 0.045203781127929686
1 0.54638671875 0.20508270263671874 0.0192413330078125 0.042061996459960935