0 0.52578125 0.6351851851851852 0.04479166666666667 0.06296296296296296
0 0.49114583333333334 0.5208333333333334 0.05 0.04537037037037037
0 0.2296875 0.42685185185185187 0.0484375 0.03888888888888889
1 0.5333333333333333 0.25925925925925924 0.020833333333333332 0.06944444444444445
0 0.6890625 0.5680555555555555 0.04791666666666667 0.041666666666666664
0 0.4234375 0.5976851851851852 0.04479166666666667 0.06851851851851852
1 0.7856770833333333 0.26990740740740743 0.021354166666666667 0.06388888888888888
1 0.18567708333333333 0.2902777777777778 0.0328125 0.06574074074074074
0 0.12786458333333334 0.6027777777777777 0.05260416666666667 0.06944444444444445
1 0.9666666666666667 0.27824074074074073 0.027083333333333334 0.062037037037037036
0 0.86484375 0.4134259259259259 0.051041666666666666 0.040740740740740744
0 0.5184895833333333 0.3648148148148148 0.0421875 0.041666666666666664
0 0.3385416666666667 0.6898148148148148 0.059895833333333336 0.041666666666666664
0 0.66171875 0.42453703703703705 0.04791666666666667 0.05092592592592592
0 0.06276041666666667 0.32407407407407407 0.043229166666666666 0.05648148148148148
0 0.39609375 0.475462962962963 0.051041666666666666 0.04259259259259259
0 0.5947916666666667 0.44814814814814813 0.046875 0.062037037037037036
0 0.83046875 0.3527777777777778 0.0453125 0.041666666666666664
1 0.6294270833333333 0.2953703703703704 0.0265625 0.07222222222222222
0 0.9877604166666667 0.5967592592592592 0.024479166666666666 0.04259259259259259
1 0.88125 0.23472222222222222 0.03333333333333333 0.05925925925925926