1 0.66015625 0.3750640869140625 0.0234222412109375 0.06700668334960938
1 0.66845703125 0.3143951416015625 0.027008056640625 0.06489410400390624
1 0.50341796875 0.4142822265625 0.0204925537109375 0.068902587890625
1 0.421875 0.3234954833984375 0.0265045166015625 0.06489410400390624
0 0.247314453125 0.45848388671875 0.05059814453125 0.04812889099121094
1 0.6025390625 0.314178466796875 0.0216217041015625 0.06662750244140625
1 0.1973876953125 0.325445556640625 0.0271148681640625 0.05687713623046875
1 0.466552734375 0.34927978515625 0.0263519287109375 0.061914825439453126
1 0.77490234375 0.793463134765625 0.02752685546875 0.05384368896484375
0 0.5595703125 0.48795166015625 0.047332763671875 0.0457183837890625
0 0.54150390625 0.526953125 0.0472412109375 0.04812889099121094
1 0.8056640625 0.37181396484375 0.02630615234375 0.06489410400390624
1 0.73193359375 0.3559967041015625 0.02691650390625 0.06765670776367187
1 0.85546875 0.4188323974609375 0.033721923828125 0.06381072998046874
0 0.93408203125 0.69422607421875 0.058563232421875 0.04972686767578125
1 0.77783203125 0.403448486328125 0.021575927734375 0.059748077392578126
1 0.34033203125 0.9689697265625 0.0309600830078125 0.0578521728515625
1 0.361083984375 0.387847900390625 0.0237274169921875 0.06500244140625
0 0.237060546875 0.50615234375 0.052703857421875 0.04877891540527344
1 0.83642578125 0.20334930419921876 0.020599365234375 0.06332321166992187
1 0.63525390625 0.3975982666015625 0.0194244384765625 0.06603164672851562
0 0.476806640625 0.656524658203125 0.05145263671875 0.07074432373046875
0 0.3244501004871825 0.4430999755859376 0.03974510196850962 0.06451492309570307
1 0.6728515625 0.95596923828125 0.03167724609375 0.05213737487792969
1 0.269775390625 0.322845458984375 0.0212860107421875 0.06700668334960938
1 0.263916015625 0.262176513671875 0.017852783203125 0.068035888671875
1 0.15869140625 0.39261474609375 0.0253753662109375 0.06343154907226563
1 0.06439208984375 0.389581298828125 0.0330810546875 0.0639190673828125
1 0.373291015625 0.315045166015625 0.0224151611328125 0.050078964233398436
1 0.2890625 0.3551300048828125 0.0253753662109375 0.07074432373046875
1 0.693359375 0.364447021484375 0.0165252685546875 0.06467742919921875
1 0.5595703125 0.21916656494140624 0.0165863037109375 0.0574188232421875
1 0.826171875 0.85283203125 0.036285400390625 0.05232696533203125
1 0.9365234375 0.454150390625 0.037384033203125 0.06240234375
1 0.6884765625 0.256976318359375 0.0292510986328125 0.08006134033203124
1 0.767578125 0.2030242919921875 0.01433563232421875 0.06142730712890625
0 0.189697265625 0.5772216796875 0.055938720703125 0.04915809631347656
1 0.8037109375 0.2333587646484375 0.0306243896484375 0.070635986328125
1 0.1416015625 0.35794677734375 0.0246124267578125 0.0578521728515625
1 0.49658203125 0.270843505859375 0.0150146484375 0.051731109619140625
0 0.6669921875 0.659991455078125 0.04620361328125 0.060398101806640625
1 0.34130859375 0.343212890625 0.02630615234375 0.061102294921875
1 0.8623046875 0.44635009765625 0.0271759033203125 0.06749420166015625
0 0.13330078125 0.61708984375 0.053802490234375 0.052922821044921874
1 0.1788330078125 0.360113525390625 0.0240478515625 0.061589813232421874
1 0.040008544921875 0.2320587158203125 0.0156707763671875 0.058935546875
1 0.82080078125 0.3013946533203125 0.02880859375 0.062835693359375
1 0.025177001953125 0.2727935791015625 0.030731201171875 0.06169815063476562
1 0.7587890625 0.223175048828125 0.01934814453125 0.06500244140625
0 0.2138758476786647 0.7281746031746033 0.06110738505104701 0.048941798941798974
0 0.2775914747745734 0.6335978835978837 0.0588717490125941 0.06613756613756615
1 0.859375 0.263909912109375 0.0297088623046875 0.0816864013671875
1 0.9363588941053731 0.33994708994709 0.02161114837171182 0.0714285714285714
1 0.2105223936209852 0.29695767195767203 0.02459199642298232 0.059523809523809465
1 0.15185546875 0.234442138671875 0.0228424072265625 0.06776504516601563
1 0.181884765625 0.2801605224609375 0.0222930908203125 0.0582855224609375
1 0.1484375 0.2775604248046875 0.0188751220703125 0.05644378662109375
1 0.292236328125 0.289910888671875 0.0251312255859375 0.05029563903808594
1 0.8256949102019526 0.9312169312169315 0.026827632461435227 0.05555555555555555
1 0.8521499366569791 0.8941798941798945 0.02459199642298232 0.0714285714285714