1 0.382080078125 0.2576263427734375 0.0252685546875 0.05424995422363281
1 0.7744140625 0.83463134765625 0.02691650390625 0.0587188720703125
0 0.56103515625 0.516986083984375 0.0290374755859375 0.07155685424804688
1 0.7783203125 0.3460296630859375 0.0299835205078125 0.072369384765625
1 0.52099609375 0.3655303955078125 0.017303466796875 0.0647857666015625
0 0.1767578125 0.547320556640625 0.0509033203125 0.04590797424316406
1 0.9521484375 0.4370330810546875 0.0287017822265625 0.0665191650390625
0 0.130615234375 0.502685546875 0.0546875 0.043091201782226564
1 0.54931640625 0.770928955078125 0.0194244384765625 0.05143318176269531
1 0.703125 0.2602264404296875 0.0235137939453125 0.07264022827148438
1 0.468505859375 0.2337921142578125 0.0192413330078125 0.0582855224609375
0 0.303466796875 0.532586669921875 0.054901123046875 0.048508071899414064
1 0.95703125 0.03799934387207031 0.0167236328125 0.06944427490234376
1 0.04083251953125 0.3646636962890625 0.038116455078125 0.075836181640625
1 0.6611328125 0.789129638671875 0.025421142578125 0.05251655578613281
0 0.370849609375 0.492718505859375 0.029876708984375 0.058935546875
1 0.73974609375 0.3033447265625 0.0216522216796875 0.0695526123046875
1 0.53173828125 0.9204345703125 0.03302001953125 0.05963973999023438
1 0.1531982421875 0.3499298095703125 0.0278472900390625 0.06765670776367187
1 0.115966796875 0.809930419921875 0.03448486328125 0.05029563903808594
0 0.677734375 0.49228515625 0.02655029296875 0.0535186767578125
1 0.53759765625 0.34061279296875 0.025421142578125 0.0682525634765625
1 0.9140625 0.8788330078125 0.037811279296875 0.06251068115234375
1 0.369873046875 0.753594970703125 0.029876708984375 0.0816864013671875
1 0.03912353515625 0.66129150390625 0.03656005859375 0.05882720947265625
1 0.49560546875 0.3295623779296875 0.018768310546875 0.059748077392578126
1 0.5654296875 0.3728973388671875 0.020172119140625 0.0613189697265625
1 0.216796875 0.29901123046875 0.0321044921875 0.06180648803710938
1 0.399169921875 0.82943115234375 0.0254669189453125 0.07334442138671875
1 0.9677734375 0.313311767578125 0.035003662109375 0.06906509399414062
0 0.220703125 0.401715087890625 0.026458740234375 0.0513519287109375
1 0.744140625 0.1991241455078125 0.02508544921875 0.061914825439453126
1 0.206298828125 0.731927490234375 0.03448486328125 0.06548995971679687
1 0.92041015625 0.3033447265625 0.029876708984375 0.07117767333984375
1 0.4140625 0.294244384765625 0.021240234375 0.06673583984375
1 0.69580078125 0.726727294921875 0.02191162109375 0.06451492309570313
1 0.55322265625 0.20508270263671874 0.0207977294921875 0.07567367553710938
0 0.12335205078125 0.458917236328125 0.056243896484375 0.0426849365234375
1 0.382080078125 0.321978759765625 0.028167724609375 0.0606689453125
1 0.2203369140625 0.19403228759765626 0.0232391357421875 0.061914825439453126
1 0.07196044921875 0.325445556640625 0.0265045166015625 0.05622711181640625
1 0.69970703125 0.614923095703125 0.020721435546875 0.047505950927734374
1 0.10821533203125 0.727593994140625 0.0276947021484375 0.07274856567382812
1 0.04193115234375 0.2953277587890625 0.0279083251953125 0.06332321166992187
1 0.98681640625 0.718927001953125 0.0258026123046875 0.061914825439453126
1 0.62109375 0.3152618408203125 0.028167724609375 0.047858047485351565
1 0.11029052734375 0.2961944580078125 0.0256195068359375 0.05752716064453125
1 0.74658203125 0.566387939453125 0.0261077880859375 0.0626190185546875
1 0.36669921875 0.36661376953125 0.019561767578125 0.07247772216796874
1 0.5986328125 0.2212249755859375 0.01751708984375 0.06007308959960937
1 0.09808349609375 0.25047607421875 0.024383544921875 0.053437423706054685
1 0.51708984375 0.27127685546875 0.027069091796875 0.07090682983398437
1 0.1502685546875 0.253509521484375 0.0243377685546875 0.061589813232421874
1 0.173828125 0.2181915283203125 0.034759521484375 0.07020263671875
1 0.86962890625 0.3516632080078125 0.0293731689453125 0.0578521728515625
1 0.71142578125 0.37528076171875 0.0191650390625 0.07697372436523438
1 0.07586669921875 0.6049560546875 0.035003662109375 0.048399734497070315
1 0.80419921875 0.16564788818359374 0.0202178955078125 0.05953140258789062
1 0.81494140625 0.2220916748046875 0.021697998046875 0.0606689453125
1 0.08660888671875 0.20334930419921876 0.0203399658203125 0.057635498046875
1 0.50341796875 0.807763671875 0.03436279296875 0.06516494750976562
1 0.98583984375 0.2259918212890625 0.02532958984375 0.0808197021484375
1 0.63330078125 0.8458984375 0.033477783203125 0.043091201782226564
1 0.94189453125 0.2220916748046875 0.0209197998046875 0.050674819946289064
1 0.01061248779296875 0.315045166015625 0.0211639404296875 0.0626190185546875
1 0.8515625 0.2853607177734375 0.0287628173828125 0.06467742919921875
1 0.64306640625 0.1588226318359375 0.0225067138671875 0.06500244140625
1 0.5107421875 0.17496490478515625 0.0232391357421875 0.06700668334960938
1 0.9521484375 0.36834716796875 0.0299224853515625 0.06121063232421875
1 0.3408203125 0.280377197265625 0.0202484130859375 0.045799636840820314
1 0.88818359375 0.2974945068359375 0.033966064453125 0.05579376220703125
1 0.348876953125 0.3172119140625 0.0229339599609375 0.05465621948242187
1 0.8828125 0.21418304443359376 0.0279541015625 0.0608856201171875
1 0.2509765625 0.246575927734375 0.020721435546875 0.03109283447265625
0 0.98681640625 0.521319580078125 0.025421142578125 0.04062652587890625