0 0.916015625 0.3930121527777778 0.047332763671875 0.0478515625
0 0.68603515625 0.4392361111111111 0.0489501953125 0.05514865451388889
0 0.84130859375 0.4743923611111111 0.051361083984375 0.049506293402777776
0 0.83984375 0.5959201388888888 0.057708740234375 0.05251736111111111
0 0.244873046875 0.3526475694444444 0.047332763671875 0.05653211805555555
0 0.1981201171875 0.2743055555555556 0.04443359375 0.046142578125
1 0.45068359375 0.2862413194444444 0.0296478271484375 0.06646050347222222
1 0.94140625 0.3003472222222222 0.0299835205078125 0.0734592013888889
1 0.83544921875 0.2534722222222222 0.01763916015625 0.06293402777777778
0 0.308349609375 0.9088541666666666 0.05224609375 0.05995008680555555
0 0.7027529761904764 0.40343915343915354 0.052827380952380903 0.042328042328042284