0 0.6723958333333333 0.5828703703703704 0.04895833333333333 0.044444444444444446
1 0.19088541666666667 0.6171296296296296 0.022916666666666665 0.06481481481481481
0 0.6908854166666667 0.524074074074074 0.053125 0.03611111111111111
0 0.4786458333333333 0.6597222222222222 0.04791666666666667 0.04722222222222222
0 0.25885416666666666 0.6759259259259259 0.044270833333333336 0.05925925925925926
0 0.6799479166666667 0.6231481481481481 0.04739583333333333 0.04814814814814815
0 0.21666666666666667 0.7472222222222222 0.04375 0.04537037037037037
0 0.14348958333333334 0.7148148148148148 0.0453125 0.040740740740740744
0 0.14296875 0.6648148148148149 0.046875 0.04537037037037037
0 0.16901041666666666 0.28703703703703703 0.0453125 0.06111111111111111
0 0.06979166666666667 0.5319444444444444 0.05 0.062037037037037036
1 0.20572916666666666 0.6370370370370371 0.021354166666666667 0.075
0 0.12265625 0.5745370370370371 0.041666666666666664 0.05648148148148148
0 0.49635416666666665 0.4675925925925926 0.05520833333333333 0.06481481481481481
0 0.9763020833333333 0.40879629629629627 0.04635416666666667 0.06851851851851852