0 0.6131977047470005 0.3375 0.044861763171622326 0.06296296296296296
0 0.8972352634324465 0.5574074074074075 0.05112154407929056 0.04259259259259259
0 0.6614501825769431 0.475 0.05268648930620762 0.049074074074074076
1 0.6027647365675535 0.5935185185185186 0.03182055294731351 0.07222222222222222
0 0.7976004173187272 0.37546296296296294 0.0495565988523735 0.06018518518518518
1 0.6593635889410537 0.6851851851851852 0.023474178403755867 0.06759259259259259
1 0.10459050599895671 0.6106481481481482 0.0297339593114241 0.07685185185185185
1 0.8719353155972874 0.6726851851851852 0.029212310902451747 0.06296296296296296
1 0.6205007824726134 0.6606481481481481 0.019300991131977047 0.06018518518518518
1 0.7175273865414711 0.6930555555555555 0.02190923317683881 0.06481481481481481
1 0.33255086071987483 0.7064814814814815 0.023474178403755867 0.05648148148148148
0 0.652321335419927 0.5162037037037037 0.0495565988523735 0.05277777777777778
1 0.42149191444966094 0.6314814814814815 0.028690662493479395 0.06759259259259259
1 0.8568075117370892 0.7212962962962963 0.0297339593114241 0.07592592592592592
1 0.15779864371413668 0.5657407407407408 0.03390714658320292 0.06388888888888888
0 0.1332811684924361 0.46435185185185185 0.03286384976525822 0.062037037037037036
1 0.7342201356285863 0.6148148148148148 0.03234220135628586 0.06851851851851852
1 0.3510693792383933 0.6555555555555556 0.019300991131977047 0.06481481481481481
1 0.42149191444966094 0.06157407407407407 0.03234220135628586 0.05277777777777778
1 0.3270735524256651 0.6129629629629629 0.014084507042253521 0.030555555555555555
1 0.26708398539384454 0.07685185185185185 0.02764736567553469 0.05277777777777778
1 0.49113197704747 0.6898148148148148 0.016692749087115284 0.06481481481481481
1 0.28664580073030776 0.637962962962963 0.028690662493479395 0.06296296296296296
1 0.10067814293166406 0.524074074074074 0.03286384976525822 0.058333333333333334
1 0.4624413145539906 0.6236111111111111 0.026604068857589983 0.06666666666666667
1 0.4204486176317162 0.6916666666666667 0.028169014084507043 0.06759259259259259
1 0.38967136150234744 0.6587962962962963 0.02556077203964528 0.05925925925925926
1 0.775169535732916 0.736574074074074 0.02190923317683881 0.06574074074074074
1 0.08215962441314555 0.49212962962962964 0.028169014084507043 0.06481481481481481
1 0.3145539906103286 0.7763888888888889 0.02034428794992175 0.06574074074074074
0 0.19431403234220135 0.33425925925925926 0.05268648930620762 0.049074074074074076
0 0.9778299426186751 0.5046296296296297 0.04434011476264997 0.05
0 0.27047470005216484 0.3958333333333333 0.03286384976525822 0.053703703703703705
1 0.04877412623891497 0.6685185185185185 0.03286384976525822 0.062037037037037036
0 0.4131455399061033 0.38287037037037036 0.0495565988523735 0.04351851851851852
1 0.8158581116327596 0.749537037037037 0.020865936358894107 0.06666666666666667
1 0.9021909233176839 0.6449074074074074 0.024517475221700575 0.06388888888888888
1 0.1387584767866458 0.649074074074074 0.022952529994783515 0.040740740740740744
1 0.0782472613458529 0.7620370370370371 0.0297339593114241 0.06851851851851852
1 0.12023995826812728 0.03009259259259259 0.041731872717788214 0.05740740740740741
1 0.08789775691184142 0.7824074074074074 0.026604068857589983 0.05462962962962963
1 0.23448095983307252 0.8037037037037037 0.02190923317683881 0.06296296296296296
1 0.7399582681272822 0.6486111111111111 0.029212310902451747 0.08148148148148149
1 0.9264475743348983 0.6986111111111111 0.02608242044861763 0.058333333333333334
1 0.5826812728221179 0.711574074074074 0.02190923317683881 0.08703703703703704
0 0.023474178403755867 0.4300925925925926 0.04277516953573292 0.04259259259259259
1 0.7923839332290037 0.7032407407407407 0.030777256129368807 0.06388888888888888
1 0.260302556077204 0.6976851851851852 0.02608242044861763 0.06388888888888888
0 0.9739175795513824 0.5462962962962963 0.046426708398539386 0.044444444444444446
1 0.22065727699530516 0.7342592592592593 0.027125717266562335 0.0787037037037037
1 0.2378716744913928 0.5675925925925925 0.022430881585811163 0.0712962962962963
1 0.26943140323422016 0.7712962962962963 0.02190923317683881 0.075
1 0.9439227960354721 0.6532407407407408 0.0198226395409494 0.05277777777777778
1 0.26473656755346897 0.16111111111111112 0.038601982263954095 0.05648148148148148
1 0.7905581637976005 0.6472222222222223 0.02608242044861763 0.06111111111111111
1 0.9358372456964006 0.6152777777777778 0.0297339593114241 0.06851851851851852
0 0.17031820552947313 0.40925925925925927 0.05268648930620762 0.04814814814814815
1 0.036515388628064686 0.7939814814814815 0.023995826812728223 0.06759259259259259
1 0.24960876369327073 0.11296296296296296 0.036515388628064686 0.05555555555555555
1 0.3268127282211789 0.21157407407407408 0.02138758476786646 0.058333333333333334
1 0.7696922274387064 0.03981481481481482 0.040166927490871154 0.06111111111111111