0 0.76904296875 0.4214409722222222 0.046630859375 0.046223958333333336
0 0.20166015625 0.3350694444444444 0.0482177734375 0.04367404513888889
0 0.9638671875 0.5256076388888888 0.049224853515625 0.040228949652777776
0 0.8212890625 0.3563368055555556 0.047943115234375 0.045708550347222224
0 0.15283203125 0.4186197916666667 0.05072021484375 0.03895399305555555
0 0.345458984375 0.6657986111111112 0.055938720703125 0.045708550347222224
0 0.1995849609375 0.6085069444444444 0.051361083984375 0.04416232638888889
0 0.349853515625 0.5525173611111112 0.053497314453125 0.04391818576388889
0 0.9501953125 0.5950520833333334 0.05072021484375 0.04275173611111111
0 0.03582763671875 0.3359375 0.047515869140625 0.04163953993055555
0 0.1063232421875 0.5342881944444444 0.0517578125 0.04587131076388889
0 0.499267578125 0.5290798611111112 0.05059814453125 0.043267144097222224
0 0.1007080078125 0.4717881944444444 0.05059814453125 0.04139539930555555
0 0.55126953125 0.4552951388888889 0.045257568359375 0.04641384548611111
0 0.04193115234375 0.4012586805555556 0.04913330078125 0.041558159722222224
0 0.765625 0.5876736111111112 0.04534912109375 0.0627170138888889
0 0.3447265625 0.412109375 0.039337158203125 0.041558159722222224
0 0.1451416015625 0.6779513888888888 0.054901123046875 0.047037760416666664
0 0.8916015625 0.3420138888888889 0.0455322265625 0.042670355902777776
0 0.94677734375 0.4344618055555556 0.041534423828125 0.047661675347222224
0 0.556640625 0.1584201388888889 0.01898193359375 0.05588107638888889