0 0.7828125 0.6375 0.04635416666666667 0.04537037037037037
0 0.15130208333333334 0.4125 0.052083333333333336 0.05
0 0.5057291666666667 0.6708333333333333 0.044270833333333336 0.044444444444444446
0 0.69609375 0.6143518518518518 0.04791666666666667 0.04814814814814815
0 0.13333333333333333 0.5981481481481481 0.04635416666666667 0.04537037037037037
0 0.35052083333333334 0.5625 0.0421875 0.062037037037037036
0 0.896875 0.6259259259259259 0.0515625 0.037037037037037035
0 0.33645833333333336 0.38472222222222224 0.04375 0.06388888888888888
0 0.7864583333333334 0.7046296296296296 0.04114583333333333 0.037037037037037035
1 0.24557291666666667 0.6912037037037037 0.0234375 0.09259259259259259
0 0.45364583333333336 0.6060185185185185 0.04479166666666667 0.05555555555555555
0 0.49947916666666664 0.3587962962962963 0.044270833333333336 0.06759259259259259
0 0.12265625 0.32407407407407407 0.0359375 0.05925925925925926
0 0.08359375 0.4828703703703704 0.0484375 0.05185185185185185
0 0.18072916666666666 0.524074074074074 0.04583333333333333 0.044444444444444446
0 0.70390625 0.48703703703703705 0.044270833333333336 0.06296296296296296
0 0.76953125 0.39444444444444443 0.051041666666666666 0.044444444444444446