0 0.6958333333333333 0.5625 0.049479166666666664 0.04351851851851852
0 0.6317708333333333 0.5115740740740741 0.044270833333333336 0.046296296296296294
0 0.3385416666666667 0.3990740740740741 0.0484375 0.06574074074074074
0 0.10572916666666667 0.38935185185185184 0.04791666666666667 0.06666666666666667
0 0.5380208333333333 0.5388888888888889 0.046875 0.04537037037037037
1 0.671875 0.7134259259259259 0.0234375 0.06759259259259259
0 0.5518229166666667 0.6425925925925926 0.0234375 0.06666666666666667
0 0.15598958333333332 0.5944444444444444 0.05260416666666667 0.05092592592592592
0 0.79921875 0.34444444444444444 0.053125 0.03796296296296296
0 0.5765625 0.35 0.05 0.04351851851851852
0 0.93203125 0.6101851851851852 0.034375 0.05648148148148148
0 0.06692708333333333 0.6388888888888888 0.04791666666666667 0.04814814814814815
0 0.36666666666666664 0.5824074074074074 0.03958333333333333 0.06666666666666667
0 0.6114583333333333 0.43425925925925923 0.04583333333333333 0.05185185185185185
0 0.19895833333333332 0.7217592592592592 0.0265625 0.04814814814814815
1 0.6721354166666667 0.6800925925925926 0.024479166666666666 0.06574074074074074