0 0.10485133020344288 0.65 0.05216484089723526 0.05
1 0.6546687532603026 0.40694444444444444 0.0297339593114241 0.06944444444444445
1 0.13771517996870108 0.3912037037037037 0.0297339593114241 0.08055555555555556
0 0.1254564423578508 0.5925925925925926 0.0505998956703182 0.046296296296296294
1 0.15232133541992696 0.4726851851851852 0.03234220135628586 0.062037037037037036
0 0.9413145539906104 0.6212962962962963 0.044861763171622326 0.06296296296296296
1 0.7003129890453834 0.3162037037037037 0.024517475221700575 0.06666666666666667
1 0.5352112676056338 0.3143518518518518 0.01773604590505999 0.06574074074074074
0 0.576943140323422 0.5916666666666667 0.037037037037037035 0.06666666666666667
1 0.20213875847678664 0.43425925925925923 0.03182055294731351 0.062037037037037036
0 0.42566510172143973 0.5800925925925926 0.030777256129368807 0.06666666666666667
0 0.7670839853938446 0.5231481481481481 0.051643192488262914 0.046296296296296294
1 0.8234220135628586 0.9532407407407407 0.037037037037037035 0.06388888888888888
1 0.3797600417318727 0.7865740740740741 0.03129890453834116 0.05648148148148148
1 0.3448095983307251 0.2074074074074074 0.018257694314032343 0.07777777777777778
0 0.7475221700573813 0.6615740740740741 0.0505998956703182 0.062037037037037036
1 0.7832550860719875 0.38935185185185184 0.037037037037037035 0.06296296296296296
1 0.46531038080333853 0.30648148148148147 0.02608242044861763 0.0712962962962963
1 0.3711528429838289 0.2949074074074074 0.02608242044861763 0.05555555555555555
1 0.6614501825769431 0.3384259259259259 0.020865936358894107 0.06574074074074074
1 0.3302034428794992 0.36018518518518516 0.024517475221700575 0.06481481481481481
1 0.09963484611371935 0.3199074074074074 0.03129890453834116 0.06481481481481481
1 0.9076682316118936 0.3296296296296296 0.029212310902451747 0.06018518518518518
1 0.29577464788732394 0.3055555555555556 0.023995826812728223 0.06388888888888888
1 0.8562858633281168 0.2490740740740741 0.017214397496087636 0.06296296296296296
1 0.27047470005216484 0.1912037037037037 0.02556077203964528 0.058333333333333334
1 0.3808033385498174 0.38564814814814813 0.015127803860198226 0.028703703703703703
1 0.433489827856025 0.33564814814814814 0.026604068857589983 0.06018518518518518
1 0.07433489827856025 0.20925925925925926 0.02556077203964528 0.062037037037037036
1 0.310641627543036 0.836574074074074 0.03234220135628586 0.053703703703703705
0 0.2733437663015128 0.587037037037037 0.036515388628064686 0.04722222222222222
0 0.3510693792383933 0.6425925925925926 0.046948356807511735 0.04722222222222222
1 0.4154929577464789 0.2689814814814815 0.019300991131977047 0.05277777777777778
1 0.03912363067292645 0.399537037037037 0.03182055294731351 0.06388888888888888
1 0.7597809076682316 0.2791666666666667 0.023995826812728223 0.06851851851851852
1 0.30412102243088157 0.22453703703703703 0.018779342723004695 0.07037037037037037
1 0.4692227438706312 0.9402777777777778 0.03286384976525822 0.053703703703703705
0 0.2553468961919666 0.5226851851851851 0.03390714658320292 0.058333333333333334
1 0.4590505998956703 0.37175925925925923 0.02608242044861763 0.0712962962962963
1 0.5031298904538342 0.37037037037037035 0.025039123630672927 0.06851851851851852
1 0.8288993218570684 0.3490740740740741 0.03442879499217527 0.0712962962962963
1 0.3886280646844027 0.33935185185185185 0.0198226395409494 0.06388888888888888
1 0.8320292123109024 0.287962962962963 0.02608242044861763 0.06666666666666667
0 0.7519561815336463 0.48657407407407405 0.04747000521648409 0.05555555555555555
1 0.8951486697965572 0.2986111111111111 0.025039123630672927 0.06851851851851852
1 0.2569118414188837 0.26064814814814813 0.026604068857589983 0.07592592592592592
1 0.9783515910276473 0.38055555555555554 0.028690662493479395 0.06759259259259259
1 0.1254564423578508 0.20601851851851852 0.0198226395409494 0.05185185185185185
1 0.29447052686489306 0.8810185185185185 0.03495044340114763 0.05740740740740741
1 0.8098591549295775 0.26435185185185184 0.02138758476786646 0.06574074074074074
1 0.9627021387584768 0.29907407407407405 0.02556077203964528 0.05
1 0.9282733437663016 0.3055555555555556 0.03025560772039645 0.06018518518518518
0 0.037037037037037035 0.586574074074074 0.050078247261345854 0.05555555555555555
1 0.11580594679186229 0.23055555555555557 0.022430881585811163 0.06759259259259259
1 0.3145539906103286 0.9194444444444444 0.030777256129368807 0.05462962962962963
1 0.9415753781950965 0.35509259259259257 0.02764736567553469 0.06111111111111111
1 0.7769953051643192 0.3453703703703704 0.03234220135628586 0.06666666666666667
1 0.7832550860719875 0.3402777777777778 0.015127803860198226 0.030555555555555555
1 0.17683881064162754 0.3527777777777778 0.022952529994783515 0.03518518518518519
1 0.18022952529994785 0.9597222222222223 0.038601982263954095 0.07037037037037037
1 0.2827334376630151 0.43472222222222223 0.014084507042253521 0.05925925925925926
1 0.2908189880020866 0.39814814814814814 0.018779342723004695 0.058333333333333334
1 0.12206572769953052 0.49675925925925923 0.015127803860198226 0.08055555555555556
1 0.10302556077203964 0.10925925925925926 0.02190923317683881 0.07222222222222222