0 0.28046875 0.4638888888888889 0.0390625 0.05648148148148148
0 0.6283854166666667 0.31527777777777777 0.04375 0.044444444444444446
0 0.8989583333333333 0.5634259259259259 0.051041666666666666 0.044444444444444446
0 0.5369791666666667 0.41944444444444445 0.04739583333333333 0.04351851851851852
0 0.14479166666666668 0.4708333333333333 0.04635416666666667 0.05462962962962963
0 0.16614583333333333 0.28379629629629627 0.040625 0.05462962962962963
0 0.17864583333333334 0.5944444444444444 0.046875 0.06574074074074074
0 0.26119791666666664 0.3458333333333333 0.0421875 0.053703703703703705
0 0.7416666666666667 0.5666666666666667 0.049479166666666664 0.05
0 0.87734375 0.41805555555555557 0.046875 0.05277777777777778
0 0.8325520833333333 0.3398148148148148 0.041666666666666664 0.058333333333333334
0 0.2942708333333333 0.5513888888888889 0.052083333333333336 0.05