1 0.7763671875 0.647857666015625 0.0214080810546875 0.05817718505859375
0 0.8154296875 0.558587646484375 0.05560302734375 0.05105400085449219
1 0.705078125 0.4270660400390625 0.02838134765625 0.0656524658203125
1 0.8115234375 0.2636932373046875 0.0265045166015625 0.05953140258789062
0 0.9609375 0.703759765625 0.061431884765625 0.0461517333984375
0 0.61865234375 0.499652099609375 0.027435302734375 0.06359405517578125
1 0.1246337890625 0.3733306884765625 0.0313720703125 0.068902587890625
1 0.7958984375 0.4279327392578125 0.033538818359375 0.06548995971679687
1 0.94287109375 0.399114990234375 0.028656005859375 0.06662750244140625
1 0.80908203125 0.495318603515625 0.03192138671875 0.0606689453125
1 0.8427734375 0.6604248046875 0.035491943359375 0.07740707397460937
1 0.9697265625 0.3403961181640625 0.0310821533203125 0.057635498046875
1 0.4033203125 0.4006317138671875 0.0252227783203125 0.0613189697265625
0 0.890625 0.574188232421875 0.030670166015625 0.04607048034667969
1 0.468994140625 0.939501953125 0.033660888671875 0.05232696533203125
1 0.60791015625 0.3629302978515625 0.03216552734375 0.08672409057617188
0 0.89501953125 0.629656982421875 0.030731201171875 0.048399734497070315
1 0.4814453125 0.28861083984375 0.02691650390625 0.06099395751953125
1 0.85595703125 0.470184326171875 0.039642333984375 0.0572021484375
1 0.65673828125 0.3763641357421875 0.0231475830078125 0.05465621948242187
0 0.9345703125 0.57635498046875 0.046539306640625 0.04777679443359375
1 0.75146484375 0.3382293701171875 0.0220794677734375 0.06418991088867188
1 0.70361328125 0.2649932861328125 0.02630615234375 0.06272735595703124
1 0.9697265625 0.2827606201171875 0.03448486328125 0.06381072998046874
1 0.25537109375 0.8129638671875 0.036712646484375 0.05546875
1 0.947265625 0.214508056640625 0.022674560546875 0.05517082214355469
1 0.85986328125 0.3276123046875 0.03277587890625 0.06321487426757813
0 0.87353515625 0.526953125 0.038330078125 0.0457183837890625
1 0.9794921875 0.2212249755859375 0.0289764404296875 0.06624832153320312
1 0.8994140625 0.471051025390625 0.0345458984375 0.060506439208984374
1 0.6943359375 0.352313232421875 0.0207977294921875 0.054439544677734375
1 0.1751708984375 0.304644775390625 0.03326416015625 0.06451492309570313
1 0.78759765625 0.227508544921875 0.0219879150390625 0.044607925415039065
1 0.08050537109375 0.840264892578125 0.036834716796875 0.05414161682128906
1 0.87841796875 0.37701416015625 0.0295867919921875 0.0591522216796875
1 0.87841796875 0.19208221435546874 0.0229339599609375 0.0569854736328125
1 0.7578125 0.85196533203125 0.02423095703125 0.06169815063476562
1 0.6005859375 0.707659912109375 0.0241851806640625 0.06576080322265625
1 0.93408203125 0.3633636474609375 0.0225830078125 0.0613189697265625
1 0.319091796875 0.3746307373046875 0.0236053466796875 0.0686859130859375
1 0.9072265625 0.42728271484375 0.028594970703125 0.06516494750976562
1 0.80712890625 0.15373077392578124 0.021820068359375 0.06527328491210938
1 0.60791015625 0.67169189453125 0.0194549560546875 0.05839385986328125
1 0.82421875 0.3689971923828125 0.0282135009765625 0.08092803955078125
1 0.7470703125 0.2870941162109375 0.0199432373046875 0.05476455688476563
1 0.951171875 0.05517082214355469 0.0167236328125 0.07101516723632813
1 0.264404296875 0.1995574951171875 0.0184326171875 0.05403327941894531
1 0.91162109375 0.31201171875 0.02056884765625 0.06169815063476562
1 0.841796875 0.21244964599609376 0.0191192626953125 0.047858047485351565
1 0.66015625 0.4114654541015625 0.02484130859375 0.061102294921875
1 0.8408203125 0.30074462890625 0.021820068359375 0.0572021484375
1 0.19677734375 0.620123291015625 0.0254669189453125 0.0639190673828125
1 0.04803466796875 0.3507965087890625 0.03704833984375 0.0647857666015625
1 0.0966796875 0.2225250244140625 0.0294189453125 0.07020263671875
1 0.94384765625 0.16543121337890626 0.0233306884765625 0.06635665893554688
1 0.662109375 0.210174560546875 0.0251312255859375 0.06538162231445313
1 0.94091796875 0.775262451171875 0.04248046875 0.06727752685546876
1 0.442626953125 0.258709716796875 0.0239105224609375 0.05105400085449219
1 0.1904296875 0.1722564697265625 0.02630615234375 0.06662750244140625
1 0.286376953125 0.320245361328125 0.027374267578125 0.05904388427734375
1 0.45849609375 0.862799072265625 0.0192413330078125 0.05633544921875
1 0.8330078125 0.630523681640625 0.026153564453125 0.05465621948242187
1 0.04986572265625 0.66302490234375 0.0309600830078125 0.06576080322265625
1 0.64208984375 0.2853607177734375 0.0287017822265625 0.04942893981933594
0 0.90380859375 0.89876708984375 0.061767578125 0.050078964233398436
1 0.515625 0.3070281982421875 0.0240020751953125 0.03994941711425781
1 0.82275390625 0.32327880859375 0.0228424072265625 0.0587188720703125
1 0.3115234375 0.272576904296875 0.0254669189453125 0.06381072998046874
1 0.59765625 0.9689697265625 0.03277587890625 0.054439544677734375
1 0.426025390625 0.3273956298828125 0.0284881591796875 0.04886016845703125
1 0.229248046875 0.17073974609375 0.0254669189453125 0.0513519287109375
1 0.86767578125 0.4339996337890625 0.024932861328125 0.0452850341796875
1 0.38427734375 0.2548095703125 0.030731201171875 0.06576080322265625
1 0.68505859375 0.084503173828125 0.018585205078125 0.07946548461914063
1 0.71875 0.21894989013671876 0.021697998046875 0.06402740478515626
1 0.8798828125 0.2875274658203125 0.022247314453125 0.06451492309570313
1 0.6005859375 0.230975341796875 0.025665283203125 0.0816864013671875
1 0.2418212890625 0.229241943359375 0.024139404296875 0.06332321166992187
1 0.0115966796875 0.2090911865234375 0.023101806640625 0.0561187744140625
0 0.96826171875 0.08786163330078126 0.03173828125 0.06603164672851562
1 0.355712890625 0.3588134765625 0.0289306640625 0.057635498046875
1 0.5986328125 0.15654754638671875 0.0253753662109375 0.07166519165039062
1 0.438720703125 0.4092987060546875 0.020843505859375 0.03247413635253906
1 0.61767578125 0.09170761108398437 0.01214599609375 0.07020263671875
1 0.2783203125 0.647857666015625 0.0230712890625 0.06142730712890625
1 0.269287109375 0.256976318359375 0.0205230712890625 0.05476455688476563