0 0.3581533646322379 0.5434166666666667 0.05380281690140845 0.044444444444444446
1 0.6064475743348983 0.7804629629629629 0.016984872196139804 0.051240740740740746
1 0.9379864371413666 0.3869814814814815 0.025039123630672927 0.0642962962962963
1 0.5346687532603026 0.7722314814814815 0.020067814293166404 0.061314814814814815
1 0.8432603025560772 0.5529537037037038 0.03384454877412624 0.060287037037037035
1 0.5502921231090245 0.644824074074074 0.017303077725612938 0.06467592592592591
0 0.5991236306729264 0.5941203703703704 0.046384976525821596 0.05362962962962963
0 0.7631820552947314 0.5806851851851852 0.058351591027647365 0.049805555555555554
0 0.9667709963484611 0.612175925925926 0.0642566510172144 0.05538888888888889
1 0.838377673448096 0.8476296296296297 0.03833072509128847 0.05963888888888889
1 0.7539071465832029 0.7241296296296296 0.02508607198748044 0.05232407407407407
1 0.6904277516953573 0.7050555555555555 0.02076682316118936 0.05436111111111111
1 0.40112154407929057 0.3029074074074074 0.020688575899843503 0.07334259259259258
1 0.10229525299947835 0.6313888888888889 0.03747522170057382 0.06180555555555556
0 0.9335941575378195 0.5850185185185186 0.0581377151799687 0.04212037037037037
1 0.25805425143453314 0.2940277777777778 0.027329160146061553 0.07101851851851852
1 0.5136724047991654 0.26390740740740737 0.018721961398017736 0.063
0 0.23132498695878978 0.505287037037037 0.05166405842462181 0.04165740740740741
1 0.749509650495566 0.4701851851851852 0.029311424100156493 0.06202777777777777
1 0.28417840375586856 0.6001851851851853 0.023239436619718307 0.05942592592592593
0 0.6440427751695358 0.5529537037037038 0.03366197183098592 0.060509259259259256
1 0.30932707355242567 0.3503611111111111 0.028487219613980177 0.06917592592592592
0 0.7260719874804382 0.6404907407407407 0.04904016692749087 0.0457962962962963
1 0.5878977569118414 0.68775 0.04114762649973917 0.07931481481481481
1 0.9775378195096506 0.8996296296296297 0.04083463745435576 0.05752777777777778
1 0.15722483046426708 0.22089814814814815 0.022582159624413144 0.05839814814814815
1 0.19763171622326553 0.1887222222222222 0.02665623369848722 0.05687962962962963
0 0.5131820552947314 0.5499166666666666 0.04690662493479395 0.045287037037037035
1 0.6103495044340115 0.37289814814814815 0.024381846635367764 0.05465740740740741
1 0.7192383933229004 0.2485277777777778 0.024047991653625457 0.043527777777777776
1 0.2773448095983307 0.6283611111111111 0.02556077203964528 0.05633333333333334
1 0.09320292123109024 0.22555555555555554 0.022201356285863328 0.05963888888888889
1 0.7543922796035473 0.903962962962963 0.03698487219613981 0.062129629629629625
1 0.6806624934793949 0.3911018518518518 0.021653625456442355 0.0676574074074074
1 0.6201147626499739 0.3176481481481481 0.023192488262910798 0.065
1 0.9296870109546166 0.19814814814814816 0.02859676577986437 0.09274074074074073
1 0.9218727177882108 0.36748148148148146 0.031434533124673966 0.06478703703703703
1 0.8569327073552425 0.41060185185185183 0.031737089201877934 0.04116666666666667
1 0.23754825247782993 0.22013888888888888 0.019426186750130414 0.06955555555555556
0 0.9809546165884194 0.2714907407407407 0.02854981742305686 0.06191666666666667
1 0.3066405842462181 0.23097222222222222 0.029540949400104332 0.07047222222222223
1 0.12756390193009912 0.352962962962963 0.02513302034428795 0.055574074074074074
1 0.06439227960354721 0.3256666666666667 0.02721961398017736 0.054435185185185184
1 0.9365258215962441 0.695962962962963 0.02914449660928534 0.07583333333333334
0 0.2792957746478873 0.45025 0.049775691184141886 0.05362962962962963
1 0.5058581116327595 0.6916296296296297 0.03102243088158581 0.050083333333333334
1 0.4575169535732916 0.2771296296296296 0.021486697965571205 0.054768518518518515
1 0.6791966614501825 0.2565462962962963 0.024047991653625457 0.05362962962962963
1 0.4853521126760563 0.9213055555555556 0.027433489827856025 0.06121296296296296
1 0.8447261345852894 0.9507685185185184 0.032775169535732916 0.05720370370370371
1 0.5795878977569118 0.3308611111111111 0.024611371935315596 0.06982407407407407
1 0.33569118414188837 0.30377777777777776 0.018904538341158062 0.05774074074074074
1 0.8403338549817423 0.2558888888888889 0.019530516431924883 0.06007407407407407
1 0.12200834637454355 0.2760462962962963 0.023072509128847157 0.057962962962962966
1 0.5512676056338028 0.38460185185185186 0.023912363067292646 0.04634259259259259
1 0.2028794992175274 0.2706296296296296 0.024047991653625457 0.06933333333333333
1 0.16760041731872719 0.9784999999999999 0.029207094418362025 0.04140740740740741
1 0.24206572769953053 0.17875925925925926 0.02276473656755347 0.06191666666666667
1 0.9775378195096506 0.17908333333333332 0.026917057902973395 0.06169444444444444
1 0.6308607198748043 0.2314074074074074 0.022462180490349506 0.0734537037037037
1 0.9375013041210225 0.2665092592592592 0.03320292123109025 0.07036111111111111
1 0.4484872196139802 0.3995462962962963 0.025419926969222743 0.06202777777777777
1 0.06829942618675014 0.22837962962962963 0.03167970787689097 0.06906481481481481
1 0.5981429316640585 0.23313888888888887 0.021773604590506 0.07334259259259258
1 0.7514658320292122 0.3065925925925926 0.024934793948878455 0.08417592592592592
1 0.6499008868022952 0.2909907407407407 0.021773604590506 0.06077777777777778
1 0.6098643714136671 0.8523981481481482 0.019055816379760043 0.0661388888888889
1 0.8828116849243609 0.3585925925925926 0.0207981220657277 0.06662962962962962
1 0.7509754825247782 0.7882592592592593 0.02566510172143975 0.06662962962962962
1 0.898925404277517 0.3373611111111111 0.02513302034428795 0.04236111111111111
1 0.05071987480438185 0.19814814814814816 0.019499217527386543 0.06549074074074074
1 0.48730307772561293 0.640925925925926 0.017777777777777778 0.06451851851851853
1 0.47851330203442877 0.9741666666666666 0.02758998435054773 0.047935185185185185
1 0.8247052686489307 0.44310185185185186 0.02914449660928534 0.06689814814814815
1 0.22265519040166926 0.35383333333333333 0.02752738654147105 0.04260185185185185
1 0.8369118414188836 0.14213888888888887 0.023729786124152323 0.06749074074074074
1 0.8403338549817423 0.5148148148148148 0.018341158059467916 0.032907407407407406
1 0.3598643714136672 0.23205555555555557 0.025372978612415234 0.04133333333333333
1 0.8261711006781429 0.3711666666666667 0.02284298382889932 0.051916666666666667
1 0.7270526864893062 0.15318518518518517 0.025513823682837767 0.06239814814814815
1 0.2065414710485133 0.17290740740740743 0.021528429838288995 0.056768518518518524
1 0.7602556077203965 0.21342592592592594 0.018236828377673448 0.061314814814814815
1 0.021288471570161713 0.24505555555555558 0.026458007303077725 0.07524074074074075
1 0.6030255607720396 0.09441666666666666 0.023145539906103286 0.07275
1 0.3151851851851852 0.19370370370370368 0.01837245696400626 0.0470462962962963
1 0.48730307772561293 0.5841574074074074 0.01577986437141367 0.04309259259259259
1 0.5180646844027126 0.06202777777777777 0.01738132498695879 0.06700925925925927
1 0.6528325508607199 0.3191574074074074 0.021987480438184662 0.05893518518518518
1 0.6196296296296296 0.3997685185185185 0.023422013562858633 0.06018518518518518
1 0.8344705268648931 0.29857407407407405 0.019118414188836724 0.05612037037037037
1 0.987527386541471 0.9455648148148148 0.02494001043296818 0.052925925925925925
1 0.02526864893062076 0.7436296296296296 0.030912884715701618 0.04572222222222223
0 0.2709963484611372 0.27409259259259255 0.044434011476265 0.039324074074074074
1 0.46704225352112677 0.2643425925925926 0.017991653625456443 0.05018518518518519
1 0.899415753781951 0.9698333333333334 0.03607198748043819 0.05633333333333334
1 0.7832029212310903 0.20941666666666667 0.020448617631716223 0.06239814814814815
1 0.5185550339071466 0.7180648148148148 0.024428794992175273 0.04777777777777778