1 0.9509650495565989 0.37916666666666665 0.028169014084507043 0.06388888888888888
1 0.16171100678142933 0.2773148148148148 0.03182055294731351 0.08888888888888889
0 0.7556077203964527 0.7703703703703704 0.05372978612415232 0.04259259259259259
1 0.7676056338028169 0.3388888888888889 0.040166927490871154 0.0824074074074074
1 0.7835159102764736 0.2671296296296296 0.029212310902451747 0.044444444444444446
0 0.7936880542514345 0.5101851851851852 0.05216484089723526 0.05
1 0.22274387063119458 0.2412037037037037 0.03025560772039645 0.04722222222222222
0 0.41497130933750653 0.4546296296296296 0.048513302034428794 0.04814814814814815
1 0.28038601982263955 0.3125 0.0198226395409494 0.07037037037037037
1 0.9540949400104329 0.2675925925925926 0.03286384976525822 0.06481481481481481
0 0.8896713615023474 0.7833333333333333 0.056338028169014086 0.06111111111111111
0 0.5346896191966615 0.587037037037037 0.054773082942097026 0.049074074074074076
1 0.983828899321857 0.3435185185185185 0.03234220135628586 0.07037037037037037
0 0.4809598330725091 0.5087962962962963 0.05216484089723526 0.046296296296296294
1 0.8834115805946792 0.35833333333333334 0.030777256129368807 0.06296296296296296
1 0.7243088158581117 0.40555555555555556 0.022430881585811163 0.06388888888888888
1 0.6366718831507564 0.3199074074074074 0.018779342723004695 0.06296296296296296
1 0.08242044861763172 0.412962962962963 0.03547209181011998 0.06574074074074074
1 0.8781950965049556 0.25925925925925924 0.02764736567553469 0.06851851851851852
1 0.3988002086593636 0.15092592592592594 0.016692749087115284 0.06388888888888888
1 0.42488262910798125 0.35324074074074074 0.027125717266562335 0.06111111111111111
1 0.612415232133542 0.35 0.027125717266562335 0.06388888888888888
1 0.15779864371413668 0.36064814814814816 0.03547209181011998 0.06574074074074074
1 0.41784037558685444 0.29814814814814816 0.03025560772039645 0.05092592592592592
1 0.9282733437663016 0.34120370370370373 0.037037037037037035 0.06574074074074074
1 0.3427230046948357 0.2 0.018257694314032343 0.06666666666666667
0 0.1640584246218049 0.49722222222222223 0.03755868544600939 0.05555555555555555
1 0.5461658841940532 0.2828703703703704 0.015127803860198226 0.058333333333333334
0 0.5031298904538342 0.6555555555555556 0.054773082942097026 0.04537037037037037
0 0.48148148148148145 0.4671296296296296 0.044861763171622326 0.04537037037037037
1 0.2037037037037037 0.3611111111111111 0.028690662493479395 0.06388888888888888
1 0.4726134585289515 0.32592592592592595 0.029212310902451747 0.06388888888888888
1 0.5190401669274909 0.3111111111111111 0.027125717266562335 0.06851851851851852
1 0.39254042775169534 0.23333333333333334 0.01617110067814293 0.06574074074074074
1 0.5031298904538342 0.24583333333333332 0.02138758476786646 0.044444444444444446
1 0.8215962441314554 0.38796296296296295 0.03129890453834116 0.062037037037037036
1 0.22013562858633282 0.3282407407407407 0.024517475221700575 0.05925925925925926
0 0.4394887845592071 0.7310185185185185 0.05268648930620762 0.04814814814814815
1 0.5164319248826291 0.3787037037037037 0.020865936358894107 0.06759259259259259
1 0.051382368283776736 0.9351851851851852 0.03286384976525822 0.06296296296296296
1 0.08450704225352113 0.24305555555555555 0.03286384976525822 0.06759259259259259
1 0.5594679186228482 0.3435185185185185 0.02556077203964528 0.06666666666666667
1 0.36280646844027126 0.4166666666666667 0.023474178403755867 0.06944444444444445
1 0.701095461658842 0.29953703703703705 0.019300991131977047 0.07037037037037037
1 0.730829420970266 0.28379629629629627 0.02190923317683881 0.05740740740740741
1 0.08059467918622848 0.3055555555555556 0.030777256129368807 0.06666666666666667
1 0.9019300991131977 0.28888888888888886 0.023474178403755867 0.058333333333333334
0 0.6601460615545123 0.6041666666666666 0.05529473135106938 0.046296296296296294
0 0.8393322900365154 0.6125 0.04590505998956703 0.05462962962962963
1 0.24074074074074073 0.39814814814814814 0.027125717266562335 0.09444444444444444
1 0.04251434533124674 0.25972222222222224 0.03182055294731351 0.06111111111111111
1 0.9136671883150757 0.2574074074074074 0.020865936358894107 0.041666666666666664
1 0.4603547209181012 0.22083333333333333 0.01564945226917058 0.05740740740740741
1 0.20031298904538342 0.9518518518518518 0.02764736567553469 0.05462962962962963
0 0.37063119457485655 0.6046296296296296 0.04590505998956703 0.06574074074074074
1 0.054773082942097026 0.862037037037037 0.03599374021909233 0.05462962962962963
1 0.0912884715701617 0.7754629629629629 0.03442879499217527 0.05185185185185185
1 0.5182576943140323 0.9699074074074074 0.03129890453834116 0.05462962962962963
1 0.016692749087115284 0.44166666666666665 0.03338549817423057 0.09166666666666666
1 0.103547209181012 0.10694444444444444 0.022430881585811163 0.06759259259259259
1 0.030777256129368807 0.8944444444444445 0.03390714658320292 0.05555555555555555
0 0.1651017214397496 0.6837962962962963 0.0605112154407929 0.07037037037037037
1 0.17031820552947313 0.5504629629629629 0.03234220135628586 0.062037037037037036
1 0.14684402712571726 0.19166666666666668 0.01564945226917058 0.037037037037037035