0 0.1304931640625 0.7782118055555556 0.059112548828125 0.04039171006944445
0 0.69140625 0.3873697916666667 0.04248046875 0.07508680555555555
0 0.1033935546875 0.5538194444444444 0.055938720703125 0.040690104166666664
0 0.7841796875 0.4605034722222222 0.051666259765625 0.0478515625
0 0.26123046875 0.6519097222222222 0.045196533203125 0.06673177083333333
0 0.461181640625 0.330078125 0.043212890625 0.04359266493055555
0 0.8544921875 0.4084201388888889 0.0472412109375 0.042670355902777776
0 0.8740234375 0.5911458333333334 0.05645751953125 0.04812282986111111
0 0.4296875 0.44921875 0.047943115234375 0.04031032986111111
0 0.1287841796875 0.8272569444444444 0.0604248046875 0.061089409722222224
0 0.5947265625 0.8068576388888888 0.044677734375 0.057183159722222224
0 0.53271484375 0.4995659722222222 0.043365478515625 0.059516059027777776
0 0.71826171875 0.5690104166666666 0.049957275390625 0.040608723958333336
0 0.4912109375 0.6241319444444444 0.04534912109375 0.04188368055555555
0 0.58154296875 0.4403211805555556 0.04803466796875 0.04676649305555555
0 0.10931396484375 0.2660590277777778 0.047698974609375 0.04649522569444445
0 0.01146697998046875 0.3001302083333333 0.02276611328125 0.03819444444444445