0 0.5743348982785602 0.5509259259259259 0.048513302034428794 0.062037037037037036
1 0.3161189358372457 0.8296296296296296 0.03390714658320292 0.06111111111111111
1 0.14632237871674492 0.8476851851851852 0.03547209181011998 0.058333333333333334
1 0.27595200834637457 0.6662037037037037 0.022952529994783515 0.06296296296296296
1 0.95565988523735 0.044444444444444446 0.016692749087115284 0.07037037037037037
0 0.4637454355764215 0.600925925925926 0.05425143453312467 0.044444444444444446
1 0.06651017214397496 0.2847222222222222 0.025039123630672927 0.04537037037037037
1 0.30255607720396455 0.2310185185185185 0.023474178403755867 0.07222222222222222
0 0.12597809076682315 0.4097222222222222 0.030777256129368807 0.06666666666666667
0 0.520605112154408 0.5143518518518518 0.05112154407929056 0.040740740740740744
1 0.8531559728742827 0.38472222222222224 0.03025560772039645 0.06944444444444445
1 0.6343244653103808 0.4300925925925926 0.022952529994783515 0.05277777777777778
1 0.2699530516431925 0.3611111111111111 0.02138758476786646 0.06388888888888888
0 0.2806468440271257 0.5560185185185185 0.0406885758998435 0.06296296296296296
1 0.5062597809076682 0.34305555555555556 0.0198226395409494 0.06296296296296296
1 0.513302034428795 0.6736111111111112 0.03286384976525822 0.08611111111111111
1 0.23604590505998957 0.6365740740740741 0.03390714658320292 0.06296296296296296
1 0.5761606677099634 0.2740740740740741 0.025039123630672927 0.058333333333333334
0 0.1770996348461137 0.5199074074074074 0.04903495044340115 0.07685185185185185
1 0.956964006259781 0.17685185185185184 0.0297339593114241 0.06111111111111111
1 0.04903495044340115 0.3648148148148148 0.036515388628064686 0.06944444444444445
1 0.640584246218049 0.3509259259259259 0.01773604590505999 0.06481481481481481
1 0.7183098591549296 0.1763888888888889 0.02556077203964528 0.06759259259259259
1 0.9809598330725091 0.44305555555555554 0.03442879499217527 0.06759259259259259
1 0.4019300991131977 0.39166666666666666 0.01773604590505999 0.07685185185185185
0 0.06885758998435054 0.5162037037037037 0.03286384976525822 0.05277777777777778
1 0.1356285863328117 0.7671296296296296 0.026604068857589983 0.05740740740740741
1 0.41001564945226915 0.3111111111111111 0.024517475221700575 0.05925925925925926
1 0.16379760041731872 0.23796296296296296 0.023474178403755867 0.062037037037037036
1 0.6734480959833072 0.11944444444444445 0.019300991131977047 0.06851851851851852
1 0.7955138236828377 0.14212962962962963 0.02556077203964528 0.06388888888888888
1 0.027908189880020865 0.8694444444444445 0.03234220135628586 0.05555555555555555
1 0.9457485654668754 0.3921296296296296 0.03599374021909233 0.06481481481481481
1 0.8988002086593636 0.4046296296296296 0.028169014084507043 0.0962962962962963
0 0.05086071987480438 0.45601851851851855 0.050078247261345854 0.049074074074074076
1 0.748565466875326 0.14537037037037037 0.022952529994783515 0.058333333333333334
1 0.20996348461137193 0.30277777777777776 0.026604068857589983 0.05925925925925926
1 0.45957224830464266 0.41944444444444445 0.01617110067814293 0.06018518518518518
1 0.7423056859676578 0.875 0.02190923317683881 0.05925925925925926
0 0.2749087115284298 0.46805555555555556 0.05372978612415232 0.04351851851851852
1 0.5732916014606155 0.41435185185185186 0.03234220135628586 0.04537037037037037
1 0.6807511737089202 0.29953703703703705 0.020865936358894107 0.06481481481481481
1 0.04929577464788732 0.7541666666666667 0.02608242044861763 0.06111111111111111
1 0.9624413145539906 0.34074074074074073 0.024517475221700575 0.05925925925925926
1 0.7764736567553469 0.20416666666666666 0.02556077203964528 0.06759259259259259
1 0.3002086593635889 0.14537037037037037 0.023474178403755867 0.06944444444444445
1 0.1090245174752217 0.31666666666666665 0.030777256129368807 0.058333333333333334
1 0.7383933229003652 0.9662037037037037 0.02138758476786646 0.05555555555555555
1 0.9087115284298383 0.15046296296296297 0.026604068857589983 0.062037037037037036
1 0.6064162754303599 0.30787037037037035 0.02138758476786646 0.06666666666666667
1 0.6661450182576943 0.2037037037037037 0.025039123630672927 0.06666666666666667
1 0.21413667188315075 0.6731481481481482 0.02556077203964528 0.06481481481481481
1 0.9183620239958268 0.2574074074074074 0.03182055294731351 0.05925925925925926
1 0.6270213875847679 0.24953703703703703 0.016692749087115284 0.06296296296296296
1 0.7110067814293166 0.31342592592592594 0.02764736567553469 0.05277777777777778
1 0.5967657798643714 0.2074074074074074 0.01773604590505999 0.062037037037037036
1 0.986697965571205 0.6550925925925926 0.02608242044861763 0.06388888888888888
1 0.5644235785080856 0.36203703703703705 0.02138758476786646 0.06018518518518518
1 0.08450704225352113 0.35 0.027125717266562335 0.062037037037037036
1 0.2746478873239437 0.18564814814814815 0.014606155451225874 0.053703703703703705
1 0.504434011476265 0.2662037037037037 0.022952529994783515 0.06666666666666667
1 0.17788210745957225 0.8300925925925926 0.030777256129368807 0.05
1 0.029473135106937925 0.20324074074074075 0.027125717266562335 0.06388888888888888
1 0.8526343244653104 0.29305555555555557 0.028690662493479395 0.049074074074074076
1 0.8912363067292645 0.2199074074074074 0.03129890453834116 0.06111111111111111
1 0.6596244131455399 0.39305555555555555 0.030777256129368807 0.053703703703703705
1 0.2540427751695357 0.26666666666666666 0.02034428794992175 0.05555555555555555
1 0.18883672404799165 0.19722222222222222 0.022952529994783515 0.07314814814814814
1 0.5508607198748043 0.19722222222222222 0.01773604590505999 0.06296296296296296
1 0.8779342723004695 0.6837962962962963 0.03286384976525822 0.09166666666666666
1 0.46765779864371415 0.27037037037037037 0.028690662493479395 0.06481481481481481
1 0.9780907668231612 0.2388888888888889 0.025039123630672927 0.05185185185185185
1 0.45644235785080856 0.2152777777777778 0.01773604590505999 0.06018518518518518
1 0.6439749608763693 0.27546296296296297 0.029212310902451747 0.06111111111111111
1 0.8051643192488263 0.24537037037037038 0.029212310902451747 0.06666666666666667
1 0.8667188315075639 0.12962962962962962 0.016692749087115284 0.06388888888888888
1 0.1950965049556599 0.13796296296296295 0.011997913406364111 0.044444444444444446
1 0.09676577986437142 0.2518518518518518 0.03286384976525822 0.05185185185185185
1 0.9882629107981221 0.836574074074074 0.023474178403755867 0.08981481481481482
1 0.8539384454877412 0.20925925925925926 0.0198226395409494 0.041666666666666664
1 0.8555033907146583 0.25046296296296294 0.03234220135628586 0.04259259259259259
1 0.09963484611371935 0.19305555555555556 0.018779342723004695 0.03425925925925926
1 0.15492957746478872 0.18009259259259258 0.012519561815336464 0.032407407407407406