1 0.06756591796875 0.3143951416015625 0.03302001953125 0.04436416625976562
1 0.09234619140625 0.385247802734375 0.02880859375 0.0686859130859375
1 0.634765625 0.2333587646484375 0.02801513671875 0.040870285034179686
1 0.42919921875 0.4071319580078125 0.02056884765625 0.0695526123046875
1 0.12286376953125 0.355780029296875 0.0295867919921875 0.06169815063476562
0 0.08416748046875 0.4905517578125 0.0548095703125 0.06321487426757813
1 0.29345703125 0.38394775390625 0.030731201171875 0.06429824829101563
1 0.2337646484375 0.3538299560546875 0.029205322265625 0.06240234375
1 0.07666015625 0.266943359375 0.029754638671875 0.04211616516113281
1 0.244140625 0.2645599365234375 0.0201416015625 0.06251068115234375
1 0.406494140625 0.34234619140625 0.018157958984375 0.06527328491210938
1 0.2166748046875 0.3191619873046875 0.0225067138671875 0.06251068115234375
1 0.6884765625 0.291644287109375 0.0257568359375 0.06251068115234375
1 0.685546875 0.25047607421875 0.0282135009765625 0.03743057250976563
1 0.1632080078125 0.2749603271484375 0.0294189453125 0.06917343139648438
0 0.41162109375 0.483184814453125 0.04986572265625 0.03859519958496094
1 0.57080078125 0.3785308837890625 0.01763916015625 0.06727752685546876
1 0.307861328125 0.3070281982421875 0.028656005859375 0.06776504516601563
1 0.7021484375 0.396514892578125 0.019378662109375 0.06240234375
0 0.396484375 0.52435302734375 0.050811767578125 0.043605804443359375
0 0.050140380859375 0.637457275390625 0.0504150390625 0.06251068115234375
1 0.12261962890625 0.2849273681640625 0.023651123046875 0.06527328491210938
1 0.537109375 0.3104949951171875 0.015899658203125 0.07182769775390625
0 0.1719970703125 0.4391998291015625 0.050811767578125 0.042522430419921875
1 0.60302734375 0.3692138671875 0.0252685546875 0.06879425048828125
0 0.46826171875 0.6534912109375 0.048309326171875 0.059423065185546874
1 0.2103271484375 0.2548095703125 0.0251312255859375 0.06121063232421875
1 0.78955078125 0.4305328369140625 0.0272674560546875 0.06700668334960938
1 0.70263671875 0.787396240234375 0.026763916015625 0.05644378662109375
1 0.76123046875 0.839398193359375 0.036895751953125 0.05232696533203125
1 0.7548828125 0.228375244140625 0.0210113525390625 0.0734527587890625
0 0.90234375 0.679925537109375 0.0560302734375 0.045122528076171876
1 0.67431640625 0.342779541015625 0.0199127197265625 0.06727752685546876
0 0.8154296875 0.63702392578125 0.0548095703125 0.047939300537109375
1 0.63134765625 0.3464630126953125 0.0255126953125 0.06489410400390624
1 0.806640625 0.2602264404296875 0.0217437744140625 0.08233642578125
1 0.88525390625 0.3096282958984375 0.0390625 0.04563713073730469
1 0.64013671875 0.2710601806640625 0.022369384765625 0.054547882080078124
0 0.03277587890625 0.560321044921875 0.05633544921875 0.04886016845703125
1 0.607421875 0.3068115234375 0.0236968994140625 0.06673583984375
1 0.266845703125 0.9620361328125 0.040252685546875 0.0561187744140625
1 0.78271484375 0.887066650390625 0.0274810791015625 0.05601043701171875
1 0.74267578125 0.360546875 0.0259552001953125 0.06451492309570313
1 0.94970703125 0.2411590576171875 0.0279083251953125 0.06814422607421874
1 0.229736328125 0.2097412109375 0.0182952880859375 0.04712677001953125
1 0.873046875 0.4426666259765625 0.030731201171875 0.06765670776367187
1 0.92919921875 0.47755126953125 0.035614013671875 0.06099395751953125
1 0.7607421875 0.303778076171875 0.0299835205078125 0.06440658569335937
1 0.60498046875 0.94296875 0.028106689453125 0.05322074890136719
1 0.97998046875 0.3380126953125 0.034942626953125 0.06077728271484375
1 0.759765625 0.92303466796875 0.0333251953125 0.05424995422363281
0 0.91357421875 0.5668212890625 0.0885009765625 0.078436279296875
0 0.0244293212890625 0.7193603515625 0.048583984375 0.0461517333984375
0 0.68896484375 0.630523681640625 0.050994873046875 0.05105400085449219
1 0.78515625 0.1978240966796875 0.0258026123046875 0.06381072998046874
0 0.28118548530767945 0.633123779296875 0.058055414600231496 0.061589813232421756