0 0.148681640625 0.4613715277777778 0.05126953125 0.03857421875
0 0.15478515625 0.3513454861111111 0.051361083984375 0.03770616319444445
0 0.32080078125 0.3784722222222222 0.04620361328125 0.04391818576388889
0 0.39111328125 0.4574652777777778 0.049407958984375 0.03976779513888889
0 0.431884765625 0.3875868055555556 0.0460205078125 0.040934244791666664
0 0.830078125 0.3051215277777778 0.0455322265625 0.04250759548611111
0 0.5986328125 0.3556857638888889 0.044281005859375 0.04039171006944445
0 0.2156982421875 0.5477430555555556 0.03179931640625 0.05300564236111111
0 0.68701171875 0.7994791666666666 0.050811767578125 0.05504014756944445
0 0.53515625 0.6180555555555556 0.05645751953125 0.07666015625
0 0.5712890625 0.12630208333333334 0.01678466796875 0.06380208333333333