0 0.52880859375 0.5408203125 0.0472412109375 0.04877891540527344
1 0.325927734375 0.790863037109375 0.035003662109375 0.06142730712890625
0 0.308349609375 0.55208740234375 0.04638671875 0.07426528930664063
0 0.461181640625 0.498785400390625 0.048583984375 0.040870285034179686
1 0.65771484375 0.19576568603515626 0.021697998046875 0.06359405517578125
0 0.1673583984375 0.5494873046875 0.052337646484375 0.05579376220703125
1 0.1845703125 0.86236572265625 0.03643798828125 0.0574188232421875
1 0.1214599609375 0.750994873046875 0.028167724609375 0.063702392578125
0 0.1143798828125 0.448516845703125 0.0509033203125 0.04384956359863281
1 0.451171875 0.619256591796875 0.02508544921875 0.07047348022460938
1 0.5908203125 0.4235992431640625 0.021697998046875 0.053329086303710936
1 0.72216796875 0.92476806640625 0.04052734375 0.06548995971679687
0 0.86865234375 0.555120849609375 0.057586669921875 0.04211616516113281
0 0.381103515625 0.498785400390625 0.0469970703125 0.05557708740234375
1 0.69384765625 0.19706573486328124 0.0209197998046875 0.0647857666015625
0 0.425537109375 0.56595458984375 0.04486083984375 0.0496185302734375
0 0.1728515625 0.502252197265625 0.0341796875 0.05476455688476563
1 0.62451171875 0.105303955078125 0.0164642333984375 0.06343154907226563
0 0.31103515625 0.451983642578125 0.051849365234375 0.03734931945800781
1 0.58544921875 0.334112548828125 0.023468017578125 0.059964752197265624
1 0.30322265625 0.340179443359375 0.027740478515625 0.061589813232421874
1 0.162353515625 0.70115966796875 0.0264129638671875 0.06527328491210938
1 0.44677734375 0.755328369140625 0.032958984375 0.0606689453125
1 0.830078125 0.7904296875 0.037109375 0.057635498046875
1 0.254150390625 0.2628265380859375 0.023284912109375 0.0591522216796875
1 0.0190582275390625 0.63702392578125 0.034881591796875 0.05154151916503906
1 0.330322265625 0.890966796875 0.034698486328125 0.05774383544921875
1 0.29541015625 0.673858642578125 0.02880859375 0.05517082214355469
1 0.10467529296875 0.8198974609375 0.029754638671875 0.05796051025390625
1 0.50244140625 0.2632598876953125 0.02203369140625 0.0647857666015625
1 0.970703125 0.165972900390625 0.030914306640625 0.072369384765625
1 0.14599609375 0.2212249755859375 0.0299224853515625 0.059856414794921875
1 0.92529296875 0.77569580078125 0.036712646484375 0.05731048583984375
1 0.8603515625 0.9239013671875 0.0294189453125 0.06689834594726562
1 0.53271484375 0.3312957763671875 0.01467132568359375 0.06299819946289062
1 0.59765625 0.2402923583984375 0.0215301513671875 0.05817718505859375
1 0.138427734375 0.65869140625 0.0292510986328125 0.05601043701171875
1 0.2081298828125 0.697259521484375 0.0257110595703125 0.05926055908203125
1 0.0106964111328125 0.838531494140625 0.0209197998046875 0.04766845703125
1 0.83154296875 0.738861083984375 0.033905029296875 0.0522186279296875
1 0.123046875 0.2998779296875 0.024932861328125 0.05963973999023438
1 0.9921875 0.81123046875 0.0147857666015625 0.06142730712890625
1 0.053497314453125 0.223175048828125 0.034820556640625 0.054954147338867186
1 0.73193359375 0.0953369140625 0.0163421630859375 0.06624832153320312
1 0.76513671875 0.2199249267578125 0.023956298828125 0.05546875
1 0.8955078125 0.658258056640625 0.0292510986328125 0.053924942016601564
1 0.00908660888671875 0.595855712890625 0.017181396484375 0.045203781127929686
1 0.493408203125 0.865399169921875 0.0252685546875 0.054358291625976565
1 0.34765625 0.2047576904296875 0.025665283203125 0.0574188232421875
1 0.92529296875 0.32327880859375 0.021087646484375 0.04300994873046875
1 0.116943359375 0.63702392578125 0.02752685546875 0.048047637939453124
1 0.482421875 0.2771270751953125 0.0225830078125 0.062835693359375
1 0.63232421875 0.244842529296875 0.027008056640625 0.050078964233398436
1 0.34619140625 0.3507965087890625 0.0190582275390625 0.05963973999023438
1 0.0171051025390625 0.298577880859375 0.0333251953125 0.06944427490234376
1 0.88720703125 0.851531982421875 0.023284912109375 0.05029563903808594
1 0.3193359375 0.24354248046875 0.02191162109375 0.061589813232421874
1 0.20703125 0.255242919921875 0.0282135009765625 0.068902587890625
1 0.82568359375 0.85023193359375 0.03228759765625 0.06516494750976562
1 0.947265625 0.687725830078125 0.037750244140625 0.054439544677734375
1 0.35107421875 0.304644775390625 0.035064697265625 0.05644378662109375
1 0.794921875 0.13271331787109375 0.016021728515625 0.06662750244140625
1 0.90234375 0.16304779052734375 0.0224609375 0.0665191650390625
1 0.81298828125 0.291644287109375 0.0266571044921875 0.04923934936523437
1 0.379638671875 0.21158294677734374 0.0225067138671875 0.046341323852539064
1 0.1177978515625 0.17908172607421874 0.02386474609375 0.06310653686523438
1 0.63427734375 0.93603515625 0.0391845703125 0.06662750244140625
1 0.06256103515625 0.29727783203125 0.0293121337890625 0.04650382995605469
1 0.89697265625 0.3663970947265625 0.025177001953125 0.03994941711425781
1 0.289306640625 0.92130126953125 0.049041748046875 0.08704910278320313
1 0.438232421875 0.2589263916015625 0.0228424072265625 0.05774383544921875
1 0.7099609375 0.828131103515625 0.027587890625 0.05251655578613281
1 0.9443359375 0.7297607421875 0.029815673828125 0.04869766235351562
1 0.931640625 0.93516845703125 0.0252227783203125 0.07193603515625
1 0.28564453125 0.715460205078125 0.018798828125 0.06500244140625
1 0.79541015625 0.880999755859375 0.0296478271484375 0.05882720947265625
1 0.857421875 0.1462554931640625 0.0200958251953125 0.06440658569335937
1 0.09173583984375 0.2212249755859375 0.0223236083984375 0.060506439208984374
1 0.318603515625 0.18839874267578124 0.0180511474609375 0.04766845703125
1 0.85107421875 0.318511962890625 0.0228424072265625 0.05262489318847656
1 0.388916015625 0.3282623291015625 0.028167724609375 0.06299819946289062
1 0.285888671875 0.27301025390625 0.0253753662109375 0.0448516845703125
1 0.779296875 0.284710693359375 0.02337646484375 0.03499298095703125
1 0.1676025390625 0.2825439453125 0.02337646484375 0.06321487426757813
1 0.92822265625 0.285577392578125 0.030792236328125 0.044255828857421874
0 0.80615234375 0.3629302978515625 0.03436279296875 0.04016609191894531
1 0.78662109375 0.92303466796875 0.0230712890625 0.061589813232421874
1 0.410400390625 0.2736602783203125 0.0272216796875 0.05476455688476563
1 0.8193359375 0.42554931640625 0.03228759765625 0.05817718505859375
1 0.828125 0.3780975341796875 0.0299835205078125 0.05517082214355469
1 0.84326171875 0.2771270751953125 0.021240234375 0.04869766235351562
1 0.384033203125 0.2905609130859375 0.0163421630859375 0.052922821044921874
1 0.78173828125 0.41861572265625 0.0243377685546875 0.042522430419921875
1 0.295166015625 0.390447998046875 0.0313720703125 0.0379180908203125
1 0.246337890625 0.1930572509765625 0.0179901123046875 0.046422576904296874
1 0.810546875 0.2636932373046875 0.017578125 0.03434295654296875
1 0.7421875 0.13466339111328124 0.0154876708984375 0.06787338256835937
1 0.4921875 0.82943115234375 0.016845703125 0.039245223999023436
1 0.2086181640625 0.18839874267578124 0.024658203125 0.04062652587890625
1 0.935546875 0.710260009765625 0.01490020751953125 0.04016609191894531