0 0.5864583333333333 0.3712962962962963 0.0453125 0.05925925925925926
0 0.2872395833333333 0.575462962962963 0.049479166666666664 0.04259259259259259
0 0.6583333333333333 0.5361111111111111 0.04791666666666667 0.044444444444444446
1 0.5541666666666667 0.7379629629629629 0.015625 0.06296296296296296
1 0.6479166666666667 0.7027777777777777 0.027083333333333334 0.07222222222222222
0 0.72421875 0.5689814814814815 0.05 0.046296296296296294
1 0.8950520833333333 0.7689814814814815 0.0296875 0.06296296296296296
0 0.21744791666666666 0.38055555555555554 0.052083333333333336 0.06018518518518518
1 0.803125 0.7296296296296296 0.017708333333333333 0.06574074074074074
0 0.48203125 0.39675925925925926 0.041666666666666664 0.06944444444444445
1 0.20286458333333332 0.7101851851851851 0.0203125 0.06666666666666667
0 0.90625 0.5833333333333334 0.0484375 0.041666666666666664
0 0.11458333333333333 0.6708333333333333 0.052083333333333336 0.05648148148148148
0 0.5703125 0.6337962962962963 0.043229166666666666 0.03981481481481482
0 0.4296875 0.2967592592592593 0.0578125 0.04351851851851852
1 0.984375 0.7208333333333333 0.024479166666666666 0.06111111111111111
0 0.44973958333333336 0.5212962962962963 0.049479166666666664 0.04537037037037037
0 0.7432291666666667 0.4324074074074074 0.04739583333333333 0.05
0 0.5479166666666667 0.47453703703703703 0.0515625 0.05092592592592592
1 0.8721354166666667 0.6560185185185186 0.03333333333333333 0.05185185185185185