1 0.51171875 0.8857666015625 0.034698486328125 0.06538162231445313
1 0.71435546875 0.6881591796875 0.02001953125 0.06451492309570313
1 0.84033203125 0.735394287109375 0.0325927734375 0.057635498046875
0 0.62841796875 0.56595458984375 0.0482177734375 0.044255828857421874
1 0.89794921875 0.747528076171875 0.034881591796875 0.06240234375
0 0.82861328125 0.6084228515625 0.06280517578125 0.04886016845703125
1 0.62353515625 0.7262939453125 0.03265380859375 0.05362701416015625
1 0.646484375 0.630523681640625 0.024749755859375 0.059423065185546874
1 0.64990234375 0.79476318359375 0.0171051025390625 0.06310653686523438
1 0.4130859375 0.637890625 0.0200958251953125 0.05644378662109375
1 0.059326171875 0.868865966796875 0.0374755859375 0.06776504516601563
1 0.84716796875 0.41861572265625 0.0225372314453125 0.06787338256835937
1 0.75830078125 0.700726318359375 0.034942626953125 0.054358291625976565
0 0.962223281820553 0.6540780526620371 0.0570292664370191 0.06644696836118334
1 0.892578125 0.488818359375 0.02606201171875 0.05839385986328125
1 0.587890625 0.4391998291015625 0.0210418701171875 0.04923934936523437
1 0.9423828125 0.925634765625 0.039703369140625 0.06516494750976562
1 0.986328125 0.867132568359375 0.0271759033203125 0.061102294921875
0 0.6982421875 0.508319091796875 0.040985107421875 0.048508071899414064
1 0.09173583984375 0.3518798828125 0.0271148681640625 0.05538749694824219
1 0.76220703125 0.8927001953125 0.03033447265625 0.062023162841796875
1 0.20166015625 0.301611328125 0.0208892822265625 0.0513519287109375
1 0.369140625 0.3607635498046875 0.0279541015625 0.047316360473632815
1 0.52978515625 0.328045654296875 0.0237274169921875 0.0780029296875
1 0.70703125 0.416448974609375 0.0236968994140625 0.04669342041015625
1 0.68212890625 0.3299957275390625 0.0310821533203125 0.06613998413085938
1 0.96728515625 0.159906005859375 0.0333251953125 0.06787338256835937
1 0.24169921875 0.648724365234375 0.026702880859375 0.06440658569335937
1 0.01433563232421875 0.21234130859375 0.02691650390625 0.05579376220703125
1 0.86328125 0.184173583984375 0.0265045166015625 0.058502197265625
1 0.75439453125 0.14918060302734376 0.034881591796875 0.07399444580078125
1 0.84765625 0.28167724609375 0.0245208740234375 0.05105400085449219
1 0.465087890625 0.37354736328125 0.028656005859375 0.06467742919921875
1 0.063720703125 0.240509033203125 0.0274810791015625 0.05796051025390625
1 0.33251953125 0.3022613525390625 0.0223236083984375 0.06489410400390624
1 0.17919921875 0.3330291748046875 0.0257110595703125 0.054547882080078124
1 0.150390625 0.249609375 0.0231475830078125 0.056768798828125
1 0.16748046875 0.770928955078125 0.0282745361328125 0.04972686767578125
1 0.6494140625 0.6638916015625 0.0228424072265625 0.059964752197265624
1 0.052703857421875 0.33887939453125 0.0252685546875 0.05557708740234375
1 0.7216796875 0.27041015625 0.0248870849609375 0.04040985107421875
1 0.90185546875 0.804730224609375 0.0369873046875 0.07101516723632813
1 0.71923828125 0.1822235107421875 0.0173797607421875 0.04563713073730469
1 0.06707763671875 0.2825439453125 0.03216552734375 0.059964752197265624
1 0.7783203125 0.3919647216796875 0.0232391357421875 0.0572021484375
1 0.98974609375 0.37874755859375 0.019195556640625 0.048508071899414064
1 0.78076171875 0.32154541015625 0.02215576171875 0.0647857666015625
1 0.9873046875 0.46368408203125 0.0239105224609375 0.0693359375
1 0.07354736328125 0.21526641845703126 0.03240966796875 0.06251068115234375
1 0.814453125 0.311578369140625 0.0295867919921875 0.051839447021484374
1 0.89501953125 0.329779052734375 0.0258026123046875 0.0647857666015625
1 0.79833984375 0.15026397705078126 0.0257568359375 0.07117767333984375
1 0.7978515625 0.4166656494140625 0.019500732421875 0.06711502075195312
1 0.60791015625 0.2450592041015625 0.0169830322265625 0.04915809631347656
1 0.76171875 0.281243896484375 0.0266571044921875 0.03957023620605469
1 0.280029296875 0.3655303955078125 0.018829345703125 0.050078964233398436
1 0.27880859375 0.232275390625 0.0225830078125 0.05154151916503906
1 0.2427978515625 0.3230621337890625 0.027008056640625 0.05882720947265625
1 0.36767578125 0.250042724609375 0.0225372314453125 0.05192070007324219
1 0.11798095703125 0.18839874267578124 0.02001953125 0.04452667236328125
1 0.9736328125 0.3447296142578125 0.026702880859375 0.05796051025390625
1 0.046539306640625 0.83809814453125 0.038970947265625 0.05232696533203125
1 0.78564453125 0.433782958984375 0.021453857421875 0.06624832153320312
1 0.1749267578125 0.22068328857421876 0.0210418701171875 0.0578521728515625
1 0.5791015625 0.2823272705078125 0.023651123046875 0.061102294921875
1 0.583984375 0.4004150390625 0.030914306640625 0.042441177368164065
1 0.634765625 0.974169921875 0.02508544921875 0.04886016845703125
1 0.91796875 0.1800567626953125 0.0280609130859375 0.04344329833984375
1 0.759765625 0.848931884765625 0.024749755859375 0.05666046142578125
1 0.63330078125 0.9273681640625 0.02386474609375 0.0699859619140625
1 0.384521484375 0.302911376953125 0.02606201171875 0.07859878540039063
1 0.310791015625 0.20551605224609376 0.0225830078125 0.05517082214355469
1 0.46484375 0.318511962890625 0.0203704833984375 0.060506439208984374
1 0.06396484375 0.808197021484375 0.03192138671875 0.060289764404296876
1 0.450927734375 0.2721435546875 0.0278472900390625 0.03778266906738281
1 0.219482421875 0.2363922119140625 0.0310211181640625 0.06272735595703124
1 0.544921875 0.2134246826171875 0.0254669189453125 0.0639190673828125
1 0.0794677734375 0.759661865234375 0.03875732421875 0.07486114501953126