0 0.2034912109375 0.624456787109375 0.052825927734375 0.04704551696777344
1 0.34814453125 0.540386962890625 0.030792236328125 0.08184890747070313
1 0.2247314453125 0.56422119140625 0.0274810791015625 0.0565521240234375
0 0.06842041015625 0.43594970703125 0.04913330078125 0.046422576904296874
1 0.1265869140625 0.7089599609375 0.0295867919921875 0.06467742919921875
0 0.3291015625 0.4732177734375 0.056549072265625 0.044770431518554685
1 0.6943359375 0.39261474609375 0.0211639404296875 0.05806884765625
1 0.869140625 0.698126220703125 0.03179931640625 0.060506439208984374
1 0.345947265625 0.2740936279296875 0.0225830078125 0.07074432373046875
1 0.80810546875 0.35101318359375 0.03167724609375 0.06451492309570313
1 0.57177734375 0.26260986328125 0.0289306640625 0.055902099609375
1 0.50830078125 0.3295623779296875 0.0200958251953125 0.06613998413085938
1 0.73388671875 0.12144622802734376 0.0200653076171875 0.05752716064453125
1 0.6630859375 0.367047119140625 0.0255584716796875 0.06429824829101563
1 0.74462890625 0.4032318115234375 0.0240020751953125 0.06944427490234376
1 0.84521484375 0.1336883544921875 0.022369384765625 0.06332321166992187
1 0.59814453125 0.291644287109375 0.017913818359375 0.06662750244140625
0 0.6808400678958008 0.2264937789351851 0.04479783067618663 0.052099439832899296
1 0.91064453125 0.44808349609375 0.0232391357421875 0.06673583984375
1 0.52734375 0.285577392578125 0.027435302734375 0.062835693359375
1 0.265380859375 0.27994384765625 0.019989013671875 0.05403327941894531
1 0.1297607421875 0.663458251953125 0.03021240234375 0.061589813232421874
1 0.578125 0.348846435546875 0.0235595703125 0.05796051025390625
1 0.74462890625 0.915234375 0.033782958984375 0.08309478759765625
1 0.55859375 0.3711639404296875 0.023956298828125 0.068035888671875
1 0.935546875 0.713726806640625 0.02838134765625 0.06700668334960938
1 0.50048828125 0.9239013671875 0.0247039794921875 0.05861053466796875
1 0.76708984375 0.222308349609375 0.0272674560546875 0.06971511840820313
1 0.63525390625 0.16564788818359374 0.0153656005859375 0.062835693359375
1 0.21044921875 0.3299957275390625 0.03289794921875 0.06251068115234375
1 0.80615234375 0.29554443359375 0.0278472900390625 0.06467742919921875
0 0.1845703125 0.4662841796875 0.029876708984375 0.054439544677734375
1 0.8505859375 0.3022613525390625 0.0257110595703125 0.06749420166015625
1 0.6748046875 0.26781005859375 0.0255584716796875 0.062835693359375
1 0.9541015625 0.2931610107421875 0.0273284912109375 0.06982345581054687
1 0.7158203125 0.164239501953125 0.015716552734375 0.0613189697265625
1 0.1669921875 0.3369293212890625 0.02484130859375 0.06381072998046874
1 0.7412109375 0.2762603759765625 0.0169219970703125 0.06240234375
1 0.98193359375 0.17843170166015626 0.026702880859375 0.08369064331054688
1 0.11962890625 0.3516632080078125 0.0268096923828125 0.0556854248046875
1 0.258056640625 0.342779541015625 0.0289306640625 0.06538162231445313
1 0.5546875 0.3048614501953125 0.0200958251953125 0.04650382995605469
1 0.75390625 0.76876220703125 0.0234222412109375 0.0513519287109375
1 0.87841796875 0.89443359375 0.03582763671875 0.051839447021484374
1 0.3994140625 0.95423583984375 0.02423095703125 0.04393081665039063
1 0.73193359375 0.3559967041015625 0.0207672119140625 0.05384368896484375
1 0.53271484375 0.826397705078125 0.0328369140625 0.057635498046875
1 0.25927734375 0.7124267578125 0.0255584716796875 0.04669342041015625
1 0.783203125 0.15351409912109376 0.01861572265625 0.065869140625
1 0.75341796875 0.827264404296875 0.024383544921875 0.062835693359375
1 0.372314453125 0.2615264892578125 0.018768310546875 0.05465621948242187
1 0.04742431640625 0.315045166015625 0.034942626953125 0.06451492309570313
1 0.86767578125 0.4114654541015625 0.0230712890625 0.0656524658203125
1 0.92333984375 0.17940673828125 0.0293731689453125 0.06516494750976562
1 0.2220458984375 0.2597930908203125 0.0284423828125 0.06440658569335937
1 0.2210693359375 0.813397216796875 0.0295867919921875 0.05926055908203125
1 0.53271484375 0.886199951171875 0.020599365234375 0.05963973999023438
1 0.382568359375 0.3728973388671875 0.0161590576171875 0.050756072998046874
1 0.36865234375 0.20226593017578126 0.0246124267578125 0.05403327941894531
0 0.95556640625 0.546453857421875 0.0582275390625 0.0565521240234375
1 0.33203125 0.3620635986328125 0.02838134765625 0.06749420166015625
1 0.383056640625 0.31807861328125 0.0203704833984375 0.050187301635742185
1 0.39404296875 0.2385589599609375 0.0236053466796875 0.06418991088867188
1 0.95263671875 0.2238250732421875 0.0202484130859375 0.07101516723632813
0 0.84326171875 0.589788818359375 0.052337646484375 0.05322074890136719
1 0.058349609375 0.1800567626953125 0.024993896484375 0.06240234375
1 0.3173828125 0.3178619384765625 0.0224609375 0.06689834594726562
1 0.69970703125 0.345379638671875 0.017913818359375 0.05029563903808594
1 0.09027099609375 0.221441650390625 0.0231475830078125 0.05622711181640625
1 0.478271484375 0.4123321533203125 0.02532958984375 0.03994941711425781
1 0.17138671875 0.190673828125 0.0233306884765625 0.06018142700195313
1 0.5283203125 0.762261962890625 0.033721923828125 0.04980812072753906
0 0.455810546875 0.487518310546875 0.044677734375 0.0535186767578125
1 0.3076171875 0.2571929931640625 0.021087646484375 0.06332321166992187
1 0.90869140625 0.344512939453125 0.0310821533203125 0.046341323852539064
1 0.451904296875 0.2433258056640625 0.0276336669921875 0.05882720947265625
1 0.0460205078125 0.2385589599609375 0.026458740234375 0.0452850341796875
1 0.8701171875 0.2398590087890625 0.0196075439453125 0.05839385986328125
1 0.962890625 0.05303115844726562 0.0174407958984375 0.06906509399414062
1 0.316162109375 0.17973175048828124 0.02484130859375 0.070635986328125
1 0.69970703125 0.92823486328125 0.037322998046875 0.09891204833984375
1 0.290771484375 0.2340087890625 0.0141143798828125 0.054547882080078124
1 0.5380859375 0.711126708984375 0.019989013671875 0.046341323852539064
1 0.172119140625 0.27734375 0.022979736328125 0.046883010864257814
1 0.9900131225585938 0.79129638671875 0.0199737548828125 0.044607925415039065
1 0.70458984375 0.691192626953125 0.03448486328125 0.077569580078125
1 0.3505859375 0.5148193359375 0.017852783203125 0.03894729614257812
1 0.23681640625 0.21396636962890625 0.02447509765625 0.06359405517578125
0 0.97900390625 0.0855865478515625 0.030914306640625 0.06776504516601563
1 0.9306640625 0.2636932373046875 0.01751708984375 0.0418182373046875
1 0.250732421875 0.19706573486328124 0.0264129638671875 0.0682525634765625