0 0.4919144496609285 0.5439814814814815 0.04434011476264997 0.04722222222222222
1 0.940792905581638 0.861574074074074 0.0406885758998435 0.06481481481481481
1 0.8789775691184142 0.9171296296296296 0.038601982263954095 0.06296296296296296
0 0.6669274908711529 0.5898148148148148 0.053208137715179966 0.049074074074074076
1 0.847678664580073 0.49212962962962964 0.02190923317683881 0.058333333333333334
1 0.6977047470005217 0.6893518518518519 0.03442879499217527 0.053703703703703705
1 0.5855503390714658 0.7194444444444444 0.03442879499217527 0.05648148148148148
1 0.32342201356285866 0.23148148148148148 0.020865936358894107 0.058333333333333334
0 0.8067292644757433 0.6125 0.05425143453312467 0.05277777777777778
1 0.01643192488262911 0.8569444444444444 0.0297339593114241 0.07314814814814814
1 0.414188836724048 0.36666666666666664 0.03129890453834116 0.06944444444444445
1 0.9405320813771518 0.3861111111111111 0.023995826812728223 0.05
1 0.5845070422535211 0.9273148148148148 0.023474178403755867 0.06851851851851852
1 0.7368283776734481 0.33055555555555555 0.0198226395409494 0.06018518518518518
1 0.15206051121544079 0.2953703703703704 0.02190923317683881 0.05185185185185185
1 0.9697443922796035 0.42685185185185187 0.02190923317683881 0.04537037037037037
1 0.10198226395409495 0.2689814814814815 0.02190923317683881 0.05092592592592592
1 0.8041210224308816 0.27175925925925926 0.02764736567553469 0.04814814814814815
1 0.36906624934793947 0.6375 0.01773604590505999 0.05
1 0.6802295252999478 0.262037037037037 0.022952529994783515 0.049074074074074076
1 0.5370370370370371 0.4236111111111111 0.02764736567553469 0.06574074074074074
0 0.9327073552425665 0.6768518518518518 0.054773082942097026 0.04722222222222222
1 0.02556077203964528 0.2824074074074074 0.03286384976525822 0.05925925925925926
1 0.702660406885759 0.34629629629629627 0.0198226395409494 0.06018518518518518
1 0.47104851330203446 0.8787037037037037 0.03547209181011998 0.06944444444444445
1 0.10850286906624934 0.24583333333333332 0.02764736567553469 0.04814814814814815
1 0.7357850808555034 0.2462962962962963 0.019300991131977047 0.06018518518518518
1 0.11606677099634846 0.7620370370370371 0.02608242044861763 0.05462962962962963
1 0.3202921231090245 0.35555555555555557 0.02764736567553469 0.05648148148148148
1 0.14006259780907668 0.3296296296296296 0.02764736567553469 0.062037037037037036
0 0.9634846113719353 0.5537037037037037 0.06311945748565467 0.06111111111111111
1 0.19300991131977047 0.6425925925925926 0.027125717266562335 0.06759259259259259
1 0.3677621283255086 0.6060185185185185 0.020865936358894107 0.058333333333333334
1 0.03912363067292645 0.3449074074074074 0.024517475221700575 0.06111111111111111
1 0.23995826812728221 0.22870370370370371 0.026604068857589983 0.05555555555555555
1 0.788471570161711 0.41388888888888886 0.02556077203964528 0.06574074074074074
1 0.9282733437663016 0.47824074074074074 0.03442879499217527 0.05648148148148148
1 0.6538862806468441 0.4097222222222222 0.022952529994783515 0.04722222222222222
1 0.7709963484611372 0.29814814814814816 0.02608242044861763 0.053703703703703705
1 0.5365153886280647 0.28703703703703703 0.028169014084507043 0.05277777777777778
1 0.8492436098069901 0.8060185185185185 0.03234220135628586 0.06666666666666667
1 0.13458528951486698 0.21435185185185185 0.022430881585811163 0.05648148148148148
1 0.6309337506520605 0.32685185185185184 0.02138758476786646 0.06666666666666667
1 0.5933750652060511 0.6472222222222223 0.028690662493479395 0.08796296296296297
1 0.5834637454355764 0.9777777777777777 0.02190923317683881 0.044444444444444446
1 0.198226395409494 0.30462962962962964 0.01773604590505999 0.04722222222222222
1 0.6544079290558164 0.6754629629629629 0.02764736567553469 0.06666666666666667
1 0.9551382368283776 0.9611111111111111 0.04121022430881586 0.05555555555555555
1 0.2887323943661972 0.29398148148148145 0.026604068857589983 0.06574074074074074
1 0.34063641105894626 0.30972222222222223 0.018779342723004695 0.05925925925925926
1 0.5628586332811685 0.23657407407407408 0.024517475221700575 0.05648148148148148
1 0.4908711528429838 0.31574074074074077 0.020865936358894107 0.06759259259259259
1 0.7094418362023995 0.8337962962962963 0.02138758476786646 0.05462962962962963
1 0.7104851330203443 0.8865740740740741 0.028169014084507043 0.06388888888888888
1 0.7222222222222222 0.3962962962962963 0.020865936358894107 0.06388888888888888
1 0.3985393844548774 0.25046296296296294 0.026604068857589983 0.07314814814814814
0 0.5524256651017214 0.5097222222222222 0.05112154407929056 0.06666666666666667
1 0.6108502869066249 0.7902777777777777 0.01617110067814293 0.05740740740740741
1 0.4238393322900365 0.3175925925925926 0.024517475221700575 0.058333333333333334
1 0.8735002608242045 0.2324074074074074 0.017214397496087636 0.06388888888888888
1 0.5941575378195096 0.2796296296296296 0.023474178403755867 0.06388888888888888
1 0.9906103286384976 0.3648148148148148 0.015127803860198226 0.06574074074074074
1 0.23213354199269692 0.36064814814814816 0.028169014084507043 0.05185185185185185
1 0.9254042775169535 0.31712962962962965 0.025039123630672927 0.06111111111111111
1 0.033646322378716745 0.7481481481481481 0.03808033385498174 0.06388888888888888
1 0.9214919144496609 0.16620370370370371 0.03234220135628586 0.06759259259259259
1 0.7261345852895149 0.42777777777777776 0.02764736567553469 0.06296296296296296
1 0.319509650495566 0.19212962962962962 0.01564945226917058 0.06296296296296296
1 0.8735002608242045 0.17453703703703705 0.022952529994783515 0.046296296296296294
1 0.7104851330203443 0.14537037037037037 0.02556077203964528 0.06111111111111111
1 0.2728221178925404 0.19768518518518519 0.028169014084507043 0.06018518518518518
1 0.7217005738132499 0.2763888888888889 0.018257694314032343 0.041666666666666664
1 0.6622326551904016 0.18472222222222223 0.023995826812728223 0.07592592592592592
1 0.739697443922796 0.4097222222222222 0.018779342723004695 0.062037037037037036
1 0.8145539906103286 0.1763888888888889 0.027125717266562335 0.06759259259259259
1 0.7501304121022431 0.1439814814814815 0.017214397496087636 0.07037037037037037
1 0.17657798643714137 0.23055555555555557 0.02608242044861763 0.06018518518518518
1 0.6724047991653626 0.09861111111111111 0.016692749087115284 0.06574074074074074
1 0.6836202399582681 0.36712962962962964 0.02034428794992175 0.07037037037037037
0 0.8993218570683359 0.6263888888888889 0.050078247261345854 0.05092592592592592
1 0.8471570161711007 0.32083333333333336 0.025039123630672927 0.07777777777777778
1 0.6499739175795514 0.37592592592592594 0.0297339593114241 0.041666666666666664
1 0.8375065206051121 0.24768518518518517 0.02764736567553469 0.05740740740740741
1 0.02634324465310381 0.17407407407407408 0.02764736567553469 0.07037037037037037
1 0.7900365153886281 0.7282407407407407 0.03234220135628586 0.05555555555555555
1 0.852112676056338 0.7412037037037037 0.0297339593114241 0.05648148148148148
1 0.7060511215440793 0.7888888888888889 0.018779342723004695 0.05740740740740741
1 0.9374021909233177 0.45 0.02190923317683881 0.06296296296296296