0 0.23969744392279604 0.5194444444444445 0.04538341158059468 0.05925925925925926
0 0.257433489827856 0.4236111111111111 0.05268648930620762 0.041666666666666664
0 0.8242044861763171 0.4222222222222222 0.03286384976525822 0.053703703703703705
1 0.08450704225352113 0.6953703703703704 0.03234220135628586 0.06296296296296296
1 0.7305685967657799 0.7189814814814814 0.024517475221700575 0.06759259259259259
1 0.6484089723526343 0.6851851851851852 0.02764736567553469 0.06296296296296296
1 0.8189880020865936 0.7532407407407408 0.02608242044861763 0.07222222222222222
1 0.10015649452269171 0.5773148148148148 0.03547209181011998 0.06759259259259259
1 0.8740219092331768 0.6930555555555555 0.027125717266562335 0.058333333333333334
1 0.33776734480959836 0.624537037037037 0.018779342723004695 0.05185185185185185
0 0.9089723526343245 0.4925925925925926 0.0495565988523735 0.04259259259259259
1 0.12441314553990611 0.7 0.024517475221700575 0.06388888888888888
1 0.17762128325508608 0.5805555555555556 0.02608242044861763 0.05555555555555555
1 0.3218570683359416 0.6666666666666666 0.018779342723004695 0.06851851851851852
1 0.7050078247261345 0.5990740740740741 0.023995826812728223 0.05648148148148148
1 0.42566510172143973 0.5449074074074074 0.01773604590505999 0.06851851851851852
0 0.9538341158059468 0.5523148148148148 0.046426708398539386 0.044444444444444446
1 0.7110067814293166 0.6921296296296297 0.0198226395409494 0.05925925925925926
1 0.779603547209181 0.6703703703703704 0.028169014084507043 0.062037037037037036
1 0.7803860198226396 0.10277777777777777 0.027125717266562335 0.05462962962962963
1 0.3794992175273865 0.762962962962963 0.023474178403755867 0.06296296296296296
1 0.689358372456964 0.30324074074074076 0.03182055294731351 0.053703703703703705
1 0.5860719874804382 0.6078703703703704 0.016692749087115284 0.07222222222222222
1 0.39462702138758476 0.6782407407407407 0.022430881585811163 0.04537037037037037
1 0.704225352112676 0.6430555555555556 0.02190923317683881 0.07037037037037037
1 0.23917579551382367 0.08055555555555556 0.023474178403755867 0.05277777777777778
1 0.9306207616066771 0.6842592592592592 0.03442879499217527 0.062037037037037036
1 0.5226917057902973 0.7152777777777778 0.028690662493479395 0.05925925925925926
1 0.21335419926969224 0.7717592592592593 0.029212310902451747 0.06759259259259259
1 0.8641105894627021 0.7425925925925926 0.0297339593114241 0.06111111111111111
1 0.06729264475743349 0.20601851851851852 0.0396452790818988 0.058333333333333334
1 0.43453312467396976 0.5680555555555555 0.015127803860198226 0.06111111111111111
1 0.9843505477308294 0.7263888888888889 0.03025560772039645 0.06481481481481481
1 0.014345331246739697 0.6523148148148148 0.028690662493479395 0.06574074074074074
1 0.08633281168492436 0.7824074074074074 0.023474178403755867 0.058333333333333334
0 0.3677621283255086 0.45092592592592595 0.050078247261345854 0.03796296296296296
0 0.6838810641627543 0.5342592592592592 0.04381846635367762 0.075
1 0.15049556598852373 0.6615740740740741 0.0297339593114241 0.07222222222222222
1 0.49269692227438705 0.7875 0.022430881585811163 0.075
1 0.5526864893062076 0.18287037037037038 0.03182055294731351 0.05
1 0.989567031820553 0.6268518518518519 0.020865936358894107 0.06296296296296296
1 0.559207094418362 0.7550925925925925 0.017214397496087636 0.05462962962962963
1 0.5203442879499217 0.1699074074074074 0.027125717266562335 0.05277777777777778
1 0.21231090245174752 0.6925925925925925 0.020865936358894107 0.06018518518518518
1 0.15779864371413668 0.7194444444444444 0.026604068857589983 0.05092592592592592
1 0.6025039123630673 0.7148148148148148 0.014084507042253521 0.05648148148148148
1 0.5988523735002608 0.6689814814814815 0.01617110067814293 0.05925925925925926
1 0.04773082942097027 0.8263888888888888 0.020865936358894107 0.06111111111111111
1 0.16692749087115286 0.7601851851851852 0.02034428794992175 0.058333333333333334
1 0.48956703182055294 0.07083333333333333 0.03495044340114763 0.07685185185185185
1 0.5615545122587376 0.1361111111111111 0.028690662493479395 0.05740740740740741
1 0.2939488784559207 0.8138888888888889 0.017214397496087636 0.05740740740740741
1 0.35837245696400627 0.8518518518518519 0.018257694314032343 0.08055555555555556
1 0.4619196661450183 0.6194444444444445 0.0297339593114241 0.07222222222222222