0 0.7309895833333333 0.5097222222222222 0.040625 0.06111111111111111
0 0.17578125 0.5875 0.0515625 0.05185185185185185
0 0.49270833333333336 0.39490740740740743 0.044270833333333336 0.05
0 0.7182291666666667 0.3851851851851852 0.046875 0.044444444444444446
0 0.9229166666666667 0.3731481481481482 0.052083333333333336 0.037037037037037035
0 0.37005208333333334 0.6148148148148148 0.04583333333333333 0.06481481481481481
0 0.15911458333333334 0.39166666666666666 0.028125 0.06296296296296296
0 0.5299479166666666 0.32731481481481484 0.04635416666666667 0.04259259259259259
0 0.80859375 0.35833333333333334 0.04739583333333333 0.04259259259259259
0 0.8184895833333333 0.5958333333333333 0.05260416666666667 0.040740740740740744
0 0.37942708333333336 0.4398148148148148 0.0390625 0.05740740740740741
0 0.5333333333333333 0.6351851851851852 0.027604166666666666 0.06388888888888888
0 0.8221354166666667 0.2861111111111111 0.029166666666666667 0.05092592592592592
1 0.25677083333333334 0.30648148148148147 0.030729166666666665 0.09351851851851851
0 0.16197916666666667 0.6736111111111112 0.052083333333333336 0.06666666666666667
0 0.013541666666666667 0.4689814814814815 0.027083333333333334 0.05185185185185185
0 0.10989583333333333 0.5148148148148148 0.049479166666666664 0.05092592592592592
0 0.20859375 0.4759259259259259 0.04635416666666667 0.04259259259259259
1 0.2552083333333333 0.32546296296296295 0.025520833333333333 0.08703703703703704