1 0.4405320813771518 0.649074074074074 0.017214397496087636 0.06481481481481481
0 0.9100156494522692 0.6273148148148148 0.027125717266562335 0.058333333333333334
0 0.4238393322900365 0.513425925925926 0.047991653625456446 0.05092592592592592
0 0.5208659363588941 0.5416666666666666 0.04747000521648409 0.049074074074074076
1 0.8382889932185706 0.6337962962962963 0.03286384976525822 0.05092592592592592
0 0.7702138758476786 0.3731481481481482 0.056859676577986434 0.06296296296296296
1 0.807772561293688 0.5949074074074074 0.036515388628064686 0.058333333333333334
1 0.8779342723004695 0.7518518518518519 0.024517475221700575 0.06759259259259259
1 0.6750130412102243 0.6509259259259259 0.026604068857589983 0.075
1 0.8174230568596765 0.6902777777777778 0.022430881585811163 0.062037037037037036
1 0.5730307772561294 0.6615740740740741 0.02764736567553469 0.05462962962962963
1 0.7743870631194575 0.6370370370370371 0.036515388628064686 0.062037037037037036
1 0.33881064162754304 0.6476851851851851 0.02608242044861763 0.06944444444444445
1 0.8101199791340636 0.7550925925925925 0.022430881585811163 0.05925925925925926
1 0.6244131455399061 0.6310185185185185 0.017214397496087636 0.04259259259259259
1 0.38967136150234744 0.8185185185185185 0.022430881585811163 0.08055555555555556
0 0.9011476264997392 0.5342592592592592 0.03286384976525822 0.05277777777777778
1 0.48982785602503914 0.7583333333333333 0.02034428794992175 0.05740740740740741
1 0.6314553990610329 0.11157407407407408 0.0406885758998435 0.06388888888888888
1 0.8408972352634324 0.7347222222222223 0.022430881585811163 0.05740740740740741
1 0.5226917057902973 0.7513888888888889 0.020865936358894107 0.05740740740740741
1 0.7835159102764736 0.12731481481481483 0.0297339593114241 0.075
1 0.7618675013041211 0.7652777777777777 0.0297339593114241 0.06574074074074074
1 0.5586854460093896 0.07592592592592592 0.02556077203964528 0.062037037037037036
1 0.6468440271257173 0.7379629629629629 0.026604068857589983 0.06481481481481481
1 0.5140845070422535 0.6824074074074075 0.0198226395409494 0.05277777777777778
1 0.6739697443922796 0.7138888888888889 0.023474178403755867 0.05740740740740741
1 0.25143453312467395 0.6652777777777777 0.019300991131977047 0.0712962962962963
1 0.32420448617631714 0.8152777777777778 0.0198226395409494 0.08425925925925926
1 0.8468961919666145 0.7939814814814815 0.018779342723004695 0.06018518518518518
0 0.94679186228482 0.387037037037037 0.03547209181011998 0.05648148148148148
1 0.011215440792905582 0.8217592592592593 0.020865936358894107 0.06296296296296296
1 0.3646322378716745 0.7282407407407407 0.018257694314032343 0.05925925925925926
1 0.3755868544600939 0.034722222222222224 0.028690662493479395 0.05648148148148148
1 0.07068335941575378 0.8037037037037037 0.0297339593114241 0.07407407407407407
1 0.11919666145018258 0.6050925925925926 0.03025560772039645 0.06018518518518518
1 0.03260302556077204 0.6995370370370371 0.0297339593114241 0.0712962962962963
1 0.2876890975482525 0.7837962962962963 0.022952529994783515 0.06111111111111111
1 0.9567031820552947 0.6861111111111111 0.023474178403755867 0.05092592592592592
1 0.4209702660406886 0.6967592592592593 0.026604068857589983 0.062037037037037036
1 0.24569640062597808 0.7888888888888889 0.025039123630672927 0.06388888888888888
1 0.11189358372456965 0.8472222222222222 0.02190923317683881 0.07314814814814814
1 0.011737089201877934 0.6203703703703703 0.022430881585811163 0.046296296296296294