1 0.1556396484375 0.363580322265625 0.033599853515625 0.06429824829101563
1 0.055206298828125 0.2706268310546875 0.025665283203125 0.0608856201171875
1 0.265380859375 0.343646240234375 0.0280609130859375 0.07599868774414062
1 0.666015625 0.328045654296875 0.02532958984375 0.07047348022460938
1 0.60107421875 0.3390960693359375 0.0265045166015625 0.06516494750976562
1 0.6943359375 0.21049957275390624 0.022979736328125 0.0626190185546875
1 0.91748046875 0.3763641357421875 0.02685546875 0.04661216735839844
0 0.3517767969700921 0.4426666259765625 0.04244523370935482 0.06418991088867188
1 0.361083984375 0.3325958251953125 0.0231475830078125 0.049997711181640626
0 0.46533203125 0.460650634765625 0.0537109375 0.051839447021484374
1 0.181884765625 0.31114501953125 0.028167724609375 0.06359405517578125
1 0.300048828125 0.3754974365234375 0.030853271484375 0.044607925415039065
1 0.9814453125 0.245709228515625 0.0282135009765625 0.06879425048828125
1 0.28173828125 0.228375244140625 0.018798828125 0.060506439208984374
1 0.654296875 0.2112579345703125 0.020416259765625 0.06321487426757813
1 0.50634765625 0.2433258056640625 0.0223236083984375 0.06169815063476562
1 0.1202392578125 0.3033447265625 0.024139404296875 0.05953140258789062
1 0.423583984375 0.3195953369140625 0.0194244384765625 0.057635498046875
1 0.1007080078125 0.3793975830078125 0.041839599609375 0.0903533935546875
1 0.455810546875 0.24007568359375 0.0235595703125 0.0587188720703125
1 0.0965576171875 0.25654296875 0.0217437744140625 0.050566482543945315
1 0.80419921875 0.3811309814453125 0.021209716796875 0.0606689453125
1 0.982421875 0.4084320068359375 0.03338623046875 0.0682525634765625
1 0.57470703125 0.2686767578125 0.0262603759765625 0.054872894287109376
1 0.830078125 0.295111083984375 0.029541015625 0.06548995971679687
1 0.88671875 0.3044281005859375 0.03143310546875 0.05633544921875
1 0.740234375 0.12296295166015625 0.019989013671875 0.06776504516601563
1 0.53955078125 0.9724365234375 0.022796630859375 0.05303115844726562
1 0.79931640625 0.3243621826171875 0.0190582275390625 0.06018142700195313
1 0.61669921875 0.1787567138671875 0.0224151611328125 0.07540283203125
1 0.1417236328125 0.23140869140625 0.027801513671875 0.0556854248046875
1 0.83056640625 0.1462554931640625 0.0244293212890625 0.08141555786132812
1 0.77783203125 0.1518890380859375 0.022369384765625 0.05963973999023438
1 0.488037109375 0.3399627685546875 0.01473236083984375 0.06359405517578125
1 0.1859130859375 0.225341796875 0.0297088623046875 0.06180648803710938
1 0.22265625 0.19273223876953124 0.020965576171875 0.04276618957519531
1 0.03021240234375 0.2186248779296875 0.0200958251953125 0.0522186279296875
1 0.9306640625 0.1666229248046875 0.024749755859375 0.06527328491210938
1 0.71826171875 0.18189849853515624 0.02532958984375 0.05796051025390625
1 0.9580078125 0.156005859375 0.024566650390625 0.07318191528320313
1 0.87548828125 0.18807373046875 0.0258636474609375 0.06852340698242188
1 0.89892578125 0.2350921630859375 0.0243377685546875 0.05465621948242187
1 0.274169921875 0.2992279052734375 0.035400390625 0.04886016845703125
1 0.353515625 0.91610107421875 0.0268096923828125 0.06787338256835937
1 0.305419921875 0.21158294677734374 0.02630615234375 0.07426528930664063
1 0.88525390625 0.14473876953125 0.0162200927734375 0.044689178466796875
1 0.29052734375 0.885333251953125 0.0297088623046875 0.06440658569335937
0 0.84228515625 0.632257080078125 0.062103271484375 0.07020263671875
1 0.90478515625 0.90570068359375 0.0261993408203125 0.0582855224609375
1 0.1416015625 0.85716552734375 0.036163330078125 0.0816864013671875
1 0.352294921875 0.2931610107421875 0.0301513671875 0.03859519958496094
1 0.93603515625 0.058502197265625 0.015716552734375 0.0699859619140625