0 0.0850830078125 0.491851806640625 0.05126953125 0.0513519287109375
0 0.02175140380859375 0.70635986328125 0.0435028076171875 0.07626953125
0 0.2470703125 0.46455078125 0.048858642578125 0.042441177368164065
1 0.56640625 0.932568359375 0.03253173828125 0.05752716064453125
1 0.27685546875 0.577655029296875 0.0311431884765625 0.058935546875
0 0.372314453125 0.480584716796875 0.050811767578125 0.04300994873046875
1 0.68701171875 0.16868133544921876 0.018768310546875 0.06624832153320312
1 0.49755859375 0.2459259033203125 0.0283355712890625 0.07117767333984375
1 0.1829833984375 0.733660888671875 0.0341796875 0.06310653686523438
0 0.3671875 0.64482421875 0.05242919921875 0.04590797424316406
1 0.873046875 0.3577301025390625 0.028106689453125 0.06180648803710938
1 0.61279296875 0.07117767333984375 0.017913818359375 0.05817718505859375
0 0.53125 0.5356201171875 0.05023193359375 0.04650382995605469
1 0.5791015625 0.2983612060546875 0.0192413330078125 0.06223983764648437
1 0.59814453125 0.827264404296875 0.0243377685546875 0.052435302734375
1 0.6337890625 0.3815643310546875 0.0259552001953125 0.0686859130859375
1 0.9169921875 0.309844970703125 0.0240478515625 0.06402740478515626
1 0.98486328125 0.461083984375 0.027008056640625 0.061914825439453126
1 0.64501953125 0.2506927490234375 0.0197601318359375 0.0665191650390625
1 0.77978515625 0.14268035888671876 0.025909423828125 0.06142730712890625
1 0.943359375 0.4248992919921875 0.023468017578125 0.05963973999023438
1 0.80029296875 0.76962890625 0.030792236328125 0.059856414794921875
1 0.60791015625 0.321978759765625 0.0269622802734375 0.063702392578125
1 0.6494140625 0.2966278076171875 0.0244293212890625 0.076702880859375
1 0.8154296875 0.3932647705078125 0.02880859375 0.07020263671875
1 0.434326171875 0.3744140625 0.027587890625 0.063702392578125
1 0.587890625 0.19273223876953124 0.022674560546875 0.06516494750976562
1 0.724609375 0.3776641845703125 0.0177154541015625 0.06169815063476562
1 0.7978515625 0.2896942138671875 0.0203399658203125 0.06700668334960938
1 0.447998046875 0.255242919921875 0.02532958984375 0.0569854736328125
1 0.62158203125 0.27301025390625 0.024383544921875 0.05926055908203125
1 0.308837890625 0.3477630615234375 0.0264129638671875 0.06624832153320312
1 0.7265625 0.2519927978515625 0.02203369140625 0.09620361328125
0 0.01985931396484375 0.5182861328125 0.0397186279296875 0.05037689208984375
1 0.81591796875 0.2303253173828125 0.0292510986328125 0.07334442138671875
1 0.76953125 0.20226593017578126 0.0251312255859375 0.06310653686523438
1 0.859375 0.308111572265625 0.029083251953125 0.06576080322265625
1 0.76416015625 0.4027984619140625 0.018096923828125 0.06099395751953125
1 0.900390625 0.273876953125 0.0311431884765625 0.06440658569335937
1 0.39501953125 0.2766937255859375 0.0229339599609375 0.07220687866210937
1 0.18896484375 0.678192138671875 0.033721923828125 0.06332321166992187
1 0.5654296875 0.352313232421875 0.0164642333984375 0.0639190673828125
1 0.94287109375 0.897900390625 0.027801513671875 0.0561187744140625
1 0.372314453125 0.3256622314453125 0.023101806640625 0.061914825439453126
1 0.0222015380859375 0.3434295654296875 0.0341796875 0.072369384765625
1 0.35546875 0.26781005859375 0.028594970703125 0.06765670776367187
1 0.09332275390625 0.239642333984375 0.02630615234375 0.04157447814941406
1 0.385009765625 0.3702972412109375 0.0255126953125 0.06689834594726562
1 0.2327880859375 0.3553466796875 0.033966064453125 0.060506439208984374
1 0.61376953125 0.246142578125 0.020599365234375 0.054872894287109376
1 0.9248046875 0.3893646240234375 0.024658203125 0.04444541931152344
0 0.7275390625 0.234442138671875 0.04840087890625 0.04000358581542969
1 0.320068359375 0.281243896484375 0.0247039794921875 0.05963973999023438
1 0.8935546875 0.1462554931640625 0.02215576171875 0.06223983764648437
1 0.1070556640625 0.3206787109375 0.037261962890625 0.0626190185546875
1 0.599609375 0.874066162109375 0.03033447265625 0.062131500244140624
1 0.95166015625 0.71156005859375 0.0309600830078125 0.0535186767578125
1 0.982421875 0.18059844970703126 0.0295867919921875 0.068035888671875
1 0.27001953125 0.2662933349609375 0.023956298828125 0.06527328491210938
1 0.783203125 0.3598968505859375 0.025177001953125 0.053437423706054685
1 0.22021484375 0.19814910888671874 0.0260009765625 0.05839385986328125
1 0.266357421875 0.3416961669921875 0.0225830078125 0.06343154907226563
1 0.04559326171875 0.301611328125 0.0280609130859375 0.0582855224609375
1 0.30517578125 0.828564453125 0.036163330078125 0.0565521240234375
1 0.2276611328125 0.28861083984375 0.0218658447265625 0.042441177368164065
1 0.46435546875 0.95250244140625 0.03143310546875 0.04758720397949219
1 0.8349609375 0.16283111572265624 0.0192718505859375 0.06700668334960938
1 0.67578125 0.19403228759765626 0.0170440673828125 0.06749420166015625
1 0.400146484375 0.549053955078125 0.0190582275390625 0.08022384643554688
0 0.9737797808261606 0.5897888183593749 0.050831141543997656 0.05384368896484369
1 0.96240234375 0.053924942016601564 0.01763916015625 0.0686859130859375
1 0.2880859375 0.2246917724609375 0.0259552001953125 0.06251068115234375
1 0.5263671875 0.04452667236328125 0.01495361328125 0.062131500244140624
1 0.74951171875 0.3317291259765625 0.028594970703125 0.04444541931152344
1 0.5947265625 0.776129150390625 0.02801513671875 0.05086441040039062
0 0.66162109375 0.540386962890625 0.038116455078125 0.07117767333984375
1 0.9638671875 0.3464630126953125 0.035888671875 0.05384368896484375
1 0.313720703125 0.71502685546875 0.05072021484375 0.07334442138671875
1 0.91943359375 0.2541595458984375 0.0252685546875 0.05839385986328125
1 0.603515625 0.16283111572265624 0.0165252685546875 0.05963973999023438
1 0.05059814453125 0.2441925048828125 0.0265045166015625 0.046964263916015624
1 0.8115234375 0.9481689453125 0.026458740234375 0.058502197265625
1 0.10723876953125 0.1874237060546875 0.025177001953125 0.06099395751953125
1 0.1815185546875 0.3637969970703125 0.0300445556640625 0.052922821044921874
1 0.2152099609375 0.14289703369140624 0.012969970703125 0.04300994873046875
1 0.1427001953125 0.2181915283203125 0.0283355712890625 0.05796051025390625
0 0.978515625 0.08786163330078126 0.0309600830078125 0.06576080322265625
1 0.100341796875 0.13607177734375 0.0136871337890625 0.03686180114746094
1 0.424072265625 0.270843505859375 0.023101806640625 0.05687713623046875
1 0.3427734375 0.24180908203125 0.02044677734375 0.05322074890136719
1 0.7685546875 0.98023681640625 0.0243377685546875 0.036645126342773435
1 0.4970703125 0.054358291625976565 0.01490020751953125 0.05424995422363281
1 0.92529296875 0.21786651611328126 0.018646240234375 0.05037689208984375
1 0.81103515625 0.835064697265625 0.03289794921875 0.09495773315429687
1 0.984375 0.2810272216796875 0.02056884765625 0.038216018676757814
1 0.0272674560546875 0.273443603515625 0.0230712890625 0.05094566345214844
1 0.5322265625 0.419915771484375 0.0164642333984375 0.03778266906738281
1 0.008815765380859375 0.22024993896484374 0.01763153076171875 0.05926055908203125