0 0.411865234375 0.703125 0.05987548828125 0.046576605902777776
0 0.55908203125 0.4144965277777778 0.04638671875 0.04052734375
0 0.36572265625 0.4427083333333333 0.05126953125 0.04188368055555555
0 0.73193359375 0.7408854166666666 0.053497314453125 0.04039171006944445
0 0.310302734375 0.78515625 0.0567626953125 0.06076388888888889
0 0.44189453125 0.5013020833333334 0.052032470703125 0.04307725694444445
0 0.46630859375 0.3302951388888889 0.044281005859375 0.043999565972222224
0 0.89404296875 0.7330729166666666 0.0411376953125 0.049967447916666664
0 0.4541015625 0.3958333333333333 0.046295166015625 0.04554578993055555
0 0.7822265625 0.3059895833333333 0.049224853515625 0.04587131076388889
0 0.65966796875 0.7881944444444444 0.04986572265625 0.044921875
0 0.9609375 0.4813368055555556 0.048675537109375 0.04196506076388889
0 0.89599609375 0.3713107638888889 0.048583984375 0.043267144097222224
0 0.6669921875 0.8498263888888888 0.05499267578125 0.05870225694444445
0 0.379150390625 0.59765625 0.048309326171875 0.04359266493055555
0 0.74169921875 0.5464409722222222 0.050048828125 0.048583984375
0 0.2232666015625 0.3645833333333333 0.046630859375 0.044596354166666664
0 0.1728515625 0.7756076388888888 0.05072021484375 0.053304036458333336
0 0.1981201171875 0.5477430555555556 0.053802490234375 0.03445095486111111
0 0.481201171875 0.60546875 0.0457763671875 0.039632161458333336
0 0.59619140625 0.5607638888888888 0.044921875 0.053412543402777776
0 0.51318359375 0.2927517361111111 0.04302978515625 0.039849175347222224
0 0.63818359375 0.71875 0.0306243896484375 0.05007595486111111
0 0.533203125 0.6901041666666666 0.047149658203125 0.03599717881944445