0 0.5644235785080856 0.5518518518518518 0.05425143453312467 0.044444444444444446
1 0.22274387063119458 0.7328703703703704 0.026604068857589983 0.062037037037037036
0 0.41992696922274386 0.5666666666666667 0.046426708398539386 0.04814814814814815
1 0.42331768388106417 0.6513888888888889 0.018779342723004695 0.06296296296296296
1 0.6643192488262911 0.3527777777777778 0.028169014084507043 0.06851851851851852
1 0.28325508607198746 0.7106481481481481 0.028690662493479395 0.05648148148148148
1 0.7423056859676578 0.22407407407407406 0.02138758476786646 0.06666666666666667
1 0.6429316640584246 0.3050925925925926 0.023995826812728223 0.062037037037037036
1 0.1356285863328117 0.8518518518518519 0.038601982263954095 0.062037037037037036
1 0.36384976525821594 0.8425925925925926 0.019300991131977047 0.08333333333333333
0 0.6557120500782473 0.4587962962962963 0.04434011476264997 0.05277777777777778
1 0.21439749608763695 0.9055555555555556 0.036515388628064686 0.06018518518518518
1 0.7767344809598331 0.275 0.026604068857589983 0.06481481481481481
1 0.8226395409494001 0.22453703703703703 0.024517475221700575 0.06018518518518518
0 0.31977047470005215 0.6305555555555555 0.047991653625456446 0.05
1 0.7214397496087637 0.2898148148148148 0.02556077203964528 0.07962962962962963
0 0.2939488784559207 0.5685185185185185 0.04121022430881586 0.05555555555555555
1 0.12832550860719874 0.9532407407407407 0.03286384976525822 0.05740740740740741
0 0.18701095461658843 0.649074074074074 0.05112154407929056 0.05648148148148148
1 0.4872196139801774 0.6023148148148149 0.023474178403755867 0.05555555555555555
1 0.22952529994783516 0.4759259259259259 0.0297339593114241 0.06111111111111111
1 0.7550860719874805 0.35509259259259257 0.029212310902451747 0.04259259259259259
0 0.7021387584767866 0.5064814814814815 0.05112154407929056 0.04351851851851852
1 0.38810641627543035 0.6810185185185185 0.03286384976525822 0.05092592592592592
1 0.29551382368283774 0.3962962962962963 0.0297339593114241 0.06574074074074074
1 0.5774647887323944 0.3060185185185185 0.022430881585811163 0.0787037037037037
1 0.39801773604590507 0.3388888888888889 0.02556077203964528 0.0712962962962963
0 0.1684924360980699 0.5856481481481481 0.056859676577986434 0.04537037037037037
1 0.8729786124152321 0.6324074074074074 0.03808033385498174 0.06296296296296296
1 0.4462702138758477 0.7782407407407408 0.018779342723004695 0.06296296296296296
1 0.7876890975482524 0.18888888888888888 0.02034428794992175 0.05740740740740741
1 0.7767344809598331 0.17083333333333334 0.020865936358894107 0.05648148148148148
1 0.8878455920709442 0.22546296296296298 0.022430881585811163 0.05185185185185185
1 0.6711006781429316 0.2337962962962963 0.02608242044861763 0.07407407407407407
1 0.48487219613980176 0.6472222222222223 0.023995826812728223 0.06388888888888888
1 0.917057902973396 0.324537037037037 0.03390714658320292 0.06111111111111111
0 0.12597809076682315 0.5425925925925926 0.057902973395931145 0.044444444444444446
1 0.5198226395409494 0.2773148148148148 0.02764736567553469 0.06018518518518518
1 0.037037037037037035 0.712037037037037 0.03129890453834116 0.06851851851851852
1 0.5286906624934794 0.41759259259259257 0.016692749087115284 0.049074074074074076
1 0.13615023474178403 0.2638888888888889 0.02190923317683881 0.05925925925925926
1 0.7018779342723005 0.6319444444444444 0.025039123630672927 0.05740740740740741
1 0.38184663536776214 0.2351851851851852 0.023474178403755867 0.08518518518518518
1 0.11867501304121023 0.4199074074074074 0.03390714658320292 0.04537037037037037
1 0.25821596244131456 0.25787037037037036 0.022952529994783515 0.05
1 0.30229525299947835 0.26435185185185184 0.02608242044861763 0.053703703703703705
1 0.9590505998956703 0.25 0.026604068857589983 0.06944444444444445
1 0.9543557642149192 0.7509259259259259 0.03025560772039645 0.046296296296296294
1 0.3257694314032342 0.12777777777777777 0.02190923317683881 0.07407407407407407
1 0.2509128847157016 0.15787037037037038 0.020865936358894107 0.06296296296296296
0 0.7081377151799687 0.2777777777777778 0.040166927490871154 0.040740740740740744
1 0.3617631716223266 0.3125 0.023995826812728223 0.06111111111111111
1 0.8596765779864372 0.2824074074074074 0.023474178403755867 0.05555555555555555
1 0.49165362545644237 0.924074074074074 0.028169014084507043 0.06111111111111111
1 0.14736567553468963 0.4722222222222222 0.028169014084507043 0.06388888888888888
1 0.1411058946270214 0.14722222222222223 0.02190923317683881 0.06481481481481481
1 0.22509128847157017 0.7893518518518519 0.029212310902451747 0.06018518518518518
1 0.04929577464788732 0.3675925925925926 0.03390714658320292 0.06018518518518518
1 0.3315075639019301 0.29444444444444445 0.025039123630672927 0.062037037037037036
1 0.3622848200312989 0.37175925925925923 0.019300991131977047 0.06481481481481481
1 0.6205007824726134 0.23194444444444445 0.025039123630672927 0.044444444444444446
1 0.34533124673969745 0.23148148148148148 0.025039123630672927 0.06851851851851852
1 0.6948356807511737 0.5995370370370371 0.02190923317683881 0.05740740740740741
1 0.3735002608242045 0.13287037037037036 0.023995826812728223 0.075
1 0.19535732916014606 0.14027777777777778 0.023995826812728223 0.044444444444444446
1 0.4462702138758477 0.32685185185185184 0.02034428794992175 0.06944444444444445
0 0.020083463745435577 0.5722222222222222 0.038601982263954095 0.06388888888888888
1 0.352112676056338 0.41712962962962963 0.03286384976525822 0.06018518518518518
1 0.07433489827856025 0.3384259259259259 0.02138758476786646 0.03611111111111111
1 0.5860719874804382 0.8550925925925926 0.036515388628064686 0.07037037037037037
1 0.848982785602504 0.3597222222222222 0.02034428794992175 0.05
1 0.22170057381324987 0.21666666666666667 0.025039123630672927 0.06111111111111111
1 0.4747000521648409 0.6986111111111111 0.03234220135628586 0.04814814814814815
1 0.3270735524256651 0.32546296296296295 0.020865936358894107 0.06388888888888888
1 0.4238393322900365 0.3921296296296296 0.027125717266562335 0.04537037037037037
1 0.909754825247783 0.22175925925925927 0.03442879499217527 0.07777777777777778
1 0.4637454355764215 0.7236111111111111 0.024517475221700575 0.05555555555555555
1 0.0341679707876891 0.38842592592592595 0.03234220135628586 0.06574074074074074
1 0.9282733437663016 0.19953703703703704 0.022952529994783515 0.05277777777777778
1 0.22613458528951486 0.31712962962962965 0.0297339593114241 0.07222222222222222
1 0.38184663536776214 0.7162037037037037 0.019300991131977047 0.027777777777777776
1 0.035211267605633804 0.28055555555555556 0.03182055294731351 0.075
1 0.47078768909754826 0.06666666666666667 0.018257694314032343 0.06296296296296296
1 0.14945226917057902 0.3824074074074074 0.02764736567553469 0.04259259259259259
1 0.807772561293688 0.9837962962962963 0.025039123630672927 0.03148148148148148
1 0.19248826291079812 0.20277777777777778 0.02034428794992175 0.07037037037037037
0 0.12493479394887845 0.5592592592592592 0.027125717266562335 0.06388888888888888
0 0.008868022952529996 0.9180555555555555 0.014606155451225874 0.0787037037037037
1 0.36906624934793947 0.7861111111111111 0.017214397496087636 0.05
1 0.05033907146583203 0.1865740740740741 0.027125717266562335 0.05462962962962963
1 0.14736567553468963 0.30324074074074076 0.024517475221700575 0.05