0 0.8950208333333334 0.6367222222222222 0.05340625 0.04342592592592592
0 0.1355 0.6610277777777778 0.0546875 0.047657407407407405
0 0.9072291666666668 0.42838888888888893 0.05090104166666667 0.04527777777777778
0 0.023557291666666664 0.5260462962962963 0.041078125 0.05815740740740741
0 0.8251979166666668 0.32855555555555555 0.046906250000000003 0.042666666666666665
0 0.020364583333333335 0.6032962962962962 0.04072395833333333 0.03916666666666666
0 0.943359375 0.5121574074074075 0.047942708333333334 0.044000000000000004
0 0.76171875 0.38672222222222224 0.05059895833333334 0.04847222222222222
0 0.7602552083333334 0.46440740740740744 0.04281770833333333 0.0639074074074074
0 0.09386979166666666 0.4956574074074074 0.05520833333333333 0.04554629629629629
0 0.049958333333333334 0.6879351851851853 0.04654166666666667 0.052814814814814814
0 0.912109375 0.35959259259259263 0.046296875 0.04259259259259259
0 0.08239583333333332 0.3298611111111111 0.049588541666666666 0.04147222222222222
0 0.7456041666666666 0.3502592592592592 0.04510416666666666 0.04613888888888889
0 0.112 0.3860648148148148 0.05032291666666667 0.043833333333333335
0 0.829984375 0.5410092592592592 0.04984895833333333 0.06878703703703705
0 0.18229166666666666 0.29960185185185184 0.05505729166666666 0.06746296296296296
0 0.09486458333333332 0.4345277777777778 0.06175520833333333 0.05687962962962963