0 0.5921875 0.4305555555555556 0.04895833333333333 0.04351851851851852
0 0.8096354166666667 0.575925925925926 0.0453125 0.04537037037037037
0 0.459375 0.5541666666666667 0.03854166666666667 0.06296296296296296
0 0.5200520833333333 0.3726851851851852 0.049479166666666664 0.041666666666666664
0 0.6572916666666667 0.6393518518518518 0.0421875 0.04537037037037037
0 0.49583333333333335 0.6231481481481481 0.04739583333333333 0.04351851851851852
0 0.6674479166666667 0.512962962962963 0.04479166666666667 0.04259259259259259
0 0.5752604166666667 0.6953703703703704 0.0421875 0.04259259259259259
0 0.8442708333333333 0.38796296296296295 0.051041666666666666 0.044444444444444446
0 0.6083333333333333 0.5680555555555555 0.04635416666666667 0.04259259259259259
0 0.7010416666666667 0.4736111111111111 0.049479166666666664 0.04259259259259259
0 0.7046875 0.4134259259259259 0.05260416666666667 0.04259259259259259
0 0.4393229166666667 0.6601851851851852 0.04375 0.041666666666666664
0 0.61171875 0.32314814814814813 0.052083333333333336 0.044444444444444446
0 0.8153645833333333 0.7125 0.04479166666666667 0.03981481481481482
0 0.5786458333333333 0.22037037037037038 0.0515625 0.03981481481481482
0 0.5122395833333333 0.4671296296296296 0.0515625 0.06388888888888888