0 0.7587890625 0.2619357638888889 0.044097900390625 0.040473090277777776
1 0.60791015625 0.14832899305555555 0.020965576171875 0.06700303819444445
0 0.44482421875 0.3552517361111111 0.04620361328125 0.04820421006944445
0 0.20849609375 0.4605034722222222 0.049407958984375 0.042670355902777776
0 0.666015625 0.3001302083333333 0.028106689453125 0.0627170138888889
0 0.361328125 0.4448784722222222 0.05126953125 0.059624565972222224
0 0.2509765625 0.578125 0.03790283203125 0.0715603298611111
0 0.1124267578125 0.3287760416666667 0.028656005859375 0.06076388888888889
0 0.876953125 0.3205295138888889 0.048309326171875 0.07383897569444445
0 0.7646484375 0.4262152777777778 0.044677734375 0.053412543402777776
0 0.463623046875 0.5108506944444444 0.050811767578125 0.05251736111111111
1 0.62744140625 0.1083984375 0.0127716064453125 0.049967447916666664
0 0.95556640625 0.4214409722222222 0.04534912109375 0.05319552951388889
0 0.45361328125 0.3055555555555556 0.019500732421875 0.047037760416666664