0 0.90234375 0.3587962962962963 0.05260416666666667 0.04259259259259259
0 0.6596354166666667 0.38842592592592595 0.04739583333333333 0.04259259259259259
0 0.6471354166666666 0.3486111111111111 0.027083333333333334 0.05092592592592592
0 0.6411458333333333 0.46574074074074073 0.0515625 0.04259259259259259
0 0.9088541666666666 0.5402777777777777 0.036458333333333336 0.05925925925925926
0 0.4197916666666667 0.34814814814814815 0.0453125 0.04351851851851852
0 0.2869791666666667 0.3990740740740741 0.04791666666666667 0.04351851851851852
1 0.9872395833333333 0.40324074074074073 0.025520833333333333 0.04722222222222222
0 0.48098958333333336 0.31342592592592594 0.04583333333333333 0.044444444444444446
1 0.08203125 0.25046296296296294 0.03177083333333333 0.06111111111111111
0 0.018229166666666668 0.34074074074074073 0.036458333333333336 0.044444444444444446