0 0.59716796875 0.62662353515625 0.0321044921875 0.05963973999023438
0 0.431884765625 0.57115478515625 0.052703857421875 0.04328079223632812
1 0.779296875 0.328912353515625 0.0333251953125 0.07540283203125
0 0.69189453125 0.562054443359375 0.027740478515625 0.05926055908203125
0 0.40684542973504606 0.4920949676890431 0.042796185857792435 0.05546874999999995
1 0.54052734375 0.727593994140625 0.0224151611328125 0.06180648803710938
0 0.89208984375 0.5841552734375 0.0574951171875 0.04650382995605469
1 0.58251953125 0.4454833984375 0.029876708984375 0.06440658569335937
1 0.7158203125 0.3078948974609375 0.021575927734375 0.06917343139648438
0 0.50146484375 0.52435302734375 0.044097900390625 0.04409332275390625
1 0.58154296875 0.294677734375 0.0282745361328125 0.06299819946289062
1 0.6572265625 0.2992279052734375 0.026153564453125 0.06440658569335937
1 0.044097900390625 0.336712646484375 0.03179931640625 0.07101516723632813
1 0.76025390625 0.3044281005859375 0.0200653076171875 0.06272735595703124
1 0.0192413330078125 0.2883941650390625 0.036163330078125 0.061589813232421874
1 0.94189453125 0.4123321533203125 0.03302001953125 0.07193603515625
1 0.98095703125 0.3122283935546875 0.0239105224609375 0.05953140258789062
1 0.0863037109375 0.2675933837890625 0.0323486328125 0.0656524658203125
1 0.44970703125 0.3468963623046875 0.0276336669921875 0.07036514282226562
0 0.05780029296875 0.47581787109375 0.0271759033203125 0.06359405517578125
1 0.611328125 0.2617431640625 0.016845703125 0.06624832153320312
1 0.286376953125 0.3373626708984375 0.0296478271484375 0.062835693359375
1 0.83740234375 0.17344818115234376 0.0282135009765625 0.06711502075195312
1 0.95947265625 0.2233917236328125 0.02215576171875 0.059964752197265624
1 0.1077880859375 0.3542633056640625 0.035064697265625 0.07036514282226562
1 0.830078125 0.9239013671875 0.029815673828125 0.058935546875
1 0.53173828125 0.18839874267578124 0.0237274169921875 0.06944427490234376
1 0.533203125 0.2693267822265625 0.017242431640625 0.06359405517578125
1 0.29638671875 0.426849365234375 0.019500732421875 0.06381072998046874
1 0.8837890625 0.16304779052734375 0.0221099853515625 0.06527328491210938
1 0.129638671875 0.3048614501953125 0.0322265625 0.061102294921875
1 0.6767578125 0.11841278076171875 0.018646240234375 0.06749420166015625
1 0.229736328125 0.276043701171875 0.0305023193359375 0.0699859619140625
1 0.94189453125 0.3172119140625 0.0287017822265625 0.06613998413085938
1 0.607421875 0.3744140625 0.0226287841796875 0.05465621948242187
1 0.1669921875 0.25394287109375 0.030731201171875 0.06467742919921875
1 0.63427734375 0.2385589599609375 0.0237274169921875 0.052814483642578125
1 0.421142578125 0.866265869140625 0.0253753662109375 0.051622772216796876
1 0.705078125 0.18807373046875 0.017578125 0.06223983764648437
1 0.92822265625 0.1774566650390625 0.0199432373046875 0.0665191650390625
1 0.59765625 0.195440673828125 0.0170440673828125 0.0574188232421875
1 0.2027587890625 0.8476318359375 0.03643798828125 0.053329086303710936
1 0.393310546875 0.2740936279296875 0.0246124267578125 0.05322074890136719
1 0.15625 0.93343505859375 0.032958984375 0.06099395751953125
1 0.9404296875 0.2840606689453125 0.0257568359375 0.06251068115234375
0 0.9777430012171795 0.3595679012345679 0.044513997565641075 0.05555555555555555
1 0.8481133715875496 0.24768518518518512 0.021735350373848068 0.06944444444444445
1 0.22387410885063466 0.8194444444444444 0.028690662493479395 0.05864197530864212
1 0.2088623046875 0.78782958984375 0.0240936279296875 0.04401206970214844