1 0.5216484089723527 0.41759259259259257 0.03129890453834116 0.06481481481481481
1 0.017996870109546165 0.3611111111111111 0.025039123630672927 0.07222222222222222
0 0.8022952529994783 0.5180555555555556 0.0505998956703182 0.044444444444444446
0 0.8849765258215962 0.5314814814814814 0.03286384976525822 0.05555555555555555
0 0.6074595722483046 0.5166666666666667 0.051643192488262914 0.04351851851851852
1 0.4300991131977048 0.38055555555555554 0.029212310902451747 0.07037037037037037
1 0.8038601982263954 0.3282407407407407 0.026604068857589983 0.06481481481481481
1 0.08398539384454877 0.8490740740740741 0.0406885758998435 0.07592592592592592
1 0.6244131455399061 0.3402777777777778 0.03234220135628586 0.0712962962962963
0 0.4047991653625456 0.5162037037037037 0.047991653625456446 0.05092592592592592
0 0.6431924882629108 0.600925925925926 0.03129890453834116 0.05740740740740741
1 0.347678664580073 0.32916666666666666 0.0198226395409494 0.062037037037037036
0 0.03025560772039645 0.6402777777777777 0.0605112154407929 0.058333333333333334
1 0.3114241001564945 0.3226851851851852 0.03234220135628586 0.0787037037037037
1 0.800208659363589 0.42685185185185187 0.03234220135628586 0.058333333333333334
0 0.8575899843505478 0.4671296296296296 0.0297339593114241 0.06851851851851852
1 0.16014606155451225 0.39444444444444443 0.03338549817423057 0.07592592592592592
1 0.5529473135106938 0.2875 0.02764736567553469 0.06481481481481481
0 0.11711006781429317 0.3611111111111111 0.05112154407929056 0.044444444444444446
1 0.9684402712571727 0.29444444444444445 0.0297339593114241 0.06388888888888888
1 0.5845070422535211 0.7185185185185186 0.03755868544600939 0.05925925925925926
1 0.7282211789254043 0.19444444444444445 0.022952529994783515 0.06388888888888888
1 0.22717788210745957 0.24027777777777778 0.028169014084507043 0.07685185185185185
1 0.36906624934793947 0.18333333333333332 0.01564945226917058 0.06481481481481481
1 0.019561815336463225 0.25925925925925924 0.03338549817423057 0.06296296296296296
1 0.1288471570161711 0.22175925925925927 0.02608242044861763 0.06111111111111111
1 0.6992696922274387 0.8629629629629629 0.025039123630672927 0.05740740740740741
1 0.43453312467396976 0.29074074074074074 0.026604068857589983 0.06388888888888888
1 0.30412102243088157 0.9101851851851852 0.03808033385498174 0.06018518518518518
0 0.12754303599374023 0.5981481481481481 0.03025560772039645 0.06481481481481481
1 0.24021909233176839 0.16342592592592592 0.027125717266562335 0.07222222222222222
1 0.07720396452790819 0.15231481481481482 0.022430881585811163 0.06481481481481481
1 0.19196661450182578 0.1439814814814815 0.023995826812728223 0.0712962962962963
1 0.14945226917057902 0.2800925925925926 0.03025560772039645 0.0712962962962963
1 0.6851851851851852 0.26435185185185184 0.023474178403755867 0.05092592592592592
1 0.9241001564945227 0.2652777777777778 0.0297339593114241 0.06388888888888888
1 0.4394887845592071 0.2273148148148148 0.02608242044861763 0.053703703703703705
1 0.9593114241001565 0.9231481481481482 0.04538341158059468 0.05740740740740741
1 0.874282733437663 0.8092592592592592 0.03442879499217527 0.05648148148148148
1 0.08346374543557643 0.2740740740740741 0.02556077203964528 0.058333333333333334
1 0.5052164840897235 0.2800925925925926 0.022952529994783515 0.07962962962962963
1 0.8544600938967136 0.275 0.02608242044861763 0.06574074074074074
1 0.47522170057381324 0.17314814814814813 0.022952529994783515 0.07592592592592592
1 0.1630151278038602 0.18333333333333332 0.024517475221700575 0.06666666666666667
0 0.058424621804903494 0.5430555555555555 0.0505998956703182 0.058333333333333334
1 0.03573291601460615 0.4222222222222222 0.022430881585811163 0.06666666666666667
1 0.37715179968701096 0.3023148148148148 0.0198226395409494 0.0712962962962963