0 0.33697916666666666 0.6092592592592593 0.04739583333333333 0.04351851851851852
1 0.15 0.7069444444444445 0.0296875 0.07314814814814814
0 0.609375 0.5740740740740741 0.049479166666666664 0.041666666666666664
0 0.42239583333333336 0.5319444444444444 0.04895833333333333 0.04722222222222222
0 0.6434895833333333 0.43425925925925923 0.05520833333333333 0.03981481481481482
1 0.2557291666666667 0.7375 0.0265625 0.06574074074074074
0 0.12552083333333333 0.5722222222222222 0.042708333333333334 0.05555555555555555
0 0.53125 0.6444444444444445 0.040625 0.06574074074074074
0 0.17421875 0.2388888888888889 0.05625 0.04722222222222222
1 0.010416666666666666 0.7208333333333333 0.020833333333333332 0.06481481481481481
0 0.578125 0.624537037037037 0.04895833333333333 0.06851851851851852