1 0.788471570161711 0.5662037037037037 0.03129890453834116 0.05925925925925926
1 0.4081898800208659 0.5666666666666667 0.02034428794992175 0.0712962962962963
1 0.04434011476264997 0.1712962962962963 0.026604068857589983 0.06481481481481481
1 0.22952529994783516 0.5912037037037037 0.025039123630672927 0.06944444444444445
0 0.5988523735002608 0.5259259259259259 0.028169014084507043 0.05925925925925926
1 0.7310902451747522 0.20694444444444443 0.028169014084507043 0.06018518518518518
0 0.32629107981220656 0.42685185185185187 0.02764736567553469 0.07222222222222222
1 0.30568596765779865 0.6305555555555555 0.0198226395409494 0.06851851851851852
0 0.42488262910798125 0.4041666666666667 0.028690662493479395 0.06111111111111111
1 0.5166927490871153 0.6606481481481481 0.023474178403755867 0.06944444444444445
0 0.18466353677621283 0.4111111111111111 0.0605112154407929 0.05
1 0.4473135106937924 0.14074074074074075 0.03547209181011998 0.05462962962962963
1 0.6426708398539385 0.6875 0.02764736567553469 0.06296296296296296
1 0.8557642149191445 0.24583333333333332 0.0297339593114241 0.053703703703703705
1 0.347678664580073 0.2810185185185185 0.01617110067814293 0.058333333333333334
1 0.4791340636411059 0.03287037037037037 0.02556077203964528 0.05092592592592592
1 0.41836202399582684 0.23703703703703705 0.023474178403755867 0.058333333333333334
1 0.4332290036515389 0.7236111111111111 0.02138758476786646 0.07962962962962963
1 0.41705790297339596 0.8333333333333334 0.026604068857589983 0.06666666666666667
1 0.30568596765779865 0.862037037037037 0.02034428794992175 0.06759259259259259
1 0.20761606677099634 0.16296296296296298 0.03495044340114763 0.05925925925925926
1 0.0957224830464267 0.6449074074074074 0.02764736567553469 0.06296296296296296
1 0.2949921752738654 0.11157407407407408 0.030777256129368807 0.05277777777777778
1 0.6421491914449661 0.600925925925926 0.025039123630672927 0.06759259259259259
1 0.4209702660406886 0.06898148148148148 0.02556077203964528 0.058333333333333334
1 0.8735002608242045 0.5851851851851851 0.028690662493479395 0.06481481481481481
1 0.05268648930620762 0.6074074074074074 0.03025560772039645 0.06574074074074074
1 0.7394366197183099 0.7273148148148149 0.02190923317683881 0.06018518518518518
1 0.985133020344288 0.7407407407407407 0.029212310902451747 0.05925925925925926
1 0.26421491914449663 0.7944444444444444 0.027125717266562335 0.06759259259259259
1 0.4637454355764215 0.6583333333333333 0.023474178403755867 0.06111111111111111
1 0.3789775691184142 0.6273148148148148 0.01564945226917058 0.058333333333333334
1 0.8474178403755869 0.6995370370370371 0.029212310902451747 0.05925925925925926
1 0.6825769431403235 0.7458333333333333 0.026604068857589983 0.058333333333333334
1 0.06207616066770996 0.08657407407407407 0.03495044340114763 0.05462962962962963
0 0.6043296817944706 0.40046296296296297 0.05372978612415232 0.07314814814814814
1 0.8706311945748565 0.7722222222222223 0.02190923317683881 0.062037037037037036
1 0.28325508607198746 0.21064814814814814 0.02764736567553469 0.03888888888888889
1 0.7183098591549296 0.29768518518518516 0.022952529994783515 0.06666666666666667
1 0.5172143974960877 0.7337962962962963 0.01564945226917058 0.06296296296296296
1 0.056598852373500264 0.7546296296296297 0.028169014084507043 0.06388888888888888
1 0.9194053208137715 0.7185185185185186 0.029212310902451747 0.06388888888888888
1 0.21178925404277518 0.6893518518518519 0.024517475221700575 0.06666666666666667
1 0.08215962441314555 0.775 0.022952529994783515 0.05925925925925926
1 0.22117892540427753 0.8462962962962963 0.0297339593114241 0.06759259259259259
1 0.35837245696400627 0.7152777777777778 0.020865936358894107 0.058333333333333334
1 0.7420448617631716 0.056018518518518516 0.03182055294731351 0.062037037037037036
1 0.2665623369848722 0.6888888888888889 0.028690662493479395 0.049074074074074076
1 0.03625456442357851 0.6847222222222222 0.024517475221700575 0.041666666666666664
1 0.7282211789254043 0.1361111111111111 0.028169014084507043 0.04722222222222222
1 0.6398017736045905 0.7782407407407408 0.023995826812728223 0.06759259259259259
1 0.9298382889932185 0.7939814814814815 0.03025560772039645 0.06574074074074074
1 0.5435576421491914 0.7842592592592592 0.02608242044861763 0.05648148148148148
1 0.2861241523213354 0.34120370370370373 0.03338549817423057 0.04814814814814815
1 0.4765258215962441 0.7643518518518518 0.028690662493479395 0.05740740740740741
1 0.5941575378195096 0.7439814814814815 0.026604068857589983 0.024074074074074074
1 0.4658320292123109 0.2759259259259259 0.03547209181011998 0.05740740740740741
1 0.5114762649973917 0.5708333333333333 0.013562858633281168 0.03425925925925926
0 0.9903495044340115 0.48009259259259257 0.019300991131977047 0.049074074074074076
1 0.5039123630672926 0.7888888888888889 0.019300991131977047 0.053703703703703705
1 0.7428273343766302 0.7986111111111112 0.025039123630672927 0.04259259259259259
1 0.823943661971831 0.8393518518518519 0.016692749087115284 0.05185185185185185
1 0.3633281168492436 0.7555555555555555 0.03025560772039645 0.03888888888888889
1 0.14736567553468963 0.8240740740740741 0.019300991131977047 0.06481481481481481
1 0.03234220135628586 0.8152777777777778 0.03182055294731351 0.044444444444444446
0 0.04877412623891497 0.9101851851851852 0.03495044340114763 0.07037037037037037
1 0.12206572769953052 0.6912037037037037 0.018779342723004695 0.037037037037037035