1 0.7193531559728743 0.6087962962962963 0.028690662493479395 0.06666666666666667
0 0.6914449660928534 0.4550925925925926 0.028169014084507043 0.06574074074074074
1 0.2378716744913928 0.7226851851851852 0.027125717266562335 0.05648148148148148
1 0.968961919666145 0.6712962962962963 0.03547209181011998 0.06388888888888888
1 0.1904016692749087 0.6439814814814815 0.023995826812728223 0.07222222222222222
0 0.4525299947835159 0.5587962962962963 0.026604068857589983 0.053703703703703705
0 0.22326551904016692 0.49953703703703706 0.03129890453834116 0.05740740740740741
0 0.2764736567553469 0.36064814814814816 0.053208137715179966 0.05
1 0.02686489306207616 0.55 0.027125717266562335 0.06944444444444445
0 0.6426708398539385 0.47824074074074074 0.05112154407929056 0.04537037037037037
1 0.5975482524778299 0.7074074074074074 0.028690662493479395 0.05555555555555555
1 0.9251434533124674 0.14629629629629629 0.02764736567553469 0.058333333333333334
1 0.32629107981220656 0.7819444444444444 0.019300991131977047 0.06111111111111111
0 0.03912363067292645 0.4134259259259259 0.03495044340114763 0.05648148148148148
1 0.8215962441314554 0.3013888888888889 0.03234220135628586 0.058333333333333334
1 0.5537297861241524 0.6935185185185185 0.019300991131977047 0.06759259259259259
1 0.7621283255086072 0.6583333333333333 0.03129890453834116 0.06944444444444445
1 0.23917579551382367 0.5861111111111111 0.03495044340114763 0.07407407407407407
1 0.5717266562336984 0.6365740740740741 0.023474178403755867 0.07777777777777778
1 0.3735002608242045 0.7708333333333334 0.0297339593114241 0.046296296296296294
1 0.9773082942097027 0.5893518518518519 0.03390714658320292 0.06018518518518518
1 0.2631716223265519 0.8680555555555556 0.023995826812728223 0.06759259259259259
1 0.1278038601982264 0.6972222222222222 0.022430881585811163 0.06388888888888888
1 0.033646322378716745 0.7064814814814815 0.02190923317683881 0.05740740740740741
0 0.960093896713615 0.524074074074074 0.051643192488262914 0.04259259259259259
0 0.260302556077204 0.6430555555555556 0.04590505998956703 0.04814814814814815
1 0.5472091810119979 0.6037037037037037 0.01617110067814293 0.06296296296296296
1 0.3302034428794992 0.8662037037037037 0.024517475221700575 0.06296296296296296
1 0.6700573813249869 0.7125 0.02190923317683881 0.07222222222222222
1 0.07772561293688054 0.7046296296296296 0.022430881585811163 0.06574074074074074
0 0.7621283255086072 0.20092592592592592 0.04538341158059468 0.07222222222222222
1 0.28169014084507044 0.7652777777777777 0.02556077203964528 0.062037037037037036
0 0.6588419405320813 0.5361111111111111 0.02138758476786646 0.05555555555555555
1 0.8255086071987481 0.7486111111111111 0.03025560772039645 0.05185185185185185
1 0.35837245696400627 0.6305555555555555 0.023995826812728223 0.05740740740740741
1 0.7524778299426187 0.7782407407407408 0.02138758476786646 0.05555555555555555
1 0.30412102243088157 0.6763888888888889 0.02764736567553469 0.06296296296296296
1 0.0605112154407929 0.763425925925926 0.028690662493479395 0.06296296296296296
1 0.14162754303599373 0.5949074074074074 0.03495044340114763 0.07962962962962963
1 0.3677621283255086 0.8597222222222223 0.013041210224308816 0.03333333333333333
1 0.7170057381324987 0.7592592592592593 0.018257694314032343 0.05555555555555555
1 0.5378195096504955 0.10555555555555556 0.03755868544600939 0.058333333333333334
1 0.10302556077203964 0.7819444444444444 0.02034428794992175 0.06296296296296296
1 0.2968179447052686 0.16342592592592592 0.03390714658320292 0.09074074074074075
1 0.1210224308815858 0.8375 0.02138758476786646 0.06388888888888888
0 0.20657276995305165 0.4162037037037037 0.053208137715179966 0.05462962962962963
0 0.11267605633802817 0.27870370370370373 0.054773082942097026 0.07592592592592592
1 0.046948356807511735 0.10138888888888889 0.0396452790818988 0.07777777777777778