0 0.17683881064162754 0.5180555555555556 0.05112154407929056 0.06388888888888888
0 0.9191444966092853 0.5087962962962963 0.050078247261345854 0.04351851851851852
1 0.46296296296296297 0.3685185185185185 0.026604068857589983 0.07685185185185185
0 0.18648930620761606 0.6402777777777777 0.053208137715179966 0.04722222222222222
0 0.7394366197183099 0.4601851851851852 0.0505998956703182 0.04259259259259259
1 0.6705790297339593 0.40046296296296297 0.02138758476786646 0.06666666666666667
1 0.6974439227960355 0.27870370370370373 0.025039123630672927 0.06388888888888888
1 0.8294209702660407 0.39814814814814814 0.03234220135628586 0.06481481481481481
1 0.07433489827856025 0.4537037037037037 0.030777256129368807 0.06296296296296296
1 0.08737610850286906 0.34629629629629627 0.02608242044861763 0.04351851851851852
0 0.5821596244131455 0.5921296296296297 0.028169014084507043 0.06388888888888888
0 0.50886802295253 0.5430555555555555 0.05268648930620762 0.06018518518518518
0 0.33776734480959836 0.5763888888888888 0.0297339593114241 0.05925925925925926
0 0.4843505477308294 0.4810185185185185 0.028169014084507043 0.06018518518518518
1 0.5706833594157538 0.3143518518518518 0.022952529994783515 0.062037037037037036
0 0.36384976525821594 0.7078703703703704 0.05529473135106938 0.058333333333333334
0 0.05425143453312467 0.7375 0.04121022430881586 0.06111111111111111
0 0.07042253521126761 0.6212962962962963 0.056859676577986434 0.04722222222222222
1 0.9598330725091289 0.687037037037037 0.04590505998956703 0.06296296296296296
1 0.28821074595722485 0.35833333333333334 0.023995826812728223 0.0712962962962963
1 0.15284298382889933 0.8972222222222223 0.02608242044861763 0.07685185185185185
1 0.8625456442357851 0.24027777777777778 0.03234220135628586 0.06111111111111111
1 0.010172143974960876 0.24861111111111112 0.0198226395409494 0.06018518518518518
1 0.6588419405320813 0.31805555555555554 0.02764736567553469 0.07407407407407407
1 0.35732916014606153 0.09583333333333334 0.022952529994783515 0.06759259259259259
0 0.30412102243088157 0.6472222222222223 0.0505998956703182 0.04814814814814815
1 0.8082942097026604 0.2712962962962963 0.023474178403755867 0.06296296296296296
0 0.9843505477308294 0.45925925925925926 0.0297339593114241 0.06388888888888888
0 0.3526343244653104 0.34629629629629627 0.04590505998956703 0.04814814814814815
1 0.025821596244131457 0.13472222222222222 0.028169014084507043 0.06574074074074074
1 0.912623891497131 0.24953703703703703 0.02034428794992175 0.05092592592592592
1 0.45305164319248825 0.25601851851851853 0.024517475221700575 0.05185185185185185
1 0.3711528429838289 0.23703703703703705 0.022430881585811163 0.06296296296296296
0 0.5683359415753781 0.6675925925925926 0.0505998956703182 0.08611111111111111
1 0.11867501304121023 0.28703703703703703 0.027125717266562335 0.05648148148148148
1 0.7597809076682316 0.28425925925925927 0.03234220135628586 0.06481481481481481
1 0.34872196139801775 0.40370370370370373 0.028169014084507043 0.07407407407407407
1 0.08841940532081377 0.1824074074074074 0.025039123630672927 0.06481481481481481
1 0.23969744392279604 0.375 0.018257694314032343 0.07592592592592592
1 0.6731872717788211 0.8916666666666667 0.022952529994783515 0.05925925925925926
1 0.12493479394887845 0.39537037037037037 0.028690662493479395 0.06388888888888888
1 0.3951486697965571 0.3175925925925926 0.02138758476786646 0.062037037037037036
1 0.2167449139280125 0.2972222222222222 0.02608242044861763 0.06296296296296296
1 0.1465832029212311 0.2013888888888889 0.02556077203964528 0.06574074074074074
1 0.2222222222222222 0.19166666666666668 0.02608242044861763 0.06388888888888888
1 0.2686489306207616 0.2537037037037037 0.022430881585811163 0.06296296296296296
1 0.06338028169014084 0.2972222222222222 0.025039123630672927 0.062037037037037036
1 0.013562858633281168 0.37453703703703706 0.022952529994783515 0.053703703703703705
1 0.32472613458528954 0.2712962962962963 0.01617110067814293 0.05925925925925926
1 0.41053729786124155 0.8356481481481481 0.036515388628064686 0.08148148148148149
1 0.9347939488784559 0.1685185185185185 0.018257694314032343 0.04537037037037037
1 0.35498174230568597 0.2949074074074074 0.01564945226917058 0.04722222222222222
1 0.18596765779864372 0.23564814814814813 0.02764736567553469 0.030555555555555555