0 0.24791666666666667 0.5050925925925925 0.05364583333333333 0.04259259259259259
0 0.47994791666666664 0.4199074074074074 0.04791666666666667 0.049074074074074076
0 0.15052083333333333 0.4888888888888889 0.046875 0.05185185185185185
0 0.3341145833333333 0.4152777777777778 0.04635416666666667 0.041666666666666664
0 0.08046875 0.37175925925925923 0.049479166666666664 0.041666666666666664
0 0.8989583333333333 0.562962962962963 0.04895833333333333 0.04722222222222222
0 0.45234375 0.7444444444444445 0.053125 0.053703703703703705
0 0.33880208333333334 0.4652777777777778 0.051041666666666666 0.04351851851851852
1 0.5971354166666667 0.2462962962962963 0.026041666666666668 0.06296296296296296
0 0.8388020833333333 0.49027777777777776 0.049479166666666664 0.046296296296296294
0 0.7442708333333333 0.5856481481481481 0.04895833333333333 0.04259259259259259
0 0.0625 0.462037037037037 0.05260416666666667 0.044444444444444446
0 0.17135416666666667 0.31851851851851853 0.04791666666666667 0.037037037037037035
1 0.9708333333333333 0.3416666666666667 0.0265625 0.06481481481481481
0 0.18515625 0.6032407407407407 0.058333333333333334 0.040740740740740744
0 0.13776041666666666 0.6699074074074074 0.050520833333333334 0.04259259259259259
1 0.7041666666666667 0.2777777777777778 0.018229166666666668 0.062037037037037036
0 0.55703125 0.8222222222222222 0.05 0.04814814814814815
0 0.16302083333333334 0.7643518518518518 0.059375 0.075
1 0.21015625 0.26342592592592595 0.019270833333333334 0.058333333333333334
1 0.93203125 0.29953703703703705 0.034895833333333334 0.07592592592592592
0 0.01953125 0.5486111111111112 0.03802083333333333 0.05740740740740741
1 0.9859375 0.387037037037037 0.019270833333333334 0.08333333333333333