0 0.48486328125 0.4943576388888889 0.044097900390625 0.058159722222222224
0 0.7543945312500001 0.5965815145502646 0.04840087890625 0.06098736152447089
0 0.2122802734375 0.4338107638888889 0.047149658203125 0.044677734375
0 0.9047386532738096 0.720920138888889 0.04464867001488102 0.058051215277777776
0 0.2149658203125 0.5203993055555556 0.051849365234375 0.04383680555555555
0 0.67626953125 0.9513888888888888 0.05511474609375 0.06510416666666667
0 0.75 0.4644097222222222 0.049224853515625 0.041802300347222224
0 0.7177734375000001 0.544994212962963 0.047088623046875 0.05579065393518518
0 0.029506865001860127 0.5286458333333336 0.04072788783482144 0.06477864583333333
0 0.93017578125 0.6315104166666666 0.0537109375 0.06646050347222222
1 0.8955078125 0.2732204861111111 0.03302001953125 0.061197916666666664
1 0.77197265625 0.3513454861111111 0.0266571044921875 0.060492621527777776
1 0.93701171875 0.2593315972222222 0.0233306884765625 0.060872395833333336
1 0.05889892578125 0.3092447916666667 0.0257110595703125 0.046685112847222224
0 0.95361328125 0.4791666666666667 0.0469970703125 0.04031032986111111
1 0.53125 0.2708333333333333 0.017303466796875 0.06586371527777778
0 0.021728515625 0.8702256944444444 0.04345703125 0.041802300347222224
0 0.98583984375 0.412109375 0.0273284912109375 0.035725911458333336
1 0.760044642857143 0.29431216931216936 0.030505952380952432 0.07010582010582017
1 0.7805059523809526 0.3796296296296297 0.01934523809523808 0.07407407407407418