0 0.90185546875 0.585888671875 0.06109619140625 0.046422576904296874
1 0.84326171875 0.367047119140625 0.026763916015625 0.04923934936523437
1 0.08197021484375 0.3616302490234375 0.034820556640625 0.05774383544921875
0 0.2149658203125 0.4313995361328125 0.0312042236328125 0.06077728271484375
1 0.5947265625 0.3109283447265625 0.0264129638671875 0.06613998413085938
0 0.331298828125 0.46541748046875 0.0504150390625 0.04344329833984375
1 0.29736328125 0.3269622802734375 0.0243377685546875 0.0556854248046875
1 0.76904296875 0.287310791015625 0.030670166015625 0.06440658569335937
1 0.53662109375 0.32501220703125 0.02288818359375 0.06429824829101563
0 0.8857421875 0.523052978515625 0.05718994140625 0.048589324951171874
1 0.63525390625 0.19847412109375 0.0170440673828125 0.06310653686523438
1 0.452880859375 0.291644287109375 0.0253753662109375 0.05806884765625
1 0.016021728515625 0.3845977783203125 0.026763916015625 0.06814422607421874
1 0.72705078125 0.37354736328125 0.02691650390625 0.05806884765625
1 0.91796875 0.403448486328125 0.0309600830078125 0.065869140625
1 0.1177978515625 0.3031280517578125 0.0289764404296875 0.0673858642578125
1 0.36474609375 0.2827606201171875 0.0233306884765625 0.05143318176269531
1 0.414794921875 0.33367919921875 0.022247314453125 0.06223983764648437
1 0.81640625 0.2927276611328125 0.03021240234375 0.0569854736328125
1 0.712890625 0.18579864501953125 0.017852783203125 0.06121063232421875
1 0.2137451171875 0.3551300048828125 0.0258026123046875 0.07182769775390625
1 0.671875 0.11023330688476562 0.0222930908203125 0.06814422607421874
1 0.796875 0.9065673828125 0.033477783203125 0.0608856201171875
1 0.94970703125 0.3317291259765625 0.0280609130859375 0.06527328491210938
1 0.9560546875 0.42728271484375 0.0295867919921875 0.06169815063476562
1 0.513671875 0.2641265869140625 0.019012451171875 0.05232696533203125
1 0.666015625 0.1848236083984375 0.0242767333984375 0.059964752197265624
1 0.058990478515625 0.302911376953125 0.0226287841796875 0.049537277221679686
1 0.12347412109375 0.2270751953125 0.029144287109375 0.061589813232421874
1 0.912109375 0.3187286376953125 0.03338623046875 0.06603164672851562
1 0.20654296875 0.884033203125 0.0311431884765625 0.0626190185546875
1 0.5947265625 0.2008575439453125 0.0169830322265625 0.06429824829101563
1 0.82080078125 0.17908172607421874 0.022674560546875 0.07469863891601562
1 0.1966552734375 0.246575927734375 0.0232391357421875 0.06121063232421875
1 0.72802734375 0.30767822265625 0.0208892822265625 0.05644378662109375
1 0.91943359375 0.21580810546875 0.0258636474609375 0.05094566345214844
1 0.86962890625 0.15676422119140626 0.0184783935546875 0.06251068115234375
1 0.4609375 0.843731689453125 0.028167724609375 0.054358291625976565
1 0.009674072265625 0.2446258544921875 0.0199127197265625 0.0686859130859375
1 0.277099609375 0.18579864501953125 0.0245208740234375 0.065869140625
0 0.470703125 0.597589111328125 0.0574951171875 0.05202903747558594
1 0.892578125 0.14809722900390626 0.021087646484375 0.05806884765625
1 0.5029296875 0.077569580078125 0.0196075439453125 0.0639190673828125
1 0.266845703125 0.91610107421875 0.027008056640625 0.06500244140625
1 0.2021484375 0.3102783203125 0.0255584716796875 0.04384956359863281
1 0.7802734375 0.1334716796875 0.0234222412109375 0.07556533813476562
1 0.457763671875 0.97503662109375 0.0211181640625 0.04607048034667969
1 0.156982421875 0.1822235107421875 0.017913818359375 0.05839385986328125
1 0.2393798828125 0.2545928955078125 0.0231475830078125 0.05633544921875
1 0.06646728515625 0.85196533203125 0.04046630859375 0.079302978515625
1 0.8779296875 0.9759033203125 0.027069091796875 0.04650382995605469
1 0.07147216796875 0.2441925048828125 0.0263519287109375 0.049049758911132814
1 0.036163330078125 0.19749908447265624 0.0227203369140625 0.04536628723144531
1 0.93701171875 0.054954147338867186 0.016021728515625 0.06917343139648438
1 0.285888671875 0.2870941162109375 0.0305023193359375 0.03778266906738281
1 0.9912109375 0.3065948486328125 0.0153656005859375 0.048399734497070315