0 0.6695357329160146 0.525 0.054773082942097026 0.053703703703703705
0 0.3471570161711007 0.7430555555555556 0.036515388628064686 0.06481481481481481
0 0.510432968179447 0.5518518518518518 0.03025560772039645 0.05648148148148148
0 0.288471570161711 0.6689814814814815 0.03338549817423057 0.06944444444444445
0 0.8111632759520083 0.6125 0.04747000521648409 0.04259259259259259
1 0.29160146061554515 0.3611111111111111 0.019300991131977047 0.06481481481481481
1 0.7378716744913928 0.39305555555555555 0.022952529994783515 0.062037037037037036
0 0.763432446531038 0.5574074074074075 0.028690662493479395 0.05555555555555555
0 0.37402190923317685 0.6236111111111111 0.04903495044340115 0.044444444444444446
0 0.6304121022430882 0.4726851851851852 0.051643192488262914 0.044444444444444446
1 0.7498695878977569 0.26666666666666666 0.028690662493479395 0.06388888888888888
1 0.62415232133542 0.2972222222222222 0.02608242044861763 0.058333333333333334
1 0.1585811163275952 0.44351851851851853 0.030777256129368807 0.06388888888888888
1 0.4160146061554512 0.4013888888888889 0.029212310902451747 0.0712962962962963
1 0.8148148148148148 0.27685185185185185 0.0297339593114241 0.06944444444444445
1 0.8982785602503912 0.3939814814814815 0.037037037037037035 0.06851851851851852
1 0.3202921231090245 0.24537037037037038 0.018257694314032343 0.06388888888888888
1 0.8054251434533125 0.16203703703703703 0.02034428794992175 0.06111111111111111
1 0.5221700573813249 0.35185185185185186 0.02608242044861763 0.06944444444444445
0 0.49165362545644237 0.6263888888888889 0.028169014084507043 0.05277777777777778
1 0.18648930620761606 0.38425925925925924 0.026604068857589983 0.05462962962962963
0 0.35159102764736566 0.4962962962962963 0.04121022430881586 0.05925925925925926
1 0.8568075117370892 0.2324074074074074 0.028169014084507043 0.058333333333333334
1 0.7227438706311946 0.29907407407407405 0.022430881585811163 0.06111111111111111
0 0.6275430359937402 0.6768518518518518 0.05894627021387585 0.05
1 0.21283255086071987 0.40925925925925927 0.023474178403755867 0.06388888888888888
1 0.4204486176317162 0.22361111111111112 0.017214397496087636 0.06481481481481481
1 0.6958789775691184 0.3662037037037037 0.023474178403755867 0.06296296296296296
1 0.054773082942097026 0.42268518518518516 0.03442879499217527 0.044444444444444446
1 0.6992696922274387 0.22083333333333333 0.01617110067814293 0.04722222222222222
1 0.13536776212832552 0.19398148148148148 0.025039123630672927 0.062037037037037036
1 0.2553468961919666 0.2263888888888889 0.023995826812728223 0.05555555555555555
1 0.26369327073552423 0.2875 0.018257694314032343 0.06666666666666667
1 0.405320813771518 0.2949074074074074 0.022430881585811163 0.05925925925925926
1 0.06207616066770996 0.12361111111111112 0.02190923317683881 0.06574074074074074
1 0.9303599374021909 0.2523148148148148 0.03338549817423057 0.06481481481481481
1 0.18883672404799165 0.23055555555555557 0.023995826812728223 0.06666666666666667
1 0.07563901930099114 0.36342592592592593 0.028690662493479395 0.049074074074074076
1 0.0649452269170579 0.23981481481481481 0.029212310902451747 0.06018518518518518
1 0.22404799165362546 0.8962962962962963 0.037037037037037035 0.0787037037037037
1 0.16014606155451225 0.27824074074074073 0.01773604590505999 0.05462962962962963
1 0.96452790818988 0.24675925925925926 0.018257694314032343 0.046296296296296294
1 0.04042775169535733 0.30972222222222223 0.030777256129368807 0.06111111111111111
1 0.2655190401669275 0.14166666666666666 0.019300991131977047 0.07222222222222222
1 0.21335419926969224 0.287962962962963 0.018779342723004695 0.03148148148148148
1 0.11658841940532082 0.2912037037037037 0.03234220135628586 0.06388888888888888
1 0.3448095983307251 0.3458333333333333 0.025039123630672927 0.06481481481481481
1 0.023474178403755867 0.9263888888888889 0.038601982263954095 0.062037037037037036
1 0.37219613980177363 0.26481481481481484 0.028690662493479395 0.053703703703703705
1 0.7490871152842984 0.8870370370370371 0.03338549817423057 0.05925925925925926
1 0.4444444444444444 0.27870370370370373 0.022430881585811163 0.08518518518518518
1 0.22117892540427753 0.1550925925925926 0.02556077203964528 0.06388888888888888