0 0.599609375 0.6141493055555556 0.0460205078125 0.06309678819444445
0 0.23779296875 0.5069444444444444 0.03955078125 0.06027560763888889
0 0.2575334821428572 0.3747829861111112 0.04174441382998514 0.059624565972222224
1 0.73681640625 0.3274739583333333 0.027374267578125 0.05251736111111111
0 0.1334228515625 0.5815972222222222 0.051544189453125 0.052897135416666664
0 0.1673583984375 0.3517795138888889 0.047943115234375 0.04172092013888889
0 0.4245256696428573 0.6315104166666667 0.05027553013392862 0.059136284722222224
0 0.59375 0.4370659722222222 0.04168701171875 0.05859375
0 0.0521240234375 0.3630642361111111 0.035675048828125 0.060384114583333336
0 0.438720703125 0.3235677083333333 0.045440673828125 0.04275173611111111
0 0.80908203125 0.6775173611111112 0.053009033203125 0.04942491319444445
0 0.8017345610119049 0.5781250000000001 0.04708934965587801 0.054633246527777776
0 0.471435546875 0.3973524305555556 0.047088623046875 0.04676649305555555
0 0.14599609375 0.2884114583333333 0.040313720703125 0.04196506076388889
0 0.86962890625 0.5034722222222222 0.044921875 0.058268229166666664
0 0.76318359375 0.4743923611111111 0.04595947265625 0.04234483506944445
1 0.7392113095238098 0.29100529100529104 0.02455357142857141 0.05820105820105823
0 0.8044317336309527 0.38585069444444453 0.042580014183407636 0.06222873263888889
0 0.9504278273809528 0.4626736111111112 0.050377255394345254 0.056206597222222224