1 0.8046875 0.86756591796875 0.03656005859375 0.059964752197265624
1 0.61376953125 0.454150390625 0.0224151611328125 0.06538162231445313
1 0.3623046875 0.3588134765625 0.02838134765625 0.0582855224609375
0 0.52197265625 0.514385986328125 0.045440673828125 0.04712677001953125
1 0.146240234375 0.2912109375 0.0251312255859375 0.059423065185546874
1 0.482666015625 0.34754638671875 0.02655029296875 0.049537277221679686
1 0.0604248046875 0.335845947265625 0.0292510986328125 0.0572021484375
1 0.2322998046875 0.3286956787109375 0.0293121337890625 0.06169815063476562
1 0.82470703125 0.49835205078125 0.0300445556640625 0.06121063232421875
1 0.2166748046875 0.24180908203125 0.0184783935546875 0.05303115844726562
1 0.5380859375 0.342779541015625 0.0242767333984375 0.06467742919921875
0 0.10858154296875 0.38221435546875 0.048583984375 0.038730621337890625
1 0.69482421875 0.86409912109375 0.0352783203125 0.0572021484375
1 0.919921875 0.33714599609375 0.0306243896484375 0.06787338256835937
1 0.07080078125 0.821630859375 0.038238525390625 0.05579376220703125
1 0.8759765625 0.45675048828125 0.0360107421875 0.06538162231445313
0 0.08630101524463134 0.458050537109375 0.04964670822363771 0.05774383544921872
1 0.81494140625 0.193707275390625 0.028167724609375 0.05143318176269531
1 0.75634765625 0.9169677734375 0.02606201171875 0.0556854248046875
1 0.7099609375 0.275177001953125 0.01934814453125 0.0582855224609375
0 0.378662109375 0.536053466796875 0.05126953125 0.044174575805664064
1 0.283447265625 0.17940673828125 0.0196380615234375 0.07036514282226562
1 0.10125732421875 0.24354248046875 0.022796630859375 0.0572021484375
1 0.72802734375 0.3672637939453125 0.030792236328125 0.060398101806640625
1 0.61669921875 0.3241455078125 0.01971435546875 0.06343154907226563
1 0.82763671875 0.37701416015625 0.0222015380859375 0.06007308959960937
1 0.67626953125 0.239208984375 0.0171051025390625 0.06018142700195313
1 0.30615234375 0.874932861328125 0.0223236083984375 0.05752716064453125
1 0.1929931640625 0.1809234619140625 0.01490020751953125 0.06240234375
1 0.572265625 0.1094207763671875 0.013427734375 0.059748077392578126
1 0.79248046875 0.77049560546875 0.0287017822265625 0.0639190673828125
1 0.79833984375 0.4248992919921875 0.027374267578125 0.06711502075195312
1 0.8349609375 0.2723602294921875 0.02655029296875 0.06776504516601563
1 0.62060546875 0.3837310791015625 0.0232391357421875 0.07036514282226562
1 0.51806640625 0.308978271484375 0.021331787109375 0.06548995971679687
1 0.87548828125 0.19674072265625 0.024383544921875 0.07626953125
1 0.6845703125 0.4142822265625 0.0217437744140625 0.05105400085449219
1 0.037109375 0.97677001953125 0.027801513671875 0.042441177368164065
1 0.4736328125 0.2628265380859375 0.019989013671875 0.05633544921875
1 0.63916015625 0.22880859375 0.01751708984375 0.06251068115234375
1 0.7685546875 0.3728973388671875 0.029541015625 0.06310653686523438
1 0.85107421875 0.406915283203125 0.027587890625 0.06332321166992187
1 0.5478515625 0.244842529296875 0.02691650390625 0.0556854248046875
1 0.97509765625 0.2372589111328125 0.0278472900390625 0.059856414794921875
1 0.9150390625 0.12967987060546876 0.030853271484375 0.06018142700195313
1 0.779296875 0.2047576904296875 0.0217437744140625 0.05424995422363281
0 0.33837890625 0.6916259765625 0.048583984375 0.05752716064453125
1 0.59423828125 0.1126708984375 0.0207672119140625 0.06440658569335937
1 0.75 0.22068328857421876 0.0191192626953125 0.05806884765625
0 0.9380296293579377 0.5599406677999614 0.050698553784124537 0.04734105239679791
1 0.68310546875 0.71502685546875 0.028594970703125 0.0535186767578125
1 0.78955078125 0.2736602783203125 0.028167724609375 0.04877891540527344
1 0.402587890625 0.2957611083984375 0.01332855224609375 0.0483184814453125
0 0.5516431924882628 0.6944444444444444 0.05129542688228148 0.06172839506172847
0 0.93505859375 0.610589599609375 0.04559326171875 0.05861053466796875
0 0.8037732568249 0.6257716049382716 0.053034254912189105 0.06327160493827164