1 0.03051643192488263 0.875 0.0406885758998435 0.062037037037037036
0 0.4525299947835159 0.5268518518518519 0.05268648930620762 0.041666666666666664
1 0.10667709963484612 0.49027777777777776 0.024517475221700575 0.05277777777777778
1 0.1398017736045905 0.8148148148148148 0.041731872717788214 0.058333333333333334
0 0.6416275430359938 0.49907407407407406 0.04121022430881586 0.04537037037037037
1 0.347678664580073 0.6583333333333333 0.03442879499217527 0.05740740740740741
0 0.4637454355764215 0.4791666666666667 0.048513302034428794 0.05555555555555555
1 0.176056338028169 0.6513888888888889 0.03442879499217527 0.053703703703703705
0 0.8661971830985915 0.5185185185185185 0.05372978612415232 0.04351851851851852
0 0.6684924360980699 0.5722222222222222 0.046426708398539386 0.049074074074074076
1 0.9653103808033385 0.45092592592592595 0.028690662493479395 0.05648148148148148
0 0.7553468961919666 0.6259259259259259 0.051643192488262914 0.049074074074074076
0 0.15832029212310902 0.43333333333333335 0.03286384976525822 0.06666666666666667
1 0.5331246739697444 0.612037037037037 0.018257694314032343 0.06296296296296296
1 0.20552947313510694 0.8296296296296296 0.03599374021909233 0.05925925925925926
1 0.2537819509650496 0.2810185185185185 0.02190923317683881 0.058333333333333334
0 0.8779342723004695 0.5814814814814815 0.054773082942097026 0.04537037037037037
0 0.184924360980699 0.5513888888888889 0.050078247261345854 0.08888888888888889
1 0.8291601460615545 0.11851851851851852 0.022430881585811163 0.06574074074074074
1 0.9175795513823682 0.7541666666666667 0.03442879499217527 0.05462962962962963
1 0.19431403234220135 0.6837962962962963 0.03338549817423057 0.05185185185185185
1 0.7295252999478351 0.4050925925925926 0.02556077203964528 0.0712962962962963
1 0.5073030777256129 0.39166666666666666 0.03025560772039645 0.06388888888888888
0 0.5672926447574335 0.5226851851851851 0.04538341158059468 0.046296296296296294
1 0.6786645800730308 0.18333333333333332 0.024517475221700575 0.06759259259259259
1 0.21152842983828898 0.7699074074074074 0.036515388628064686 0.05277777777777778
1 0.3664580073030777 0.3541666666666667 0.028690662493479395 0.06666666666666667
1 0.9647887323943662 0.8893518518518518 0.0297339593114241 0.06018518518518518
1 0.5633802816901409 0.21481481481481482 0.0198226395409494 0.06296296296296296
1 0.8836724047991653 0.35185185185185186 0.03390714658320292 0.06296296296296296
1 0.8453312467396974 0.4564814814814815 0.03390714658320292 0.06666666666666667
1 0.5625978090766823 0.31712962962962965 0.027125717266562335 0.05555555555555555
0 0.9637454355764214 0.6129629629629629 0.056859676577986434 0.04259259259259259
1 0.8051643192488263 0.43842592592592594 0.03547209181011998 0.06296296296296296
0 0.36071987480438183 0.43703703703703706 0.04747000521648409 0.05092592592592592
1 0.09285341679707877 0.337037037037037 0.040166927490871154 0.062037037037037036
1 0.7978612415232134 0.7560185185185185 0.03495044340114763 0.046296296296296294
1 0.3489827856025039 0.31805555555555554 0.029212310902451747 0.06574074074074074
1 0.7154407929055816 0.29768518518518516 0.027125717266562335 0.05925925925925926
1 0.48930620761606675 0.3416666666666667 0.02190923317683881 0.05740740740740741
1 0.3095983307250913 0.34444444444444444 0.03129890453834116 0.06759259259259259
1 0.788471570161711 0.2310185185185185 0.030777256129368807 0.06111111111111111
1 0.051382368283776736 0.899537037037037 0.03338549817423057 0.07407407407407407
1 0.6773604590505999 0.40694444444444444 0.018779342723004695 0.05740740740740741
1 0.4932185706833594 0.2828703703703704 0.01564945226917058 0.05925925925925926
1 0.31507563901930097 0.26666666666666666 0.03025560772039645 0.06851851851851852
1 0.5179968701095462 0.28703703703703703 0.018779342723004695 0.06111111111111111
1 0.43557642149191445 0.7444444444444445 0.022952529994783515 0.058333333333333334
1 0.20422535211267606 0.6157407407407407 0.03495044340114763 0.08148148148148149
1 0.87584767866458 0.20185185185185187 0.03025560772039645 0.058333333333333334
1 0.4394887845592071 0.3138888888888889 0.026604068857589983 0.05925925925925926
1 0.6544079290558164 0.24074074074074073 0.020865936358894107 0.06759259259259259
1 0.3635889410537298 0.9013888888888889 0.028169014084507043 0.06111111111111111
1 0.8492436098069901 0.30324074074074076 0.02608242044861763 0.06296296296296296
1 0.6669274908711529 0.10185185185185185 0.023995826812728223 0.06481481481481481
1 0.852112676056338 0.1476851851851852 0.02764736567553469 0.0787037037037037
1 0.1651017214397496 0.19722222222222222 0.026604068857589983 0.06574074074074074
1 0.11737089201877934 0.21481481481481482 0.03025560772039645 0.07407407407407407
1 0.07694314032342202 0.24166666666666667 0.02556077203964528 0.07314814814814814
1 0.28482003129890454 0.31666666666666665 0.028169014084507043 0.05740740740740741
1 0.5172143974960877 0.2351851851851852 0.017214397496087636 0.046296296296296294
1 0.7876890975482524 0.1712962962962963 0.02608242044861763 0.062037037037037036
1 0.5985915492957746 0.2 0.02034428794992175 0.06111111111111111
1 0.788471570161711 0.8972222222222223 0.03286384976525822 0.05277777777777778
1 0.905320813771518 0.11712962962962963 0.01617110067814293 0.05555555555555555
1 0.5712050078247262 0.7287037037037037 0.02556077203964528 0.06111111111111111
1 0.18857589984350548 0.25 0.027125717266562335 0.062037037037037036
1 0.39436619718309857 0.8490740740740741 0.023474178403755867 0.05185185185185185
1 0.03990610328638498 0.3143518518518518 0.03338549817423057 0.06388888888888888
1 0.8302034428794992 0.2847222222222222 0.0297339593114241 0.06574074074074074
1 0.16458007303077726 0.3458333333333333 0.03234220135628586 0.046296296296296294
1 0.6225873761085029 0.28703703703703703 0.018257694314032343 0.04814814814814815
1 0.1619718309859155 0.27314814814814814 0.03547209181011998 0.06574074074074074
1 0.9368805425143454 0.3837962962962963 0.0297339593114241 0.04722222222222222
1 0.2519561815336463 0.15833333333333333 0.018257694314032343 0.05648148148148148
1 0.9827856025039123 0.1787037037037037 0.03182055294731351 0.08148148148148149
1 0.9149713093375065 0.262037037037037 0.020865936358894107 0.058333333333333334
1 0.3223787167449139 0.21481481481481482 0.02556077203964528 0.05277777777777778
1 0.44861763171622326 0.6810185185185185 0.023995826812728223 0.05462962962962963
1 0.06859676577986437 0.16296296296296298 0.03025560772039645 0.05648148148148148
1 0.94679186228482 0.16111111111111112 0.02556077203964528 0.053703703703703705
1 0.9092331768388107 0.17546296296296296 0.023995826812728223 0.05
1 0.9676577986437142 0.043055555555555555 0.016692749087115284 0.06944444444444445
1 0.18049034950443402 0.37407407407407406 0.02556077203964528 0.046296296296296294
1 0.9110589462702139 0.3435185185185185 0.025039123630672927 0.041666666666666664
1 0.4050599895670318 0.28379629629629627 0.026604068857589983 0.049074074074074076
1 0.3077725612936881 0.18472222222222223 0.029212310902451747 0.044444444444444446
1 0.7866458007303078 0.8574074074074074 0.03547209181011998 0.05185185185185185
1 0.856546687532603 0.25833333333333336 0.016692749087115284 0.04814814814814815
1 0.25273865414710484 0.2324074074074074 0.02764736567553469 0.05092592592592592
1 0.6126760563380281 0.09398148148148149 0.018779342723004695 0.08981481481481482
1 0.47965571205007823 0.2 0.018257694314032343 0.04351851851851852
1 0.1883150756390193 0.13703703703703704 0.0198226395409494 0.05462962962962963
1 0.9501825769431403 0.7953703703703704 0.03808033385498174 0.058333333333333334
1 0.4668753260302556 0.5944444444444444 0.02190923317683881 0.06111111111111111
1 0.9405320813771518 0.2513888888888889 0.022430881585811163 0.044444444444444446
1 0.7955138236828377 0.14027777777777778 0.02034428794992175 0.04814814814814815
1 0.39593114241001565 0.8097222222222222 0.022430881585811163 0.05462962962962963
1 0.5073030777256129 0.03148148148148148 0.01617110067814293 0.06018518518518518
1 0.8985393844548775 0.2935185185185185 0.020865936358894107 0.03888888888888889
1 0.8174230568596765 0.26435185185185184 0.018779342723004695 0.06296296296296296
0 0.34533124673969745 0.4375 0.018779342723004695 0.037037037037037035
1 0.7569118414188837 0.3907407407407407 0.016692749087115284 0.037037037037037035
1 0.11085028690662493 0.524074074074074 0.023995826812728223 0.046296296296296294
1 0.9293166405842462 0.4166666666666667 0.03338549817423057 0.04814814814814815
1 0.5166927490871153 0.2023148148148148 0.017214397496087636 0.04537037037037037
1 0.440792905581638 0.24027777777777778 0.014606155451225874 0.05648148148148148
1 0.1011997913406364 0.17453703703703705 0.022952529994783515 0.044444444444444446
1 0.739697443922796 0.18703703703703703 0.02764736567553469 0.03425925925925926
1 0.14136671883150756 0.9800925925925926 0.037037037037037035 0.037037037037037035
1 0.6176317162232655 0.2490740740740741 0.0297339593114241 0.04259259259259259
1 0.014606155451225874 0.11435185185185186 0.02764736567553469 0.07962962962962963
1 0.01773604590505999 0.26296296296296295 0.02764736567553469 0.05925925925925926
1 0.5537297861241524 0.8300925925925926 0.028690662493479395 0.05462962962962963
1 0.9530516431924883 0.11851851851851852 0.029212310902451747 0.041666666666666664
1 0.5571205007824727 0.27870370370370373 0.0297339593114241 0.03796296296296296
1 0.7626499739175796 0.35509259259259257 0.028169014084507043 0.049074074074074076