0 0.20078125 0.6773148148148148 0.0546875 0.03796296296296296
0 0.12864583333333332 0.3337962962962963 0.05260416666666667 0.04351851851851852
0 0.23828125 0.5361111111111111 0.05364583333333333 0.044444444444444446
0 0.35989583333333336 0.5050925925925925 0.0515625 0.03888888888888889
0 0.0703125 0.41574074074074074 0.051041666666666666 0.03981481481481482
0 0.4671875 0.44212962962962965 0.044270833333333336 0.044444444444444446
0 0.853125 0.5879629629629629 0.052083333333333336 0.04537037037037037
0 0.7442708333333333 0.34814814814814815 0.0453125 0.044444444444444446
0 0.8838541666666667 0.524537037037037 0.049479166666666664 0.04259259259259259
0 0.6489583333333333 0.5796296296296296 0.041666666666666664 0.07037037037037037
0 0.1125 0.6027777777777777 0.053125 0.03981481481481482
0 0.6885416666666667 0.4134259259259259 0.04635416666666667 0.05092592592592592
0 0.2674479166666667 0.41064814814814815 0.03229166666666667 0.05648148148148148
0 0.016666666666666666 0.5282407407407408 0.03125 0.058333333333333334
0 0.0140625 0.6615740740740741 0.028125 0.05925925925925926
0 0.8153645833333333 0.32592592592592595 0.028125 0.05462962962962963
0 0.8661458333333333 0.4305555555555556 0.03229166666666667 0.049074074074074076