0 0.39501953125 0.4192708333333333 0.049591064453125 0.04684787326388889
0 0.318115234375 0.31640625 0.044281005859375 0.047932942708333336
0 0.218994140625 0.765625 0.05450439453125 0.05588107638888889
0 0.45361328125 0.53515625 0.052703857421875 0.044596354166666664
0 0.939453125 0.4704861111111111 0.051361083984375 0.04641384548611111
0 0.29503813244047633 0.5425347222222224 0.04858543759300595 0.0576171875
0 0.5088123139880955 0.3756510416666667 0.04348391578311 0.060384114583333336
0 0.063720703125 0.4249131944444444 0.050323486328125 0.04283311631944445
0 0.6845703125 0.6002604166666666 0.05224609375 0.04578993055555555
0 0.20703125 0.4244791666666667 0.046295166015625 0.04527452256944445
0 0.1646728515625 0.3068576388888889 0.046905517578125 0.042182074652777776
0 0.124755859375 0.5091145833333334 0.052337646484375 0.052897135416666664
0 0.86376953125 0.5199652777777778 0.048583984375 0.04562717013888889
0 0.04469662620907743 0.5668609457671961 0.049275716145833336 0.051215277777777624