0 0.7388020833333333 0.6513888888888889 0.04895833333333333 0.041666666666666664
0 0.7354166666666667 0.5314814814814814 0.051041666666666666 0.041666666666666664
0 0.5872395833333334 0.6212962962962963 0.046875 0.04351851851851852
0 0.0875 0.6995370370370371 0.04479166666666667 0.04259259259259259
0 0.6690104166666667 0.4527777777777778 0.03229166666666667 0.05092592592592592
0 0.2984375 0.6375 0.043229166666666666 0.03796296296296296
0 0.48489583333333336 0.5365740740740741 0.0484375 0.040740740740740744
0 0.4765625 0.6125 0.022916666666666665 0.05925925925925926
0 0.27291666666666664 0.3962962962962963 0.06041666666666667 0.07037037037037037
0 0.4453125 0.1736111111111111 0.052083333333333336 0.05462962962962963
0 0.42916666666666664 0.8740740740740741 0.021354166666666667 0.0712962962962963