0 0.33359375 0.45740740740740743 0.044270833333333336 0.044444444444444446
0 0.30911458333333336 0.5592592592592592 0.05 0.044444444444444446
0 0.6822916666666666 0.6101851851851852 0.049479166666666664 0.04351851851851852
0 0.8421875 0.39675925925925926 0.04739583333333333 0.046296296296296294
0 0.46822916666666664 0.6611111111111111 0.050520833333333334 0.040740740740740744
0 0.5041666666666667 0.5708333333333333 0.0453125 0.046296296296296294
0 0.07421875 0.3648148148148148 0.04739583333333333 0.049074074074074076
0 0.73515625 0.42407407407407405 0.050520833333333334 0.040740740740740744
0 0.0703125 0.6027777777777777 0.04895833333333333 0.05740740740740741
0 0.7010416666666667 0.3300925925925926 0.04739583333333333 0.05185185185185185
0 0.546875 0.4027777777777778 0.027083333333333334 0.05462962962962963
0 0.771875 0.5314814814814814 0.049479166666666664 0.04351851851851852
0 0.86015625 0.3365740740740741 0.0453125 0.041666666666666664
0 0.7458333333333333 0.4837962962962963 0.04895833333333333 0.04814814814814815
0 0.9205729166666666 0.45046296296296295 0.044270833333333336 0.05925925925925926
0 0.11822916666666666 0.42777777777777776 0.04791666666666667 0.05
0 0.04192708333333333 0.9055555555555556 0.05260416666666667 0.07407407407407407
0 0.6708333333333333 0.6865740740740741 0.04895833333333333 0.062037037037037036
0 0.0140625 0.3537037037037037 0.028125 0.046296296296296294