0 0.09857291666666666 0.4470462962962963 0.05319270833333333 0.044000000000000004
0 0.7548854166666668 0.6384537037037037 0.0533125 0.04839814814814815
0 0.1584479166666667 0.3483055555555556 0.029036458333333334 0.04866666666666667
0 0.8798854166666668 0.4865462962962963 0.053802083333333334 0.04475925925925926
0 0.8193385416666668 0.33354629629629634 0.04867708333333333 0.04006481481481482
0 0.1462395833333333 0.3893240740740741 0.051666666666666666 0.04432407407407407
0 0.3959947916666666 0.3220462962962963 0.048125 0.04172222222222222
0 0.8720729166666668 0.7660555555555556 0.0559375 0.05229629629629629
0 0.505859375 0.16275925925925927 0.036833333333333336 0.03827777777777778
0 0.5234375 0.36892592592592593 0.047421874999999995 0.04424074074074074
1 0.9720989583333334 0.2361111111111111 0.024552083333333332 0.06481481481481481