0 0.6392801251956182 0.4759259259259259 0.05216484089723526 0.04351851851851852
0 0.7091810119979134 0.44074074074074077 0.05372978612415232 0.04351851851851852
0 0.44679186228482004 0.4615740740740741 0.027125717266562335 0.062037037037037036
0 0.7130933750652061 0.5148148148148148 0.0297339593114241 0.06759259259259259
0 0.24569640062597808 0.45231481481481484 0.028169014084507043 0.0712962962962963
1 0.10406885758998435 0.5930555555555556 0.02764736567553469 0.06944444444444445
1 0.023474178403755867 0.14629629629629629 0.04225352112676056 0.07407407407407407
0 0.06729264475743349 0.637962962962963 0.05268648930620762 0.04722222222222222
0 0.5130412102243088 0.3824074074074074 0.03182055294731351 0.06018518518518518
1 0.3270735524256651 0.6912037037037037 0.020865936358894107 0.06759259259259259
1 0.04538341158059468 0.7509259259259259 0.03182055294731351 0.05740740740740741
1 0.5099113197704747 0.7981481481481482 0.02138758476786646 0.06759259259259259
1 0.29003651538862807 0.6814814814814815 0.022952529994783515 0.06296296296296296
1 0.9535732916014606 0.7356481481481482 0.03390714658320292 0.06296296296296296
1 0.752999478351591 0.6671296296296296 0.03338549817423057 0.06574074074074074
1 0.9152321335419927 0.6990740740740741 0.03129890453834116 0.06018518518518518
1 0.46531038080333853 0.5689814814814815 0.023474178403755867 0.06574074074074074
1 0.5816379760041732 0.6476851851851851 0.02034428794992175 0.053703703703703705
1 0.18596765779864372 0.7560185185185185 0.03338549817423057 0.07592592592592592
1 0.03755868544600939 0.7226851851851852 0.02608242044861763 0.05555555555555555
1 0.400886802295253 0.7648148148148148 0.023995826812728223 0.05277777777777778
1 0.6306729264475743 0.13472222222222222 0.02764736567553469 0.053703703703703705
1 0.36437141366718834 0.8856481481481482 0.022430881585811163 0.06574074074074074
1 0.2608242044861763 0.6731481481481482 0.03442879499217527 0.07685185185185185
1 0.8095983307250912 0.725462962962963 0.028169014084507043 0.06481481481481481
1 0.9405320813771518 0.6449074074074074 0.03808033385498174 0.08148148148148149
1 0.7488262910798122 0.5740740740740741 0.018779342723004695 0.058333333333333334
1 0.4603547209181012 0.7166666666666667 0.02608242044861763 0.08611111111111111
1 0.6424100156494522 0.7305555555555555 0.029212310902451747 0.05277777777777778
1 0.07955138236828378 0.7768518518518519 0.02138758476786646 0.062037037037037036
1 0.193792383933229 0.8157407407407408 0.0297339593114241 0.0712962962962963
1 0.09676577986437142 0.6777777777777778 0.024517475221700575 0.06851851851851852
1 0.11085028690662493 0.8217592592592593 0.020865936358894107 0.06759259259259259
1 0.3291601460615545 0.8152777777777778 0.01773604590505999 0.06018518518518518
1 0.05764214919144497 0.6976851851851852 0.02034428794992175 0.05185185185185185
1 0.877151799687011 0.7324074074074074 0.03129890453834116 0.07037037037037037
1 0.8414188836724048 0.1587962962962963 0.036515388628064686 0.05185185185185185
1 0.8995826812728221 0.06898148148148148 0.03390714658320292 0.05925925925925926
1 0.15127803860198227 0.8444444444444444 0.026604068857589983 0.07037037037037037
1 0.2279603547209181 0.08287037037037037 0.023474178403755867 0.05648148148148148
1 0.023995826812728223 0.8476851851851852 0.03286384976525822 0.06759259259259259
1 0.8210745957224831 0.1986111111111111 0.04225352112676056 0.08148148148148149
1 0.4332290036515389 0.7453703703703703 0.01564945226917058 0.058333333333333334
1 0.0980699008868023 0.7185185185185186 0.024517475221700575 0.062037037037037036
1 0.7537819509650495 0.6092592592592593 0.018779342723004695 0.04537037037037037
1 0.41497130933750653 0.6273148148148148 0.028169014084507043 0.05277777777777778
1 0.5169535732916014 0.27824074074074073 0.023474178403755867 0.062037037037037036
1 0.5073030777256129 0.711574074074074 0.02138758476786646 0.06388888888888888
1 0.4019300991131977 0.6050925925925926 0.02608242044861763 0.06296296296296296