0 0.77685546875 0.3932291666666667 0.048858642578125 0.043755425347222224
0 0.521484375 0.4379340277777778 0.0469970703125 0.041314019097222224
0 0.6923828125 0.4704861111111111 0.050048828125 0.045111762152777776
0 0.063232421875 0.3537326388888889 0.047607421875 0.05211046006944445
0 0.56640625 0.5720486111111112 0.052032470703125 0.06353081597222222
0 0.9789581298828125 0.4392361111111111 0.042083740234375 0.03835720486111111
1 0.89111328125 0.2916666666666667 0.0289306640625 0.0695529513888889
1 0.410888671875 0.2849392361111111 0.027008056640625 0.06510416666666667
1 0.78759765625 0.2545572916666667 0.016021728515625 0.062337239583333336
0 0.06671142578125 0.2719184027777778 0.044769287109375 0.028944227430555556
0 0.9755859375 0.7582465277777778 0.046630859375 0.06722005208333333
1 0.580078125 0.3708767361111111 0.0230712890625 0.0675998263888889
0 0.537574404761905 0.3921957671957672 0.05431547619047616 0.056878306878306896