0 0.638555617559524 0.5798817791005291 0.05140032087053571 0.05555555555555555
0 0.23388671875 0.4173177083333333 0.05242919921875 0.038492838541666664
0 0.7303757440476197 0.44449611441798964 0.04814220610119046 0.05492647362764551
0 0.5830078125 0.4075520833333333 0.047515869140625 0.042914496527777776
0 0.9248046875 0.5520833333333334 0.05645751953125 0.044596354166666664
1 0.67431640625 0.2532552083333333 0.021484375 0.06684027777777778
1 0.8681640625 0.2810329861111111 0.027435302734375 0.0615234375
0 0.83154296875 0.4513888888888889 0.046539306640625 0.04554578993055555
0 0.32104492187500006 0.5384631283068783 0.0517578125 0.059819620122354526
0 0.1259765625 0.6462673611111112 0.047088623046875 0.06179470486111111
0 0.588030133928572 0.3503017526455026 0.04110572451636911 0.05113389756944445
1 0.77734375 0.240234375 0.02606201171875 0.0749782986111111
0 0.59716796875 0.7122395833333334 0.0509033203125 0.06450737847222222
0 0.034027099609375 0.5580977182539686 0.051397414434523815 0.07411024305555548
0 0.8232421875 0.6002604166666666 0.05242919921875 0.060384114583333336
1 0.08197021484375 0.2957899305555556 0.0243377685546875 0.056966145833333336
1 0.50927734375 0.2957899305555556 0.02386474609375 0.07481553819444445
0 0.8480282738095241 0.5252149470899473 0.0520600818452382 0.05026584201388889
0 0.97021484375 0.7456597222222222 0.047943115234375 0.06776258680555555
0 0.892578125 0.6714409722222222 0.049041748046875 0.05075412326388889
0 0.0360107421875 0.4520709325396826 0.051544189453125 0.06504216269841276
0 0.13110351562500003 0.46533978174603186 0.05499267578125 0.062104724702380966
0 0.14028785342261904 0.4001736111111112 0.051682971772693466 0.054850260416666664
0 0.177978515625 0.34080481150793657 0.047515869140625 0.06779358878968252