0 0.62451171875 0.4717881944444444 0.046630859375 0.04747178819444445
0 0.80322265625 0.5421006944444444 0.0509033203125 0.04774305555555555
0 0.9033203125 0.4956597222222222 0.05108642578125 0.048773871527777776
0 0.66015625 0.60546875 0.046905517578125 0.040771484375
0 0.9130859375 0.3461371527777778 0.04559326171875 0.04432508680555555
0 0.9599609375 0.392578125 0.047607421875 0.042670355902777776
0 0.7900390625 0.3782552083333333 0.04534912109375 0.05007595486111111
0 0.75048828125 0.4561631944444444 0.0460205078125 0.04383680555555555
0 0.7607421875 0.7204861111111112 0.051666259765625 0.060384114583333336
0 0.5595703125 0.1420355902777778 0.01898193359375 0.06966145833333333
0 0.2578125 0.5607638888888888 0.030670166015625 0.060980902777777776
0 0.01332855224609375 0.3943142361111111 0.02655029296875 0.06499565972222222