0 0.81396484375 0.5611979166666666 0.0552978515625 0.045708550347222224
0 0.63427734375 0.7078993055555556 0.052032470703125 0.05064561631944445
1 0.9716796875 0.22721354166666666 0.036834716796875 0.0666232638888889
0 0.36865234375 0.3706597222222222 0.04931640625 0.04196506076388889
0 0.70947265625 0.5177951388888888 0.048126220703125 0.04543728298611111
0 0.873046875 0.7222222222222222 0.05865478515625 0.056098090277777776
0 0.2685546875 0.4513888888888889 0.051544189453125 0.040608723958333336
0 0.97802734375 0.4934895833333333 0.042633056640625 0.04367404513888889
1 0.744140625 0.3009982638888889 0.02886962890625 0.0724826388888889
0 0.1688232421875 0.3218315972222222 0.03594970703125 0.07085503472222222
0 0.0194549560546875 0.4105902777777778 0.0386962890625 0.038872612847222224
0 0.371337890625 0.7348090277777778 0.0582275390625 0.056315104166666664
0 0.5654296875 0.4320746527777778 0.045013427734375 0.04283311631944445
1 0.284423828125 0.3031684027777778 0.017242431640625 0.04234483506944445
0 0.83740234375 0.3849826388888889 0.046478271484375 0.06130642361111111
1 0.646484375 0.2647569444444444 0.01507568359375 0.06537543402777778
0 0.77783203125 0.6362847222222222 0.041534423828125 0.058051215277777776
1 0.8896484375 0.2721354166666667 0.0264129638671875 0.06575520833333333
0 0.88623046875 0.6076388888888888 0.045257568359375 0.059516059027777776
1 0.0256195068359375 0.07872178819444445 0.023956298828125 0.0720486111111111
0 0.0987548828125 0.3617621527777778 0.049041748046875 0.049506293402777776
1 0.300048828125 0.2877604166666667 0.01129150390625 0.031494140625