1 0.46770833333333334 0.2847222222222222 0.021354166666666667 0.06296296296296296
0 0.82265625 0.5356481481481481 0.052083333333333336 0.044444444444444446
0 0.97578125 0.4162037037037037 0.042708333333333334 0.06111111111111111
0 0.9494791666666667 0.5782407407407407 0.05572916666666667 0.04351851851851852
0 0.82421875 0.36435185185185187 0.04114583333333333 0.06296296296296296
0 0.85234375 0.624537037037037 0.052083333333333336 0.06111111111111111
0 0.5447916666666667 0.325 0.044270833333333336 0.046296296296296294
0 0.42630208333333336 0.36527777777777776 0.0484375 0.046296296296296294
1 0.06927083333333334 0.2611111111111111 0.019270833333333334 0.06296296296296296
0 0.02890625 0.37222222222222223 0.04739583333333333 0.06759259259259259
0 0.9325520833333333 0.46620370370370373 0.05416666666666667 0.06481481481481481
1 0.45859375 0.25787037037037036 0.01875 0.06574074074074074