1 0.27230046948356806 0.5287037037037037 0.028169014084507043 0.08333333333333333
1 0.8695878977569118 0.1527777777777778 0.027125717266562335 0.075
1 0.04720918101199791 0.32546296296296295 0.028690662493479395 0.06759259259259259
0 0.7083985393844549 0.562962962962963 0.03234220135628586 0.05462962962962963
1 0.8510693792383933 0.7800925925925926 0.038601982263954095 0.05555555555555555
1 0.5834637454355764 0.24305555555555555 0.022952529994783515 0.06018518518518518
0 0.5936358894105372 0.22268518518518518 0.03495044340114763 0.03148148148148148
1 0.7704747000521649 0.44814814814814813 0.02608242044861763 0.06759259259259259
0 0.7490871152842984 0.49537037037037035 0.05425143453312467 0.05277777777777778
0 0.9439227960354721 0.5430555555555555 0.058424621804903494 0.05555555555555555
1 0.6163275952008347 0.3875 0.0297339593114241 0.06944444444444445
1 0.03025560772039645 0.6652777777777777 0.03390714658320292 0.06759259259259259
1 0.9032342201356286 0.45787037037037037 0.03547209181011998 0.07407407407407407
1 0.7357850808555034 0.6458333333333334 0.028169014084507043 0.05555555555555555
1 0.7968179447052687 0.6907407407407408 0.02190923317683881 0.06666666666666667
1 0.3789775691184142 0.8925925925925926 0.026604068857589983 0.06111111111111111
1 0.4775691184141888 0.3398148148148148 0.023474178403755867 0.05925925925925926
0 0.9736567553468962 0.6171296296296296 0.05268648930620762 0.04814814814814815
1 0.6977047470005217 0.3402777777777778 0.024517475221700575 0.06666666666666667
1 0.9775691184141888 0.42916666666666664 0.03338549817423057 0.06666666666666667
1 0.6697965571205008 0.20416666666666666 0.022430881585811163 0.07222222222222222
1 0.6353677621283255 0.33935185185185185 0.022430881585811163 0.05925925925925926
1 0.7386541471048513 0.4013888888888889 0.018779342723004695 0.06018518518518518
1 0.7793427230046949 0.2175925925925926 0.025039123630672927 0.06666666666666667
1 0.13380281690140844 0.24351851851851852 0.030777256129368807 0.06111111111111111
1 0.7655190401669275 0.10925925925925926 0.019300991131977047 0.06296296296296296
1 0.15884194053208137 0.33796296296296297 0.029212310902451747 0.06851851851851852
1 0.6473656755346896 0.09259259259259259 0.014606155451225874 0.06018518518518518
1 0.6353677621283255 0.2569444444444444 0.015127803860198226 0.06018518518518518
1 0.6507563901930099 0.7347222222222223 0.022430881585811163 0.05092592592592592
1 0.7417840375586855 0.2972222222222222 0.02138758476786646 0.06481481481481481
0 0.5821596244131455 0.6101851851851852 0.04538341158059468 0.06018518518518518
1 0.8192488262910798 0.16157407407407406 0.0198226395409494 0.062037037037037036
1 0.9227960354720918 0.33796296296296297 0.023995826812728223 0.062037037037037036
1 0.41784037558685444 0.3416666666666667 0.029212310902451747 0.06481481481481481
1 0.45461658841940533 0.30462962962962964 0.024517475221700575 0.062037037037037036
1 0.0714658320292123 0.26342592592592595 0.026604068857589983 0.05648148148148148
1 0.08502869066249348 0.32314814814814813 0.03129890453834116 0.06666666666666667
1 0.6836202399582681 0.14907407407407408 0.02138758476786646 0.05925925925925926
1 0.9843505477308294 0.20833333333333334 0.02764736567553469 0.07407407407407407
1 0.4207094418362024 0.8638888888888889 0.03390714658320292 0.06111111111111111
1 0.35315597287428274 0.2273148148148148 0.023474178403755867 0.06481481481481481
1 0.5179968701095462 0.24814814814814815 0.02608242044861763 0.06018518518518518
1 0.39932185706833595 0.2972222222222222 0.018257694314032343 0.06018518518518518
1 0.1322378716744914 0.5509259259259259 0.0297339593114241 0.062037037037037036
1 0.29029733959311427 0.3597222222222222 0.024517475221700575 0.06388888888888888
1 0.7496087636932708 0.24351851851851852 0.023474178403755867 0.06296296296296296
1 0.631716223265519 0.8851851851851852 0.02764736567553469 0.07592592592592592
1 0.6030255607720396 0.3111111111111111 0.022430881585811163 0.046296296296296294
1 0.701095461658842 0.24259259259259258 0.02190923317683881 0.07962962962962963
1 0.5834637454355764 0.9263888888888889 0.03182055294731351 0.05092592592592592
1 0.07329160146061554 0.7893518518518519 0.04538341158059468 0.05648148148148148
1 0.9647887323943662 0.04953703703703704 0.017214397496087636 0.07037037037037037
1 0.5 0.04027777777777778 0.019300991131977047 0.06296296296296296
1 0.42775169535732915 0.7958333333333333 0.025039123630672927 0.053703703703703705
1 0.730829420970266 0.6782407407407407 0.02138758476786646 0.05925925925925926
1 0.03912363067292645 0.6240740740740741 0.0396452790818988 0.06759259259259259
1 0.24413145539906103 0.2722222222222222 0.028169014084507043 0.0712962962962963
1 0.5513823682837767 0.34675925925925927 0.024517475221700575 0.06759259259259259
1 0.15023474178403756 0.20601851851851852 0.02556077203964528 0.058333333333333334
1 0.43244653103808034 0.27314814814814814 0.024517475221700575 0.05648148148148148
0 0.07250912884715702 0.42407407407407405 0.041731872717788214 0.05092592592592592
1 0.2942097026604069 0.13333333333333333 0.015127803860198226 0.062037037037037036
1 0.42931664058424623 0.6851851851851852 0.02764736567553469 0.05555555555555555
1 0.414188836724048 0.7384259259259259 0.030777256129368807 0.053703703703703705
1 0.10380803338549817 0.14074074074074075 0.026604068857589983 0.058333333333333334
1 0.9379238393322901 0.41574074074074074 0.026604068857589983 0.04814814814814815
1 0.15179968701095461 0.6907407407407408 0.0198226395409494 0.05
1 0.05607720396452791 0.2972222222222222 0.026604068857589983 0.049074074074074076
1 0.9898278560250391 0.10740740740740741 0.02034428794992175 0.06666666666666667
1 0.012258737610850287 0.3388888888888889 0.023995826812728223 0.0787037037037037
1 0.9389671361502347 0.2657407407407407 0.02138758476786646 0.05555555555555555
1 0.2136150234741784 0.24722222222222223 0.026604068857589983 0.05925925925925926
1 0.5033907146583203 0.2949074074074074 0.022430881585811163 0.05648148148148148
1 0.2357850808555034 0.17546296296296296 0.01773604590505999 0.06111111111111111
1 0.27673448095983305 0.19398148148148148 0.022952529994783515 0.049074074074074076
1 0.2334376630151278 0.3523148148148148 0.025039123630672927 0.0712962962962963
1 0.7616066770996348 0.34953703703703703 0.028169014084507043 0.06388888888888888
1 0.21335419926969224 0.3050925925925926 0.024517475221700575 0.05925925925925926
1 0.9882629107981221 0.3587962962962963 0.02190923317683881 0.07222222222222222
1 0.19848721961398016 0.22824074074074074 0.018779342723004695 0.04814814814814815
1 0.08059467918622848 0.17546296296296296 0.022952529994783515 0.05740740740740741
1 0.28482003129890454 0.9333333333333333 0.024517475221700575 0.05092592592592592
1 0.30099113197704747 0.2337962962962963 0.02034428794992175 0.06296296296296296
1 0.27725612936880545 0.26805555555555555 0.019300991131977047 0.06666666666666667
1 0.8335941575378195 0.2439814814814815 0.016692749087115284 0.030555555555555555
1 0.5805946791862285 0.21342592592592594 0.01564945226917058 0.046296296296296294
1 0.6484089723526343 0.7930555555555555 0.022430881585811163 0.058333333333333334
1 0.5628586332811685 0.3851851851851852 0.027125717266562335 0.062037037037037036
1 0.6215440792905582 0.10324074074074074 0.015127803860198226 0.062037037037037036
1 0.8492436098069901 0.26990740740740743 0.029212310902451747 0.06574074074074074
1 0.4872196139801774 0.24861111111111112 0.020865936358894107 0.05
1 0.17083985393844547 0.16898148148148148 0.018779342723004695 0.02962962962962963
1 0.2858633281168492 0.31157407407407406 0.018257694314032343 0.05555555555555555
1 0.41366718831507565 0.9717592592592592 0.01564945226917058 0.04351851851851852
1 0.005998956703182056 0.2111111111111111 0.011997913406364111 0.06018518518518518