0 0.7455729166666667 0.7476851851851852 0.046875 0.05277777777777778
0 0.8927083333333333 0.5106481481481482 0.05520833333333333 0.075
0 0.4890625 0.4708333333333333 0.0484375 0.049074074074074076
0 0.665625 0.5231481481481481 0.04375 0.06111111111111111
0 0.54140625 0.38564814814814813 0.040625 0.053703703703703705
0 0.2833333333333333 0.37083333333333335 0.034375 0.07037037037037037
0 0.6817708333333333 0.2967592592592593 0.04375 0.046296296296296294
0 0.7203125 0.6546296296296297 0.0515625 0.06296296296296296
0 0.7802083333333333 0.3347222222222222 0.04739583333333333 0.04351851851851852
0 0.709375 0.4305555555555556 0.04583333333333333 0.06481481481481481
0 0.30494791666666665 0.4537037037037037 0.03697916666666667 0.06666666666666667
0 0.10572916666666667 0.3907407407407407 0.04739583333333333 0.04351851851851852
0 0.8651041666666667 0.5837962962962963 0.0375 0.05648148148148148
0 0.3143229166666667 0.6773148148148148 0.051041666666666666 0.05740740740740741
0 0.72265625 0.5731481481481482 0.030208333333333334 0.06388888888888888
0 0.35598958333333336 0.9763888888888889 0.04375 0.04259259259259259