1 0.1285863328116849 0.8736111111111111 0.028169014084507043 0.05648148148148148
0 0.18570683359415754 0.7222222222222222 0.03390714658320292 0.06111111111111111
0 0.2279603547209181 0.5101851851851852 0.0505998956703182 0.04351851851851852
0 0.9334898278560251 0.4666666666666667 0.036515388628064686 0.06759259259259259
0 0.8500260824204486 0.5342592592592592 0.056859676577986434 0.04351851851851852
0 0.35002608242044864 0.662962962962963 0.05372978612415232 0.04259259259259259
1 0.7172665623369848 0.4310185185185185 0.028169014084507043 0.06481481481481481
1 0.3899321857068336 0.3439814814814815 0.02764736567553469 0.07962962962962963
0 0.3218570683359416 0.600462962962963 0.05372978612415232 0.04351851851851852
0 0.1486697965571205 0.4425925925925926 0.04903495044340115 0.05
1 0.6757955138236829 0.3990740740740741 0.027125717266562335 0.06388888888888888
1 0.2863849765258216 0.2851851851851852 0.020865936358894107 0.062037037037037036
1 0.8724569640062598 0.3060185185185185 0.024517475221700575 0.062037037037037036
0 0.1961398017736046 0.6129629629629629 0.05268648930620762 0.04722222222222222
1 0.8560250391236307 0.22407407407407406 0.026604068857589983 0.06111111111111111
1 0.6807511737089202 0.9023148148148148 0.03234220135628586 0.07407407407407407
1 0.7798643714136672 0.1675925925925926 0.023995826812728223 0.06481481481481481
1 0.5996348461137193 0.24351851851851852 0.019300991131977047 0.06388888888888888
1 0.9321857068335941 0.18703703703703703 0.026604068857589983 0.0712962962962963
1 0.18518518518518517 0.29074074074074074 0.026604068857589983 0.062037037037037036
1 0.7217005738132499 0.17685185185185184 0.020865936358894107 0.06574074074074074
1 0.4981742305685968 0.20787037037037037 0.027125717266562335 0.062037037037037036
0 0.08215962441314555 0.4847222222222222 0.05529473135106938 0.05185185185185185
1 0.8711528429838289 0.13425925925925927 0.02556077203964528 0.06018518518518518
0 0.49739175795513824 0.3347222222222222 0.04277516953573292 0.046296296296296294
1 0.7083985393844549 0.28425925925925927 0.02138758476786646 0.058333333333333334
1 0.15832029212310902 0.2550925925925926 0.025039123630672927 0.06388888888888888
1 0.7211789254042775 0.37453703703703706 0.03234220135628586 0.05555555555555555
1 0.05216484089723526 0.3398148148148148 0.022430881585811163 0.058333333333333334
1 0.5941575378195096 0.387037037037037 0.02190923317683881 0.053703703703703705
0 0.7347417840375586 0.6402777777777777 0.053208137715179966 0.05462962962962963
1 0.6544079290558164 0.1087962962962963 0.018257694314032343 0.06944444444444445
1 0.09076682316118936 0.26851851851851855 0.02608242044861763 0.07222222222222222
0 0.4094940010432968 0.4652777777777778 0.022952529994783515 0.05740740740740741
1 0.47522170057381324 0.2462962962962963 0.02034428794992175 0.05277777777777778
1 0.5699008868022952 0.33564814814814814 0.018257694314032343 0.06944444444444445
1 0.8072509128847157 0.2851851851851852 0.028169014084507043 0.06296296296296296
1 0.8315075639019301 0.3523148148148148 0.02764736567553469 0.04537037037037037
1 0.6254564423578508 0.34675925925925927 0.01617110067814293 0.06481481481481481
1 0.1770996348461137 0.17731481481481481 0.03025560772039645 0.058333333333333334
1 0.056859676577986434 0.24768518518518517 0.026604068857589983 0.06296296296296296
1 0.4306207616066771 0.8069444444444445 0.038601982263954095 0.07685185185185185
1 0.8359415753781951 0.41898148148148145 0.029212310902451747 0.04722222222222222
1 0.22978612415232133 0.3416666666666667 0.03442879499217527 0.06111111111111111
1 0.6888367240479917 0.11435185185185186 0.024517475221700575 0.06296296296296296
1 0.8075117370892019 0.2263888888888889 0.01617110067814293 0.03425925925925926
1 0.48956703182055294 0.38935185185185184 0.030777256129368807 0.06851851851851852
1 0.7686489306207616 0.275 0.018257694314032343 0.06296296296296296