0 0.5020865936358894 0.23287037037037037 0.0406885758998435 0.08981481481481482
1 0.25299947835159103 0.24305555555555555 0.03442879499217527 0.053703703703703705
1 0.440792905581638 0.6 0.028169014084507043 0.06481481481481481
1 0.40688575899843504 0.22314814814814815 0.03599374021909233 0.07037037037037037
1 0.33098591549295775 0.2800925925925926 0.03286384976525822 0.06111111111111111
1 0.8471570161711007 0.5828703703703704 0.030777256129368807 0.06851851851851852
1 0.6846635367762128 0.8185185185185185 0.02190923317683881 0.06296296296296296
1 0.18701095461658843 0.43472222222222223 0.03442879499217527 0.06388888888888888
1 0.956964006259781 0.6791666666666667 0.03495044340114763 0.07314814814814814
1 0.7548252477829943 0.8537037037037037 0.022430881585811163 0.06481481481481481
1 0.400886802295253 0.6361111111111111 0.02190923317683881 0.06851851851851852
1 0.3865414710485133 0.11851851851851852 0.02608242044861763 0.05185185185185185
1 0.6651017214397497 0.6365740740740741 0.016692749087115284 0.06851851851851852
1 0.7856025039123631 0.5671296296296297 0.022430881585811163 0.06388888888888888
1 0.09728742827334376 0.6935185185185185 0.029212310902451747 0.06388888888888888
1 0.17475221700573812 0.09074074074074075 0.04277516953573292 0.062037037037037036
1 0.6460615545122588 0.09259259259259259 0.03129890453834116 0.0824074074074074
1 0.2094418362023996 0.16018518518518518 0.03599374021909233 0.053703703703703705
1 0.30438184663536777 0.5634259259259259 0.03442879499217527 0.062037037037037036
1 0.6421491914449661 0.21712962962962962 0.02556077203964528 0.05462962962962963
1 0.863849765258216 0.8069444444444445 0.017214397496087636 0.06296296296296296
1 0.04929577464788732 0.6069444444444444 0.02608242044861763 0.06944444444444445
1 0.5605112154407929 0.7282407407407407 0.02556077203964528 0.058333333333333334
1 0.2934272300469484 0.6407407407407407 0.02556077203964528 0.062037037037037036
1 0.25795513823682836 0.624537037037037 0.03182055294731351 0.062037037037037036
1 0.6591027647365676 0.7537037037037037 0.023474178403755867 0.06481481481481481
1 0.9530516431924883 0.24861111111111112 0.038601982263954095 0.07592592592592592
1 0.24178403755868544 0.7717592592592593 0.02138758476786646 0.04814814814814815
1 0.44314032342201354 0.6902777777777778 0.023474178403755867 0.06481481481481481
1 0.2005738132498696 0.5791666666666667 0.027125717266562335 0.05555555555555555
1 0.698226395409494 0.6916666666666667 0.024517475221700575 0.062037037037037036
1 0.6202399582681273 0.6111111111111112 0.02138758476786646 0.062037037037037036
1 0.011997913406364111 0.7046296296296296 0.023474178403755867 0.06018518518518518
1 0.47730829420970267 0.7157407407407408 0.026604068857589983 0.05277777777777778
1 0.369848721961398 0.3013888888888889 0.03442879499217527 0.05462962962962963
1 0.6092853416797078 0.8685185185185185 0.018779342723004695 0.07592592592592592
1 0.7676056338028169 0.7393518518518518 0.027125717266562335 0.07314814814814814
1 0.979394887845592 0.5504629629629629 0.0406885758998435 0.09537037037037037
1 0.7548252477829943 0.6171296296296296 0.02138758476786646 0.06851851851851852
1 0.3304642670839854 0.6865740740740741 0.02764736567553469 0.06296296296296296
1 0.3677621283255086 0.6976851851851852 0.018257694314032343 0.05462962962962963
1 0.7983828899321858 0.09444444444444444 0.0396452790818988 0.07037037037037037
1 0.31690140845070425 0.7425925925925926 0.016692749087115284 0.05092592592592592
1 0.9473135106937924 0.9217592592592593 0.01564945226917058 0.06851851851851852
1 0.8797600417318727 0.6523148148148148 0.03338549817423057 0.04814814814814815
1 0.09494001043296818 0.7453703703703703 0.026604068857589983 0.049074074074074076
1 0.9882629107981221 0.13240740740740742 0.022952529994783515 0.05185185185185185
1 0.24021909233176839 0.6939814814814815 0.023474178403755867 0.05925925925925926
1 0.17501304121022432 0.7652777777777777 0.015127803860198226 0.05185185185185185
1 0.8262910798122066 0.9518518518518518 0.014084507042253521 0.05185185185185185
1 0.8414188836724048 0.7222222222222222 0.0297339593114241 0.058333333333333334
1 0.20500782472613457 0.2657407407407407 0.01773604590505999 0.04351851851851852
1 0.607981220657277 0.6953703703703704 0.02556077203964528 0.04814814814814815
1 0.9371413667188315 0.07685185185185185 0.027125717266562335 0.03796296296296296
1 0.9921752738654147 0.7106481481481481 0.014606155451225874 0.049074074074074076
1 0.7154407929055816 0.7768518518518519 0.023474178403755867 0.04259259259259259
1 0.020083463745435577 0.8287037037037037 0.03338549817423057 0.10555555555555556
1 0.2994261867501304 0.8319444444444445 0.01773604590505999 0.08055555555555556
1 0.03781950965049557 0.6476851851851851 0.014606155451225874 0.040740740740740744
1 0.7908189880020866 0.18194444444444444 0.03442879499217527 0.058333333333333334
0 0.7582159624413145 0.41435185185185186 0.05581637976004173 0.044444444444444446
0 0.5633802816901409 0.4046296296296296 0.03808033385498174 0.053703703703703705
0 0.9366197183098591 0.44583333333333336 0.05268648930620762 0.05
0 0.31768388106416273 0.4962962962962963 0.05216484089723526 0.044444444444444446
0 0.8901930099113198 0.5027777777777778 0.05529473135106938 0.05092592592592592
0 0.28142931664058424 0.425462962962963 0.0505998956703182 0.04537037037037037
0 0.809076682316119 0.36527777777777776 0.030777256129368807 0.05740740740740741
0 0.690923317683881 0.5106481481481482 0.04747000521648409 0.05462962962962963
1 0.9530516431924883 0.17083333333333334 0.03025560772039645 0.06296296296296296
0 0.557642149191445 0.4703703703703704 0.0495565988523735 0.04722222222222222
0 0.09598330725091289 0.5393518518518519 0.04590505998956703 0.053703703703703705
0 0.945226917057903 0.34444444444444444 0.03755868544600939 0.06574074074074074
0 0.7616066770996348 0.49027777777777776 0.030777256129368807 0.046296296296296294
0 0.017996870109546165 0.4726851851851852 0.03599374021909233 0.049074074074074076
0 0.9843505477308294 0.36944444444444446 0.03129890453834116 0.040740740740740744