1 0.9595722483046427 0.12361111111111112 0.040166927490871154 0.062037037037037036
1 0.6439749608763693 0.3425925925925926 0.03442879499217527 0.05740740740740741
1 0.8541992696922275 0.1837962962962963 0.03547209181011998 0.06018518518518518
0 0.5318205529473136 0.475 0.050078247261345854 0.044444444444444446
0 0.11085028690662493 0.48703703703703705 0.05425143453312467 0.04537037037037037
0 0.8187271778821075 0.562962962962963 0.03547209181011998 0.06666666666666667
1 0.8158581116327596 0.34814814814814815 0.03390714658320292 0.05648148148148148
0 0.34089723526343246 0.4962962962962963 0.0396452790818988 0.04537037037037037
0 0.3028169014084507 0.42777777777777776 0.048513302034428794 0.049074074074074076
1 0.4838288993218571 0.6074074074074074 0.017214397496087636 0.06759259259259259
1 0.6815336463223787 0.6550925925925926 0.02190923317683881 0.06481481481481481
0 0.10302556077203964 0.4185185185185185 0.056338028169014086 0.04814814814814815
1 0.7123109024517476 0.6810185185185185 0.025039123630672927 0.062037037037037036
0 0.39932185706833595 0.475 0.03495044340114763 0.03981481481481482
1 0.1674491392801252 0.875462962962963 0.029212310902451747 0.07037037037037037
0 0.622848200312989 0.5587962962962963 0.048513302034428794 0.04814814814814815
1 0.14006259780907668 0.55 0.023474178403755867 0.06481481481481481
1 0.027386541471048513 0.5462962962962963 0.03129890453834116 0.05925925925925926
1 0.10459050599895671 0.649074074074074 0.024517475221700575 0.06574074074074074
1 0.6262389149713093 0.6449074074074074 0.02556077203964528 0.06574074074074074
0 0.5247782994261867 0.5222222222222223 0.04538341158059468 0.05555555555555555
0 0.21830985915492956 0.36435185185185187 0.054773082942097026 0.04814814814814815
1 0.27595200834637457 0.7046296296296296 0.024517475221700575 0.058333333333333334
1 0.33750652060511216 0.763425925925926 0.023474178403755867 0.06666666666666667
1 0.45461658841940533 0.38425925925925924 0.02608242044861763 0.06574074074074074
1 0.8028169014084507 0.750462962962963 0.028169014084507043 0.058333333333333334
1 0.5018257694314032 0.6546296296296297 0.027125717266562335 0.06388888888888888
1 0.7876890975482524 0.1712962962962963 0.03286384976525822 0.062037037037037036
1 0.2569118414188837 0.5921296296296297 0.0198226395409494 0.0712962962962963
1 0.3148148148148148 0.5893518518518519 0.028169014084507043 0.05555555555555555
1 0.8860198226395409 0.49907407407407406 0.03182055294731351 0.08518518518518518
1 0.7383933229003652 0.7236111111111111 0.027125717266562335 0.06111111111111111
1 0.5305164319248826 0.37453703703703706 0.020865936358894107 0.05740740740740741
1 0.39123630672926446 0.8064814814814815 0.022952529994783515 0.06481481481481481
1 0.9019300991131977 0.6703703703703704 0.03025560772039645 0.07037037037037037
1 0.9147104851330203 0.7574074074074074 0.02764736567553469 0.07222222222222222
0 0.02190923317683881 0.38981481481481484 0.04381846635367762 0.05092592592592592
1 0.3140323422013563 0.8134259259259259 0.0198226395409494 0.062037037037037036
1 0.47209181011997914 0.7208333333333333 0.024517475221700575 0.06851851851851852
1 0.07120500782472614 0.24537037037037038 0.0297339593114241 0.05277777777777778
1 0.4272300469483568 0.687037037037037 0.025039123630672927 0.06851851851851852
1 0.20605112154407929 0.8305555555555556 0.02764736567553469 0.06296296296296296
1 0.3236828377673448 0.8828703703703704 0.0198226395409494 0.09351851851851851
1 0.6781429316640585 0.725 0.022430881585811163 0.06111111111111111
1 0.5513823682837767 0.7592592592592593 0.023474178403755867 0.05925925925925926
1 0.8763693270735524 0.7865740740740741 0.0297339593114241 0.07685185185185185
1 0.5537297861241524 0.6819444444444445 0.019300991131977047 0.058333333333333334
1 0.1914449660928534 0.2462962962962963 0.026604068857589983 0.05185185185185185
1 0.1499739175795514 0.6648148148148149 0.03599374021909233 0.06666666666666667
1 0.7861241523213354 0.36666666666666664 0.020865936358894107 0.05555555555555555
1 0.08111632759520084 0.8319444444444445 0.02190923317683881 0.05925925925925926
1 0.5018257694314032 0.7129629629629629 0.02556077203964528 0.062037037037037036
1 0.20213875847678664 0.1037037037037037 0.02556077203964528 0.05462962962962963
1 0.8304642670839854 0.725 0.02556077203964528 0.06666666666666667
1 0.13823682837767345 0.861574074074074 0.019300991131977047 0.062037037037037036
1 0.0297339593114241 0.10740740740740741 0.03495044340114763 0.06388888888888888
1 0.19718309859154928 0.7851851851851852 0.018779342723004695 0.062037037037037036
1 0.09076682316118936 0.8851851851851852 0.022952529994783515 0.06111111111111111
1 0.1596244131455399 0.7134259259259259 0.022952529994783515 0.06296296296296296
1 0.1807511737089202 0.5643518518518519 0.023995826812728223 0.06851851851851852
1 0.5584246218049035 0.25787037037037036 0.03025560772039645 0.058333333333333334
1 0.1763171622326552 0.736574074074074 0.020865936358894107 0.06296296296296296
1 0.04929577464788732 0.736574074074074 0.029212310902451747 0.05555555555555555
1 0.5852895148669797 0.7148148148148148 0.018779342723004695 0.044444444444444446
1 0.7764736567553469 0.2050925925925926 0.03495044340114763 0.06296296296296296
1 0.9509650495565989 0.6703703703703704 0.03755868544600939 0.06574074074074074
1 0.8218570683359415 0.8055555555555556 0.03234220135628586 0.06666666666666667
1 0.4194053208137715 0.26805555555555555 0.03234220135628586 0.062037037037037036
1 0.4765258215962441 0.7671296296296296 0.026604068857589983 0.040740740740740744
1 0.2334376630151278 0.6125 0.024517475221700575 0.04722222222222222
1 0.6737089201877934 0.7615740740740741 0.02034428794992175 0.05185185185185185
1 0.2537819509650496 0.7726851851851851 0.02034428794992175 0.05185185185185185
1 0.11424100156494522 0.8 0.020865936358894107 0.06296296296296296
1 0.1431924882629108 0.8171296296296297 0.030777256129368807 0.062037037037037036
1 0.37245696400625977 0.8962962962962963 0.012519561815336464 0.06944444444444445
1 0.5952008346374543 0.15092592592592594 0.03025560772039645 0.05
1 0.6314553990610329 0.09675925925925925 0.03547209181011998 0.05092592592592592
1 0.8135106937923839 0.6222222222222222 0.022430881585811163 0.04814814814814815
1 0.8030777256129369 0.8606481481481482 0.023474178403755867 0.05185185185185185
1 0.05425143453312467 0.6185185185185185 0.029212310902451747 0.04259259259259259
1 0.013302034428794992 0.8148148148148148 0.026604068857589983 0.08518518518518518
1 0.7383933229003652 0.8412037037037037 0.02608242044861763 0.05555555555555555
1 0.1366718831507564 0.7388888888888889 0.01773604590505999 0.046296296296296294
1 0.9394887845592071 0.0875 0.03599374021909233 0.04351851851851852
1 0.5375586854460094 0.28888888888888886 0.026604068857589983 0.05555555555555555
1 0.9227960354720918 0.8351851851851851 0.023474178403755867 0.06296296296296296
1 0.36958789775691187 0.7106481481481481 0.026604068857589983 0.053703703703703705
1 0.34533124673969745 0.7907407407407407 0.019300991131977047 0.05277777777777778
1 0.5980699008868023 0.19212962962962962 0.025039123630672927 0.05092592592592592
1 0.03234220135628586 0.9564814814814815 0.016692749087115284 0.06944444444444445
1 0.5208659363588941 0.4064814814814815 0.029212310902451747 0.053703703703703705
1 0.37063119457485655 0.11157407407407408 0.025039123630672927 0.05555555555555555
1 0.8281168492436098 0.6555555555555556 0.03234220135628586 0.044444444444444446
1 0.0782472613458529 0.6541666666666667 0.022430881585811163 0.040740740740740744
1 0.19196661450182578 0.28425925925925927 0.03495044340114763 0.05185185185185185
1 0.7462180490349505 0.7578703703703704 0.023474178403755867 0.058333333333333334
1 0.44183620239958266 0.17222222222222222 0.028690662493479395 0.058333333333333334
1 0.04094940010432968 0.8393518518518519 0.022430881585811163 0.05648148148148148
1 0.6846635367762128 0.8166666666666667 0.03025560772039645 0.041666666666666664
1 0.0396452790818988 0.2037037037037037 0.03912363067292645 0.058333333333333334
1 0.433489827856025 0.7851851851851852 0.028169014084507043 0.06111111111111111
1 0.0605112154407929 0.5828703703703704 0.027125717266562335 0.046296296296296294
1 0.7856025039123631 0.23842592592592593 0.023995826812728223 0.04259259259259259
1 0.2535211267605634 0.8111111111111111 0.027125717266562335 0.03611111111111111
1 0.968961919666145 0.7375 0.04121022430881586 0.06018518518518518
0 0.8025560772039645 0.45231481481481484 0.06155451225873761 0.06759259259259259
1 0.4175795513823683 0.08287037037037037 0.020865936358894107 0.05555555555555555
1 0.5073030777256129 0.8101851851851852 0.02190923317683881 0.05648148148148148
1 0.6426708398539385 0.687962962962963 0.017214397496087636 0.049074074074074076
1 0.9765258215962441 0.7893518518518519 0.03182055294731351 0.049074074074074076
1 0.07276995305164319 0.6893518518518519 0.03286384976525822 0.040740740740740744
1 0.19327073552425664 0.6842592592592592 0.029212310902451747 0.05
1 0.07563901930099114 0.7384259259259259 0.0198226395409494 0.05277777777777778
1 0.23082942097026604 0.6449074074074074 0.028169014084507043 0.049074074074074076
1 0.8933229003651539 0.8268518518518518 0.023474178403755867 0.05277777777777778
1 0.04042775169535733 0.8819444444444444 0.030777256129368807 0.04259259259259259
1 0.4350547730829421 0.7217592592592592 0.0297339593114241 0.037037037037037035
1 0.7801251956181534 0.3921296296296296 0.029212310902451747 0.04814814814814815
1 0.986697965571205 0.8379629629629629 0.026604068857589983 0.03888888888888889
0 0.6392801251956182 0.5597222222222222 0.019300991131977047 0.03611111111111111