0 0.22786458333333334 0.638425925925926 0.0546875 0.04537037037037037
0 0.5122395833333333 0.462037037037037 0.0484375 0.04537037037037037
0 0.16458333333333333 0.562962962962963 0.053125 0.04537037037037037
0 0.6416666666666667 0.46805555555555556 0.04479166666666667 0.04537037037037037
0 0.038802083333333334 0.36435185185185187 0.052083333333333336 0.04259259259259259
0 0.3104166666666667 0.39814814814814814 0.04635416666666667 0.040740740740740744
0 0.55625 0.35462962962962963 0.043229166666666666 0.04537037037037037
0 0.21640625 0.35462962962962963 0.046875 0.040740740740740744
0 0.92421875 0.3194444444444444 0.046875 0.041666666666666664
0 0.12604166666666666 0.3111111111111111 0.04739583333333333 0.040740740740740744
0 0.022916666666666665 0.45 0.04583333333333333 0.04259259259259259
0 0.5958333333333333 0.5819444444444445 0.04791666666666667 0.046296296296296294
0 0.8755208333333333 0.4097222222222222 0.0484375 0.046296296296296294
0 0.09479166666666666 0.44351851851851853 0.052083333333333336 0.040740740740740744
0 0.7125 0.537962962962963 0.05 0.04537037037037037
0 0.23984375 0.725462962962963 0.058333333333333334 0.04722222222222222
0 0.17135416666666667 0.5222222222222223 0.0515625 0.03425925925925926