0 0.27392578125 0.516986083984375 0.049957275390625 0.041980743408203125
0 0.276611328125 0.7349609375 0.058349609375 0.0426849365234375
0 0.91259765625 0.523486328125 0.036773681640625 0.05709381103515625
1 0.1094970703125 0.2719268798828125 0.03314208984375 0.0673858642578125
1 0.634765625 0.34754638671875 0.0258636474609375 0.068035888671875
1 0.0212860107421875 0.3785308837890625 0.03753662109375 0.06121063232421875
0 0.187744140625 0.447216796875 0.05059814453125 0.04555587768554688
1 0.2059326171875 0.2888275146484375 0.034027099609375 0.06359405517578125
0 0.41552734375 0.657391357421875 0.031982421875 0.062835693359375
0 0.37841796875 0.605389404296875 0.05224609375 0.04211616516113281
1 0.9462890625 0.18644866943359376 0.0323486328125 0.06944427490234376
1 0.174560546875 0.2558929443359375 0.02606201171875 0.06402740478515626
0 0.1273193359375 0.4905517578125 0.05718994140625 0.057635498046875
1 0.796875 0.19338226318359375 0.0257110595703125 0.05904388427734375
1 0.87353515625 0.2259918212890625 0.0197906494140625 0.0608856201171875
0 0.252685546875 0.616656494140625 0.02423095703125 0.065869140625
1 0.740234375 0.433349609375 0.0310821533203125 0.06310653686523438
1 0.07147216796875 0.253509521484375 0.03338623046875 0.06142730712890625
1 0.4501953125 0.802996826171875 0.04400634765625 0.075836181640625
0 0.9658203125 0.4732177734375 0.055511474609375 0.0448516845703125
1 0.890625 0.305511474609375 0.0247039794921875 0.05926055908203125
0 0.058563232421875 0.61448974609375 0.052825927734375 0.057635498046875
0 0.5146484375 0.3360626220703125 0.045867919921875 0.045122528076171876
1 0.30419921875 0.283843994140625 0.0241851806640625 0.060289764404296876
1 0.69580078125 0.40128173828125 0.033599853515625 0.06169815063476562
1 0.06622314453125 0.338446044921875 0.027374267578125 0.05622711181640625
0 0.1693115234375 0.384381103515625 0.0217742919921875 0.06251068115234375
1 0.18896484375 0.1765899658203125 0.024383544921875 0.055902099609375
0 0.81396484375 0.643524169921875 0.05572509765625 0.06451492309570313
1 0.58349609375 0.3382293701171875 0.0226287841796875 0.07090682983398437
1 0.71875 0.287310791015625 0.0271759033203125 0.059748077392578126
1 0.74853515625 0.2201416015625 0.020416259765625 0.06223983764648437
1 0.88525390625 0.1336883544921875 0.020965576171875 0.05963973999023438
1 0.84423828125 0.352313232421875 0.03240966796875 0.05403327941894531
1 0.73974609375 0.3754974365234375 0.023468017578125 0.05709381103515625
1 0.85595703125 0.4166656494140625 0.0325927734375 0.046774673461914065
1 0.6640625 0.11353759765625 0.02630615234375 0.06906509399414062
1 0.493896484375 0.273876953125 0.0235137939453125 0.062023162841796875
1 0.404052734375 0.3425628662109375 0.0271148681640625 0.082769775390625
1 0.61376953125 0.243109130859375 0.021453857421875 0.06321487426757813
0 0.4443359375 0.47581787109375 0.044921875 0.06982345581054687
1 0.2462158203125 0.211907958984375 0.0241851806640625 0.04915809631347656
0 0.153076171875 0.873199462890625 0.033843994140625 0.0565521240234375
1 0.822265625 0.2870941162109375 0.0252685546875 0.0591522216796875
1 0.69921875 0.8961669921875 0.0242767333984375 0.07697372436523438
1 0.703125 0.12187957763671875 0.0264129638671875 0.0606689453125
1 0.8818359375 0.9100341796875 0.0312042236328125 0.06077728271484375
1 0.61279296875 0.38568115234375 0.02001953125 0.05601043701171875
1 0.6748046875 0.28341064453125 0.026763916015625 0.06700668334960938