0 0.25234375 0.4185185185185185 0.052083333333333336 0.03796296296296296
0 0.38958333333333334 0.16805555555555557 0.043229166666666666 0.06018518518518518
0 0.06875 0.5833333333333334 0.0375 0.05092592592592592
0 0.16458333333333333 0.37777777777777777 0.049479166666666664 0.04259259259259259
0 0.6270833333333333 0.4824074074074074 0.04010416666666667 0.05277777777777778
0 0.13125 0.4671296296296296 0.05625 0.04537037037037037
0 0.05234375 0.663425925925926 0.046875 0.041666666666666664
0 0.8052083333333333 0.4527777777777778 0.053125 0.046296296296296294
0 0.26796875 0.1962962962962963 0.05625 0.05185185185185185
0 0.15625 0.6365740740740741 0.046875 0.04351851851851852
0 0.31197916666666664 0.6370370370370371 0.04010416666666667 0.04537037037037037
0 0.18359375 0.5509259259259259 0.049479166666666664 0.04351851851851852
0 0.8252604166666667 0.6537037037037037 0.034375 0.05092592592592592
0 0.6697916666666667 0.5606481481481481 0.05260416666666667 0.041666666666666664
0 0.7817708333333333 0.5652777777777778 0.04895833333333333 0.041666666666666664
0 0.7419270833333333 0.6583333333333333 0.04479166666666667 0.03981481481481482
0 0.03619791666666667 0.3902777777777778 0.051041666666666666 0.041666666666666664
0 0.5700520833333333 0.36157407407407405 0.052083333333333336 0.05648148148148148