0 0.5020865936358893 0.7669753086419754 0.04086245870283431 0.08950617283950624
1 0.2529296875 0.757061767578125 0.03424072265625 0.0537353515625
1 0.440673828125 0.4001983642578125 0.0283355712890625 0.06467742919921875
1 0.406982421875 0.776995849609375 0.035888671875 0.0699859619140625
1 0.3310546875 0.719793701171875 0.0330810546875 0.06121063232421875
1 0.84716796875 0.4170989990234375 0.030914306640625 0.06852340698242188
1 0.6845703125 0.181573486328125 0.0221099853515625 0.06251068115234375
1 0.1871337890625 0.565087890625 0.03460693359375 0.06343154907226563
1 0.95703125 0.3208953857421875 0.035003662109375 0.07274856567382812
1 0.7548828125 0.14647216796875 0.022369384765625 0.06489410400390624
1 0.40087890625 0.364013671875 0.0216522216796875 0.06852340698242188
1 0.386474609375 0.88143310546875 0.0260009765625 0.0522186279296875
1 0.6650390625 0.363580322265625 0.0165863037109375 0.06814422607421874
1 0.78564453125 0.4326995849609375 0.0222930908203125 0.06429824829101563
1 0.097412109375 0.3065948486328125 0.0290374755859375 0.063702392578125
1 0.1746826171875 0.90916748046875 0.04296875 0.06180648803710938
1 0.64599609375 0.90743408203125 0.0310821533203125 0.082769775390625
1 0.20947265625 0.83983154296875 0.035888671875 0.0535186767578125
1 0.304443359375 0.436383056640625 0.034423828125 0.061589813232421874
1 0.64208984375 0.783062744140625 0.0255126953125 0.054547882080078124
1 0.86376953125 0.1930572509765625 0.017303466796875 0.06310653686523438
1 0.049407958984375 0.3932647705078125 0.0261993408203125 0.0693359375
1 0.560546875 0.2719268798828125 0.0254669189453125 0.05796051025390625
1 0.29345703125 0.359246826171875 0.0257110595703125 0.06180648803710938
1 0.258056640625 0.3754974365234375 0.03173828125 0.06180648803710938
1 0.6591796875 0.2463592529296875 0.023284912109375 0.06451492309570313
1 0.953125 0.75142822265625 0.03839111328125 0.07567367553710938
1 0.2418212890625 0.2281585693359375 0.021453857421875 0.048508071899414064
1 0.443115234375 0.3096282958984375 0.0236053466796875 0.06451492309570313
1 0.20068359375 0.4209991455078125 0.0269622802734375 0.0556854248046875
1 0.6982421875 0.308544921875 0.0244293212890625 0.06240234375
1 0.6201171875 0.3889312744140625 0.021575927734375 0.06223983764648437
1 0.0121002197265625 0.2953277587890625 0.0236968994140625 0.060398101806640625
1 0.477294921875 0.28427734375 0.026763916015625 0.05251655578613281
1 0.369873046875 0.6985595703125 0.034423828125 0.05424995422363281
1 0.609375 0.1315216064453125 0.0186920166015625 0.075836181640625
1 0.767578125 0.260443115234375 0.027069091796875 0.07334442138671875
1 0.9794921875 0.449383544921875 0.04052734375 0.09549942016601562
1 0.7548828125 0.3828643798828125 0.021484375 0.06879425048828125
1 0.33056640625 0.313311767578125 0.027801513671875 0.06272735595703124
1 0.36767578125 0.3022613525390625 0.018096923828125 0.054872894287109376
1 0.79833984375 0.90570068359375 0.03955078125 0.07020263671875
1 0.31689453125 0.2576263427734375 0.01678466796875 0.05086441040039062
1 0.947265625 0.078436279296875 0.015899658203125 0.068902587890625
1 0.8798828125 0.34754638671875 0.033477783203125 0.047858047485351565
1 0.09503173828125 0.2545928955078125 0.0265045166015625 0.04923934936523437
1 0.98828125 0.86756591796875 0.0227203369140625 0.051622772216796876
1 0.240234375 0.30594482421875 0.0234222412109375 0.05926055908203125
1 0.1749267578125 0.23487548828125 0.01525115966796875 0.0522186279296875
1 0.826171875 0.0483184814453125 0.01433563232421875 0.051839447021484374
1 0.84130859375 0.2775604248046875 0.029541015625 0.0582855224609375
1 0.205078125 0.73409423828125 0.017852783203125 0.04393081665039063
1 0.60791015625 0.3044281005859375 0.025665283203125 0.048508071899414064
1 0.93701171875 0.92303466796875 0.027008056640625 0.03837852478027344
1 0.9921875 0.2894775390625 0.0147857666015625 0.04915809631347656
1 0.71533203125 0.2229583740234375 0.0233306884765625 0.042603683471679685
1 0.019989013671875 0.1713897705078125 0.03338623046875 0.10589981079101562
1 0.29931640625 0.16803131103515626 0.0179901123046875 0.08092803955078125
1 0.037811279296875 0.3520965576171875 0.014556884765625 0.040464019775390624
1 0.790908476514954 0.8181640625 0.0341796875 0.05839385986328125
0 0.75830078125 0.585455322265625 0.055938720703125 0.04436416625976562
0 0.5634765625 0.59542236328125 0.038116455078125 0.05414161682128906
0 0.9365234375 0.554254150390625 0.05291748046875 0.04988937377929688
0 0.317626953125 0.50355224609375 0.052032470703125 0.04436416625976562
0 0.89013671875 0.497052001953125 0.055206298828125 0.050756072998046874
0 0.281494140625 0.57462158203125 0.050811767578125 0.0457183837890625
0 0.80908203125 0.634857177734375 0.030670166015625 0.0574188232421875
0 0.69091796875 0.489251708984375 0.04742431640625 0.05424995422363281
1 0.953125 0.828997802734375 0.0304412841796875 0.06332321166992187
0 0.5576171875 0.52955322265625 0.04931640625 0.04766845703125
0 0.09588623046875 0.460650634765625 0.0457763671875 0.05403327941894531
0 0.9453125 0.655657958984375 0.037811279296875 0.06603164672851562
0 0.76171875 0.509619140625 0.0305633544921875 0.046341323852539064
0 0.0177154541015625 0.526953125 0.036834716796875 0.048508071899414064
0 0.98486328125 0.63009033203125 0.031494140625 0.04157447814941406