1 0.31872717788210747 0.33935185185185185 0.03495044340114763 0.05925925925925926
1 0.10876369327073553 0.19166666666666668 0.03599374021909233 0.06481481481481481
1 0.8101199791340636 0.8888888888888888 0.023474178403755867 0.06481481481481481
0 0.5127803860198227 0.48518518518518516 0.044861763171622326 0.046296296296296294
0 0.6807511737089202 0.39861111111111114 0.046426708398539386 0.05277777777777778
1 0.08946270213875848 0.49907407407407406 0.03129890453834116 0.0787037037037037
0 0.39488784559207096 0.46435185185185185 0.05372978612415232 0.04537037037037037
0 0.41027647365675535 0.5254629629629629 0.05268648930620762 0.049074074074074076
0 0.1452790818988002 0.44722222222222224 0.05372978612415232 0.06018518518518518
0 0.9063641105894628 0.387037037037037 0.05581637976004173 0.046296296296296294
0 0.5834637454355764 0.5097222222222222 0.04538341158059468 0.049074074074074076
1 0.8847157016171101 0.24444444444444444 0.03495044340114763 0.05740740740740741
1 0.37219613980177363 0.19074074074074074 0.024517475221700575 0.05925925925925926
0 0.7910798122065728 0.48333333333333334 0.05216484089723526 0.04722222222222222
0 0.5839853938445487 0.43425925925925923 0.04434011476264997 0.04537037037037037
0 0.8208137715179968 0.41944444444444445 0.053208137715179966 0.046296296296296294
0 0.9439227960354721 0.3013888888888889 0.0406885758998435 0.05925925925925926
1 0.18518518518518517 0.2273148148148148 0.03808033385498174 0.06481481481481481
1 0.6943140323422013 0.7050925925925926 0.025039123630672927 0.06018518518518518
1 0.5057381324986959 0.3939814814814815 0.022430881585811163 0.07037037037037037
1 0.42566510172143973 0.31805555555555554 0.024517475221700575 0.05555555555555555
1 0.8834115805946792 0.8819444444444444 0.02190923317683881 0.06388888888888888
1 0.9311424100156495 0.5467592592592593 0.03390714658320292 0.05925925925925926
1 0.707094418362024 0.600925925925926 0.029212310902451747 0.0787037037037037
1 0.06911841418883673 0.6615740740740741 0.03442879499217527 0.06296296296296296
1 0.17683881064162754 0.17083333333333334 0.03182055294731351 0.062037037037037036
1 0.42592592592592593 0.37222222222222223 0.02190923317683881 0.05277777777777778
0 0.09181011997913406 0.5791666666666667 0.03234220135628586 0.058333333333333334
1 0.8515910276473657 0.7967592592592593 0.028690662493479395 0.06296296296296296
1 0.9261867501304121 0.8407407407407408 0.03182055294731351 0.06111111111111111
1 0.409754825247783 0.26296296296296295 0.02138758476786646 0.05925925925925926
1 0.9846113719353156 0.44675925925925924 0.030777256129368807 0.05648148148148148
1 0.8179447052686489 0.5481481481481482 0.026604068857589983 0.06018518518518518
1 0.28169014084507044 0.6518518518518519 0.03025560772039645 0.062037037037037036
1 0.7642149191444966 0.8263888888888888 0.02608242044861763 0.06666666666666667
1 0.47052686489306206 0.7208333333333333 0.019300991131977047 0.06388888888888888
1 0.024517475221700575 0.09583333333333334 0.03808033385498174 0.06944444444444445
1 0.229264475743349 0.7208333333333333 0.024517475221700575 0.06018518518518518
1 0.2597809076682316 0.687962962962963 0.025039123630672927 0.05555555555555555
1 0.8914971309337506 0.8245370370370371 0.028169014084507043 0.062037037037037036
1 0.9293166405842462 0.10833333333333334 0.03338549817423057 0.058333333333333334
1 0.33776734480959836 0.649074074074074 0.03234220135628586 0.06759259259259259
1 0.8823682837767345 0.6532407407407408 0.037037037037037035 0.044444444444444446
1 0.4966092853416797 0.7226851851851852 0.02190923317683881 0.05925925925925926
1 0.9227960354720918 0.7430555555555556 0.02764736567553469 0.05555555555555555
1 0.6591027647365676 0.8101851851851852 0.02034428794992175 0.06296296296296296
0 0.31637976004173185 0.5597222222222222 0.05372978612415232 0.046296296296296294
1 0.7143974960876369 0.7754629629629629 0.024517475221700575 0.053703703703703705
1 0.6304121022430882 0.7578703703703704 0.025039123630672927 0.07037037037037037
1 0.3677621283255086 0.1527777777777778 0.02138758476786646 0.05555555555555555
1 0.6006781429316641 0.9263888888888889 0.014606155451225874 0.062037037037037036
1 0.05372978612415232 0.7541666666666667 0.0297339593114241 0.06851851851851852
1 0.4621804903495044 0.6583333333333333 0.013562858633281168 0.062037037037037036
1 0.539906103286385 0.2763888888888889 0.023474178403755867 0.07037037037037037
1 0.7725612936880543 0.25092592592592594 0.03234220135628586 0.04351851851851852
1 0.4788732394366197 0.6097222222222223 0.022952529994783515 0.06296296296296296
1 0.5419926969222744 0.7824074074074074 0.018779342723004695 0.05925925925925926
1 0.7728221178925404 0.5666666666666667 0.024517475221700575 0.06666666666666667
1 0.5292123109024518 0.17037037037037037 0.023474178403755867 0.05462962962962963
1 0.8633281168492436 0.6509259259259259 0.0297339593114241 0.06481481481481481
1 0.2921231090245175 0.7185185185185186 0.023995826812728223 0.062037037037037036
1 0.4384454877412624 0.4064814814814815 0.030777256129368807 0.053703703703703705
1 0.16666666666666666 0.7486111111111111 0.03129890453834116 0.06018518518518518
1 0.8223787167449139 0.6638888888888889 0.03338549817423057 0.06296296296296296
1 0.8080333854981743 0.7138888888888889 0.028690662493479395 0.06574074074074074
1 0.9619196661450182 0.8226851851851852 0.029212310902451747 0.075
1 0.658320292123109 0.6171296296296296 0.0198226395409494 0.05462962962962963
1 0.7655190401669275 0.10740740740740741 0.03025560772039645 0.04537037037037037
1 0.09494001043296818 0.7777777777777778 0.03182055294731351 0.06388888888888888
1 0.5996348461137193 0.7092592592592593 0.02034428794992175 0.05555555555555555
1 0.32472613458528954 0.6814814814814815 0.023474178403755867 0.05925925925925926
1 0.5777256129368805 0.7939814814814815 0.022430881585811163 0.05925925925925926
1 0.017214397496087636 0.6726851851851852 0.03182055294731351 0.07037037037037037
1 0.13354199269692227 0.7351851851851852 0.030777256129368807 0.06296296296296296
1 0.49634846113719355 0.7712962962962963 0.014084507042253521 0.044444444444444446
1 0.647887323943662 0.8907407407407407 0.018257694314032343 0.08518518518518518
1 0.012519561815336464 0.125 0.025039123630672927 0.058333333333333334
1 0.14162754303599373 0.649537037037037 0.03442879499217527 0.044444444444444446
1 0.41497130933750653 0.6861111111111111 0.03025560772039645 0.07314814814814814
1 0.08398539384454877 0.8180555555555555 0.028690662493479395 0.062037037037037036
1 0.7949921752738655 0.7361111111111112 0.02034428794992175 0.06944444444444445
1 0.3826291079812207 0.7944444444444444 0.023995826812728223 0.041666666666666664
1 0.8348982785602503 0.8564814814814815 0.023995826812728223 0.06388888888888888
1 0.9087115284298383 0.6194444444444445 0.029212310902451747 0.04259259259259259
1 0.3364632237871675 0.10046296296296296 0.03495044340114763 0.06018518518518518
1 0.9681794470526864 0.9537037037037037 0.017214397496087636 0.07037037037037037
1 0.1431924882629108 0.7981481481481482 0.024517475221700575 0.06851851851851852
1 0.8315075639019301 0.7449074074074075 0.017214397496087636 0.05
1 0.22430881585811163 0.763425925925926 0.022430881585811163 0.05185185185185185
1 0.29916536254564424 0.7699074074074074 0.02764736567553469 0.05
1 0.23526343244653103 0.850462962962963 0.03129890453834116 0.07407407407407407
0 0.9820031298904538 0.9208333333333333 0.028690662493479395 0.06481481481481481
1 0.5912884715701617 0.12222222222222222 0.026604068857589983 0.05092592592592592
1 0.7172665623369848 0.8134259259259259 0.028169014084507043 0.03611111111111111
1 0.7383933229003652 0.6064814814814815 0.01617110067814293 0.03888888888888889
1 0.9024517475221701 0.5833333333333334 0.03025560772039645 0.044444444444444446
1 0.41784037558685444 0.7574074074074074 0.01773604590505999 0.06018518518518518
1 0.38367240479916537 0.725462962962963 0.028169014084507043 0.05092592592592592
1 0.176056338028169 0.38981481481481484 0.0406885758998435 0.08425925925925926
1 0.16118935837245696 0.3277777777777778 0.0605112154407929 0.08888888888888889
1 0.16014606155451225 0.8134259259259259 0.026604068857589983 0.05462962962962963
1 0.6489306207616067 0.5800925925925926 0.013041210224308816 0.04351851851851852