1 0.40087890625 0.585455322265625 0.0287628173828125 0.0587188720703125
1 0.1134033203125 0.970703125 0.040618896484375 0.054547882080078124
0 0.85302734375 0.523919677734375 0.03021240234375 0.05774383544921875
1 0.31787109375 0.77569580078125 0.0238189697265625 0.06662750244140625
1 0.85009765625 0.2771270751953125 0.02838134765625 0.06402740478515626
1 0.55810546875 0.35794677734375 0.0209197998046875 0.05601043701171875
0 0.26513671875 0.470184326171875 0.030670166015625 0.055902099609375
0 0.77197265625 0.57635498046875 0.0330810546875 0.04823722839355469
1 0.9423828125 0.421649169921875 0.0301513671875 0.0673858642578125
1 0.3623046875 0.3172119140625 0.0217437744140625 0.05926055908203125
1 0.953125 0.89010009765625 0.0304412841796875 0.057635498046875
0 0.217529296875 0.4270660400390625 0.0260009765625 0.0483184814453125
0 0.29541015625 0.554254150390625 0.052703857421875 0.04328079223632812
1 0.08587646484375 0.64395751953125 0.03704833984375 0.0780029296875
1 0.416015625 0.38134765625 0.029541015625 0.06310653686523438
0 0.387939453125 0.66475830078125 0.04779052734375 0.07556533813476562
0 0.06854248046875 0.52955322265625 0.05499267578125 0.046341323852539064
0 0.71435546875 0.496185302734375 0.049041748046875 0.04108695983886719
0 0.386962890625 0.50355224609375 0.0278472900390625 0.05666046142578125
1 0.380126953125 0.38568115234375 0.0251312255859375 0.0587188720703125
1 0.1807861328125 0.308544921875 0.0309600830078125 0.056768798828125
1 0.7373046875 0.9620361328125 0.033599853515625 0.0699859619140625
1 0.90869140625 0.2597930908203125 0.0216217041015625 0.059748077392578126
1 0.1885986328125 0.3637969970703125 0.03448486328125 0.063702392578125
1 0.55810546875 0.3928314208984375 0.0193023681640625 0.06613998413085938
1 0.463134765625 0.2654266357421875 0.0185394287109375 0.053437423706054685
1 0.51220703125 0.3761474609375 0.02191162109375 0.06538162231445313
0 0.159423828125 0.5910888671875 0.053497314453125 0.050078964233398436
1 0.7626953125 0.2649932861328125 0.02630615234375 0.0606689453125
0 0.2034912109375 0.48101806640625 0.0364990234375 0.059856414794921875
1 0.56689453125 0.277777099609375 0.02685546875 0.06299819946289062
1 0.759765625 0.3546966552734375 0.02685546875 0.06077728271484375
1 0.9169921875 0.3780975341796875 0.0272674560546875 0.05424995422363281
1 0.705078125 0.32327880859375 0.0255126953125 0.053437423706054685
1 0.71533203125 0.377880859375 0.027008056640625 0.06240234375
1 0.320556640625 0.7297607421875 0.0216217041015625 0.06765670776367187
1 0.50048828125 0.3312957763671875 0.0167236328125 0.05839385986328125
1 0.71484375 0.2030242919921875 0.0217437744140625 0.06749420166015625
1 0.431396484375 0.3499298095703125 0.0273284912109375 0.06749420166015625
1 0.62158203125 0.2550262451171875 0.0212860107421875 0.06662750244140625
1 0.81396484375 0.3828643798828125 0.0301513671875 0.06402740478515626
1 0.708984375 0.113970947265625 0.0165863037109375 0.06223983764648437
1 0.74072265625 0.3161285400390625 0.0289306640625 0.06765670776367187
1 0.53955078125 0.31287841796875 0.0289306640625 0.07486114501953126
1 0.23828125 0.3399627685546875 0.0260009765625 0.06603164672851562
1 0.7958984375 0.21158294677734374 0.0273284912109375 0.0565521240234375
1 0.05706787109375 0.260443115234375 0.034942626953125 0.059964752197265624
1 0.96728515625 0.173773193359375 0.0221099853515625 0.06402740478515626
1 0.33154296875 0.3962982177734375 0.0235595703125 0.046964263916015624
1 0.939453125 0.246575927734375 0.033782958984375 0.07009429931640625
1 0.7509765625 0.2363922119140625 0.0177764892578125 0.054547882080078124
1 0.87255859375 0.3988983154296875 0.033721923828125 0.061102294921875
1 0.03802490234375 0.2870941162109375 0.03521728515625 0.06613998413085938
1 0.7783203125 0.308978271484375 0.0272216796875 0.05904388427734375
1 0.97412109375 0.95076904296875 0.034027099609375 0.07724456787109375
1 0.0165863037109375 0.4378997802734375 0.031494140625 0.054872894287109376
1 0.98486328125 0.32674560546875 0.0292510986328125 0.06673583984375
1 0.988739013671875 0.3941314697265625 0.02252197265625 0.0693359375
1 0.477783203125 0.28514404296875 0.0206451416015625 0.0656524658203125
1 0.38818359375 0.2857940673828125 0.0206451416015625 0.06787338256835937
1 0.2093505859375 0.64482421875 0.04351806640625 0.0734527587890625
1 0.08038330078125 0.20443267822265626 0.021484375 0.05213737487792969
1 0.2042236328125 0.156005859375 0.02056884765625 0.05538749694824219
1 0.1163330078125 0.2524261474609375 0.0287017822265625 0.05666046142578125
1 0.94482421875 0.3310791015625 0.035491943359375 0.0693359375
1 0.1695556640625 0.288177490234375 0.0216217041015625 0.0572021484375
1 0.90576171875 0.16564788818359374 0.0263519287109375 0.06169815063476562
0 0.083740234375 0.5737548828125 0.039337158203125 0.0504852294921875
1 0.88818359375 0.349713134765625 0.0246124267578125 0.05251655578613281
0 0.853515625 0.2513427734375 0.053802490234375 0.04590797424316406
1 0.2247314453125 0.2346588134765625 0.0177154541015625 0.0537353515625
1 0.019866943359375 0.20334930419921876 0.022674560546875 0.05752716064453125
1 0.5029296875 0.577655029296875 0.0268096923828125 0.08964920043945312
1 0.53564453125 0.22880859375 0.01678466796875 0.0409515380859375
1 0.95947265625 0.054954147338867186 0.0169219970703125 0.0695526123046875
1 0.74462890625 0.848931884765625 0.0271759033203125 0.05666046142578125
1 0.252685546875 0.27647705078125 0.02630615234375 0.06516494750976562
1 0.6044921875 0.17843170166015626 0.01763916015625 0.060506439208984374
1 0.74609375 0.9135009765625 0.0269622802734375 0.059856414794921875
1 0.9462890625 0.805596923828125 0.0341796875 0.059423065185546874
1 0.26513671875 0.231842041015625 0.0169830322265625 0.052814483642578125
1 0.5146484375 0.2912109375 0.021453857421875 0.0693359375
1 0.0121917724609375 0.3414794921875 0.023101806640625 0.04886016845703125
1 0.65771484375 0.440283203125 0.02288818359375 0.046964263916015624
0 0.97412109375 0.08899917602539062 0.030914306640625 0.06527328491210938
1 0.321533203125 0.1722564697265625 0.013275146484375 0.05154151916503906
1 0.3984375 0.237908935546875 0.0205230712890625 0.058502197265625
1 0.047515869140625 0.227508544921875 0.0240478515625 0.04886016845703125
1 0.50439453125 0.86756591796875 0.0258636474609375 0.06429824829101563
1 0.2301025390625 0.1802734375 0.019012451171875 0.0565521240234375
1 0.572265625 0.233575439453125 0.015960693359375 0.04393081665039063
1 0.7509765625 0.79649658203125 0.0266571044921875 0.05037689208984375
1 0.49072265625 0.2108245849609375 0.02191162109375 0.046883010864257814
1 0.57568359375 0.06099395751953125 0.0141754150390625 0.039705657958984376