1 0.490966796875 0.3702972412109375 0.026702880859375 0.062131500244140624
1 0.677734375 0.3516632080078125 0.0257110595703125 0.06251068115234375
0 0.3408203125 0.72109375 0.05059814453125 0.045203781127929686
1 0.64013671875 0.9620361328125 0.03125 0.04607048034667969
1 0.33984375 0.2927276611328125 0.023284912109375 0.0561187744140625
1 0.724609375 0.4576171875 0.0287017822265625 0.06440658569335937
1 0.93994140625 0.2194915771484375 0.0293121337890625 0.06467742919921875
1 0.8486328125 0.867999267578125 0.028594970703125 0.060398101806640625
1 0.3203125 0.256976318359375 0.021209716796875 0.048508071899414064
1 0.7060546875 0.407781982421875 0.0280609130859375 0.06548995971679687
1 0.67333984375 0.1258880615234375 0.022796630859375 0.0665191650390625
0 0.16198730468749994 0.507452392578125 0.04784684503747991 0.06381072998046883
1 0.62060546875 0.28514404296875 0.0199432373046875 0.06099395751953125
0 0.2078857421875 0.821630859375 0.047149658203125 0.0838531494140625
1 0.6474609375 0.09149093627929687 0.0224609375 0.06624832153320312
1 0.58203125 0.252642822265625 0.01763916015625 0.04988937377929688
1 0.69287109375 0.11472930908203124 0.0253753662109375 0.07334442138671875
1 0.62841796875 0.2270751953125 0.0207672119140625 0.054547882080078124
1 0.1590576171875 0.308111572265625 0.02484130859375 0.0574188232421875
1 0.818359375 0.2576263427734375 0.0242767333984375 0.063702392578125
1 0.849609375 0.226641845703125 0.0190582275390625 0.06310653686523438
1 0.93701171875 0.2771270751953125 0.02880859375 0.06310653686523438
1 0.654296875 0.3256622314453125 0.0269622802734375 0.06429824829101563
1 0.021331787109375 0.3468963623046875 0.038177490234375 0.07556533813476562
1 0.193603515625 0.1887237548828125 0.017852783203125 0.04409332275390625
1 0.7412109375 0.42728271484375 0.0223236083984375 0.06906509399414062
1 0.81689453125 0.440716552734375 0.032470703125 0.04869766235351562
1 0.34033203125 0.33367919921875 0.0200653076171875 0.06332321166992187
1 0.2149658203125 0.2745269775390625 0.026611328125 0.05882720947265625
0 0.94482421875 0.583721923828125 0.059326171875 0.04777679443359375
1 0.669921875 0.26434326171875 0.022369384765625 0.0695526123046875
1 0.73583984375 0.38048095703125 0.018798828125 0.0626190185546875
1 0.194580078125 0.2374755859375 0.02215576171875 0.06343154907226563
1 0.88720703125 0.9239013671875 0.03131103515625 0.0535186767578125
1 0.80859375 0.230108642578125 0.0303802490234375 0.05953140258789062
1 0.64794921875 0.19641571044921874 0.016845703125 0.059964752197265624
1 0.75390625 0.3520965576171875 0.020843505859375 0.0639190673828125
1 0.89013671875 0.21613311767578125 0.015899658203125 0.03553466796875
1 0.73779296875 0.2357421875 0.024383544921875 0.0613189697265625
1 0.18798828125 0.347979736328125 0.028594970703125 0.06180648803710938
0 0.46728515625 0.437249755859375 0.048858642578125 0.04766845703125
1 0.040985107421875 0.27127685546875 0.0294189453125 0.06240234375
1 0.60546875 0.354046630859375 0.028594970703125 0.053437423706054685
0 0.2110595703125 0.668658447265625 0.05108642578125 0.070635986328125
1 0.8486328125 0.36748046875 0.0243377685546875 0.06500244140625
1 0.97216796875 0.204107666015625 0.03167724609375 0.06971511840820313
0 0.7841796875 0.602789306640625 0.0537109375 0.050078964233398436
1 0.255615234375 0.2823272705078125 0.0182647705078125 0.06343154907226563
1 0.08929443359375 0.3109283447265625 0.0300445556640625 0.047316360473632815
0 0.36669921875 0.4593505859375 0.0517578125 0.048047637939453124
1 0.8369140625 0.827264404296875 0.028594970703125 0.05384368896484375
1 0.81103515625 0.3068115234375 0.0237274169921875 0.059856414794921875
1 0.515625 0.2957611083984375 0.0243377685546875 0.053924942016601564
1 0.9833984375 0.4073486328125 0.03302001953125 0.07182769775390625
1 0.89111328125 0.27821044921875 0.0292510986328125 0.0569854736328125
1 0.912109375 0.42901611328125 0.0233306884765625 0.0626190185546875
1 0.477783203125 0.8961669921875 0.0199432373046875 0.05709381103515625
1 0.92333984375 0.7505615234375 0.035064697265625 0.054439544677734375
1 0.916015625 0.3685638427734375 0.0190887451171875 0.047939300537109375
1 0.08154296875 0.2385589599609375 0.0273284912109375 0.054547882080078124
1 0.05059814453125 0.22794189453125 0.0272216796875 0.06310653686523438
0 0.015193939208984375 0.700726318359375 0.03038787841796875 0.04547462463378906
1 0.99072265625 0.5078857421875 0.0184783935546875 0.060289764404296876
1 0.182373046875 0.9831035614013672 0.02191162109375 0.033792877197265626
1 0.0164642333984375 0.235308837890625 0.0219879150390625 0.05633544921875
1 0.280517578125 0.1887237548828125 0.0228424072265625 0.0686859130859375
1 0.9411406711876193 0.8742283950617283 0.02521300643366379 0.06327160493827154
1 0.9372283081203269 0.779320987654321 0.022604764388801907 0.0586419753086419