0 0.11606677099634846 0.3699074074074074 0.02764736567553469 0.06574074074074074
0 0.6045905059989567 0.48935185185185187 0.048513302034428794 0.05185185185185185
1 0.3427230046948357 0.3523148148148148 0.03182055294731351 0.07407407407407407
1 0.23865414710485133 0.8736111111111111 0.03338549817423057 0.08055555555555556
1 0.39254042775169534 0.36944444444444446 0.015127803860198226 0.04351851851851852
0 0.3080333854981742 0.6282407407407408 0.056338028169014086 0.058333333333333334
1 0.2443922796035472 0.3648148148148148 0.03338549817423057 0.06111111111111111
1 0.13928012519561817 0.2513888888888889 0.029212310902451747 0.06666666666666667
1 0.19535732916014606 0.3101851851851852 0.02190923317683881 0.06296296296296296
1 0.20631194574856546 0.24768518518518517 0.02556077203964528 0.06018518518518518
1 0.5023474178403756 0.31296296296296294 0.01617110067814293 0.06111111111111111
0 0.15258215962441316 0.4726851851851852 0.056859676577986434 0.049074074074074076
1 0.369848721961398 0.300462962962963 0.0198226395409494 0.05925925925925926
1 0.6830985915492958 0.3523148148148148 0.025039123630672927 0.06296296296296296
0 0.5101721439749609 0.4597222222222222 0.04747000521648409 0.04814814814814815
1 0.5234741784037559 0.24074074074074073 0.013562858633281168 0.058333333333333334
0 0.13302034428794993 0.6296296296296297 0.053208137715179966 0.04537037037037037
1 0.21439749608763695 0.40555555555555556 0.03338549817423057 0.06111111111111111
1 0.06311945748565467 0.3458333333333333 0.03025560772039645 0.0712962962962963
1 0.5777256129368805 0.3509259259259259 0.015127803860198226 0.06481481481481481
1 0.2566510172143975 0.2388888888888889 0.027125717266562335 0.06388888888888888
1 0.4760041731872718 0.2865740740740741 0.02034428794992175 0.06018518518518518
1 0.7642149191444966 0.3388888888888889 0.028169014084507043 0.06944444444444445
1 0.9825247782994262 0.30324074074074076 0.03234220135628586 0.06666666666666667
1 0.3901930099113198 0.8856481481481482 0.02556077203964528 0.06574074074074074
1 0.6864893062076161 0.19074074074074074 0.026604068857589983 0.09166666666666666
1 0.6484089723526343 0.26805555555555555 0.02608242044861763 0.05925925925925926
1 0.9032342201356286 0.1537037037037037 0.02556077203964528 0.07592592592592592
1 0.9024517475221701 0.3958333333333333 0.02608242044861763 0.05648148148148148
1 0.5941575378195096 0.3023148148148148 0.018257694314032343 0.06018518518518518
1 0.17162232655190401 0.26064814814814813 0.016692749087115284 0.05
1 0.7271778821074596 0.21851851851851853 0.02190923317683881 0.062037037037037036
1 0.44314032342201354 0.33796296296296297 0.022952529994783515 0.05555555555555555
1 0.8857589984350548 0.33564814814814814 0.024517475221700575 0.05555555555555555
1 0.62415232133542 0.1726851851851852 0.018257694314032343 0.05462962962962963
1 0.34637454355764213 0.24768518518518517 0.017214397496087636 0.05740740740740741
1 0.769170579029734 0.21157407407407408 0.02138758476786646 0.06296296296296296
1 0.8153364632237872 0.1537037037037037 0.02608242044861763 0.06851851851851852
1 0.9501825769431403 0.1476851851851852 0.02138758476786646 0.06944444444444445
1 0.4924360980699009 0.2412037037037037 0.018779342723004695 0.05277777777777778
1 0.46113719353155974 0.9203703703703704 0.03025560772039645 0.08518518518518518
1 0.6465832029212311 0.962037037037037 0.02190923317683881 0.05925925925925926
1 0.6403234220135628 0.8856481481481482 0.023474178403755867 0.062037037037037036
1 0.8393322900365154 0.21666666666666667 0.02556077203964528 0.06481481481481481
1 0.01278038601982264 0.3013888888888889 0.024517475221700575 0.07037037037037037
1 0.903755868544601 0.262037037037037 0.018257694314032343 0.05925925925925926
1 0.5727699530516432 0.1875 0.0198226395409494 0.06388888888888888
1 0.0892018779342723 0.21805555555555556 0.03495044340114763 0.06759259259259259
1 0.8661971830985915 0.18472222222222223 0.023995826812728223 0.07222222222222222
1 0.43583724569640064 0.3 0.029212310902451747 0.03425925925925926
1 0.020083463745435577 0.8055555555555556 0.0396452790818988 0.07777777777777778