0 0.7364583333333333 0.5763888888888888 0.050520833333333334 0.04722222222222222
0 0.49661458333333336 0.4310185185185185 0.049479166666666664 0.04351851851851852
0 0.37447916666666664 0.5259259259259259 0.04583333333333333 0.04722222222222222
0 0.8489583333333334 0.5902777777777778 0.049479166666666664 0.04259259259259259
0 0.9182291666666667 0.5606481481481481 0.05260416666666667 0.04259259259259259
1 0.1015625 0.6504629629629629 0.034375 0.06018518518518518
0 0.10989583333333333 0.4949074074074074 0.05260416666666667 0.06111111111111111
0 0.6223958333333334 0.1736111111111111 0.05260416666666667 0.046296296296296294
1 0.8640625 0.7342592592592593 0.026041666666666668 0.06018518518518518
0 0.33697916666666666 0.45555555555555555 0.051041666666666666 0.04814814814814815
1 0.12994791666666666 0.6949074074074074 0.03229166666666667 0.075
0 0.984375 0.6810185185185185 0.030208333333333334 0.03425925925925926
0 0.3416666666666667 0.32731481481481484 0.053125 0.05925925925925926
1 0.78984375 0.7046296296296296 0.03802083333333333 0.08148148148148149
0 0.7875 0.2564814814814815 0.0546875 0.049074074074074076
1 0.35833333333333334 0.7236111111111111 0.021354166666666667 0.06388888888888888
1 0.46536458333333336 0.7513888888888889 0.0265625 0.06018518518518518
1 0.09453125 0.6078703703703704 0.0265625 0.06759259259259259