1 0.5322265625 0.3988983154296875 0.0289764404296875 0.06538162231445313
1 0.42529296875 0.7886962890625 0.0255584716796875 0.06516494750976562
1 0.318603515625 0.3949981689453125 0.03179931640625 0.061589813232421874
1 0.67041015625 0.2610931396484375 0.0221099853515625 0.061102294921875
1 0.96435546875 0.420782470703125 0.0345458984375 0.0626190185546875
1 0.06683349609375 0.835064697265625 0.03802490234375 0.054439544677734375
0 0.2924092769871544 0.5622052228009258 0.046000194599308805 0.05866833439579721
1 0.223876953125 0.627490234375 0.03289794921875 0.0673858642578125
0 0.625 0.516119384765625 0.0489501953125 0.04436416625976562
0 0.50146484375 0.54688720703125 0.04779052734375 0.04157447814941406
0 0.438232421875 0.4836181640625 0.0482177734375 0.044770431518554685
1 0.7177734375 0.2740936279296875 0.0248870849609375 0.06402740478515626
1 0.73046875 0.1438720703125 0.019683837890625 0.06787338256835937
1 0.448974609375 0.4084320068359375 0.029083251953125 0.068035888671875
0 0.387451171875 0.477117919921875 0.04681396484375 0.04590797424316406
1 0.5859375 0.19208221435546874 0.01751708984375 0.063702392578125
0 0.2247314453125 0.471917724609375 0.032470703125 0.0656524658203125
1 0.841796875 0.3135284423828125 0.03265380859375 0.065869140625
0 0.380615234375 0.517852783203125 0.05059814453125 0.04563713073730469
1 0.65234375 0.3936981201171875 0.0238189697265625 0.07247772216796874
1 0.66455078125 0.1765899658203125 0.0240020751953125 0.068902587890625
1 0.89501953125 0.21266632080078124 0.0313720703125 0.06440658569335937
1 0.79638671875 0.12989654541015624 0.020843505859375 0.07101516723632813
1 0.08740234375 0.3655303955078125 0.03448486328125 0.0537353515625
1 0.46826171875 0.333245849609375 0.02606201171875 0.06272735595703124
1 0.1087646484375 0.90743408203125 0.033599853515625 0.05311241149902344
1 0.9453125 0.26607666015625 0.0322265625 0.06841506958007812
0 0.421630859375 0.64482421875 0.0548095703125 0.04401206970214844
1 0.5341796875 0.3269622802734375 0.024749755859375 0.06251068115234375
1 0.61083984375 0.3902313232421875 0.0254669189453125 0.07334442138671875
1 0.64990234375 0.08434066772460938 0.0204925537109375 0.070635986328125
1 0.1363525390625 0.3044281005859375 0.024932861328125 0.06538162231445313
0 0.36767578125 0.578521728515625 0.0391845703125 0.05192070007324219
1 0.287353515625 0.325445556640625 0.025909423828125 0.05752716064453125
1 0.630859375 0.3130950927734375 0.0258026123046875 0.06310653686523438
1 0.364990234375 0.287744140625 0.015899658203125 0.06077728271484375
1 0.59130859375 0.342779541015625 0.02423095703125 0.06700668334960938
1 0.2109375 0.66129150390625 0.03125 0.06548995971679687
1 0.497802734375 0.39521484375 0.0255126953125 0.0656524658203125
0 0.640625 0.69769287109375 0.051361083984375 0.05213737487792969
1 0.64599609375 0.3533966064453125 0.0205230712890625 0.05953140258789062
1 0.289306640625 0.1713897705078125 0.021087646484375 0.060289764404296876
1 0.59423828125 0.21938323974609375 0.0243377685546875 0.07193603515625
1 0.485595703125 0.2476593017578125 0.01971435546875 0.05384368896484375
1 0.61083984375 0.11819610595703126 0.02001953125 0.07009429931640625
1 0.84033203125 0.3900146484375 0.0225372314453125 0.06121063232421875
1 0.12176513671875 0.361846923828125 0.0240478515625 0.04149322509765625
1 0.8056640625 0.33714599609375 0.019683837890625 0.04766845703125
1 0.87841796875 0.3299957275390625 0.03155517578125 0.068035888671875
1 0.86181640625 0.92303466796875 0.0305023193359375 0.0591522216796875
1 0.58447265625 0.602789306640625 0.0260009765625 0.075836181640625
1 0.11029052734375 0.21873321533203124 0.0271148681640625 0.06429824829101563
1 0.76318359375 0.457183837890625 0.0254669189453125 0.041330718994140626
1 0.050048828125 0.3308624267578125 0.02532958984375 0.0569854736328125
1 0.95751953125 0.05192070007324219 0.016021728515625 0.07101516723632813
1 0.1802978515625 0.1887237548828125 0.02685546875 0.05414161682128906
1 0.20849609375 0.26434326171875 0.021575927734375 0.05251655578613281
1 0.2322998046875 0.18254852294921875 0.0237274169921875 0.07074432373046875
1 0.260009765625 0.2597930908203125 0.02886962890625 0.0483184814453125
1 0.86572265625 0.86409912109375 0.030792236328125 0.05262489318847656
1 0.666015625 0.884033203125 0.0254669189453125 0.0574188232421875
1 0.6982421875 0.1822235107421875 0.0207977294921875 0.06467742919921875
1 0.17236328125 0.21613311767578125 0.0222015380859375 0.06007308959960937
0 0.46923828125 0.706793212890625 0.051666259765625 0.048047637939453124
1 0.8642578125 0.2636932373046875 0.0226287841796875 0.060289764404296876
1 0.55712890625 0.2721435546875 0.021087646484375 0.05143318176269531
1 0.148681640625 0.2658599853515625 0.03662109375 0.060289764404296876
1 0.873046875 0.981103515625 0.030914306640625 0.03461380004882812
1 0.56884765625 0.29034423828125 0.0222015380859375 0.06180648803710938
1 0.8046875 0.21504974365234375 0.03125 0.06489410400390624
1 0.328857421875 0.2428924560546875 0.0235137939453125 0.042061996459960935
1 0.986328125 0.339312744140625 0.0265045166015625 0.04758720397949219
1 0.491455078125 0.599322509765625 0.0220794677734375 0.05953140258789062
1 0.87451171875 0.807330322265625 0.02691650390625 0.05311241149902344
1 0.8642578125 0.714593505859375 0.04052734375 0.06603164672851562
0 0.97412109375 0.08466567993164062 0.0330810546875 0.06662750244140625
1 0.8603515625 0.3577301025390625 0.0345458984375 0.0639190673828125
1 0.662109375 0.12166290283203125 0.0186920166015625 0.04563713073730469
1 0.232666015625 0.98197021484375 0.034027099609375 0.03434295654296875
1 0.60595703125 0.2929443359375 0.020416259765625 0.06727752685546876
1 0.34912109375 0.334112548828125 0.025665283203125 0.06538162231445313
1 0.02886962890625 0.17778167724609376 0.023193359375 0.044689178466796875
1 0.03802490234375 0.2558929443359375 0.0295867919921875 0.047397613525390625
1 0.280517578125 0.286444091796875 0.018157958984375 0.0426849365234375
1 0.82275390625 0.265643310546875 0.033203125 0.07767791748046875
1 0.8544921875 0.22794189453125 0.0278472900390625 0.0535186767578125
1 0.359130859375 0.2372589111328125 0.0147857666015625 0.04384956359863281
1 0.5341796875 0.291644287109375 0.017242431640625 0.041005706787109374