0 0.5701617110067815 0.3736111111111111 0.04434011476264997 0.06111111111111111
0 0.6572769953051644 0.44027777777777777 0.046426708398539386 0.06944444444444445
1 0.5323422013562858 0.274537037037037 0.03442879499217527 0.05648148148148148
0 0.4681794470526865 0.4740740740740741 0.048513302034428794 0.04537037037037037
0 0.04121022430881586 0.5310185185185186 0.03495044340114763 0.06296296296296296
0 0.4019300991131977 0.4356481481481482 0.05425143453312467 0.053703703703703705
1 0.21544079290558163 0.17685185185185184 0.023474178403755867 0.05277777777777778
1 0.03808033385498174 0.6611111111111111 0.0406885758998435 0.06574074074074074
0 0.8656755346896192 0.4222222222222222 0.058424621804903494 0.05
1 0.747000521648409 0.6930555555555555 0.028169014084507043 0.06388888888888888
1 0.6025039123630673 0.624537037037037 0.025039123630672927 0.05648148148148148
1 0.2764736567553469 0.6638888888888889 0.025039123630672927 0.06666666666666667
1 0.09494001043296818 0.6365740740740741 0.03442879499217527 0.06388888888888888
1 0.07902973395931143 0.7342592592592593 0.03182055294731351 0.06388888888888888
1 0.4441836202399583 0.6546296296296297 0.027125717266562335 0.07037037037037037
1 0.7044861763171623 0.6916666666666667 0.0297339593114241 0.06574074074074074
1 0.8393322900365154 0.8115740740740741 0.023474178403755867 0.06574074074074074
1 0.28925404277516953 0.5745370370370371 0.03129890453834116 0.06296296296296296
1 0.15049556598852373 0.06898148148148148 0.044861763171622326 0.058333333333333334
1 0.1906624934793949 0.1537037037037037 0.03025560772039645 0.05462962962962963
1 0.8471570161711007 0.7532407407407408 0.028169014084507043 0.07037037037037037
1 0.11684924360980699 0.6986111111111111 0.023474178403755867 0.062037037037037036
1 0.696661450182577 0.812037037037037 0.023474178403755867 0.06111111111111111
1 0.01069379238393323 0.7134259259259259 0.02138758476786646 0.05740740740740741
1 0.5772039645279082 0.5532407407407407 0.027125717266562335 0.06388888888888888
1 0.41027647365675535 0.13148148148148148 0.029212310902451747 0.05648148148148148
1 0.26604068857589985 0.836574074074074 0.02138758476786646 0.08703703703703704
1 0.22117892540427753 0.7236111111111111 0.022952529994783515 0.06759259259259259
1 0.599113197704747 0.7375 0.024517475221700575 0.06388888888888888
1 0.6113719353155973 0.5995370370370371 0.02138758476786646 0.05185185185185185
1 0.9306207616066771 0.7148148148148148 0.030777256129368807 0.06666666666666667
1 0.5239958268127283 0.7356481481481482 0.0198226395409494 0.05277777777777778
1 0.9501825769431403 0.7773148148148148 0.02608242044861763 0.06111111111111111
1 0.5219092331768388 0.8018518518518518 0.022430881585811163 0.053703703703703705
1 0.6494522691705791 0.7050925925925926 0.0198226395409494 0.06111111111111111
1 0.6684924360980699 0.8833333333333333 0.02138758476786646 0.06666666666666667
1 0.5273865414710485 0.7046296296296296 0.027125717266562335 0.05740740740740741
1 0.20031298904538342 0.21342592592592594 0.02556077203964528 0.05185185185185185
1 0.14919144496609285 0.7291666666666666 0.022952529994783515 0.06388888888888888
1 0.9334898278560251 0.6800925925925926 0.029212310902451747 0.06759259259259259
1 0.8148148148148148 0.0787037037037037 0.040166927490871154 0.062037037037037036
1 0.5766823161189358 0.7050925925925926 0.02190923317683881 0.06018518518518518
1 0.9702660406885759 0.6847222222222222 0.03129890453834116 0.06574074074074074
1 0.590245174752217 0.8027777777777778 0.023474178403755867 0.05648148148148148
1 0.6254564423578508 0.7791666666666667 0.029212310902451747 0.07777777777777778
1 0.9327073552425665 0.5814814814814815 0.0297339593114241 0.05925925925925926
0 0.9713093375065206 0.6430555555555556 0.047991653625456446 0.06018518518518518
1 0.8750652060511216 0.8435185185185186 0.03599374021909233 0.08796296296296297
1 0.3841940532081377 0.7263888888888889 0.01564945226917058 0.04722222222222222
1 0.7681272822117893 0.6444444444444445 0.023995826812728223 0.023148148148148147
1 0.28455920709441834 0.5912037037037037 0.01564945226917058 0.03518518518518519
1 0.28169014084507044 0.6087962962962963 0.018779342723004695 0.03796296296296296
0 0.38054251434533126 0.5106481481481482 0.04329681794470527 0.053703703703703705