0 0.5380859375 0.5690104166666666 0.047943115234375 0.043267144097222224
0 0.411865234375 0.3895399305555556 0.04949951171875 0.04408094618055555
0 0.83349609375 0.5455729166666666 0.049591064453125 0.04847547743055555
0 0.62646484375 0.5203993055555556 0.047698974609375 0.045355902777777776
0 0.48095703125 0.3292100694444444 0.042022705078125 0.043158637152777776
0 0.1751708984375 0.42578125 0.050048828125 0.04554578993055555
0 0.97265625 0.46484375 0.050048828125 0.04334852430555555
0 0.56884765625 0.3107638888888889 0.01953125 0.0556640625
0 0.59765625 0.4188368055555556 0.039276123046875 0.049886067708333336
0 0.716796875 0.5121527777777778 0.047088623046875 0.045355902777777776
0 0.24560546875 0.5698784722222222 0.05108642578125 0.041802300347222224
0 0.56103515625 0.15397135416666666 0.02288818359375 0.06776258680555555