0 0.7080078125 0.4713541666666667 0.026153564453125 0.04641384548611111
0 0.85693359375 0.3782552083333333 0.029144287109375 0.05162217881944445
0 0.7509765625 0.4012586805555556 0.027587890625 0.050944010416666664
0 0.59521484375 0.4392361111111111 0.046630859375 0.038872612847222224
0 0.6416015625 0.5933159722222222 0.048583984375 0.04432508680555555
0 0.90625 0.53515625 0.038543701171875 0.04942491319444445
0 0.169677734375 0.58203125 0.05706787109375 0.04172092013888889
0 0.1446533203125 0.3537326388888889 0.0256195068359375 0.057074652777777776
0 0.50390625 0.7664930555555556 0.054595947265625 0.06722005208333333
0 0.44677734375 0.4487847222222222 0.02886962890625 0.05433485243055555
0 0.0224151611328125 0.4869791666666667 0.043853759765625 0.049126519097222224
0 0.95166015625 0.8012152777777778 0.03582763671875 0.060384114583333336
1 0.9111328125 0.3211805555555556 0.03240966796875 0.09185112847222222