0 0.25625 0.5907407407407408 0.05 0.07314814814814814
0 0.15729166666666666 0.6425925925925926 0.051041666666666666 0.041666666666666664
0 0.40572916666666664 0.34305555555555556 0.046875 0.041666666666666664
0 0.38958333333333334 0.48055555555555557 0.049479166666666664 0.04537037037037037
0 0.40390625 0.42962962962962964 0.049479166666666664 0.04351851851851852
0 0.25338541666666664 0.40185185185185185 0.049479166666666664 0.04537037037037037
0 0.94375 0.3902777777777778 0.0515625 0.040740740740740744
0 0.16901041666666666 0.41203703703703703 0.04635416666666667 0.04259259259259259
0 0.6625 0.48842592592592593 0.051041666666666666 0.044444444444444446
0 0.5481770833333334 0.475462962962963 0.0515625 0.04814814814814815
0 0.26953125 0.4736111111111111 0.049479166666666664 0.041666666666666664
0 0.69921875 0.6148148148148148 0.051041666666666666 0.04722222222222222
0 0.634375 0.3875 0.049479166666666664 0.04351851851851852
0 0.6575520833333334 0.34120370370370373 0.04739583333333333 0.03148148148148148
0 0.29140625 0.34120370370370373 0.042708333333333334 0.037037037037037035
0 0.45208333333333334 0.14027777777777778 0.0171875 0.05555555555555555