1 0.52587890625 0.89010009765625 0.034942626953125 0.06500244140625
0 0.0535888671875 0.471051025390625 0.0509033203125 0.042061996459960935
0 0.744140625 0.5130859375 0.04638671875 0.04496002197265625
1 0.1827392578125 0.7765625 0.022247314453125 0.04173698425292969
1 0.91162109375 0.491851806640625 0.0237274169921875 0.049537277221679686
0 0.8828125 0.61622314453125 0.06268310546875 0.0504852294921875
1 0.019195556640625 0.21634979248046876 0.02655029296875 0.06576080322265625
0 0.6796875 0.57808837890625 0.047698974609375 0.044607925415039065
1 0.64599609375 0.92130126953125 0.03314208984375 0.061102294921875
1 0.38818359375 0.3533966064453125 0.026763916015625 0.06121063232421875
1 0.77978515625 0.705926513671875 0.03448486328125 0.05262489318847656
1 0.0743408203125 0.874932861328125 0.033599853515625 0.07036514282226562
1 0.63720703125 0.731494140625 0.03289794921875 0.05094566345214844
1 0.9619140625 0.9291015625 0.040374755859375 0.06689834594726562
1 0.11102294921875 0.3559967041015625 0.02886962890625 0.05731048583984375
1 0.60302734375 0.4244659423828125 0.0318603515625 0.08434066772460938
1 0.29345703125 0.237908935546875 0.022979736328125 0.05213737487792969
1 0.544921875 0.32674560546875 0.021942138671875 0.08358230590820312
1 0.482666015625 0.383514404296875 0.027587890625 0.06121063232421875
1 0.08123779296875 0.2428924560546875 0.02423095703125 0.0608856201171875
1 0.07965087890625 0.282110595703125 0.0322265625 0.05579376220703125
1 0.794921875 0.3295623779296875 0.0240020751953125 0.0626190185546875
1 0.62255859375 0.2467926025390625 0.0207977294921875 0.0504852294921875
1 0.6484375 0.28341064453125 0.019866943359375 0.061589813232421874
1 0.70068359375 0.330645751953125 0.0210113525390625 0.06879425048828125
1 0.7802734375 0.8927001953125 0.0226287841796875 0.053329086303710936
1 0.2352294921875 0.239208984375 0.0257110595703125 0.06007308959960937
1 0.21630859375 0.3052947998046875 0.0189056396484375 0.047397613525390625
1 0.43115234375 0.6084228515625 0.0229339599609375 0.05806884765625
1 0.206298828125 0.226641845703125 0.024566650390625 0.06814422607421874
1 0.1654052734375 0.2472259521484375 0.0242767333984375 0.051839447021484374
1 0.1915283203125 0.33367919921875 0.0262603759765625 0.0561187744140625
1 0.86572265625 0.419915771484375 0.02685546875 0.06787338256835937
1 0.7568359375 0.3373626708984375 0.029083251953125 0.06440658569335937
1 0.06878662109375 0.3380126953125 0.0299835205078125 0.06077728271484375
1 0.7275390625 0.692059326171875 0.029754638671875 0.06489410400390624
1 0.654296875 0.97330322265625 0.03515625 0.04972686767578125
1 0.0830078125 0.8094970703125 0.0311431884765625 0.06099395751953125
1 0.921875 0.809063720703125 0.0293121337890625 0.06765670776367187
1 0.0106964111328125 0.8060302734375 0.0210113525390625 0.054358291625976565
1 0.861328125 0.29207763671875 0.0289764404296875 0.0572021484375
1 0.323486328125 0.20269927978515626 0.021820068359375 0.05644378662109375
1 0.427734375 0.636590576171875 0.0240020751953125 0.058502197265625
1 0.091552734375 0.77049560546875 0.033477783203125 0.06635665893554688
1 0.385986328125 0.255242919921875 0.0240478515625 0.05904388427734375
1 0.334228515625 0.1848236083984375 0.0194549560546875 0.057635498046875
1 0.72412109375 0.4179656982421875 0.0300445556640625 0.046964263916015624
1 0.66015625 0.7956298828125 0.0246124267578125 0.060398101806640625
1 0.9365234375 0.2342254638671875 0.0207977294921875 0.06749420166015625
1 0.348876953125 0.305511474609375 0.026763916015625 0.06516494750976562
1 0.298095703125 0.3672637939453125 0.0283355712890625 0.048399734497070315
1 0.81689453125 0.4144989013671875 0.018096923828125 0.0522186279296875
1 0.736328125 0.2558929443359375 0.0202178955078125 0.07047348022460938
1 0.39990234375 0.306378173828125 0.0251312255859375 0.07914047241210938
1 0.256591796875 0.652191162109375 0.026763916015625 0.06299819946289062
1 0.779296875 0.85543212890625 0.0215301513671875 0.058935546875
1 0.77685546875 0.28341064453125 0.0202178955078125 0.04062652587890625
1 0.80029296875 0.4378997802734375 0.0282745361328125 0.06310653686523438
1 0.98828125 0.3310791015625 0.0221099853515625 0.07767791748046875
1 0.80517578125 0.2801605224609375 0.020965576171875 0.07182769775390625
1 0.2548828125 0.326312255859375 0.021484375 0.05311241149902344
1 0.7568359375 0.384814453125 0.021697998046875 0.07101516723632813
1 0.91796875 0.7436279296875 0.0311431884765625 0.05644378662109375
1 0.189208984375 0.20941619873046874 0.021484375 0.05143318176269531
1 0.87890625 0.19099884033203124 0.0284423828125 0.059856414794921875
1 0.861328125 0.74102783203125 0.0369873046875 0.05817718505859375
1 0.6005859375 0.28341064453125 0.019500732421875 0.05311241149902344
0 0.413330078125 0.2970611572265625 0.041534423828125 0.037565994262695315
1 0.79736328125 0.4004150390625 0.02215576171875 0.06142730712890625
1 0.9794921875 0.16391448974609374 0.0325927734375 0.06711502075195312
1 0.662109375 0.663458251953125 0.029815673828125 0.062835693359375
1 0.466064453125 0.266943359375 0.015899658203125 0.054439544677734375
1 0.83349609375 0.3195953369140625 0.0280609130859375 0.051622772216796876
1 0.13134765625 0.19403228759765626 0.021820068359375 0.047505950927734374
1 0.7216796875 0.1094207763671875 0.015716552734375 0.06240234375
1 0.07421875 0.733660888671875 0.03594970703125 0.056768798828125
1 0.88818359375 0.2476593017578125 0.0240936279296875 0.05904388427734375
1 0.0592041015625 0.21158294677734374 0.0247955322265625 0.04669342041015625
1 0.061767578125 0.840264892578125 0.0379638671875 0.04877891540527344
1 0.93603515625 0.17940673828125 0.0229339599609375 0.04626007080078125
1 0.81884765625 0.15156402587890624 0.0202484130859375 0.07334442138671875
1 0.1556396484375 0.2684600830078125 0.018798828125 0.0569854736328125
1 0.91357421875 0.3312957763671875 0.0223236083984375 0.06749420166015625
1 0.76806640625 0.804296875 0.03460693359375 0.0587188720703125