1 0.2235263432446531 0.6476851851851851 0.02138758476786646 0.058333333333333334
0 0.18466353677621283 0.5587962962962963 0.05581637976004173 0.05092592592592592
1 0.2949921752738654 0.42685185185185187 0.028169014084507043 0.06574074074074074
1 0.18857589984350548 0.2638888888888889 0.026604068857589983 0.05925925925925926
0 0.03912363067292645 0.7037037037037037 0.06155451225873761 0.046296296296296294
0 0.3813249869587898 0.49953703703703706 0.02764736567553469 0.06388888888888888
1 0.8753260302556077 0.3731481481481482 0.03129890453834116 0.06851851851851852
1 0.20422535211267606 0.42777777777777776 0.03338549817423057 0.06574074074074074
1 0.05712050078247261 0.3990740740740741 0.028690662493479395 0.06666666666666667
1 0.19092331768388107 0.49537037037037035 0.03182055294731351 0.06111111111111111
1 0.1572769953051643 0.6606481481481481 0.03547209181011998 0.07777777777777778
1 0.03025560772039645 0.3402777777777778 0.03129890453834116 0.05740740740740741
1 0.5967657798643714 0.40046296296296297 0.025039123630672927 0.06111111111111111
0 0.10928534167970788 0.5740740740740741 0.030777256129368807 0.046296296296296294
1 0.531038080333855 0.9393518518518519 0.03390714658320292 0.05277777777777778
1 0.392018779342723 0.362962962962963 0.03234220135628586 0.08703703703703704
0 0.10485133020344288 0.6296296296296297 0.030777256129368807 0.04814814814814815
1 0.5185185185185185 0.2884259259259259 0.027125717266562335 0.06111111111111111
1 0.14397496087636932 0.4703703703703704 0.0396452790818988 0.05740740740740741
1 0.34324465310380803 0.3763888888888889 0.022952529994783515 0.05462962962962963
0 0.06546687532603025 0.5763888888888888 0.046426708398539386 0.04814814814814815
1 0.24856546687532602 0.3384259259259259 0.02190923317683881 0.06388888888888888
1 0.2962962962962963 0.26481481481481484 0.02608242044861763 0.06296296296296296
1 0.03025560772039645 0.2828703703703704 0.03442879499217527 0.06388888888888888
1 0.7446531038080334 0.812962962962963 0.036515388628064686 0.05555555555555555
1 0.05268648930620762 0.21435185185185185 0.022430881585811163 0.05555555555555555
1 0.14006259780907668 0.3277777777777778 0.03286384976525822 0.06296296296296296
0 0.12649973917579552 0.5268518518518519 0.03808033385498174 0.04537037037037037
1 0.02060511215440793 0.2212962962962963 0.029212310902451747 0.06666666666666667
1 0.10067814293166406 0.4708333333333333 0.03442879499217527 0.06018518518518518
1 0.30568596765779865 0.3523148148148148 0.020865936358894107 0.05462962962962963
1 0.8247261345852895 0.30462962962962964 0.03338549817423057 0.06481481481481481
1 0.21231090245174752 0.2273148148148148 0.02190923317683881 0.044444444444444446
1 0.9194053208137715 0.8402777777777778 0.037037037037037035 0.053703703703703705
1 0.12154407929055816 0.3768518518518518 0.0297339593114241 0.05925925925925926
1 0.12154407929055816 0.19212962962962962 0.022952529994783515 0.05740740740740741
1 0.2423056859676578 0.8518518518518519 0.023995826812728223 0.062037037037037036
1 0.39932185706833595 0.7078703703703704 0.023995826812728223 0.06574074074074074
1 0.06598852373500261 0.36342592592592593 0.022430881585811163 0.06111111111111111
1 0.6810119979134064 0.37453703703703706 0.023474178403755867 0.06851851851851852
1 0.09285341679707877 0.4273148148148148 0.028690662493479395 0.06481481481481481
1 0.1927490871152843 0.1537037037037037 0.02190923317683881 0.06481481481481481
1 0.392018779342723 0.6717592592592593 0.019300991131977047 0.058333333333333334
1 0.17579551382368283 0.36898148148148147 0.028169014084507043 0.08055555555555556
1 0.25299947835159103 0.28703703703703703 0.0198226395409494 0.05462962962962963
1 0.04877412623891497 0.055092592592592596 0.016692749087115284 0.0712962962962963
1 0.7355242566510172 0.19953703703703704 0.018257694314032343 0.053703703703703705
1 0.08841940532081377 0.31203703703703706 0.02034428794992175 0.062037037037037036
1 0.15832029212310902 0.2125 0.019300991131977047 0.04814814814814815
1 0.3398539384454877 0.4115740740740741 0.025039123630672927 0.06111111111111111
1 0.15910276473656756 0.30092592592592593 0.02190923317683881 0.05740740740740741
1 0.803338549817423 0.6199074074074075 0.02556077203964528 0.06388888888888888
1 0.9520083463745436 0.3509259259259259 0.037037037037037035 0.06481481481481481
1 0.9032342201356286 0.22268518518518518 0.029212310902451747 0.07037037037037037
1 0.05607720396452791 0.16527777777777777 0.023474178403755867 0.06666666666666667
1 0.33776734480959836 0.2101851851851852 0.025039123630672927 0.06574074074074074
1 0.05920709441836203 0.7754629629629629 0.04225352112676056 0.06759259259259259
1 0.5573813249869588 0.2587962962962963 0.023995826812728223 0.05092592592592592
1 0.8095983307250912 0.17222222222222222 0.02608242044861763 0.06666666666666667
1 0.7136150234741784 0.32037037037037036 0.027125717266562335 0.05925925925925926
1 0.5414710485133021 0.8629629629629629 0.019300991131977047 0.05648148148148148
1 0.16692749087115286 0.6305555555555555 0.02608242044861763 0.05462962962962963
1 0.9501825769431403 0.662962962962963 0.030777256129368807 0.06574074074074074
1 0.35785080855503393 0.2851851851851852 0.028690662493479395 0.049074074074074076
0 0.09624413145539906 0.8986111111111111 0.06155451225873761 0.05
1 0.4843505477308294 0.30694444444444446 0.023995826812728223 0.03981481481481482
1 0.17736045905059988 0.32314814814814813 0.022952529994783515 0.058333333333333334
1 0.6885758998435054 0.2726851851851852 0.02556077203964528 0.06388888888888888
1 0.40245174752217006 0.9689814814814814 0.03286384976525822 0.05462962962962963
1 0.5740740740740741 0.32731481481481484 0.028690662493479395 0.049074074074074076
1 0.770735524256651 0.17083333333333334 0.02556077203964528 0.05092592592592592
1 0.1322378716744914 0.4337962962962963 0.025039123630672927 0.04537037037037037
1 0.6158059467918623 0.25462962962962965 0.030777256129368807 0.06574074074074074
1 0.3148148148148148 0.08472222222222223 0.018779342723004695 0.07962962962962963
1 0.2811684924360981 0.21898148148148147 0.02190923317683881 0.06388888888888888
1 0.12023995826812728 0.2875 0.022430881585811163 0.06481481481481481
1 0.39932185706833595 0.2310185185185185 0.02556077203964528 0.08148148148148149
1 0.7582159624413145 0.22916666666666666 0.023995826812728223 0.06296296296296296
1 0.9885237350026083 0.20925925925925926 0.022952529994783515 0.05648148148148148
0 0.03182055294731351 0.08796296296296297 0.03182055294731351 0.06574074074074074
1 0.6442357850808555 0.3587962962962963 0.028690662493479395 0.05740740740740741
1 0.4014084507042254 0.15648148148148147 0.02556077203964528 0.0712962962962963
1 0.5612936880542514 0.40925925925925927 0.020865936358894107 0.032407407407407406
1 0.3823682837767345 0.09166666666666666 0.011997913406364111 0.07037037037037037
1 0.7217005738132499 0.6476851851851851 0.022952529994783515 0.06111111111111111
1 0.730829420970266 0.2569444444444444 0.02034428794992175 0.05462962962962963