0 0.6341145833333334 0.4009259259259259 0.04791666666666667 0.03888888888888889
0 0.8278645833333333 0.43333333333333335 0.05260416666666667 0.03981481481481482
0 0.68984375 0.3194444444444444 0.04739583333333333 0.03981481481481482
0 0.5223958333333333 0.6972222222222222 0.051041666666666666 0.040740740740740744
0 0.4671875 0.5462962962962963 0.0515625 0.044444444444444446
0 0.7442708333333333 0.3814814814814815 0.04635416666666667 0.044444444444444446
0 0.6169270833333333 0.5560185185185185 0.05 0.046296296296296294
0 0.21822916666666667 0.475462962962963 0.04635416666666667 0.04351851851851852
0 0.08645833333333333 0.6689814814814815 0.050520833333333334 0.04259259259259259
0 0.44036458333333334 0.29583333333333334 0.046875 0.04351851851851852
0 0.5135416666666667 0.7907407407407407 0.05625 0.041666666666666664
0 0.6864583333333333 0.6814814814814815 0.05 0.041666666666666664
0 0.2515625 0.36435185185185187 0.0453125 0.046296296296296294
0 0.9778645833333334 0.34629629629629627 0.04375 0.046296296296296294
0 0.32578125 0.6925925925925925 0.034375 0.05185185185185185
0 0.04244791666666667 0.8393518518518519 0.0515625 0.058333333333333334
0 0.8140625 0.5824074074074074 0.052083333333333336 0.03888888888888889
0 0.8763020833333334 0.7791666666666667 0.05677083333333333 0.05555555555555555
0 0.7354166666666667 0.49444444444444446 0.0546875 0.041666666666666664
0 0.7166666666666667 0.5986111111111111 0.04895833333333333 0.040740740740740744
0 0.5098958333333333 0.8398148148148148 0.058333333333333334 0.05277777777777778
0 0.6330729166666667 0.7546296296296297 0.04010416666666667 0.03796296296296296
0 0.05182291666666667 0.46944444444444444 0.050520833333333334 0.044444444444444446
0 0.9622395833333334 0.6537037037037037 0.0546875 0.041666666666666664
0 0.06822916666666666 0.5458333333333333 0.049479166666666664 0.044444444444444446