1 0.5803338549817423 0.37777777777777777 0.03338549817423057 0.05
0 0.3951486697965571 0.3824074074074074 0.05268648930620762 0.04259259259259259
1 0.5761606677099634 0.2513888888888889 0.02764736567553469 0.062037037037037036
1 0.4222743870631195 0.10555555555555556 0.03599374021909233 0.06111111111111111
1 0.7305685967657799 0.1675925925925926 0.03599374021909233 0.06388888888888888
0 0.8502869066249348 0.4708333333333333 0.050078247261345854 0.046296296296296294
0 0.9160146061554513 0.5055555555555555 0.05112154407929056 0.03981481481481482
1 0.6742305685967658 0.03194444444444444 0.03912363067292645 0.05277777777777778
0 0.21231090245174752 0.44027777777777777 0.05529473135106938 0.04814814814814815
1 0.013562858633281168 0.5967592592592592 0.027125717266562335 0.058333333333333334
1 0.6095461658841941 0.3287037037037037 0.03338549817423057 0.03888888888888889
0 0.3941053729786124 0.44074074074074077 0.048513302034428794 0.044444444444444446
1 0.5378195096504955 0.2162037037037037 0.02556077203964528 0.0787037037037037
1 0.6077203964527909 0.7587962962962963 0.023474178403755867 0.06018518518518518
1 0.6165884194053208 0.3763888888888889 0.0198226395409494 0.06111111111111111
0 0.647887323943662 0.48333333333333334 0.0505998956703182 0.04259259259259259
0 0.6914449660928534 0.5425925925925926 0.04538341158059468 0.04351851851851852
1 0.38914971309337504 0.26990740740740743 0.027125717266562335 0.07314814814814814
0 0.31533646322378717 0.487962962962963 0.050078247261345854 0.04259259259259259
1 0.17579551382368283 0.11851851851851852 0.024517475221700575 0.05462962962962963
1 0.08007303077725612 0.6148148148148148 0.02764736567553469 0.06574074074074074
1 0.4569640062597809 0.3148148148148148 0.02764736567553469 0.05648148148148148
1 0.054773082942097026 0.8092592592592592 0.02556077203964528 0.06759259259259259
1 0.06598852373500261 0.6916666666666667 0.025039123630672927 0.06388888888888888
1 0.21961398017736045 0.30694444444444446 0.0297339593114241 0.07407407407407407
1 0.8518518518518519 0.6611111111111111 0.03755868544600939 0.06296296296296296
1 0.8523735002608243 0.38842592592592595 0.02608242044861763 0.06018518518518518
1 0.6711006781429316 0.42268518518518516 0.023474178403755867 0.05740740740740741
1 0.6236306729264476 0.6861111111111111 0.0198226395409494 0.06851851851851852
0 0.23630672926447574 0.399537037037037 0.047991653625456446 0.05462962962962963
1 0.31846635367762127 0.1875 0.03547209181011998 0.062037037037037036
1 0.15284298382889933 0.6712962962962963 0.03129890453834116 0.06481481481481481
1 0.7235263432446531 0.712037037037037 0.02556077203964528 0.06388888888888888
1 0.5273865414710485 0.6504629629629629 0.01617110067814293 0.06481481481481481
1 0.7230046948356808 0.8134259259259259 0.02138758476786646 0.05648148148148148
1 0.3002086593635889 0.6222222222222222 0.030777256129368807 0.04351851851851852
1 0.8980177360459051 0.7865740740740741 0.03182055294731351 0.062037037037037036
1 0.6661450182576943 0.09259259259259259 0.03129890453834116 0.05462962962962963
1 0.9606155451225874 0.7935185185185185 0.022430881585811163 0.05185185185185185
1 0.31690140845070425 0.062037037037037036 0.0297339593114241 0.058333333333333334
1 0.387584767866458 0.7180555555555556 0.024517475221700575 0.07222222222222222
0 0.8049034950443401 0.5564814814814815 0.03286384976525822 0.05555555555555555
1 0.5401669274908711 0.14305555555555555 0.0297339593114241 0.05462962962962963
1 0.30907668231611896 0.7606481481481482 0.017214397496087636 0.06111111111111111
1 0.020865936358894107 0.663425925925926 0.023474178403755867 0.05092592592592592
1 0.7785602503912363 0.7444444444444445 0.02556077203964528 0.06851851851851852
1 0.8302034428794992 0.7893518518518519 0.025039123630672927 0.06481481481481481
1 0.33750652060511216 0.788425925925926 0.018779342723004695 0.06574074074074074
1 0.9368805425143454 0.7476851851851852 0.02608242044861763 0.06018518518518518
1 0.28664580073030776 0.05092592592592592 0.036515388628064686 0.062037037037037036
1 0.0639019300991132 0.5217592592592593 0.02764736567553469 0.05648148148148148
1 0.39123630672926446 0.5745370370370371 0.023995826812728223 0.06666666666666667
1 0.5988523735002608 0.29907407407407405 0.023474178403755867 0.044444444444444446
1 0.15571205007824726 0.17407407407407408 0.03547209181011998 0.06481481481481481
1 0.3252477829942619 0.5791666666666667 0.027125717266562335 0.06018518518518518
1 0.764736567553469 0.7916666666666666 0.019300991131977047 0.06018518518518518
1 0.6776212832550861 0.6365740740740741 0.03286384976525822 0.06111111111111111
1 0.20109546165884193 0.8152777777777778 0.022430881585811163 0.08518518518518518
1 0.4715701617110068 0.763425925925926 0.022952529994783515 0.05
1 0.48148148148148145 0.6375 0.028690662493479395 0.06574074074074074
1 0.871413667188315 0.7199074074074074 0.02190923317683881 0.06296296296296296
1 0.5080855503390714 0.700925925925926 0.017214397496087636 0.058333333333333334
1 0.2509128847157016 0.6509259259259259 0.026604068857589983 0.06759259259259259
1 0.5714658320292123 0.7060185185185185 0.028169014084507043 0.07037037037037037
1 0.1572769953051643 0.8337962962962963 0.02034428794992175 0.06759259259259259
1 0.4668753260302556 0.7032407407407407 0.025039123630672927 0.06296296296296296
1 0.6666666666666666 0.736574074074074 0.02608242044861763 0.05
1 0.13928012519561817 0.7421296296296296 0.03129890453834116 0.06574074074074074
1 0.32472613458528954 0.5222222222222223 0.023474178403755867 0.04537037037037037
1 0.18753260302556077 0.7083333333333334 0.02764736567553469 0.06481481481481481
1 0.35654668753260305 0.7356481481481482 0.02190923317683881 0.05925925925925926
1 0.2743870631194575 0.6726851851851852 0.029212310902451747 0.062037037037037036
1 0.2871674491392801 0.9037037037037037 0.022430881585811163 0.06944444444444445
1 0.3427230046948357 0.6606481481481481 0.02556077203964528 0.05
1 0.5993740219092332 0.6398148148148148 0.01564945226917058 0.04814814814814815
1 0.5472091810119979 0.6615740740740741 0.015127803860198226 0.062037037037037036
1 0.05607720396452791 0.562962962962963 0.022430881585811163 0.05
1 0.87584767866458 0.8416666666666667 0.024517475221700575 0.07962962962962963
1 0.34663536776212833 0.861574074074074 0.018257694314032343 0.06018518518518518
1 0.9256651017214398 0.6648148148148149 0.028690662493479395 0.04351851851851852
1 0.9900886802295253 0.7513888888888889 0.019300991131977047 0.05462962962962963
1 0.48826291079812206 0.9388888888888889 0.0099113197704747 0.05555555555555555
1 0.40871152842983827 0.7712962962962963 0.0198226395409494 0.04722222222222222
1 0.9856546687532604 0.08842592592592592 0.027125717266562335 0.05277777777777778
1 0.39593114241001565 0.6055555555555555 0.029212310902451747 0.03981481481481482
1 0.96452790818988 0.8648148148148148 0.022952529994783515 0.06018518518518518
1 0.3857589984350548 0.8837962962962963 0.013041210224308816 0.03611111111111111
1 0.6465832029212311 0.7949074074074074 0.023474178403755867 0.05277777777777778
1 0.696661450182577 0.6611111111111111 0.028169014084507043 0.040740740740740744
1 0.014606155451225874 0.9268518518518518 0.017214397496087636 0.0712962962962963