0 0.410400390625 0.7842881944444444 0.054901123046875 0.04578993055555555
0 0.50439453125 0.3480902777777778 0.037750244140625 0.07177734375
0 0.6611328125 0.5690104166666666 0.051544189453125 0.04408094618055555
0 0.587890625 0.4364149305555556 0.047332763671875 0.04408094618055555
0 0.250732421875 0.4418402777777778 0.0489501953125 0.04334852430555555
0 0.047607421875 0.6388888888888888 0.045684814453125 0.06586371527777778
0 0.9248046875 0.6115451388888888 0.053802490234375 0.051215277777777776
0 0.68115234375 0.3962673611111111 0.0482177734375 0.04893663194444445
0 0.5087890625 0.5529513888888888 0.0296478271484375 0.05750868055555555
0 0.400146484375 0.4338107638888889 0.047943115234375 0.043999565972222224
0 0.27490234375 0.5933159722222222 0.049041748046875 0.041314019097222224
0 0.31640625 0.3279079861111111 0.047088623046875 0.04416232638888889
0 0.330810546875 0.5086805555555556 0.042388916015625 0.0681423611111111