0 0.2232666015625 0.3899739583333333 0.0535888671875 0.045355902777777776
0 0.8544921875 0.6671006944444444 0.056121826171875 0.058919270833333336
0 0.338623046875 0.4027777777777778 0.048675537109375 0.04250759548611111
0 0.109130859375 0.4444444444444444 0.04931640625 0.040608723958333336
0 0.223876953125 0.3385416666666667 0.050140380859375 0.041558159722222224
0 0.2198486328125 0.4639756944444444 0.050811767578125 0.038275824652777776
0 0.186279296875 0.2890625 0.0255126953125 0.053521050347222224
0 0.2208251953125 0.5703125 0.049774169921875 0.053521050347222224
0 0.9345703125 0.6254340277777778 0.052520751953125 0.039306640625
0 0.37548828125 0.6623263888888888 0.04779052734375 0.045979817708333336
0 0.55078125 0.15104166666666666 0.0182342529296875 0.04931640625