0 0.32275390625 0.6662326388888888 0.05242919921875 0.042670355902777776
0 0.341796875 0.5620659722222222 0.04913330078125 0.043267144097222224
0 0.60546875 0.3962673611111111 0.043212890625 0.044514973958333336
0 0.244140625 0.42578125 0.040374755859375 0.06401909722222222
0 0.82275390625 0.4709201388888889 0.05059814453125 0.044840494791666664
0 0.25439453125 0.609375 0.047515869140625 0.041802300347222224
0 0.8212890625 0.3706597222222222 0.04876708984375 0.043158637152777776
0 0.47412109375 0.3582899305555556 0.045867919921875 0.04258897569444445
0 0.60009765625 0.6202256944444444 0.0509033203125 0.04587131076388889
0 0.483642578125 0.5134548611111112 0.050811767578125 0.045111762152777776
0 0.94970703125 0.5572916666666666 0.052825927734375 0.043158637152777776
0 0.31298828125 0.3546006944444444 0.04840087890625 0.042046440972222224
0 0.28759765625 0.5160590277777778 0.048309326171875 0.046576605902777776
0 0.39892578125 0.4305555555555556 0.050506591796875 0.04359266493055555
0 0.392333984375 0.4934895833333333 0.048492431640625 0.04163953993055555
0 0.6552734375 0.2775607638888889 0.0416259765625 0.042182074652777776
0 0.217041015625 0.3307291666666667 0.04559326171875 0.037055121527777776
0 0.1866455078125 0.73828125 0.054595947265625 0.048014322916666664
0 0.97998046875 0.4848090277777778 0.041473388671875 0.042046440972222224
0 0.483154296875 0.5720486111111112 0.052520751953125 0.04299587673611111
0 0.405517578125 0.3072916666666667 0.0289764404296875 0.042670355902777776
0 0.6875 0.71875 0.05511474609375 0.06412760416666667