1 0.9426186750130412 0.5740740740740741 0.0297339593114241 0.06018518518518518
1 0.547470005216484 0.888425925925926 0.03547209181011998 0.06111111111111111
1 0.7887323943661971 0.5712962962962963 0.023474178403755867 0.06018518518518518
0 0.41784037558685444 0.5537037037037037 0.0495565988523735 0.04814814814814815
0 0.95565988523735 0.4740740740740741 0.0505998956703182 0.04351851851851852
1 0.48930620761606675 0.7097222222222223 0.026604068857589983 0.05740740740740741
0 0.6666666666666666 0.5370370370370371 0.03182055294731351 0.05925925925925926
1 0.7008346374543558 0.6162037037037037 0.03338549817423057 0.05
0 0.12441314553990611 0.6185185185185185 0.056338028169014086 0.07407407407407407
1 0.8215962441314554 0.8148148148148148 0.03495044340114763 0.06018518518518518
0 0.9431403234220136 0.42083333333333334 0.0495565988523735 0.041666666666666664
1 0.42931664058424623 0.8148148148148148 0.03547209181011998 0.06111111111111111
0 0.24804381846635368 0.5916666666666667 0.05372978612415232 0.05
1 0.10250391236306729 0.2777777777777778 0.029212310902451747 0.06481481481481481
0 0.6118935837245696 0.47314814814814815 0.04747000521648409 0.044444444444444446
0 0.24804381846635368 0.5439814814814815 0.05372978612415232 0.04722222222222222
1 0.7389149713093375 0.6430555555555556 0.02608242044861763 0.06481481481481481
1 0.6930099113197705 0.674537037037037 0.03390714658320292 0.049074074074074076
1 0.6460615545122588 0.7810185185185186 0.03338549817423057 0.05740740740740741
1 0.9697443922796035 0.33101851851851855 0.03547209181011998 0.06851851851851852
1 0.1763171622326552 0.44305555555555554 0.024517475221700575 0.0824074074074074
1 0.01617110067814293 0.3189814814814815 0.028169014084507043 0.058333333333333334
1 0.2543035993740219 0.25555555555555554 0.02034428794992175 0.06759259259259259
1 0.009650495565988524 0.20324074074074075 0.016692749087115284 0.06296296296296296
1 0.7952529994783516 0.9490740740740741 0.03286384976525822 0.053703703703703705
1 0.6648408972352634 0.7398148148148148 0.02034428794992175 0.062037037037037036
0 0.5059989567031821 0.5546296296296296 0.04121022430881586 0.058333333333333334
1 0.8612415232133542 0.21805555555555556 0.028690662493479395 0.06481481481481481
1 0.5620761606677099 0.6861111111111111 0.02190923317683881 0.05648148148148148
1 0.2094418362023996 0.3699074074074074 0.030777256129368807 0.06666666666666667
1 0.2876890975482525 0.8712962962962963 0.02556077203964528 0.06296296296296296
1 0.6489306207616067 0.36712962962962964 0.029212310902451747 0.05462962962962963
1 0.5550339071465832 0.2865740740740741 0.018779342723004695 0.07314814814814814
1 0.05529473135106938 0.17453703703703705 0.018257694314032343 0.05925925925925926
1 0.433489827856025 0.9162037037037037 0.026604068857589983 0.05
1 0.7728221178925404 0.9013888888888889 0.03599374021909233 0.053703703703703705
1 0.07042253521126761 0.22361111111111112 0.028169014084507043 0.05462962962962963
1 0.28325508607198746 0.8013888888888889 0.03129890453834116 0.05648148148148148
0 0.025821596244131457 0.5453703703703704 0.050078247261345854 0.04537037037037037
1 0.1411058946270214 0.36712962962962964 0.024517475221700575 0.0712962962962963
0 0.43896713615023475 0.4962962962962963 0.0495565988523735 0.03888888888888889
1 0.5884194053208138 0.3425925925925926 0.026604068857589983 0.05925925925925926
1 0.45748565466875324 0.32407407407407407 0.022952529994783515 0.04537037037037037
1 0.32420448617631714 0.6638888888888889 0.02190923317683881 0.07037037037037037
1 0.7331768388106417 0.2986111111111111 0.018257694314032343 0.05555555555555555
1 0.4877412623891497 0.7731481481481481 0.02034428794992175 0.06018518518518518
1 0.30568596765779865 0.30277777777777776 0.01773604590505999 0.06944444444444445
1 0.6971830985915493 0.22824074074074074 0.020865936358894107 0.06666666666666667
1 0.8184663536776213 0.2847222222222222 0.02608242044861763 0.06481481481481481
1 0.16249347939488784 0.16805555555555557 0.02034428794992175 0.07592592592592592
1 0.007042253521126761 0.45046296296296295 0.014084507042253521 0.05092592592592592
1 0.17475221700573812 0.2972222222222222 0.0198226395409494 0.08611111111111111
1 0.41210224308815857 0.24027777777777778 0.01617110067814293 0.05925925925925926
1 0.9306207616066771 0.1962962962962963 0.023474178403755867 0.05740740740740741
1 0.6585811163275952 0.32175925925925924 0.02190923317683881 0.058333333333333334
1 0.6533646322378717 0.8546296296296296 0.03442879499217527 0.05462962962962963
1 0.7801251956181534 0.3476851851851852 0.028690662493479395 0.06481481481481481
1 0.257433489827856 0.12777777777777777 0.022430881585811163 0.06296296296296296
1 0.49061032863849763 0.4050925925925926 0.0198226395409494 0.05462962962962963
1 0.9621804903495045 0.2708333333333333 0.03390714658320292 0.06481481481481481
1 0.42931664058424623 0.9652777777777778 0.036515388628064686 0.062037037037037036
1 0.6838810641627543 0.27175925925925926 0.030777256129368807 0.06666666666666667
1 0.9676577986437142 0.15925925925925927 0.026604068857589983 0.05740740740740741
1 0.751434533124674 0.2490740740740741 0.029212310902451747 0.05740740740740741
1 0.26943140323422016 0.32175925925925924 0.03129890453834116 0.05925925925925926
1 0.7417840375586855 0.18935185185185185 0.022952529994783515 0.04722222222222222
1 0.42931664058424623 0.40185185185185185 0.02190923317683881 0.07777777777777778
1 0.5957224830464267 0.2865740740740741 0.019300991131977047 0.05555555555555555
1 0.2939488784559207 0.15555555555555556 0.02034428794992175 0.07685185185185185
1 0.7031820552947313 0.33935185185185185 0.028169014084507043 0.05092592592592592
0 0.01069379238393323 0.625 0.020865936358894107 0.040740740740740744
1 0.6591027647365676 0.2074074074074074 0.018257694314032343 0.046296296296296294
1 0.8818466353677621 0.17453703703703705 0.01773604590505999 0.05
1 0.48200312989045385 0.2671296296296296 0.02190923317683881 0.07685185185185185
1 0.13171622326551904 0.2722222222222222 0.027125717266562335 0.041666666666666664
1 0.4462702138758477 0.24351851851851852 0.01617110067814293 0.062037037037037036
1 0.6131977047470005 0.25092592592592594 0.019300991131977047 0.05555555555555555
1 0.49504434011476267 0.36712962962962964 0.03025560772039645 0.03796296296296296
1 0.41158059467918623 0.35509259259259257 0.028169014084507043 0.04814814814814815
1 0.2793427230046948 0.7606481481481482 0.025039123630672927 0.046296296296296294
1 0.3111632759520083 0.2101851851851852 0.01617110067814293 0.05740740740740741
1 0.13484611371935315 0.3101851851851852 0.020865936358894107 0.04814814814814815
1 0.051643192488262914 0.31527777777777777 0.028690662493479395 0.037037037037037035
1 0.36280646844027126 0.37083333333333335 0.018257694314032343 0.06296296296296296
1 0.6721439749608764 0.1763888888888889 0.028169014084507043 0.037037037037037035
0 0.9387063119457486 0.2523148148148148 0.03547209181011998 0.03425925925925926
1 0.01564945226917058 0.07037037037037037 0.01773604590505999 0.0712962962962963
1 0.3828899321857068 0.30972222222222223 0.02034428794992175 0.05740740740740741
1 0.41705790297339596 0.3148148148148148 0.03129890453834116 0.04722222222222222
1 0.7960354720918101 0.31712962962962965 0.02764736567553469 0.03888888888888889
1 0.9926969222743871 0.1550925925925926 0.014606155451225874 0.06111111111111111
1 0.013302034428794992 0.9125 0.02608242044861763 0.08611111111111111
1 0.33437663015127805 0.2986111111111111 0.013041210224308816 0.03333333333333333
1 0.41836202399582684 0.1935185185185185 0.015127803860198226 0.06018518518518518