0 0.8828125 0.6092592592592593 0.05260416666666667 0.040740740740740744
0 0.20078125 0.6018518518518519 0.04739583333333333 0.044444444444444446
0 0.20026041666666666 0.4027777777777778 0.0484375 0.06018518518518518
0 0.36666666666666664 0.6569444444444444 0.046875 0.04351851851851852
0 0.6145833333333334 0.6662037037037037 0.04791666666666667 0.046296296296296294
0 0.5971354166666667 0.5157407407407407 0.051041666666666666 0.046296296296296294
0 0.11223958333333334 0.5856481481481481 0.0484375 0.04259259259259259
0 0.05677083333333333 0.3726851851851852 0.04895833333333333 0.05740740740740741
0 0.3453125 0.5685185185185185 0.04739583333333333 0.04259259259259259
0 0.20989583333333334 0.5263888888888889 0.04583333333333333 0.058333333333333334
0 0.48203125 0.5398148148148149 0.026041666666666668 0.05925925925925926
0 0.33489583333333334 0.513425925925926 0.050520833333333334 0.046296296296296294
0 0.6388020833333333 0.3861111111111111 0.025 0.06851851851851852
0 0.2484375 0.6550925925925926 0.043229166666666666 0.03888888888888889
0 0.5700520833333333 0.6046296296296296 0.04791666666666667 0.04814814814814815