1 0.51953125 0.812530517578125 0.034881591796875 0.060398101806640625
1 0.39501953125 0.884466552734375 0.035888671875 0.061102294921875
1 0.2420654296875 0.627490234375 0.03436279296875 0.052733230590820315
1 0.138671875 0.79736328125 0.0364990234375 0.05546875
0 0.88037109375 0.597589111328125 0.059326171875 0.088836669921875
0 0.818359375 0.51741943359375 0.043609619140625 0.054439544677734375
0 0.2161865234375 0.5130859375 0.05224609375 0.04235992431640625
1 0.466796875 0.384381103515625 0.029083251953125 0.06613998413085938
1 0.20703125 0.643524169921875 0.034881591796875 0.06007308959960937
1 0.30419921875 0.780462646484375 0.03289794921875 0.05839385986328125
0 0.2861328125 0.4383331298828125 0.05023193359375 0.04344329833984375
0 0.48583984375 0.555120849609375 0.05194091796875 0.04607048034667969
0 0.625 0.59368896484375 0.05126953125 0.05213737487792969
1 0.01495361328125 0.56595458984375 0.0285491943359375 0.06240234375
1 0.89990234375 0.17106475830078124 0.0185089111328125 0.06852340698242188
1 0.1591796875 0.594122314453125 0.034027099609375 0.06689834594726562
0 0.505859375 0.483184814453125 0.0482177734375 0.04235992431640625
1 0.268310546875 0.66649169921875 0.033721923828125 0.046341323852539064
1 0.794921875 0.3624969482421875 0.0305023193359375 0.0613189697265625
0 0.9619140625 0.56768798828125 0.058441162109375 0.05262489318847656
0 0.35498046875 0.549053955078125 0.050506591796875 0.047235107421875
1 0.1781005859375 0.3481964111328125 0.0280609130859375 0.054439544677734375
0 0.62646484375 0.539520263671875 0.049041748046875 0.04124946594238281
1 0.390380859375 0.696826171875 0.021240234375 0.057635498046875
1 0.46533203125 0.696392822265625 0.025665283203125 0.04626007080078125
1 0.9326171875 0.169873046875 0.0203399658203125 0.053924942016601564
1 0.689453125 0.2513427734375 0.0186920166015625 0.06749420166015625
1 0.1766357421875 0.8961669921875 0.03875732421875 0.05731048583984375
1 0.62939453125 0.646990966796875 0.0207672119140625 0.07334442138671875
1 0.84521484375 0.257843017578125 0.0256195068359375 0.06576080322265625
1 0.63623046875 0.308111572265625 0.0257568359375 0.0695526123046875
1 0.771484375 0.456317138671875 0.02801513671875 0.05579376220703125
1 0.2119140625 0.2350921630859375 0.0293121337890625 0.055902099609375
1 0.77490234375 0.30594482421875 0.02752685546875 0.06310653686523438
1 0.66064453125 0.754461669921875 0.0273284912109375 0.06142730712890625
1 0.264404296875 0.21548309326171874 0.02685546875 0.06489410400390624
1 0.73681640625 0.3588134765625 0.021942138671875 0.06516494750976562
1 0.6650390625 0.862799072265625 0.026153564453125 0.06018142700195313
1 0.9169921875 0.2576263427734375 0.0323486328125 0.06852340698242188
1 0.361083984375 0.32674560546875 0.0256195068359375 0.0656524658203125
1 0.1121826171875 0.18514862060546874 0.0202178955078125 0.06272735595703124
1 0.2149658203125 0.2827606201171875 0.027801513671875 0.060506439208984374
1 0.94580078125 0.3130950927734375 0.0311431884765625 0.06099395751953125
1 0.296630859375 0.844598388671875 0.028656005859375 0.05633544921875
1 0.98974609375 0.4454833984375 0.0224609375 0.07486114501953126
1 0.7001953125 0.1137542724609375 0.015716552734375 0.062835693359375
1 0.517578125 0.911767578125 0.0278472900390625 0.053437423706054685
1 0.97509765625 0.1924072265625 0.03277587890625 0.06982345581054687
1 0.149658203125 0.95076904296875 0.037384033203125 0.05731048583984375
1 0.36376953125 0.260443115234375 0.0210113525390625 0.06418991088867188
1 0.401611328125 0.2617431640625 0.02191162109375 0.06576080322265625
0 0.74951171875 0.6222900390625 0.04803466796875 0.0537353515625
1 0.580078125 0.36661376953125 0.0287628173828125 0.060289764404296876
1 0.313232421875 0.334112548828125 0.0259552001953125 0.06489410400390624
1 0.87890625 0.21504974365234375 0.0217742919921875 0.0699859619140625
1 0.7900390625 0.14679718017578125 0.02191162109375 0.072369384765625
0 0.98046875 0.385247802734375 0.038330078125 0.04536628723144531
1 0.54296875 0.1924072265625 0.012725830078125 0.0574188232421875
1 0.98388671875 0.3241455078125 0.0280609130859375 0.062835693359375
1 0.3359375 0.24267578125 0.024749755859375 0.060506439208984374
1 0.48779296875 0.3152618408203125 0.0203399658203125 0.04393081665039063
1 0.6767578125 0.2805938720703125 0.01861572265625 0.0626190185546875
1 0.51904296875 0.384814453125 0.0216522216796875 0.05465621948242187
1 0.50830078125 0.2355255126953125 0.01525115966796875 0.05311241149902344
1 0.64404296875 0.2242584228515625 0.021331787109375 0.055062484741210935
1 0.95068359375 0.4558837890625 0.02685546875 0.03520965576171875
1 0.81640625 0.258709716796875 0.027008056640625 0.039705657958984376
1 0.9873046875 0.8927001953125 0.0259552001953125 0.0569854736328125
1 0.137939453125 0.276043701171875 0.0248870849609375 0.06359405517578125
1 0.2432861328125 0.3308624267578125 0.019378662109375 0.05192070007324219
1 0.296630859375 0.20226593017578126 0.0165863037109375 0.0461517333984375
1 0.0279083251953125 0.18514862060546874 0.02630615234375 0.06613998413085938
1 0.46337890625 0.752294921875 0.0235595703125 0.0686859130859375
1 0.6181640625 0.286444091796875 0.023193359375 0.03472213745117188
1 0.50927734375 0.960302734375 0.03704833984375 0.05817718505859375
1 0.66796875 0.19273223876953124 0.019500732421875 0.04766845703125
1 0.5302734375 0.30074462890625 0.032470703125 0.04336204528808594
1 0.2900390625 0.31201171875 0.0187225341796875 0.05517082214355469
1 0.5361328125 0.3425628662109375 0.01763916015625 0.052435302734375
1 0.301025390625 0.72889404296875 0.0247039794921875 0.06343154907226563
1 0.92431640625 0.911767578125 0.038818359375 0.050566482543945315
1 0.15576171875 0.555987548828125 0.022369384765625 0.04173698425292969
1 0.0063629150390625 0.2545928955078125 0.01214599609375 0.06321487426757813
1 0.45703125 0.35274658203125 0.02886962890625 0.03350334167480469
1 0.66650390625 0.1542724609375 0.0274810791015625 0.038080596923828126
1 0.9833984375 0.0686859130859375 0.01812744140625 0.07318191528320313
1 0.47802734375 0.264776611328125 0.0194549560546875 0.060506439208984374
1 0.158203125 0.3117950439453125 0.0279083251953125 0.04000358581542969
0 0.020416259765625 0.2519927978515625 0.0330810546875 0.035480499267578125
1 0.56982421875 0.30594482421875 0.0190887451171875 0.06251068115234375
1 0.3427734375 0.184173583984375 0.0153656005859375 0.04452667236328125
1 0.2125244140625 0.186773681640625 0.0170440673828125 0.04626007080078125
1 0.3955078125 0.221441650390625 0.0154266357421875 0.04054527282714844
1 0.0104522705078125 0.09463272094726563 0.0211181640625 0.0730194091796875
1 0.556640625 0.2745269775390625 0.018341064453125 0.058935546875
1 0.07965087890625 0.17626495361328126 0.022796630859375 0.038216018676757814