0 0.09600830078125 0.3042534722222222 0.0482177734375 0.04283311631944445
0 0.13037109375 0.7651909722222222 0.05633544921875 0.050835503472222224
0 0.1207275390625 0.4201388888888889 0.04931640625 0.042426215277777776
0 0.305419921875 0.4155815972222222 0.0531005859375 0.0478515625
0 0.432373046875 0.3758680555555556 0.04638671875 0.046223958333333336
0 0.362548828125 0.5238715277777778 0.053192138671875 0.044243706597222224
0 0.87548828125 0.4592013888888889 0.0289306640625 0.0537109375
0 0.20290992373511915 0.547309027777778 0.048822312127976254 0.0666232638888889
0 0.57861328125 0.5963541666666666 0.052825927734375 0.04931640625
0 0.03228759765625 0.5017361111111112 0.05194091796875 0.04758029513888889
0 0.2354736328125 0.3127170138888889 0.044677734375 0.043755425347222224
0 0.9248046875 0.7556423611111112 0.044677734375 0.0673828125
0 0.7744140625 0.4956597222222222 0.034881591796875 0.051215277777777776
0 0.974578857421875 0.5082465277777778 0.05084228515625 0.04416232638888889
0 0.9835739135742188 0.6137152777777778 0.0328521728515625 0.038872612847222224
0 0.98388671875 0.427734375 0.03167724609375 0.04334852430555555