1 0.029145833333333333 0.4856759259259259 0.03555208333333334 0.05056481481481481
0 0.3903802083333333 0.38173148148148145 0.047942708333333334 0.04578703703703704
0 0.6015625 0.3669722222222222 0.04858333333333333 0.04204629629629629
0 0.7802760416666668 0.33225 0.041625 0.04335185185185185
0 0.6962916666666668 0.45225925925925925 0.046906250000000003 0.04326851851851852
0 0.9765625 0.4414074074074074 0.04434375 0.04114814814814815
0 0.8247083333333334 0.38411111111111107 0.048765625 0.04451851851851852
0 0.181640625 0.41862037037037036 0.04894791666666667 0.04000925925925926
1 0.830078125 0.25325925925925924 0.029921875 0.062333333333333324
0 0.416015625 0.5629351851851853 0.049588541666666666 0.061092592592592594
0 0.5926354166666666 0.39219444444444446 0.05133854166666666 0.04894444444444444