0 0.1358642578125 0.373046875 0.053314208984375 0.037841796875
0 0.447021484375 0.6649305555555556 0.046295166015625 0.06597222222222222
0 0.061981201171875 0.4626736111111111 0.0552978515625 0.038492838541666664
0 0.0301513671875 0.8064236111111112 0.03460693359375 0.061197916666666664
0 0.05633544921875 0.5868055555555556 0.05389404296875 0.038655598958333336
0 0.1328125 0.2842881944444444 0.05975341796875 0.06412760416666667
0 0.580078125 0.4587673611111111 0.045867919921875 0.04443359375
0 0.2939453125 0.5481770833333334 0.05560302734375 0.03857421875
0 0.17236328125 0.6940104166666666 0.0560302734375 0.04014756944444445
0 0.286865234375 0.7842881944444444 0.0618896484375 0.042426215277777776
0 0.85205078125 0.4049479166666667 0.0489501953125 0.0734592013888889
0 0.95703125 0.4822048611111111 0.05340576171875 0.04527452256944445
0 0.288330078125 0.8454861111111112 0.06268310546875 0.048583984375
0 0.90771484375 0.5802951388888888 0.051177978515625 0.04391818576388889
0 0.7529296875 0.8259548611111112 0.050811767578125 0.05685763888888889
0 0.73828125 0.44921875 0.047882080078125 0.04299587673611111
0 0.0305633544921875 0.359375 0.0521240234375 0.044677734375
0 0.1370849609375 0.5286458333333334 0.053985595703125 0.04562717013888889
0 0.5859375 0.3318142361111111 0.045013427734375 0.04519314236111111
0 0.061431884765625 0.6588541666666666 0.055816650390625 0.03908962673611111
0 0.67578125 0.6497395833333334 0.0455322265625 0.04342990451388889
0 0.701171875 0.5108506944444444 0.04620361328125 0.04676649305555555