1 0.628586332811685 0.6907407407407408 0.03182055294731351 0.058333333333333334
0 0.10876369327073553 0.6046296296296296 0.056859676577986434 0.05277777777777778
1 0.13536776212832552 0.4097222222222222 0.03025560772039645 0.06944444444444445
1 0.22743870631194574 0.3773148148148148 0.030777256129368807 0.06481481481481481
0 0.8095983307250912 0.4842592592592593 0.05112154407929056 0.04722222222222222
1 0.5631194574856546 0.3287037037037037 0.02608242044861763 0.06111111111111111
1 0.6817944705268649 0.43703703703703706 0.018257694314032343 0.06574074074074074
0 0.21283255086071987 0.5921296296296297 0.05425143453312467 0.05277777777777778
1 0.16614501825769432 0.3814814814814815 0.027125717266562335 0.06759259259259259
1 0.9360980699008868 0.3194444444444444 0.028169014084507043 0.04814814814814815
0 0.7423056859676578 0.5402777777777777 0.029212310902451747 0.06018518518518518
1 0.32655190401669276 0.4425925925925926 0.028690662493479395 0.075
1 0.387584767866458 0.2412037037037037 0.027125717266562335 0.062037037037037036
1 0.11241523213354199 0.8481481481481481 0.0297339593114241 0.06018518518518518
0 0.8675013041210224 0.5875 0.05372978612415232 0.04351851851851852
0 0.414188836724048 0.5166666666666667 0.04538341158059468 0.04537037037037037
1 0.11267605633802817 0.30694444444444446 0.03286384976525822 0.06666666666666667
1 0.5550339071465832 0.42824074074074076 0.0198226395409494 0.05648148148148148
1 0.758998435054773 0.7615740740740741 0.023995826812728223 0.05185185185185185
1 0.3124673969744392 0.924537037037037 0.03286384976525822 0.06018518518518518
1 0.07850808555033907 0.22083333333333333 0.02556077203964528 0.075
1 0.1507563901930099 0.1837962962962963 0.024517475221700575 0.08055555555555556
1 0.35002608242044864 0.8643518518518518 0.03547209181011998 0.05740740740740741
1 0.6517996870109546 0.8037037037037037 0.02190923317683881 0.04814814814814815
1 0.3302034428794992 0.36064814814814816 0.019300991131977047 0.06481481481481481
1 0.9032342201356286 0.2791666666666667 0.03912363067292645 0.05462962962962963
0 0.36384976525821594 0.6148148148148148 0.04747000521648409 0.06944444444444445
1 0.29577464788732394 0.38564814814814813 0.02556077203964528 0.05925925925925926
1 0.3270735524256651 0.7847222222222222 0.024517475221700575 0.062037037037037036
1 0.25143453312467395 0.7296296296296296 0.020865936358894107 0.058333333333333334
1 0.7970787689097548 0.3638888888888889 0.01773604590505999 0.06388888888888888
1 0.6408450704225352 0.32916666666666666 0.02190923317683881 0.06481481481481481
1 0.7597809076682316 0.37222222222222223 0.026604068857589983 0.06666666666666667
1 0.9241001564945227 0.9680555555555556 0.037037037037037035 0.04722222222222222
1 0.6431924882629108 0.8541666666666666 0.038601982263954095 0.06018518518518518
1 0.9809598330725091 0.2625 0.022430881585811163 0.05925925925925926
1 0.35654668753260305 0.2847222222222222 0.01617110067814293 0.05277777777777778
1 0.21283255086071987 0.1574074074074074 0.02034428794992175 0.06851851851851852
1 0.37402190923317685 0.9648148148148148 0.018257694314032343 0.05462962962962963
1 0.19431403234220135 0.9092592592592592 0.024517475221700575 0.05185185185185185
1 0.8234220135628586 0.2851851851851852 0.028690662493479395 0.06388888888888888
1 0.1841418883672405 0.6861111111111111 0.03547209181011998 0.05277777777777778
1 0.4405320813771518 0.2759259259259259 0.018779342723004695 0.06481481481481481
1 0.018518518518518517 0.18981481481481483 0.028169014084507043 0.06388888888888888
1 0.38628064684402713 0.37824074074074077 0.016692749087115284 0.06759259259259259
1 0.34089723526343246 0.17824074074074073 0.019300991131977047 0.058333333333333334
1 0.45461658841940533 0.3509259259259259 0.01617110067814293 0.06296296296296296
1 0.19535732916014606 0.8074074074074075 0.03495044340114763 0.040740740740740744
1 0.8184663536776213 0.18194444444444444 0.02190923317683881 0.07407407407407407
1 0.9293166405842462 0.24583333333333332 0.023995826812728223 0.06481481481481481
1 0.8596765779864372 0.2439814814814815 0.03338549817423057 0.06388888888888888
1 0.6666666666666666 0.9453703703703704 0.02764736567553469 0.06018518518518518
1 0.7806468440271257 0.2449074074074074 0.02608242044861763 0.06944444444444445
1 0.04303599374021909 0.34444444444444444 0.03338549817423057 0.05555555555555555
1 0.42566510172143973 0.45092592592592595 0.018779342723004695 0.05
1 0.035211267605633804 0.30277777777777776 0.03442879499217527 0.040740740740740744
1 0.7540427751695358 0.3162037037037037 0.019300991131977047 0.05462962962962963
1 0.14606155451225875 0.29074074074074074 0.029212310902451747 0.05462962962962963
1 0.28325508607198746 0.2986111111111111 0.02190923317683881 0.05648148148148148
1 0.36958789775691187 0.7379629629629629 0.03495044340114763 0.053703703703703705
1 0.18857589984350548 0.3287037037037037 0.02556077203964528 0.04814814814814815
1 0.5307772561293688 0.24444444444444444 0.019300991131977047 0.04537037037037037
1 0.06885758998435054 0.06620370370370371 0.01617110067814293 0.06851851851851852
1 0.7326551904016693 0.18287037037037038 0.018257694314032343 0.06944444444444445
1 0.8453312467396974 0.1763888888888889 0.02608242044861763 0.05555555555555555
1 0.29447052686489306 0.22407407407407406 0.019300991131977047 0.040740740740740744
1 0.47522170057381324 0.2273148148148148 0.018779342723004695 0.04259259259259259
1 0.352112676056338 0.8185185185185185 0.020865936358894107 0.040740740740740744