1 0.23500260824204486 0.43796296296296294 0.03286384976525822 0.06574074074074074
0 0.16953573291601462 0.5606481481481481 0.03442879499217527 0.05648148148148148
0 0.3268127282211789 0.47175925925925927 0.04903495044340115 0.046296296296296294
0 0.1155451225873761 0.46574074074074073 0.0505998956703182 0.06296296296296296
1 0.6507563901930099 0.5861111111111111 0.020865936358894107 0.06018518518518518
0 0.3685446009389671 0.4162037037037037 0.0297339593114241 0.06111111111111111
1 0.5380803338549818 0.7467592592592592 0.025039123630672927 0.06666666666666667
0 0.8354199269692227 0.6574074074074074 0.053208137715179966 0.040740740740740744
0 0.8101199791340636 0.4074074074074074 0.056338028169014086 0.049074074074074076
1 0.2918622848200313 0.1865740740740741 0.03286384976525822 0.05462962962962963
1 0.32785602503912364 0.7101851851851851 0.025039123630672927 0.049074074074074076
1 0.2535211267605634 0.3472222222222222 0.028690662493479395 0.06481481481481481
1 0.62415232133542 0.7569444444444444 0.018257694314032343 0.06111111111111111
1 0.8896713615023474 0.337037037037037 0.02608242044861763 0.06944444444444445
1 0.460093896713615 0.6680555555555555 0.026604068857589983 0.07407407407407407
1 0.20657276995305165 0.3 0.0297339593114241 0.06296296296296296
1 0.9214919144496609 0.774074074074074 0.023474178403755867 0.062037037037037036
1 0.11137193531559729 0.6939814814814815 0.03495044340114763 0.06111111111111111
1 0.513302034428795 0.6615740740740741 0.019300991131977047 0.06296296296296296
1 0.5391236306729265 0.10277777777777777 0.018257694314032343 0.05092592592592592
0 0.42331768388106417 0.49074074074074076 0.051643192488262914 0.04722222222222222
0 0.0440792905581638 0.5777777777777777 0.05112154407929056 0.044444444444444446
1 0.17970787689097548 0.2375 0.02608242044861763 0.05740740740740741
0 0.6904016692749088 0.40046296296296297 0.057902973395931145 0.05
0 0.3338549817423057 0.5430555555555555 0.050078247261345854 0.04722222222222222
1 0.26604068857589985 0.7666666666666667 0.025039123630672927 0.06759259259259259
1 0.0505998956703182 0.33055555555555555 0.03495044340114763 0.058333333333333334
1 0.6504955659885238 0.7037037037037037 0.01773604590505999 0.06481481481481481
1 0.42931664058424623 0.6402777777777777 0.014606155451225874 0.053703703703703705
1 0.7910798122065728 0.32175925925925924 0.0297339593114241 0.06111111111111111
0 0.07042253521126761 0.6685185185185185 0.0297339593114241 0.06574074074074074
1 0.3111632759520083 0.12685185185185185 0.0297339593114241 0.05555555555555555
1 0.4874804381846635 0.712037037037037 0.024517475221700575 0.062037037037037036
1 0.11684924360980699 0.16944444444444445 0.037037037037037035 0.053703703703703705
1 0.5409494001043297 0.2412037037037037 0.028169014084507043 0.05648148148148148
1 0.2537819509650496 0.7236111111111111 0.025039123630672927 0.06388888888888888
1 0.6927490871152843 0.9138888888888889 0.02190923317683881 0.06666666666666667
1 0.6439749608763693 0.1300925925925926 0.03390714658320292 0.062037037037037036
0 0.6113719353155973 0.31203703703703706 0.053208137715179966 0.03981481481481482
1 0.6734480959833072 0.6180555555555556 0.02034428794992175 0.05277777777777778
1 0.9178403755868545 0.40046296296296297 0.04121022430881586 0.053703703703703705
1 0.9697443922796035 0.5898148148148148 0.023474178403755867 0.06388888888888888
1 0.07720396452790819 0.7430555555555556 0.03599374021909233 0.07037037037037037
1 0.19222743870631195 0.6212962962962963 0.022430881585811163 0.06851851851851852
1 0.7608242044861763 0.8037037037037037 0.02556077203964528 0.07592592592592592
1 0.5127803860198227 0.7782407407407408 0.020865936358894107 0.05185185185185185
1 0.12363067292644757 0.21064814814814814 0.03025560772039645 0.058333333333333334
1 0.07250912884715702 0.3148148148148148 0.03286384976525822 0.053703703703703705
1 0.7188315075639019 0.7527777777777778 0.027125717266562335 0.05277777777777778
1 0.6058946270213876 0.22407407407407406 0.030777256129368807 0.05462962962962963
1 0.8111632759520083 0.575 0.03182055294731351 0.05185185185185185
1 0.3988002086593636 0.725 0.020865936358894107 0.05462962962962963
0 0.516171100678143 0.5013888888888889 0.02556077203964528 0.05
1 0.8247261345852895 0.7129629629629629 0.02608242044861763 0.06759259259259259
1 0.6030255607720396 0.7310185185185185 0.023995826812728223 0.06296296296296296
0 0.13249869587897756 0.36666666666666664 0.03547209181011998 0.06018518518518518
1 0.7905581637976005 0.8888888888888888 0.022952529994783515 0.058333333333333334
0 0.6807511737089202 0.4837962962962963 0.056338028169014086 0.04537037037037037
0 0.19561815336463223 0.6638888888888889 0.028690662493479395 0.06574074074074074
1 0.6645800730307773 0.8134259259259259 0.022430881585811163 0.06666666666666667
1 0.6797078768909754 0.19305555555555556 0.024517475221700575 0.04537037037037037
1 0.6304121022430882 0.8430555555555556 0.02034428794992175 0.06759259259259259
0 0.5834637454355764 0.3800925925925926 0.044861763171622326 0.06481481481481481
1 0.5868544600938967 0.7611111111111111 0.018257694314032343 0.06574074074074074
1 0.9287949921752738 0.8453703703703703 0.02556077203964528 0.05925925925925926
1 0.9825247782994262 0.6393518518518518 0.023474178403755867 0.06666666666666667
1 0.024517475221700575 0.7546296296296297 0.028690662493479395 0.05555555555555555
1 0.6781429316640585 0.7351851851851852 0.022430881585811163 0.046296296296296294
1 0.29264475743348983 0.056018518518518516 0.03390714658320292 0.05462962962962963
1 0.20787689097548254 0.7166666666666667 0.025039123630672927 0.05185185185185185
1 0.27699530516431925 0.8111111111111111 0.02034428794992175 0.05462962962962963
1 0.19796557120500782 0.7953703703703704 0.026604068857589983 0.06944444444444445
1 0.6165884194053208 0.6953703703703704 0.022430881585811163 0.062037037037037036
0 0.0539906103286385 0.5092592592592593 0.03599374021909233 0.058333333333333334
1 0.9507042253521126 0.5652777777777778 0.023995826812728223 0.05925925925925926
1 0.8236828377673449 0.6074074074074074 0.018779342723004695 0.046296296296296294
1 0.7363067292644757 0.8777777777777778 0.022430881585811163 0.05925925925925926
0 0.046426708398539386 0.6995370370370371 0.028169014084507043 0.05740740740740741
1 0.1739697443922796 0.7550925925925925 0.017214397496087636 0.05277777777777778
1 0.30412102243088157 0.7875 0.020865936358894107 0.05185185185185185
1 0.8265519040166928 0.7726851851851851 0.02138758476786646 0.05648148148148148
1 0.8836724047991653 0.6171296296296296 0.02764736567553469 0.049074074074074076
1 0.7347417840375586 0.9231481481481482 0.03025560772039645 0.040740740740740744
1 0.38367240479916537 0.7972222222222223 0.0198226395409494 0.041666666666666664
1 0.11058946270213876 0.8361111111111111 0.022952529994783515 0.040740740740740744
1 0.4238393322900365 0.7643518518518518 0.016692749087115284 0.053703703703703705
1 0.010172143974960876 0.7162037037037037 0.02034428794992175 0.07037037037037037
1 0.08111632759520084 0.07685185185185185 0.03442879499217527 0.062037037037037036
1 0.5346896191966615 0.1449074074074074 0.03495044340114763 0.05555555555555555
0 0.21570161711006783 0.8194444444444444 0.03755868544600939 0.040740740740740744
1 0.03051643192488263 0.8527777777777777 0.024517475221700575 0.06296296296296296
1 0.1309337506520605 0.7986111111111112 0.022430881585811163 0.04814814814814815
1 0.5380803338549818 0.27685185185185185 0.03286384976525822 0.04814814814814815
1 0.07250912884715702 0.7944444444444444 0.019300991131977047 0.037037037037037035
1 0.8281168492436098 0.8152777777777778 0.030777256129368807 0.041666666666666664
1 0.8828899321857069 0.7972222222222223 0.024517475221700575 0.05555555555555555
1 0.7670839853938446 0.8439814814814814 0.014606155451225874 0.04722222222222222
1 0.8881064162754304 0.8393518518518519 0.03025560772039645 0.03425925925925926
1 0.5357329160146062 0.5657407407407408 0.027125717266562335 0.05277777777777778
1 0.8886280646844027 0.649074074074074 0.02608242044861763 0.030555555555555555