0 0.515625 0.3886759259259259 0.047697916666666666 0.04554629629629629
0 0.3041979166666666 0.3767407407407407 0.050505208333333336 0.04123148148148148
1 0.026703125 0.4578981481481481 0.036348958333333334 0.04950925925925926
0 0.7045885416666666 0.32487037037037036 0.044921875 0.04622222222222223
0 0.321046875 0.5516481481481481 0.0305625 0.05675
0 0.5971666666666666 0.4518240740740741 0.048765625 0.042833333333333334
0 0.04922395833333334 0.4034259259259259 0.051666666666666666 0.04006481481481482
0 0.7529322916666668 0.3732685185185185 0.048859375000000003 0.04866666666666667
1 0.8598645833333334 0.24544444444444444 0.023770833333333335 0.041638888888888885
0 0.37890625 0.1499537037037037 0.03726041666666667 0.03233333333333333
0 0.8999010416666666 0.4242592592592592 0.04699479166666667 0.04502777777777778
0 0.5279010416666667 0.3458981481481481 0.046875 0.051583333333333335