1 0.12261962890625 0.828131103515625 0.03704833984375 0.059748077392578126
1 0.1689453125 0.672991943359375 0.035003662109375 0.0522186279296875
1 0.42822265625 0.84329833984375 0.0360107421875 0.054358291625976565
1 0.48681640625 0.4166656494140625 0.01934814453125 0.07047348022460938
1 0.83251953125 0.80516357421875 0.0328369140625 0.060398101806640625
0 0.15380859375 0.460650634765625 0.03179931640625 0.057635498046875
0 0.383544921875 0.5425537109375 0.0305023193359375 0.062835693359375
1 0.6611328125 0.3083282470703125 0.023651123046875 0.06240234375
1 0.58544921875 0.3546966552734375 0.02056884765625 0.065869140625
1 0.83203125 0.3815643310546875 0.0255584716796875 0.061102294921875
1 0.64306640625 0.398248291015625 0.0261993408203125 0.06765670776367187
0 0.9716796875 0.55555419921875 0.05572509765625 0.0452850341796875
0 0.285888671875 0.5685546875 0.029754638671875 0.059856414794921875
1 0.634765625 0.1930572509765625 0.019500732421875 0.07182769775390625
1 0.5283203125 0.3048614501953125 0.0289306640625 0.05806884765625
1 0.58544921875 0.1289215087890625 0.015777587890625 0.06527328491210938
1 0.828125 0.17258148193359374 0.0162811279296875 0.06299819946289062
0 0.71533203125 0.59368896484375 0.051361083984375 0.04504127502441406
1 0.408203125 0.3161285400390625 0.0220794677734375 0.06240234375
1 0.69189453125 0.13173828125 0.0217437744140625 0.07459030151367188
1 0.9169921875 0.167706298828125 0.02276611328125 0.07101516723632813
0 0.90966796875 0.627056884765625 0.058013916015625 0.05262489318847656
1 0.4716796875 0.3520965576171875 0.02447509765625 0.06418991088867188
0 0.51171875 0.55208740234375 0.029815673828125 0.05882720947265625
1 0.0186920166015625 0.736260986328125 0.03515625 0.05322074890136719
1 0.55615234375 0.225341796875 0.0205230712890625 0.059423065185546874
1 0.98681640625 0.2409423828125 0.0258636474609375 0.06099395751953125
1 0.51123046875 0.36488037109375 0.01560211181640625 0.06321487426757813
1 0.583984375 0.8649658203125 0.03271484375 0.04942893981933594
1 0.040924072265625 0.360113525390625 0.036834716796875 0.06169815063476562
1 0.2469482421875 0.3910980224609375 0.03289794921875 0.05926055908203125
1 0.43310546875 0.3516632080078125 0.018402099609375 0.06240234375
1 0.055419921875 0.4318328857421875 0.03228759765625 0.0569854736328125
1 0.263671875 0.292510986328125 0.0294189453125 0.06576080322265625
1 0.38427734375 0.2563262939453125 0.01751708984375 0.06711502075195312
1 0.83056640625 0.252642822265625 0.0284881591796875 0.0608856201171875
1 0.94384765625 0.315911865234375 0.0328369140625 0.06662750244140625
1 0.96826171875 0.820330810546875 0.037109375 0.0572021484375
1 0.430419921875 0.92996826171875 0.0301055908203125 0.06402740478515626
1 0.673828125 0.823797607421875 0.030853271484375 0.06381072998046874
1 0.75048828125 0.15849761962890624 0.0269622802734375 0.07193603515625
0 0.810546875 0.620989990234375 0.053985595703125 0.0556854248046875
1 0.395263671875 0.96810302734375 0.02801513671875 0.05817718505859375
0 0.08599853515625 0.52955322265625 0.0266571044921875 0.048047637939453124
1 0.156005859375 0.93516845703125 0.0296478271484375 0.06516494750976562
0 0.90087890625 0.483184814453125 0.040313720703125 0.050566482543945315
1 0.0273284912109375 0.295111083984375 0.04052734375 0.05839385986328125
1 0.97509765625 0.4331329345703125 0.035064697265625 0.0639190673828125
1 0.9306640625 0.3934814453125 0.0360107421875 0.06418991088867188
1 0.1724853515625 0.2892608642578125 0.0300445556640625 0.06489410400390624
1 0.2318115234375 0.2194915771484375 0.0242767333984375 0.065869140625
0 0.982421875 0.6084228515625 0.037200927734375 0.04877891540527344
1 0.779296875 0.3143951416015625 0.0199432373046875 0.05538749694824219
1 0.63623046875 0.294677734375 0.0236968994140625 0.04536628723144531
1 0.82275390625 0.880999755859375 0.0360107421875 0.05424995422363281
1 0.701171875 0.270843505859375 0.0239105224609375 0.048508071899414064
0 0.050506591796875 0.655657958984375 0.06085205078125 0.04777679443359375
1 0.52734375 0.7124267578125 0.023956298828125 0.05527915954589844
1 0.1531982421875 0.768328857421875 0.0287628173828125 0.0574188232421875
1 0.5966796875 0.74969482421875 0.034942626953125 0.05546875
1 0.8662109375 0.3100616455078125 0.0164031982421875 0.03155326843261719
1 0.406982421875 0.69942626953125 0.034820556640625 0.05086441040039062
1 0.383544921875 0.4149322509765625 0.0185394287109375 0.04328079223632812
1 0.1669921875 0.18449859619140624 0.0263519287109375 0.062835693359375
1 0.47314453125 0.25654296875 0.0162811279296875 0.0606689453125
1 0.259521484375 0.2012908935546875 0.0209197998046875 0.05752716064453125
1 0.461181640625 0.748828125 0.02215576171875 0.05622711181640625
1 0.28369140625 0.17778167724609376 0.021697998046875 0.062131500244140624
1 0.86962890625 0.21266632080078124 0.0182952880859375 0.047316360473632815
1 0.935546875 0.051731109619140625 0.017181396484375 0.0695526123046875
1 0.421142578125 0.2433258056640625 0.019866943359375 0.040328598022460936
1 0.587890625 0.659991455078125 0.0333251953125 0.07486114501953126
1 0.318603515625 0.2320587158203125 0.018768310546875 0.048047637939453124
1 0.0143890380859375 0.20551605224609376 0.027008056640625 0.054547882080078124
1 0.814453125 0.02544574737548828 0.0153656005859375 0.04869766235351562
1 0.46923828125 0.0569854736328125 0.01233673095703125 0.06251068115234375