1 0.9613980177360459 0.03425925925925926 0.017214397496087636 0.06759259259259259
1 0.08841940532081377 0.7180555555555556 0.04277516953573292 0.06018518518518518
1 0.8651538862806468 0.6967592592592593 0.028169014084507043 0.06018518518518518
0 0.22535211267605634 0.4601851851851852 0.029212310902451747 0.06759259259259259
0 0.8226395409494001 0.5912037037037037 0.05372978612415232 0.044444444444444446
1 0.4535732916014606 0.7916666666666666 0.0297339593114241 0.053703703703703705
1 0.023735002608242045 0.35 0.03599374021909233 0.062037037037037036
1 0.8007303077725613 0.4115740740740741 0.03129890453834116 0.06388888888888888
1 0.6551904016692749 0.8097222222222222 0.02034428794992175 0.05648148148148148
0 0.04538341158059468 0.4356481481481482 0.03495044340114763 0.06111111111111111
1 0.5245174752217006 0.7523148148148148 0.03182055294731351 0.05185185185185185
1 0.43244653103808034 0.3875 0.03338549817423057 0.06111111111111111
1 0.9580073030777256 0.22037037037037038 0.03338549817423057 0.06851851851851852
1 0.636150234741784 0.18981481481481483 0.02556077203964528 0.06481481481481481
1 0.4032342201356286 0.8976851851851851 0.023995826812728223 0.05740740740740741
1 0.647887323943662 0.3300925925925926 0.01773604590505999 0.07037037037037037
1 0.5957224830464267 0.2564814814814815 0.01617110067814293 0.07407407407407407
0 0.3646322378716745 0.4722222222222222 0.05216484089723526 0.04351851851851852
1 0.7978612415232134 0.8606481481481482 0.023474178403755867 0.05648148148148148
1 0.599113197704747 0.5976851851851852 0.024517475221700575 0.05740740740740741
1 0.8988002086593636 0.39351851851851855 0.03234220135628586 0.05648148148148148
1 0.26238914971309335 0.3523148148148148 0.029212310902451747 0.06944444444444445
1 0.6092853416797078 0.29953703703703705 0.022952529994783515 0.06944444444444445
1 0.40897235263432447 0.25925925925925924 0.02764736567553469 0.06296296296296296
0 0.9238393322900366 0.6074074074074074 0.03338549817423057 0.05925925925925926
0 0.7889932185706834 0.5152777777777777 0.03129890453834116 0.04722222222222222
1 0.2874282733437663 0.8134259259259259 0.025039123630672927 0.07962962962962963
1 0.2537819509650496 0.7231481481481481 0.03390714658320292 0.04814814814814815
1 0.37167449139280123 0.2212962962962963 0.023995826812728223 0.06296296296296296
1 0.4272300469483568 0.33240740740740743 0.024517475221700575 0.06666666666666667
1 0.09885237350026083 0.2902777777777778 0.02764736567553469 0.06666666666666667
1 0.9603547209181011 0.4013888888888889 0.03547209181011998 0.06759259259259259
0 0.2921231090245175 0.5587962962962963 0.053208137715179966 0.05
1 0.40401669274908714 0.35833333333333334 0.027125717266562335 0.05740740740740741
1 0.3059467918622848 0.2884259259259259 0.03025560772039645 0.06481481481481481
1 0.48930620761606675 0.22916666666666666 0.024517475221700575 0.058333333333333334
1 0.5777256129368805 0.6259259259259259 0.019300991131977047 0.06666666666666667
1 0.238132498695879 0.30833333333333335 0.02190923317683881 0.053703703703703705
1 0.6864893062076161 0.1736111111111111 0.023474178403755867 0.06574074074074074
1 0.9825247782994262 0.2916666666666667 0.028169014084507043 0.0712962962962963
1 0.5380803338549818 0.19768518518518519 0.018779342723004695 0.05277777777777778
1 0.2798643714136672 0.25555555555555554 0.0198226395409494 0.053703703703703705
0 0.028169014084507043 0.49537037037037035 0.046426708398539386 0.05462962962962963
1 0.5972874282733438 0.3768518518518518 0.024517475221700575 0.0787037037037037
1 0.7944705268648931 0.3453703703703704 0.02190923317683881 0.06851851851851852
1 0.7553468961919666 0.26944444444444443 0.02034428794992175 0.07222222222222222
1 0.5151278038601982 0.3138888888888889 0.02764736567553469 0.049074074074074076
1 0.9238393322900366 0.2875 0.025039123630672927 0.053703703703703705
1 0.8599374021909233 0.21666666666666667 0.02190923317683881 0.06666666666666667
1 0.7496087636932708 0.34120370370370373 0.015127803860198226 0.05462962962962963
1 0.5967657798643714 0.6842592592592592 0.018779342723004695 0.06851851851851852
1 0.3857589984350548 0.8041666666666667 0.03025560772039645 0.041666666666666664
1 0.5083463745435577 0.8287037037037037 0.03338549817423057 0.046296296296296294
1 0.7803860198226396 0.20046296296296295 0.018779342723004695 0.05092592592592592
1 0.7044861763171623 0.0875 0.0198226395409494 0.06018518518518518
1 0.8448095983307251 0.11990740740740741 0.023474178403755867 0.05740740740740741
1 0.863849765258216 0.2949074074074074 0.03234220135628586 0.06296296296296296
1 0.8868022952529995 0.225 0.02034428794992175 0.05740740740740741
1 0.06285863328116849 0.2449074074074074 0.03234220135628586 0.05925925925925926
1 0.12649973917579552 0.1962962962962963 0.01564945226917058 0.053703703703703705
1 0.39775691184141887 0.3055555555555556 0.024517475221700575 0.06481481481481481
1 0.3051643192488263 0.12962962962962962 0.018257694314032343 0.058333333333333334
1 0.8946270213875848 0.32175925925925924 0.03025560772039645 0.06296296296296296
1 0.7895148669796557 0.2875 0.024517475221700575 0.05740740740740741
1 0.2853416797078769 0.20694444444444443 0.013041210224308816 0.05555555555555555
1 0.010172143974960876 0.2587962962962963 0.0198226395409494 0.06111111111111111
0 0.6890975482524778 0.4912037037037037 0.044861763171622326 0.06388888888888888
1 0.14788732394366197 0.24722222222222223 0.02034428794992175 0.03518518518518519
1 0.04434011476264997 0.2101851851851852 0.027125717266562335 0.046296296296296294
0 0.9786124152321335 0.06574074074074074 0.03129890453834116 0.07037037037037037
0 0.9872196139801773 0.538425925925926 0.024517475221700575 0.05185185185185185