1 0.18022952529994785 0.5893518518518519 0.029212310902451747 0.06944444444444445
1 0.8941053729786124 0.28055555555555556 0.04225352112676056 0.06666666666666667
1 0.11971830985915492 0.3037037037037037 0.03390714658320292 0.058333333333333334
1 0.9548774126238915 0.6509259259259259 0.03547209181011998 0.06296296296296296
1 0.03808033385498174 0.9666666666666667 0.017214397496087636 0.06666666666666667
0 0.724830464267084 0.5337962962962963 0.030777256129368807 0.06111111111111111
0 0.9087115284298383 0.5666666666666667 0.03338549817423057 0.05740740740740741
0 0.17083985393844547 0.46805555555555556 0.053208137715179966 0.041666666666666664
1 0.3901930099113198 0.39814814814814814 0.02034428794992175 0.062037037037037036
1 0.45618153364632236 0.24351851851851852 0.026604068857589983 0.05277777777777778
1 0.07772561293688054 0.6027777777777777 0.024517475221700575 0.06018518518518518
1 0.018518518518518517 0.5986111111111111 0.028169014084507043 0.06944444444444445
0 0.2608242044861763 0.5106481481481482 0.03129890453834116 0.058333333333333334
1 0.6142410015649452 0.774074074074074 0.02764736567553469 0.05462962962962963
1 0.6943140323422013 0.18518518518518517 0.03234220135628586 0.07592592592592592
1 0.5792905581637976 0.09351851851851851 0.022430881585811163 0.05648148148148148
1 0.34872196139801775 0.8064814814814815 0.02138758476786646 0.062037037037037036
0 0.5915492957746479 0.5231481481481481 0.054773082942097026 0.044444444444444446
1 0.5745957224830465 0.7398148148148148 0.02190923317683881 0.06296296296296296
0 0.1322378716744914 0.4046296296296296 0.056859676577986434 0.04351851851851852
1 0.18883672404799165 0.1425925925925926 0.03182055294731351 0.062037037037037036
0 0.02686489306207616 0.3787037037037037 0.03390714658320292 0.062037037037037036
1 0.23526343244653103 0.6597222222222222 0.023995826812728223 0.06111111111111111
1 0.3338549817423057 0.6657407407407407 0.01773604590505999 0.07407407407407407
1 0.3286384976525822 0.1875 0.025039123630672927 0.058333333333333334
1 0.3907146583202921 0.749537037037037 0.028169014084507043 0.06574074074074074
1 0.2962962962962963 0.8402777777777778 0.020865936358894107 0.058333333333333334
1 0.368283776734481 0.700462962962963 0.024517475221700575 0.06388888888888888
1 0.8834115805946792 0.7050925925925926 0.030777256129368807 0.06111111111111111
1 0.9874804381846636 0.2953703703703704 0.025039123630672927 0.06481481481481481
1 0.5367762128325508 0.20601851851851852 0.02190923317683881 0.05555555555555555
1 0.724830464267084 0.6486111111111111 0.026604068857589983 0.07222222222222222
1 0.4478351591027647 0.8060185185185185 0.01564945226917058 0.06574074074074074
1 0.11867501304121023 0.700462962962963 0.0297339593114241 0.06851851851851852
1 0.6731872717788211 0.7111111111111111 0.02608242044861763 0.062037037037037036
1 0.14893062076160668 0.6439814814814815 0.023474178403755867 0.06111111111111111
0 0.931924882629108 0.4930555555555556 0.05529473135106938 0.04351851851851852
1 0.18857589984350548 0.6583333333333333 0.028690662493479395 0.06851851851851852
1 0.46739697443922795 0.687037037037037 0.02138758476786646 0.05
1 0.27725612936880545 0.9078703703703703 0.02138758476786646 0.062037037037037036
1 0.5469483568075117 0.6125 0.02764736567553469 0.06018518518518518
1 0.9846113719353156 0.7476851851851852 0.028690662493479395 0.06944444444444445
0 0.6374543557642149 0.45 0.04538341158059468 0.062037037037037036
1 0.7303077725612936 0.2759259259259259 0.028690662493479395 0.05185185185185185
1 0.6990088680229525 0.7953703703703704 0.022952529994783515 0.05092592592592592
1 0.022952529994783515 0.7782407407407408 0.02764736567553469 0.06759259259259259
1 0.05920709441836203 0.7324074074074074 0.028169014084507043 0.07314814814814814
1 0.8617631716223265 0.8064814814814815 0.017214397496087636 0.05740740740740741
1 0.27047470005216484 0.7893518518518519 0.01773604590505999 0.06018518518518518
1 0.39123630672926446 0.30833333333333335 0.02556077203964528 0.06481481481481481
1 0.5766823161189358 0.637962962962963 0.03129890453834116 0.062037037037037036
1 0.651017214397496 0.9671296296296297 0.014606155451225874 0.04722222222222222
1 0.49504434011476267 0.7777777777777778 0.019300991131977047 0.06111111111111111
1 0.923056859676578 0.7513888888888889 0.029212310902451747 0.058333333333333334
1 0.387584767866458 0.6143518518518518 0.027125717266562335 0.05740740740740741
1 0.7057902973395931 0.7416666666666667 0.0198226395409494 0.05277777777777778
1 0.7488262910798122 0.6967592592592593 0.026604068857589983 0.053703703703703705
1 0.9848721961398018 0.21064814814814814 0.029212310902451747 0.05462962962962963
1 0.099113197704747 0.7662037037037037 0.025039123630672927 0.075
1 0.6048513302034428 0.20879629629629629 0.03912363067292645 0.07222222222222222
1 0.2357850808555034 0.7236111111111111 0.030777256129368807 0.06851851851851852
1 0.47417840375586856 0.1712962962962963 0.02138758476786646 0.04537037037037037
1 0.5996348461137193 0.6791666666666667 0.01617110067814293 0.05648148148148148
1 0.7579551382368284 0.7328703703703704 0.018779342723004695 0.037037037037037035
1 0.1322378716744914 0.7842592592592592 0.02764736567553469 0.05555555555555555
1 0.8377673448095984 0.750462962962963 0.02608242044861763 0.03148148148148148
1 0.0912884715701617 0.6680555555555555 0.023995826812728223 0.06851851851851852
1 0.20552947313510694 0.7944444444444444 0.028169014084507043 0.058333333333333334
1 0.19640062597809077 0.7125 0.024517475221700575 0.05648148148148148
1 0.06781429316640585 0.6671296296296296 0.02034428794992175 0.041666666666666664
0 0.022430881585811163 0.9337962962962963 0.030777256129368807 0.06759259259259259