0 0.6444966092853417 0.3731481481481482 0.0495565988523735 0.05
1 0.4381846635367762 0.37407407407407406 0.03338549817423057 0.049074074074074076
1 0.5975482524778299 0.10740740740740741 0.03547209181011998 0.06111111111111111
1 0.698226395409494 0.18611111111111112 0.03495044340114763 0.05925925925925926
0 0.6421491914449661 0.4361111111111111 0.046948356807511735 0.04537037037037037
1 0.40271257172665625 0.37407407407407406 0.029212310902451747 0.06481481481481481
0 0.698226395409494 0.48518518518518516 0.053208137715179966 0.044444444444444446
1 0.8414188836724048 0.11296296296296296 0.027125717266562335 0.05555555555555555
1 0.6215440792905582 0.5717592592592593 0.027125717266562335 0.06574074074074074
1 0.9535732916014606 0.6587962962962963 0.028169014084507043 0.06111111111111111
1 0.6278038601982264 0.27314814814814814 0.02190923317683881 0.075
1 0.34637454355764213 0.4097222222222222 0.023995826812728223 0.08518518518518518
1 0.2842983828899322 0.16574074074074074 0.03547209181011998 0.06296296296296296
0 0.20031298904538342 0.46944444444444444 0.05112154407929056 0.04351851851851852
1 0.16927490871152842 0.40046296296296297 0.03495044340114763 0.08055555555555556
0 0.8304642670839854 0.4425925925925926 0.054773082942097026 0.04814814814814815
0 0.13302034428794993 0.5083333333333333 0.051643192488262914 0.040740740740740744
1 0.34089723526343246 0.03287037037037037 0.030777256129368807 0.053703703703703705
1 0.9877412623891497 0.6574074074074074 0.022952529994783515 0.053703703703703705
0 0.26134585289514867 0.5254629629629629 0.04121022430881586 0.06296296296296296
1 0.520605112154408 0.9402777777777778 0.014606155451225874 0.062037037037037036
1 0.8841940532081377 0.7421296296296296 0.02190923317683881 0.06851851851851852
1 0.5628586332811685 0.31527777777777777 0.027125717266562335 0.05462962962962963
1 0.4360980699008868 0.24675925925925926 0.024517475221700575 0.06018518518518518
1 0.8667188315075639 0.6689814814814815 0.03129890453834116 0.062037037037037036
0 0.34637454355764213 0.5361111111111111 0.04381846635367762 0.041666666666666664
1 0.9418362023995827 0.6087962962962963 0.028169014084507043 0.06018518518518518
1 0.16484089723526343 0.6587962962962963 0.036515388628064686 0.06574074074074074
1 0.9647887323943662 0.8106481481481481 0.022430881585811163 0.07037037037037037
1 0.7081377151799687 0.7587962962962963 0.017214397496087636 0.06296296296296296
1 0.956964006259781 0.5277777777777778 0.028169014084507043 0.06574074074074074
1 0.696661450182577 0.062037037037037036 0.03599374021909233 0.05740740740740741
1 0.35159102764736566 0.09444444444444444 0.026604068857589983 0.06111111111111111
1 0.7759520083463746 0.6273148148148148 0.026604068857589983 0.06481481481481481
1 0.2921231090245175 0.8050925925925926 0.025039123630672927 0.044444444444444446
1 0.8667188315075639 0.16666666666666666 0.03599374021909233 0.06018518518518518
1 0.6254564423578508 0.8694444444444445 0.016692749087115284 0.062037037037037036
1 0.3938445487741262 0.6824074074074075 0.0297339593114241 0.06759259259259259
1 0.40558163797600416 0.7555555555555555 0.025039123630672927 0.05925925925925926
1 0.4160146061554512 0.6361111111111111 0.024517475221700575 0.049074074074074076
1 0.800208659363589 0.3106481481481482 0.029212310902451747 0.08148148148148149
1 0.08737610850286906 0.663425925925926 0.018779342723004695 0.04259259259259259
1 0.7347417840375586 0.05277777777777778 0.03755868544600939 0.05925925925925926
1 0.23187271778821075 0.7384259259259259 0.020865936358894107 0.06481481481481481
1 0.3302034428794992 0.6263888888888889 0.027125717266562335 0.05925925925925926
1 0.5498174230568597 0.7222222222222222 0.01773604590505999 0.06018518518518518
1 0.02269170579029734 0.07962962962962963 0.03129890453834116 0.05648148148148148
0 0.40271257172665625 0.475 0.0505998956703182 0.04259259259259259
1 0.7183098591549296 0.6236111111111111 0.023995826812728223 0.046296296296296294
1 0.25039123630672927 0.7893518518518519 0.024517475221700575 0.05925925925925926
1 0.2874282733437663 0.7087962962962963 0.019300991131977047 0.06481481481481481
1 0.5396452790818989 0.6430555555555556 0.018257694314032343 0.06759259259259259
1 0.6932707355242567 0.575925925925926 0.018779342723004695 0.07592592592592592
1 0.44366197183098594 0.7064814814814815 0.025039123630672927 0.06574074074074074
1 0.8325508607198748 0.7087962962962963 0.023474178403755867 0.06574074074074074
1 0.07876890975482524 0.7476851851851852 0.03286384976525822 0.06388888888888888
1 0.11606677099634846 0.7865740740740741 0.028169014084507043 0.06296296296296296
1 0.14345331246739698 0.7208333333333333 0.02190923317683881 0.06388888888888888
1 0.051382368283776736 0.7875 0.02190923317683881 0.058333333333333334
1 0.5083463745435577 0.7 0.022952529994783515 0.058333333333333334
1 0.18648930620761606 0.7856481481481481 0.028690662493479395 0.05648148148148148
1 0.7284820031298904 0.9018518518518519 0.01773604590505999 0.07222222222222222
1 0.49139280125195617 0.6481481481481481 0.017214397496087636 0.06296296296296296
1 0.7425665101721439 0.6717592592592593 0.02556077203964528 0.06296296296296296
1 0.4700052164840897 0.6583333333333333 0.01773604590505999 0.06018518518518518
1 0.8145539906103286 0.7481481481481481 0.02190923317683881 0.06018518518518518
0 0.8056859676577987 0.38564814814814813 0.0505998956703182 0.05
1 0.6092853416797078 0.7856481481481481 0.025039123630672927 0.06944444444444445
1 0.6768388106416275 0.6574074074074074 0.026604068857589983 0.04722222222222222
1 0.661189358372457 0.7287037037037037 0.022430881585811163 0.06759259259259259
1 0.6186750130412102 0.6018518518518519 0.0297339593114241 0.03981481481481482
1 0.7749087115284299 0.6773148148148148 0.023995826812728223 0.046296296296296294
1 0.8588941053729786 0.8273148148148148 0.02190923317683881 0.06574074074074074
1 0.47522170057381324 0.14305555555555555 0.020865936358894107 0.05740740740740741
1 0.6703182055294732 0.7949074074074074 0.024517475221700575 0.0712962962962963
1 0.8124673969744393 0.8217592592592593 0.025039123630672927 0.0787037037037037
1 0.022430881585811163 0.7476851851851852 0.029212310902451747 0.05740740740740741
1 0.41653625456442356 0.3023148148148148 0.027125717266562335 0.05277777777777778
1 0.3508085550339071 0.7388888888888889 0.027125717266562335 0.05
1 0.4747000521648409 0.21574074074074073 0.03129890453834116 0.05925925925925926
1 0.5419926969222744 0.7592592592592593 0.02138758476786646 0.044444444444444446
1 0.5140845070422535 0.7574074074074074 0.01773604590505999 0.044444444444444446
1 0.6695357329160146 0.8606481481481482 0.01773604590505999 0.05555555555555555
1 0.4903495044340115 0.7833333333333333 0.020865936358894107 0.08703703703703704
1 0.6791862284820032 0.8986111111111111 0.018779342723004695 0.04537037037037037
1 0.31872717788210747 0.6578703703703703 0.027125717266562335 0.041666666666666664