1 0.673828125 0.3919647216796875 0.033721923828125 0.06852340698242188
1 0.52880859375 0.318511962890625 0.0289764404296875 0.06776504516601563
0 0.8984375 0.54342041015625 0.0345458984375 0.061589813232421874
1 0.84716796875 0.4019317626953125 0.0258636474609375 0.06727752685546876
0 0.65380859375 0.578955078125 0.044189453125 0.04227867126464844
0 0.51123046875 0.5182861328125 0.047607421875 0.04650382995605469
0 0.580078125 0.536053466796875 0.04083251953125 0.047858047485351565
1 0.5478515625 0.791729736328125 0.0293731689453125 0.05882720947265625
1 0.387939453125 0.2329254150390625 0.02508544921875 0.0639190673828125
0 0.716796875 0.48621826171875 0.053802490234375 0.047397613525390625
1 0.693359375 0.84676513671875 0.0232391357421875 0.05579376220703125
1 0.40869140625 0.731927490234375 0.0312042236328125 0.05476455688476563
1 0.92822265625 0.17041473388671874 0.0252685546875 0.07101516723632813
0 0.4375 0.500518798828125 0.0537109375 0.05403327941894531
1 0.89208984375 0.4331329345703125 0.0213623046875 0.054954147338867186
1 0.462890625 0.630523681640625 0.034027099609375 0.06727752685546876
1 0.2113037109375 0.189373779296875 0.0261993408203125 0.0537353515625
0 0.0999755859375 0.45848388671875 0.0526123046875 0.0448516845703125
0 0.71923828125 0.621856689453125 0.053009033203125 0.06787338256835937
1 0.68798828125 0.18384857177734376 0.01953125 0.06662750244140625
1 0.6611328125 0.26954345703125 0.0254669189453125 0.07399444580078125
1 0.29248046875 0.8718994140625 0.0369873046875 0.053437423706054685
1 0.1905517578125 0.79302978515625 0.03167724609375 0.08249893188476562
1 0.3291015625 0.3191619873046875 0.0239105224609375 0.06906509399414062
1 0.98046875 0.2108245849609375 0.03533935546875 0.075836181640625
1 0.3125 0.25047607421875 0.0224151611328125 0.0665191650390625
1 0.36083984375 0.78609619140625 0.024749755859375 0.05154151916503906
1 0.89892578125 0.11429595947265625 0.0290374755859375 0.05963973999023438
1 0.1689453125 0.33367919921875 0.0287017822265625 0.08201141357421875
1 0.495361328125 0.3551300048828125 0.022674560546875 0.07540283203125
1 0.79345703125 0.3828643798828125 0.03021240234375 0.05731048583984375
1 0.2149658203125 0.12014617919921874 0.01450347900390625 0.04923934936523437
1 0.8681640625 0.2142913818359375 0.02606201171875 0.065869140625
1 0.1358642578125 0.29554443359375 0.0364990234375 0.059856414794921875
1 0.70166015625 0.2710601806640625 0.0245208740234375 0.06251068115234375
1 0.5048828125 0.242242431640625 0.01751708984375 0.0606689453125
1 0.830078125 0.2714935302734375 0.019683837890625 0.055902099609375
1 0.1893310546875 0.24700927734375 0.0213623046875 0.05687713623046875
1 0.08251953125 0.1588226318359375 0.0214080810546875 0.04227867126464844
1 0.1473388671875 0.724560546875 0.0360107421875 0.078436279296875
1 0.732421875 0.3438629150390625 0.020599365234375 0.06332321166992187
1 0.286376953125 0.2134246826171875 0.014617919921875 0.05731048583984375
1 0.763671875 0.44981689453125 0.0240936279296875 0.05465621948242187
1 0.75341796875 0.6794921875 0.0295867919921875 0.0578521728515625
1 0.888671875 0.298577880859375 0.0202484130859375 0.05882720947265625
1 0.244140625 0.1497222900390625 0.0204925537109375 0.050566482543945315
1 0.498779296875 0.66649169921875 0.0263519287109375 0.06440658569335937
1 0.62353515625 0.19879913330078125 0.017913818359375 0.062023162841796875
1 0.7734375 0.1995574951171875 0.02215576171875 0.051622772216796876
1 0.775390625 0.2814605712890625 0.024139404296875 0.06429824829101563
1 0.55078125 0.1692230224609375 0.0163421630859375 0.0647857666015625
1 0.751953125 0.09999542236328125 0.019378662109375 0.05666046142578125
1 0.2076416015625 0.2762603759765625 0.022369384765625 0.0656524658203125
1 0.90966796875 0.258709716796875 0.030670166015625 0.06765670776367187
1 0.423095703125 0.3013946533203125 0.0173797607421875 0.048047637939453124
1 0.6416015625 0.325445556640625 0.0185089111328125 0.06077728271484375
1 0.06396484375 0.2329254150390625 0.022796630859375 0.03204078674316406
1 0.399169921875 0.815997314453125 0.019561767578125 0.04669342041015625
1 0.311279296875 0.3806976318359375 0.0211639404296875 0.06121063232421875
1 0.8203125 0.3260955810546875 0.0220794677734375 0.068035888671875
1 0.96240234375 0.03217620849609375 0.01763916015625 0.06429824829101563
1 0.865234375 0.34234619140625 0.0236968994140625 0.06944427490234376
1 0.89501953125 0.3744140625 0.0301055908203125 0.04980812072753906
1 0.92529296875 0.3200286865234375 0.024658203125 0.042061996459960935
1 0.01233673095703125 0.2805938720703125 0.023101806640625 0.0647857666015625
1 0.376708984375 0.12274627685546875 0.0153045654296875 0.04173698425292969
1 0.28173828125 0.771795654296875 0.0190887451171875 0.045203781127929686
1 0.493896484375 0.29034423828125 0.0205230712890625 0.06251068115234375
1 0.1798095703125 0.205841064453125 0.0323486328125 0.040247344970703126
1 0.5986328125 0.148638916015625 0.01306915283203125 0.05839385986328125