0 0.5947265625 0.445916748046875 0.0271148681640625 0.061102294921875
1 0.30224609375 0.3910980224609375 0.0328369140625 0.06548995971679687
1 0.25341796875 0.341046142578125 0.033966064453125 0.068035888671875
0 0.087890625 0.464117431640625 0.033203125 0.0537353515625
1 0.1976318359375 0.70115966796875 0.0217437744140625 0.06624832153320312
0 0.837890625 0.596722412109375 0.060516357421875 0.06251068115234375
0 0.37060546875 0.55382080078125 0.02838134765625 0.062835693359375
1 0.43798828125 0.3733306884765625 0.0303802490234375 0.06418991088867188
0 0.401611328125 0.4662841796875 0.044525146484375 0.05731048583984375
1 0.720703125 0.835931396484375 0.036773681640625 0.08786163330078126
1 0.7763671875 0.275177001953125 0.0209197998046875 0.061589813232421874
1 0.2646484375 0.219708251953125 0.0190887451171875 0.05476455688476563
1 0.045196533203125 0.322412109375 0.0310211181640625 0.06841506958007812
1 0.66748046875 0.3761474609375 0.0235137939453125 0.0673858642578125
1 0.69189453125 0.2142913818359375 0.01763916015625 0.06381072998046874
1 0.47314453125 0.39088134765625 0.01678466796875 0.06489410400390624
1 0.82470703125 0.3581634521484375 0.0272674560546875 0.0686859130859375
1 0.78125 0.406915283203125 0.03228759765625 0.08509902954101563
0 0.82177734375 0.497052001953125 0.0312042236328125 0.05403327941894531
0 0.7744140625 0.640057373046875 0.052703857421875 0.04942893981933594
1 0.41748046875 0.287744140625 0.0222015380859375 0.0561187744140625
1 0.6396484375 0.2298919677734375 0.029083251953125 0.04436416625976562
1 0.1883544921875 0.251776123046875 0.0240478515625 0.05384368896484375
1 0.4638671875 0.3104949951171875 0.017578125 0.06418991088867188
0 0.755859375 0.364447021484375 0.051666259765625 0.044689178466796875
1 0.09912109375 0.8580322265625 0.03326416015625 0.055902099609375
1 0.64599609375 0.15264739990234374 0.0192413330078125 0.06662750244140625
1 0.30126953125 0.2775604248046875 0.0241851806640625 0.06180648803710938
1 0.8701171875 0.3802642822265625 0.0245208740234375 0.06879425048828125
0 0.402587890625 0.5217529296875 0.024383544921875 0.0504852294921875
1 0.708984375 0.276910400390625 0.0279083251953125 0.0656524658203125
1 0.974609375 0.2929443359375 0.03179931640625 0.05882720947265625
1 0.95654296875 0.2350921630859375 0.02532958984375 0.060506439208984374
1 0.68408203125 0.1375885009765625 0.0240020751953125 0.058935546875
1 0.7548828125 0.13509674072265626 0.02069091796875 0.06321487426757813
1 0.98193359375 0.4489501953125 0.034088134765625 0.06700668334960938
1 0.8857421875 0.302911376953125 0.0238189697265625 0.06489410400390624
1 0.7333984375 0.2329254150390625 0.02288818359375 0.06169815063476562
1 0.34619140625 0.275177001953125 0.02484130859375 0.0855865478515625
1 0.485595703125 0.89530029296875 0.0360107421875 0.05362701416015625
1 0.03753662109375 0.3949981689453125 0.041229248046875 0.08672409057617188
1 0.0219879150390625 0.21548309326171874 0.0272674560546875 0.038080596923828126
0 0.316162109375 0.807763671875 0.053009033203125 0.0686859130859375
1 0.9287109375 0.15568084716796876 0.031982421875 0.05029563903808594
1 0.93701171875 0.298577880859375 0.0228424072265625 0.06613998413085938
1 0.9755859375 0.8996337890625 0.033660888671875 0.07193603515625
0 0.962890625 0.71416015625 0.0616455078125 0.088836669921875
1 0.83740234375 0.2567596435546875 0.0209197998046875 0.0656524658203125