0 0.783203125 0.5629340277777778 0.05023193359375 0.047661675347222224
0 0.67236328125 0.3116319444444444 0.046722412109375 0.04188368055555555
0 0.5869140625 0.4171006944444444 0.045440673828125 0.039632161458333336
0 0.86669921875 0.3463541666666667 0.044525146484375 0.044596354166666664
0 0.358154296875 0.5512152777777778 0.05023193359375 0.04163953993055555
0 0.95263671875 0.5551215277777778 0.050811767578125 0.04275173611111111
0 0.2437744140625 0.6006944444444444 0.050811767578125 0.04250759548611111
0 0.9287109375 0.4149305555555556 0.047515869140625 0.047661675347222224
0 0.305908203125 0.33984375 0.04052734375 0.05783420138888889
0 0.1981201171875 0.4730902777777778 0.0482177734375 0.04299587673611111
0 0.33035714285714296 0.4629629629629632 0.05357142857142859 0.05555555555555555
0 0.0196075439453125 0.4095052083333333 0.0364990234375 0.05311414930555555
0 0.20200892857142863 0.29100529100529104 0.04985119047619045 0.050264550264550206