0 0.8212890625 0.4479166666666667 0.049224853515625 0.045355902777777776
0 0.6787109375 0.5386284722222222 0.04840087890625 0.047309027777777776
0 0.26904296875 0.3695746527777778 0.0489501953125 0.046576605902777776
0 0.9033203125 0.6623263888888888 0.05499267578125 0.045979817708333336
0 0.385009765625 0.5568576388888888 0.0282745361328125 0.06212022569444445
0 0.49072265625 0.4991319444444444 0.045257568359375 0.04416232638888889
0 0.9697265625 0.4561631944444444 0.05224609375 0.043755425347222224
0 0.0247039794921875 0.4155815972222222 0.04779052734375 0.042426215277777776
0 0.459716796875 0.4149305555555556 0.04376220703125 0.04163953993055555
0 0.029876708984375 0.5525173611111112 0.038116455078125 0.06331380208333333
0 0.57666015625 0.5047743055555556 0.04559326171875 0.047200520833333336
0 0.443603515625 0.318359375 0.040618896484375 0.040934244791666664