0 0.028125 0.4486111111111111 0.05364583333333333 0.04351851851851852
0 0.34348958333333335 0.375 0.0484375 0.03888888888888889
0 0.22916666666666666 0.37824074074074077 0.04635416666666667 0.041666666666666664
0 0.2643229166666667 0.4439814814814815 0.052083333333333336 0.040740740740740744
0 0.4986979166666667 0.34953703703703703 0.04583333333333333 0.04259259259259259
0 0.0453125 0.34953703703703703 0.052083333333333336 0.04351851851851852
0 0.7450520833333333 0.3060185185185185 0.04583333333333333 0.04722222222222222
0 0.8208333333333333 0.7712962962962963 0.051041666666666666 0.05740740740740741
0 0.09505208333333333 0.5476851851851852 0.03333333333333333 0.05277777777777778
0 0.3419270833333333 0.6342592592592593 0.04114583333333333 0.06851851851851852
0 0.57421875 0.12129629629629629 0.019791666666666666 0.06944444444444445