1 0.4449660928534168 0.6351851851851852 0.024517475221700575 0.05925925925925926
1 0.6283255086071987 0.6518518518518519 0.02764736567553469 0.05740740740740741
1 0.6353677621283255 0.8819444444444444 0.020865936358894107 0.06388888888888888
1 0.5936358894105372 0.02824074074074074 0.03234220135628586 0.049074074074074076
1 0.29003651538862807 0.7060185185185185 0.018779342723004695 0.05462962962962963
0 0.7905581637976005 0.44675925925925924 0.054773082942097026 0.044444444444444446
0 0.6395409494001043 0.43287037037037035 0.05216484089723526 0.06111111111111111
1 0.6820552947313511 0.5421296296296296 0.026604068857589983 0.06388888888888888
1 0.6645800730307773 0.5902777777777778 0.02556077203964528 0.06666666666666667
1 0.284037558685446 0.7532407407407408 0.02034428794992175 0.05
1 0.1499739175795514 0.17083333333333334 0.02034428794992175 0.06574074074074074
1 0.582942097026604 0.7467592592592592 0.022952529994783515 0.07037037037037037
1 0.6048513302034428 0.6912037037037037 0.026604068857589983 0.06018518518518518
1 0.8492436098069901 0.7796296296296297 0.020865936358894107 0.06666666666666667
1 0.5425143453312468 0.7412037037037037 0.02190923317683881 0.06481481481481481
1 0.7686489306207616 0.5675925925925925 0.03182055294731351 0.053703703703703705
1 0.8857589984350548 0.21342592592592594 0.03129890453834116 0.062037037037037036
1 0.6630151278038602 0.8925925925925926 0.01617110067814293 0.07407407407407407
1 0.7733437663015128 0.6958333333333333 0.025039123630672927 0.05462962962962963
1 0.3002086593635889 0.6685185185185185 0.020865936358894107 0.06296296296296296
1 0.7616066770996348 0.7555555555555555 0.029212310902451747 0.07037037037037037
1 0.9872196139801773 0.6592592592592592 0.02556077203964528 0.062037037037037036
1 0.14371413667188315 0.6601851851851852 0.029212310902451747 0.05925925925925926
1 0.6152842983828899 0.8069444444444445 0.022952529994783515 0.07037037037037037
1 0.8985393844548775 0.7893518518518519 0.02190923317683881 0.06018518518518518
1 0.8414188836724048 0.07592592592592592 0.03129890453834116 0.053703703703703705
1 0.696661450182577 0.5777777777777777 0.020865936358894107 0.06851851851851852
1 0.8823682837767345 0.625462962962963 0.023474178403755867 0.06388888888888888
1 0.11971830985915492 0.7018518518518518 0.023995826812728223 0.05555555555555555
1 0.29577464788732394 0.7666666666666667 0.024517475221700575 0.05185185185185185
1 0.5625978090766823 0.65 0.022952529994783515 0.05185185185185185
1 0.9293166405842462 0.49537037037037035 0.03286384976525822 0.06296296296296296
1 0.47548252477829944 0.7083333333333334 0.02556077203964528 0.05462962962962963
1 0.7861241523213354 0.1699074074074074 0.02608242044861763 0.05648148148148148
1 0.16223265519040167 0.7560185185185185 0.022952529994783515 0.06388888888888888
1 0.1872717788210746 0.725 0.026604068857589983 0.053703703703703705
1 0.8711528429838289 0.5731481481481482 0.02190923317683881 0.06574074074074074
1 0.8114241001564946 0.7736111111111111 0.023474178403755867 0.06388888888888888
0 0.4700052164840897 0.2847222222222222 0.0505998956703182 0.046296296296296294
1 0.9076682316118936 0.7050925925925926 0.02608242044861763 0.06018518518518518
1 0.9400104329681794 0.799074074074074 0.026604068857589983 0.07314814814814814
1 0.8067292644757433 0.6356481481481482 0.023995826812728223 0.06388888888888888
1 0.2180490349504434 0.7194444444444444 0.022430881585811163 0.05925925925925926
1 0.9702660406885759 0.5504629629629629 0.028690662493479395 0.06481481481481481
1 0.6948356807511737 0.6268518518518519 0.0198226395409494 0.05277777777777778
1 0.5795513823682837 0.8916666666666667 0.015127803860198226 0.06296296296296296
1 0.6270213875847679 0.7444444444444445 0.01564945226917058 0.07222222222222222
1 0.18362023995826812 0.8226851851851852 0.022430881585811163 0.06111111111111111
1 0.7949921752738655 0.13472222222222222 0.023474178403755867 0.05740740740740741
1 0.9345331246739698 0.5949074074074074 0.038601982263954095 0.06851851851851852
1 0.8789775691184142 0.23935185185185184 0.027125717266562335 0.05740740740740741
1 0.7016171100678142 0.7675925925925926 0.02608242044861763 0.06296296296296296
1 0.5858111632759521 0.7893518518518519 0.018257694314032343 0.03981481481481482
1 0.04251434533124674 0.7587962962962963 0.028169014084507043 0.06111111111111111
0 0.2699530516431925 0.5509259259259259 0.053208137715179966 0.05092592592592592
1 0.130151278038602 0.021296296296296296 0.02608242044861763 0.040740740740740744
1 0.20892018779342722 0.8305555555555556 0.023995826812728223 0.06111111111111111
1 0.6087636932707355 0.9138888888888889 0.011997913406364111 0.06111111111111111
0 0.022952529994783515 0.49722222222222223 0.04590505998956703 0.04814814814814815
1 0.04590505998956703 0.6962962962962963 0.028690662493479395 0.04814814814814815
1 0.41784037558685444 0.11574074074074074 0.022952529994783515 0.058333333333333334
1 0.8578508085550339 0.6111111111111112 0.03025560772039645 0.06018518518518518
0 0.3424621804903495 0.6050925925925926 0.04538341158059468 0.058333333333333334
0 0.3304642670839854 0.32731481481481484 0.05581637976004173 0.0712962962962963
0 0.12258737610850287 0.3111111111111111 0.05372978612415232 0.06018518518518518
1 0.1640584246218049 0.19768518518518519 0.036515388628064686 0.04814814814814815
1 0.8894105372978612 0.13564814814814816 0.03129890453834116 0.06759259259259259