0 0.64892578125 0.526519775390625 0.0460205078125 0.044255828857421874
0 0.744140625 0.559454345703125 0.052520751953125 0.04758720397949219
0 0.337890625 0.486651611328125 0.0269622802734375 0.0448516845703125
1 0.84521484375 0.88489990234375 0.0369873046875 0.0574188232421875
1 0.42626953125 0.7852294921875 0.0294189453125 0.05213737487792969
0 0.9775390625 0.529119873046875 0.03753662109375 0.06879425048828125
0 0.327880859375 0.542987060546875 0.04876708984375 0.042603683471679685
1 0.5556640625 0.86236572265625 0.03662109375 0.060506439208984374
1 0.362060546875 0.2912109375 0.0232391357421875 0.063702392578125
1 0.2391357421875 0.324578857421875 0.0254669189453125 0.04669342041015625
1 0.662109375 0.3672637939453125 0.01953125 0.0639190673828125
1 0.1131591796875 0.345379638671875 0.0276947021484375 0.0561187744140625
1 0.83447265625 0.3685638427734375 0.027374267578125 0.06418991088867188
1 0.955078125 0.1774566650390625 0.03131103515625 0.06765670776367187
1 0.94140625 0.3928314208984375 0.032958984375 0.06440658569335937
0 0.82421875 0.612322998046875 0.05572509765625 0.04704551696777344
1 0.5283203125 0.44981689453125 0.0177764892578125 0.06776504516601563
1 0.65283203125 0.241375732421875 0.01971435546875 0.06467742919921875
1 0.389404296875 0.4058319091796875 0.0174407958984375 0.065869140625
1 0.361328125 0.3741973876953125 0.01560211181640625 0.05579376220703125
1 0.58740234375 0.18579864501953125 0.0184326171875 0.060289764404296876
1 0.67529296875 0.10129547119140625 0.01678466796875 0.07101516723632813
1 0.69482421875 0.1861236572265625 0.0247039794921875 0.07264022827148438
1 0.55126953125 0.770928955078125 0.030731201171875 0.0565521240234375
1 0.62255859375 0.45328369140625 0.0225067138671875 0.0693359375
1 0.61962890625 0.1991241455078125 0.0153656005859375 0.06787338256835937
1 0.7841796875 0.340179443359375 0.0215301513671875 0.0561187744140625
1 0.9613186327649538 0.7611521026234567 0.03167724609375 0.058935546875
1 0.9189453125 0.95076904296875 0.035491943359375 0.06440658569335937
1 0.1798095703125 0.2686767578125 0.02484130859375 0.05311241149902344
1 0.27734375 0.2268585205078125 0.018341064453125 0.047858047485351565
1 0.5869140625 0.3633636474609375 0.02276611328125 0.060289764404296876
1 0.88525390625 0.387847900390625 0.022674560546875 0.0582855224609375
1 0.84423828125 0.46541748046875 0.03271484375 0.06121063232421875
1 0.4013671875 0.2818939208984375 0.026153564453125 0.037213897705078124
1 0.69873046875 0.3148284912109375 0.022247314453125 0.06429824829101563
0 0.043212890625 0.521319580078125 0.0509033203125 0.07334442138671875
1 0.50830078125 0.3468963623046875 0.021820068359375 0.06700668334960938
1 0.0141143798828125 0.3117950439453125 0.0280609130859375 0.06624832153320312
1 0.84033203125 0.26260986328125 0.0240936279296875 0.05579376220703125
1 0.52099609375 0.828131103515625 0.0207672119140625 0.053437423706054685
1 0.74951171875 0.47581787109375 0.0255126953125 0.047235107421875
0 0.9375 0.714593505859375 0.060516357421875 0.039245223999023436
1 0.27978515625 0.303778076171875 0.0181884765625 0.05517082214355469
1 0.78955078125 0.252642822265625 0.01525115966796875 0.047505950927734374
1 0.426025390625 0.3414794921875 0.0247955322265625 0.054547882080078124
1 0.0225830078125 0.2242584228515625 0.033599853515625 0.0639190673828125
1 0.85791015625 0.810797119140625 0.021697998046875 0.07036514282226562
1 0.51220703125 0.2849273681640625 0.0214080810546875 0.05687713623046875
1 0.779296875 0.18644866943359376 0.023101806640625 0.060506439208984374
1 0.98974609375 0.205841064453125 0.0197906494140625 0.05926055908203125
1 0.05987548828125 0.2160247802734375 0.02655029296875 0.060398101806640625
1 0.486572265625 0.974169921875 0.0230255126953125 0.048047637939453124
1 0.1048583984375 0.224041748046875 0.0266571044921875 0.0400848388671875
1 0.556640625 0.21244964599609376 0.0255126953125 0.04972686767578125
1 0.32568359375 0.2476593017578125 0.0216522216796875 0.037647247314453125
1 0.14794921875 0.21266632080078124 0.0252227783203125 0.037701416015625
0 0.94970703125 0.10129547119140625 0.030853271484375 0.068902587890625
1 0.8720703125 0.128704833984375 0.0165252685546875 0.051622772216796876
1 0.72998046875 0.1245880126953125 0.01512908935546875 0.053329086303710936
1 0.74169921875 0.248309326171875 0.0193023681640625 0.03512840270996094
1 0.98291015625 0.83463134765625 0.03265380859375 0.04536628723144531
1 0.9892578125 0.29034423828125 0.0190887451171875 0.059423065185546874
1 0.86474609375 0.266943359375 0.03179931640625 0.04219741821289062
1 0.0836181640625 0.12772979736328124 0.0174407958984375 0.03778266906738281
1 0.99169921875 0.91610107421875 0.0154876708984375 0.0513519287109375
1 0.8271484375 0.796929931640625 0.0225830078125 0.03994941711425781