0 0.60400390625 0.6983506944444444 0.047515869140625 0.06966145833333333
1 0.73046875 0.21299913194444445 0.0191650390625 0.061197916666666664
0 0.412109375 0.6493055555555556 0.060638427734375 0.05504014756944445
0 0.54150390625 0.4424913194444444 0.051544189453125 0.04391818576388889
0 0.440673828125 0.4064670138888889 0.0271759033203125 0.06391059027777778
0 0.90869140625 0.3747829861111111 0.046905517578125 0.04554578993055555
0 0.64111328125 0.3148871527777778 0.034759521484375 0.05848524305555555
0 0.390625 0.5572916666666666 0.05419921875 0.04519314236111111
0 0.1484375 0.326171875 0.049774169921875 0.037543402777777776
0 0.90576171875 0.3335503472222222 0.043212890625 0.041314019097222224
0 0.73828125 0.4674479166666667 0.05126953125 0.046576605902777776
0 0.1087646484375 0.73828125 0.056243896484375 0.057291666666666664
0 0.82666015625 0.5833333333333334 0.05242919921875 0.0700954861111111
0 0.249755859375 0.4379340277777778 0.03759765625 0.06282552083333333
0 0.1939697265625 0.3828125 0.047332763671875 0.04676649305555555
0 0.1702880859375 0.6150173611111112 0.0297088623046875 0.04812282986111111
0 0.349609375 0.3101128472222222 0.046539306640625 0.047119140625
1 0.7113095238095238 0.2142857142857143 0.02232142857142859 0.07671957671957673