0 0.45703125 0.625 0.04479166666666667 0.046296296296296294
0 0.32265625 0.5291666666666667 0.051041666666666666 0.04537037037037037
0 0.7520833333333333 0.6370370370370371 0.04791666666666667 0.04351851851851852
0 0.31354166666666666 0.649537037037037 0.046875 0.03981481481481482
0 0.5786458333333333 0.5333333333333333 0.04895833333333333 0.041666666666666664
0 0.39010416666666664 0.45092592592592595 0.03229166666666667 0.05462962962962963
0 0.05625 0.6106481481481482 0.049479166666666664 0.041666666666666664
0 0.9546875 0.7023148148148148 0.046875 0.04259259259259259
0 0.5697916666666667 0.6037037037037037 0.0453125 0.04814814814814815
0 0.8369791666666667 0.4078703703703704 0.03333333333333333 0.06851851851851852
0 0.48671875 0.16342592592592592 0.050520833333333334 0.05462962962962963