0 0.37161458333333336 0.32314814814814813 0.041666666666666664 0.04259259259259259
0 0.8263020833333333 0.3458333333333333 0.046875 0.041666666666666664
0 0.7705729166666667 0.44814814814814813 0.022916666666666665 0.05740740740740741
0 0.321875 0.4671296296296296 0.04739583333333333 0.040740740740740744
0 0.6453125 0.5277777777777778 0.029166666666666667 0.06388888888888888
0 0.09817708333333333 0.4398148148148148 0.04895833333333333 0.04259259259259259
0 0.05625 0.3648148148148148 0.04635416666666667 0.041666666666666664
0 0.44427083333333334 0.9268518518518518 0.0546875 0.06388888888888888
0 0.09713541666666667 0.7453703703703703 0.04635416666666667 0.06296296296296296
0 0.26015625 0.3902777777777778 0.04635416666666667 0.04351851851851852
0 0.32083333333333336 0.5879629629629629 0.04479166666666667 0.05462962962962963
0 0.678125 0.29814814814814816 0.04583333333333333 0.053703703703703705