0 0.72705078125 0.533453369140625 0.054107666015625 0.046341323852539064
1 0.53369140625 0.2524261474609375 0.0225067138671875 0.05622711181640625
1 0.8603515625 0.36748046875 0.03460693359375 0.06613998413085938
1 0.67626953125 0.24354248046875 0.0201416015625 0.07090682983398437
1 0.87744140625 0.884466552734375 0.038238525390625 0.0582855224609375
1 0.389892578125 0.2948944091796875 0.0278472900390625 0.06538162231445313
1 0.65625 0.45501708984375 0.0196075439453125 0.06321487426757813
1 0.3876953125 0.3780975341796875 0.017578125 0.054954147338867186
1 0.9697265625 0.3936981201171875 0.03662109375 0.06711502075195312
1 0.9130859375 0.384814453125 0.0279541015625 0.0556854248046875
1 0.64111328125 0.2008575439453125 0.01495361328125 0.07193603515625
1 0.1451416015625 0.3499298095703125 0.032470703125 0.06343154907226563
1 0.55126953125 0.3143951416015625 0.01666259765625 0.0626190185546875
1 0.63134765625 0.407781982421875 0.0230712890625 0.06776504516601563
1 0.430419921875 0.2790771484375 0.030731201171875 0.04563713073730469
1 0.4189453125 0.4071319580078125 0.0245208740234375 0.06765670776367187
0 0.83349609375 0.562054443359375 0.0352783203125 0.05213737487792969
1 0.68603515625 0.3607635498046875 0.0212860107421875 0.058935546875
0 0.92724609375 0.614056396484375 0.058013916015625 0.042603683471679685
0 0.403076171875 0.508319091796875 0.050506591796875 0.04436416625976562
1 0.71484375 0.18839874267578124 0.0236968994140625 0.072369384765625
1 0.87109375 0.457183837890625 0.03277587890625 0.07415695190429687
1 0.26513671875 0.328912353515625 0.03326416015625 0.05202903747558594
1 0.70068359375 0.10113296508789063 0.0162200927734375 0.06635665893554688
1 0.79833984375 0.3796142578125 0.02838134765625 0.08260726928710938
0 0.87255859375 0.707659912109375 0.058135986328125 0.039705657958984376
1 0.5849609375 0.8614990234375 0.037322998046875 0.061102294921875
1 0.309326171875 0.30941162109375 0.0221099853515625 0.0574188232421875
1 0.036712646484375 0.314178466796875 0.030914306640625 0.061914825439453126
1 0.81884765625 0.258709716796875 0.01678466796875 0.06310653686523438
1 0.456787109375 0.3466796875 0.01483917236328125 0.054439544677734375
1 0.7294921875 0.2918609619140625 0.0180511474609375 0.05806884765625
1 0.564453125 0.450250244140625 0.0236053466796875 0.06251068115234375
1 0.986328125 0.1752899169921875 0.02423095703125 0.07117767333984375
1 0.77734375 0.474951171875 0.03216552734375 0.05322074890136719
1 0.204345703125 0.2714935302734375 0.0266571044921875 0.05424995422363281
1 0.1658935546875 0.19706573486328124 0.023284912109375 0.06142730712890625
1 0.30078125 0.20941619873046874 0.0162200927734375 0.047235107421875
1 0.018402099609375 0.833331298828125 0.033905029296875 0.0578521728515625
1 0.07989501953125 0.21049957275390624 0.0240478515625 0.06272735595703124
1 0.57666015625 0.780462646484375 0.0274810791015625 0.06500244140625
1 0.79150390625 0.17409820556640626 0.0256195068359375 0.07399444580078125
1 0.88916015625 0.1319549560546875 0.0234222412109375 0.058935546875
1 0.89208984375 0.30074462890625 0.0260009765625 0.049537277221679686
1 0.455078125 0.823797607421875 0.0323486328125 0.06603164672851562
1 0.038818359375 0.237908935546875 0.026153564453125 0.05202903747558594
0 0.1590576171875 0.5321533203125 0.05059814453125 0.0574188232421875
1 0.95458984375 0.9585693359375 0.04217529296875 0.05963973999023438
0 0.393310546875 0.554254150390625 0.0517578125 0.04384956359863281
1 0.8544921875 0.247442626953125 0.03167724609375 0.0535186767578125
1 0.6123046875 0.18579864501953125 0.0161590576171875 0.054954147338867186
1 0.131103515625 0.2233917236328125 0.029541015625 0.03994941711425781
1 0.857421875 0.772662353515625 0.037750244140625 0.08466567993164062