1 0.28977569118414187 0.6625 0.03495044340114763 0.05740740740740741
1 0.12180490349504434 0.6527777777777778 0.03182055294731351 0.053703703703703705
0 0.7227438706311946 0.5199074074074074 0.050078247261345854 0.04537037037037037
1 0.3951486697965571 0.31157407407407406 0.020865936358894107 0.05740740740740741
1 0.896452790818988 0.8851851851851852 0.037037037037037035 0.06018518518518518
1 0.06990088680229525 0.49537037037037035 0.028169014084507043 0.06944444444444445
0 0.7655190401669275 0.5800925925925926 0.050078247261345854 0.04259259259259259
0 0.5208659363588941 0.4773148148148148 0.04590505998956703 0.04722222222222222
0 0.9063641105894628 0.562037037037037 0.05581637976004173 0.04722222222222222
0 0.8455920709441836 0.6129629629629629 0.057902973395931145 0.04722222222222222
1 0.6724047991653626 0.2916666666666667 0.020865936358894107 0.06111111111111111
0 0.2676056338028169 0.43287037037037035 0.04903495044340115 0.04537037037037037
0 0.3620239958268127 0.4671296296296296 0.0505998956703182 0.05092592592592592
0 0.4572248304642671 0.5148148148148148 0.046948356807511735 0.040740740740740744
1 0.8578508085550339 0.11805555555555555 0.028169014084507043 0.058333333333333334
1 0.07981220657276995 0.8055555555555556 0.03338549817423057 0.062037037037037036
0 0.027908189880020865 0.4185185185185185 0.03286384976525822 0.06574074074074074
0 0.6064162754303599 0.5893518518518519 0.04590505998956703 0.049074074074074076
0 0.50886802295253 0.5523148148148148 0.046948356807511735 0.04722222222222222
1 0.9019300991131977 0.45 0.027125717266562335 0.053703703703703705
1 0.6825769431403235 0.39490740740740743 0.025039123630672927 0.06666666666666667
0 0.34220135628586335 0.5259259259259259 0.04747000521648409 0.049074074074074076
1 0.4337506520605112 0.3416666666666667 0.017214397496087636 0.06481481481481481
1 0.11763171622326551 0.35 0.03338549817423057 0.04722222222222222
1 0.8560250391236307 0.7537037037037037 0.029212310902451747 0.06018518518518518
1 0.13954094940010434 0.6837962962962963 0.025039123630672927 0.062037037037037036
0 0.10328638497652583 0.5796296296296296 0.046948356807511735 0.062037037037037036
1 0.44835680751173707 0.3875 0.015127803860198226 0.06481481481481481
1 0.795774647887324 0.10601851851851851 0.020865936358894107 0.062037037037037036
1 0.1499739175795514 0.8319444444444445 0.03286384976525822 0.06296296296296296
1 0.1609285341679708 0.7708333333333334 0.03912363067292645 0.05648148148148148
1 0.8192488262910798 0.14074074074074075 0.02034428794992175 0.06296296296296296
1 0.4019300991131977 0.6759259259259259 0.027125717266562335 0.06388888888888888
1 0.40375586854460094 0.5995370370370371 0.03286384976525822 0.06666666666666667
1 0.046426708398539386 0.34120370370370373 0.030777256129368807 0.05925925925925926
1 0.10693792383933229 0.26342592592592595 0.024517475221700575 0.062037037037037036
1 0.6348461137193532 0.3768518518518518 0.01773604590505999 0.05092592592592592
1 0.504434011476265 0.8282407407407407 0.02138758476786646 0.05648148148148148
1 0.7412623891497131 0.2351851851851852 0.027125717266562335 0.05925925925925926
1 0.5508607198748043 0.21064814814814814 0.024517475221700575 0.06296296296296296
1 0.3124673969744392 0.899537037037037 0.03390714658320292 0.07314814814814814
1 0.47339593114241 0.6037037037037037 0.03234220135628586 0.062037037037037036
1 0.35002608242044864 0.8027777777777778 0.029212310902451747 0.05277777777777778
1 0.5605112154407929 0.8773148148148148 0.023995826812728223 0.05277777777777778
1 0.20839853938445488 0.2810185185185185 0.026604068857589983 0.06388888888888888
1 0.4728742827334377 0.2722222222222222 0.02764736567553469 0.07222222222222222
1 0.24595722483046425 0.3435185185185185 0.0297339593114241 0.06666666666666667
1 0.30333854981742303 0.31296296296296294 0.01773604590505999 0.05092592592592592
1 0.8834115805946792 0.37407407407407406 0.0297339593114241 0.040740740740740744
1 0.16040688575899845 0.6222222222222222 0.03025560772039645 0.04814814814814815
1 0.7423056859676578 0.8907407407407407 0.027125717266562335 0.049074074074074076
1 0.7436098069900887 0.4300925925925926 0.019300991131977047 0.06296296296296296
1 0.5195618153364632 0.3148148148148148 0.02034428794992175 0.06018518518518518
1 0.8338549817423057 0.2023148148148148 0.030777256129368807 0.058333333333333334
1 0.3857589984350548 0.7402777777777778 0.0198226395409494 0.05740740740740741
1 0.9027125717266562 0.24861111111111112 0.02608242044861763 0.06759259259259259
1 0.744131455399061 0.16666666666666666 0.026604068857589983 0.06481481481481481
1 0.3127282211789254 0.35185185185185186 0.03495044340114763 0.06944444444444445
0 0.8487219613980177 0.6828703703703703 0.036515388628064686 0.06111111111111111
1 0.7895148669796557 0.45 0.020865936358894107 0.05925925925925926
1 0.6927490871152843 0.18703703703703703 0.027125717266562335 0.03888888888888889
1 0.8724569640062598 0.17407407407407408 0.027125717266562335 0.058333333333333334
1 0.2720396452790819 0.23842592592592593 0.02608242044861763 0.06111111111111111
1 0.5795513823682837 0.287962962962963 0.019300991131977047 0.06296296296296296
1 0.5195618153364632 0.9282407407407407 0.029212310902451747 0.05648148148148148
1 0.4473135106937924 0.27546296296296297 0.01773604590505999 0.06574074074074074
1 0.798904538341158 0.3333333333333333 0.03234220135628586 0.058333333333333334
1 0.6924882629107981 0.225 0.025039123630672927 0.05092592592592592
1 0.9389671361502347 0.19722222222222222 0.027125717266562335 0.07407407407407407
1 0.2047470005216484 0.1550925925925926 0.0198226395409494 0.06759259259259259
1 0.9613980177360459 0.1375 0.029212310902451747 0.06018518518518518
1 0.6131977047470005 0.2412037037037037 0.023995826812728223 0.06388888888888888
1 0.2047470005216484 0.2310185185185185 0.02764736567553469 0.05277777777777778
1 0.7728221178925404 0.2611111111111111 0.019300991131977047 0.06574074074074074
1 0.1429316640584246 0.25416666666666665 0.03547209181011998 0.05925925925925926
1 0.8398539384454877 0.34675925925925927 0.027125717266562335 0.06296296296296296
1 0.748565466875326 0.7523148148148148 0.03286384976525822 0.040740740740740744
1 0.7850808555033907 0.2833333333333333 0.03025560772039645 0.06018518518518518
1 0.7373500260824204 0.8523148148148149 0.03390714658320292 0.05277777777777778
1 0.010432968179447054 0.8976851851851851 0.020865936358894107 0.07037037037037037
1 0.3599374021909233 0.2763888888888889 0.03390714658320292 0.05277777777777778
1 0.029994783515910277 0.24583333333333332 0.03129890453834116 0.07407407407407407
1 0.7222222222222222 0.35555555555555557 0.03025560772039645 0.049074074074074076
1 0.809076682316119 0.25555555555555554 0.016692749087115284 0.05277777777777778
1 0.07407407407407407 0.22685185185185186 0.03182055294731351 0.06296296296296296
1 0.12258737610850287 0.2 0.023474178403755867 0.062037037037037036
1 0.34324465310380803 0.8398148148148148 0.020865936358894107 0.05462962962962963
1 0.863849765258216 0.2449074074074074 0.0198226395409494 0.05740740740740741
1 0.266301512780386 0.28888888888888886 0.03129890453834116 0.058333333333333334
1 0.8706311945748565 0.30787037037037035 0.03286384976525822 0.03981481481481482
1 0.4767866458007303 0.21157407407407408 0.017214397496087636 0.053703703703703705
1 0.8646322378716745 0.3439814814814815 0.02608242044861763 0.03981481481481482
1 0.8954094940010433 0.7861111111111111 0.036515388628064686 0.05740740740740741
1 0.39593114241001565 0.23935185185185184 0.01773604590505999 0.07407407407407407
1 0.6118935837245696 0.2111111111111111 0.018779342723004695 0.03981481481481482
1 0.7543035993740219 0.3101851851851852 0.030777256129368807 0.05092592592592592
1 0.27073552425665104 0.18518518518518517 0.028690662493479395 0.04259259259259259
1 0.23526343244653103 0.30277777777777776 0.0198226395409494 0.040740740740740744
1 0.9676577986437142 0.047685185185185185 0.018779342723004695 0.0712962962962963
1 0.1398017736045905 0.1884259259259259 0.027125717266562335 0.04722222222222222
1 0.9105372978612415 0.12037037037037036 0.03025560772039645 0.03981481481481482
1 0.9092331768388107 0.16157407407407406 0.0297339593114241 0.05648148148148148
0 0.9814814814814815 0.5328703703703703 0.03442879499217527 0.07777777777777778
1 0.03103808033385498 0.16296296296296298 0.03442879499217527 0.05925925925925926
1 0.6371935315597287 0.1837962962962963 0.01617110067814293 0.05740740740740741
1 0.5057381324986959 0.7222222222222222 0.029212310902451747 0.06296296296296296