0 0.45989583333333334 0.5800925925925926 0.0421875 0.0712962962962963
0 0.8075520833333333 0.4675925925925926 0.0546875 0.05277777777777778
0 0.69140625 0.7537037037037037 0.050520833333333334 0.07592592592592592
0 0.8328125 0.41064814814814815 0.027604166666666666 0.06296296296296296
0 0.86484375 0.3148148148148148 0.049479166666666664 0.05185185185185185
0 0.5268229166666667 0.45185185185185184 0.04791666666666667 0.044444444444444446
1 0.33932291666666664 0.1712962962962963 0.021354166666666667 0.0712962962962963
0 0.32578125 0.36898148148148147 0.04375 0.04351851851851852
0 0.31979166666666664 0.3263888888888889 0.044270833333333336 0.04259259259259259
0 0.8263020833333333 0.24675925925925926 0.04583333333333333 0.037037037037037035
0 0.05364583333333333 0.2847222222222222 0.04739583333333333 0.041666666666666664
0 0.1328125 0.5787037037037037 0.05677083333333333 0.05185185185185185
0 0.26614583333333336 0.4962962962962963 0.0296875 0.05925925925925926
0 0.07369791666666667 0.337037037037037 0.050520833333333334 0.041666666666666664
0 0.97578125 0.5518518518518518 0.035416666666666666 0.06111111111111111
0 0.6177083333333333 0.31851851851851853 0.046875 0.03981481481481482
0 0.8526041666666667 0.2652777777777778 0.03697916666666667 0.04351851851851852