0 0.8184895833333333 0.4708333333333333 0.0546875 0.041666666666666664
0 0.5669270833333333 0.3375 0.04895833333333333 0.04259259259259259
0 0.6627604166666666 0.41759259259259257 0.051041666666666666 0.04351851851851852
0 0.6072916666666667 0.4666666666666667 0.04895833333333333 0.04259259259259259
0 0.3890625 0.40879629629629627 0.04583333333333333 0.04259259259259259
0 0.8294270833333334 0.33240740740740743 0.04583333333333333 0.04259259259259259
0 0.9505208333333334 0.487962962962963 0.0515625 0.04259259259259259
0 0.49661458333333336 0.4527777777777778 0.0484375 0.04351851851851852
0 0.8950520833333333 0.35138888888888886 0.043229166666666666 0.06481481481481481
0 0.48333333333333334 0.5787037037037037 0.04583333333333333 0.06574074074074074
0 0.47760416666666666 0.39675925925925926 0.04791666666666667 0.046296296296296294
0 0.565625 0.6388888888888888 0.05260416666666667 0.03888888888888889
0 0.9359375 0.5962962962962963 0.053125 0.03981481481481482
0 0.49375 0.2953703703703704 0.018229166666666668 0.05
0 0.45078125 0.14629629629629629 0.016145833333333335 0.046296296296296294
0 0.24322916666666666 0.6666666666666666 0.051041666666666666 0.05555555555555555