1 0.06651017214397496 0.40694444444444444 0.03234220135628586 0.06851851851851852
1 0.7342201356285863 0.3680555555555556 0.023474178403755867 0.06944444444444445
1 0.2686489306207616 0.5148148148148148 0.03338549817423057 0.06388888888888888
0 0.6403234220135628 0.5064814814814815 0.0505998956703182 0.04537037037037037
1 0.10406885758998435 0.38425925925925924 0.03129890453834116 0.06851851851851852
0 0.564945226917058 0.5546296296296296 0.05268648930620762 0.04537037037037037
0 0.9175795513823682 0.4462962962962963 0.029212310902451747 0.053703703703703705
1 0.16066770996348462 0.3787037037037037 0.023995826812728223 0.06666666666666667
1 0.6961398017736046 0.8092592592592592 0.022430881585811163 0.058333333333333334
1 0.3823682837767345 0.17592592592592593 0.02034428794992175 0.06759259259259259
0 0.19770474700052165 0.6041666666666666 0.05738132498695879 0.0712962962962963
1 0.8341158059467919 0.28379629629629627 0.026604068857589983 0.062037037037037036
1 0.8622848200312989 0.25787037037037036 0.027125717266562335 0.06481481481481481
1 0.27047470005216484 0.3638888888888889 0.028169014084507043 0.062037037037037036
1 0.5850286906624935 0.8115740740740741 0.028169014084507043 0.053703703703703705
1 0.7102243088158581 0.40046296296296297 0.030777256129368807 0.06944444444444445
1 0.41158059467918623 0.3537037037037037 0.02190923317683881 0.05925925925925926
1 0.3510693792383933 0.11296296296296296 0.017214397496087636 0.06018518518518518
1 0.28038601982263955 0.8666666666666667 0.03547209181011998 0.05648148148148148
0 0.041992696922274385 0.5902777777777778 0.03495044340114763 0.05092592592592592
1 0.04877412623891497 0.8587962962962963 0.04434011476264997 0.06018518518518518
1 0.23082942097026604 0.3902777777777778 0.0297339593114241 0.058333333333333334
1 0.7532603025560772 0.28564814814814815 0.027125717266562335 0.06666666666666667
0 0.6116327595200834 0.6083333333333333 0.03286384976525822 0.06388888888888888
1 0.9840897235263433 0.22037037037037038 0.03129890453834116 0.06018518518518518
1 0.25925925925925924 0.7921296296296296 0.02556077203964528 0.05648148148148148
1 0.4300991131977048 0.22870370370370371 0.022430881585811163 0.06944444444444445
1 0.38810641627543035 0.2777777777777778 0.02556077203964528 0.05925925925925926
1 0.5886802295253 0.33194444444444443 0.023474178403755867 0.06481481481481481
1 0.32759520083463745 0.3824074074074074 0.0297339593114241 0.06018518518518518
0 0.9256651017214398 0.5083333333333333 0.048513302034428794 0.04259259259259259
1 0.9207094418362024 0.26296296296296295 0.025039123630672927 0.05462962962962963
1 0.023995826812728223 0.24074074074074073 0.03182055294731351 0.08333333333333333
1 0.15284298382889933 0.1587962962962963 0.029212310902451747 0.06574074074074074
1 0.2300469483568075 0.9310185185185185 0.037037037037037035 0.05925925925925926
1 0.7094418362023995 0.25416666666666665 0.0297339593114241 0.0712962962962963
1 0.4295774647887324 0.09398148148148149 0.015127803860198226 0.06759259259259259
1 0.3656755346896192 0.45092592592592595 0.02764736567553469 0.06296296296296296
1 0.7576943140323422 0.2152777777777778 0.028690662493479395 0.06574074074074074
1 0.4903495044340115 0.43796296296296294 0.03338549817423057 0.06111111111111111
1 0.1298904538341158 0.3365740740740741 0.02190923317683881 0.04814814814814815
1 0.5639019300991132 0.6981481481481482 0.02138758476786646 0.05555555555555555
1 0.107981220657277 0.2300925925925926 0.022952529994783515 0.0712962962962963
1 0.797339593114241 0.1824074074074074 0.02556077203964528 0.06388888888888888
1 0.12754303599374023 0.913425925925926 0.03755868544600939 0.04722222222222222
1 0.24700052164840897 0.2449074074074074 0.028169014084507043 0.05555555555555555
1 0.10485133020344288 0.7032407407407407 0.03599374021909233 0.05
1 0.2996870109546166 0.9763888888888889 0.018257694314032343 0.04722222222222222
1 0.4791340636411059 0.24444444444444444 0.023995826812728223 0.053703703703703705
1 0.5096504955659885 0.3347222222222222 0.02034428794992175 0.05555555555555555
1 0.12832550860719874 0.8217592592592593 0.027125717266562335 0.03981481481481482
1 0.32629107981220656 0.23981481481481481 0.018779342723004695 0.06574074074074074
1 0.17814293166405842 0.7425925925925926 0.03442879499217527 0.06018518518518518
1 0.5688575899843505 0.8657407407407407 0.04121022430881586 0.0787037037037037
1 0.5706833594157538 0.27824074074074073 0.02190923317683881 0.04722222222222222
1 0.6857068335941575 0.32685185185185184 0.02190923317683881 0.05277777777777778
1 0.865414710485133 0.9791666666666666 0.027125717266562335 0.03888888888888889
1 0.30412102243088157 0.1537037037037037 0.014606155451225874 0.05185185185185185
1 0.22952529994783516 0.30648148148148147 0.025039123630672927 0.05555555555555555
1 0.612415232133542 0.9638888888888889 0.023474178403755867 0.05648148148148148
1 0.36071987480438183 0.23287037037037037 0.026604068857589983 0.044444444444444446
1 0.30359937402190923 0.2847222222222222 0.016692749087115284 0.05
1 0.29786124152321336 0.7412037037037037 0.03547209181011998 0.05648148148148148
1 0.9444444444444444 0.20324074074074075 0.019300991131977047 0.040740740740740744
1 0.9913928012519562 0.3388888888888889 0.017214397496087636 0.05925925925925926
0 0.05086071987480438 0.09675925925925925 0.03234220135628586 0.06944444444444445
1 0.7081377151799687 0.18425925925925926 0.0198226395409494 0.037037037037037035
1 0.2798643714136672 0.8268518518518518 0.018257694314032343 0.03333333333333333
1 0.06781429316640585 0.06527777777777778 0.016692749087115284 0.07037037037037037
1 0.5988523735002608 0.43657407407407406 0.02764736567553469 0.06111111111111111