0 0.6463541666666667 0.5259259259259259 0.043229166666666666 0.06574074074074074
1 0.8109375 0.700925925925926 0.019791666666666666 0.06388888888888888
0 0.03359375 0.5337962962962963 0.057291666666666664 0.03981481481481482
0 0.08723958333333333 0.625462962962963 0.04635416666666667 0.04537037037037037
0 0.81484375 0.5842592592592593 0.0484375 0.046296296296296294
0 0.09322916666666667 0.5856481481481481 0.050520833333333334 0.05092592592592592
0 0.5971354166666667 0.5722222222222222 0.04583333333333333 0.06666666666666667
0 0.6026041666666667 0.7537037037037037 0.043229166666666666 0.041666666666666664
0 0.49322916666666666 0.6916666666666667 0.04114583333333333 0.040740740740740744
0 0.6533854166666667 0.7231481481481481 0.028125 0.05
0 0.90625 0.45416666666666666 0.0328125 0.05277777777777778
0 0.65078125 0.6712962962962963 0.0453125 0.041666666666666664
0 0.28958333333333336 0.6944444444444444 0.04895833333333333 0.05
0 0.5484375 0.2800925925925926 0.05 0.053703703703703705
0 0.215625 0.48703703703703705 0.046875 0.05555555555555555
0 0.9692708333333333 0.2884259259259259 0.034895833333333334 0.05092592592592592
0 0.56640625 0.9018518518518519 0.019791666666666666 0.06481481481481481
1 0.7924479166666667 0.7087962962962963 0.0265625 0.06388888888888888