0 0.8471354166666667 0.42453703703703705 0.05 0.06296296296296296
0 0.6044270833333333 0.47638888888888886 0.04739583333333333 0.04259259259259259
0 0.8041666666666667 0.5236111111111111 0.046875 0.05925925925925926
0 0.8622395833333333 0.6532407407407408 0.05260416666666667 0.04722222222222222
0 0.8700520833333333 0.5726851851851852 0.051041666666666666 0.04259259259259259
1 0.5239583333333333 0.1638888888888889 0.015104166666666667 0.05555555555555555
0 0.9252604166666667 0.3388888888888889 0.049479166666666664 0.049074074074074076
0 0.63671875 0.38842592592592595 0.0484375 0.041666666666666664
0 0.81484375 0.29074074074074074 0.046875 0.04259259259259259
0 0.14453125 0.2972222222222222 0.046875 0.04351851851851852
0 0.5864583333333333 0.6902777777777778 0.034375 0.06481481481481481
1 0.5122395833333333 0.16435185185185186 0.011458333333333333 0.04722222222222222
0 0.25052083333333336 0.3851851851851852 0.043229166666666666 0.04537037037037037
0 0.44114583333333335 0.44583333333333336 0.0421875 0.04351851851851852
0 0.41458333333333336 0.37916666666666665 0.04375 0.04722222222222222
0 0.9028645833333333 0.7398148148148148 0.0515625 0.04351851851851852
0 0.43203125 0.31342592592592594 0.04375 0.03611111111111111
0 0.011197916666666667 0.350462962962963 0.021875 0.03981481481481482