0 0.144287109375 0.49921875 0.0305023193359375 0.06765670776367187
1 0.73193359375 0.489251708984375 0.028167724609375 0.06310653686523438
1 0.169677734375 0.32587890625 0.031494140625 0.063702392578125
1 0.93505859375 0.407781982421875 0.0379638671875 0.06624832153320312
1 0.7265625 0.8684326171875 0.036163330078125 0.05882720947265625
0 0.2890625 0.4662841796875 0.03314208984375 0.05953140258789062
1 0.8544921875 0.308544921875 0.0273284912109375 0.06299819946289062
1 0.73291015625 0.4079986572265625 0.0261993408203125 0.06007308959960937
1 0.8017578125 0.460650634765625 0.0328369140625 0.06749420166015625
1 0.120849609375 0.308111572265625 0.0316162109375 0.06402740478515626
1 0.52392578125 0.3962982177734375 0.0244293212890625 0.06310653686523438
1 0.6953125 0.3438629150390625 0.0182647705078125 0.063702392578125
1 0.6630859375 0.3616302490234375 0.0244293212890625 0.061102294921875
0 0.716796875 0.73236083984375 0.051849365234375 0.048399734497070315
1 0.60986328125 0.81903076171875 0.0247955322265625 0.04886016845703125
1 0.287841796875 0.352313232421875 0.026763916015625 0.05687713623046875
1 0.755859375 0.19034881591796876 0.0244293212890625 0.054872894287109376
0 0.73779296875 0.662158203125 0.05975341796875 0.0513519287109375
1 0.279296875 0.211907958984375 0.0221099853515625 0.06765670776367187
0 0.85009765625 0.74102783203125 0.050140380859375 0.03859519958496094
1 0.5380859375 0.3187286376953125 0.0185089111328125 0.06749420166015625
1 0.458984375 0.3412628173828125 0.029205322265625 0.06440658569335937
1 0.07696533203125 0.2964111328125 0.0241851806640625 0.061102294921875
1 0.77490234375 0.3733306884765625 0.02685546875 0.05839385986328125
1 0.9697265625 0.3172119140625 0.0256195068359375 0.062835693359375
0 0.74365234375 0.6049560546875 0.053009033203125 0.04452667236328125
1 0.783203125 0.27474365234375 0.02655029296875 0.065869140625
1 0.81689453125 0.19988250732421875 0.028656005859375 0.0699859619140625
1 0.55712890625 0.388714599609375 0.0230255126953125 0.061102294921875
0 0.51806640625 0.706793212890625 0.05023193359375 0.049997711181640626
1 0.68212890625 0.89443359375 0.0297088623046875 0.052435302734375
1 0.4326171875 0.3031280517578125 0.02532958984375 0.06332321166992187
1 0.60595703125 0.3900146484375 0.0301513671875 0.05709381103515625
1 0.92578125 0.3031280517578125 0.027069091796875 0.06418991088867188
1 0.20263671875 0.21234130859375 0.024993896484375 0.06576080322265625
0 0.5004469331420621 0.5711547851562498 0.045113836987249384 0.05135192871093757
1 0.0460205078125 0.22880859375 0.025177001953125 0.07274856567382812
1 0.69384765625 0.225341796875 0.0229339599609375 0.061914825439453126
1 0.7236328125 0.20161590576171876 0.0199432373046875 0.058935546875
1 0.72412109375 0.800396728515625 0.0207672119140625 0.059964752197265624
1 0.41259765625 0.2801605224609375 0.0184783935546875 0.04661216735839844
1 0.160400390625 0.235308837890625 0.0294189453125 0.05731048583984375
1 0.89697265625 0.19338226318359375 0.023468017578125 0.07486114501953126
1 0.58544921875 0.2823272705078125 0.02423095703125 0.07193603515625
1 0.83740234375 0.13444671630859376 0.030792236328125 0.05882720947265625
1 0.646484375 0.27041015625 0.0210113525390625 0.057635498046875
1 0.333984375 0.28861083984375 0.014007568359375 0.05752716064453125
1 0.7333984375 0.27734375 0.021087646484375 0.053329086303710936
1 0.2088623046875 0.85716552734375 0.03460693359375 0.05666046142578125
1 0.228271484375 0.20616607666015624 0.0263519287109375 0.04934768676757813
1 0.5068359375 0.07962799072265625 0.01495361328125 0.060398101806640625
0 0.7468266388454181 0.5493827160493826 0.053903668927143066 0.05246913580246921