1 0.050506591796875 0.37008056640625 0.037200927734375 0.05882720947265625
1 0.95166015625 0.05251655578613281 0.01678466796875 0.070635986328125
1 0.478271484375 0.398681640625 0.028106689453125 0.06613998413085938
0 0.396728515625 0.529986572265625 0.05499267578125 0.048589324951171874
1 0.08599853515625 0.71156005859375 0.03289794921875 0.05633544921875
0 0.3623046875 0.42294921875 0.048858642578125 0.042522430419921875
1 0.2371826171875 0.751861572265625 0.034942626953125 0.06451492309570313
1 0.1673583984375 0.672125244140625 0.03790283203125 0.0574188232421875
1 0.1483154296875 0.4071319580078125 0.029876708984375 0.06635665893554688
1 0.86767578125 0.328045654296875 0.021820068359375 0.06689834594726562
0 0.5224609375 0.537786865234375 0.045684814453125 0.043605804443359375
1 0.6513671875 0.7713623046875 0.021697998046875 0.054358291625976565
0 0.1175537109375 0.4766845703125 0.0504150390625 0.04758720397949219
0 0.734375 0.5494873046875 0.0300445556640625 0.06402740478515626
0 0.3896484375 0.480584716796875 0.0548095703125 0.04942893981933594
0 0.286376953125 0.604522705078125 0.0560302734375 0.0461517333984375
1 0.853515625 0.226641845703125 0.0225830078125 0.06516494750976562
1 0.80859375 0.280810546875 0.03192138671875 0.07681121826171874
1 0.323486328125 0.7626953125 0.0284423828125 0.06527328491210938
0 0.5703125 0.5772216796875 0.0482177734375 0.048399734497070315
1 0.685546875 0.3884979248046875 0.021484375 0.07009429931640625
1 0.802734375 0.685125732421875 0.0271759033203125 0.07415695190429687
1 0.923828125 0.18579864501953125 0.023651123046875 0.06169815063476562
1 0.80029296875 0.766162109375 0.027801513671875 0.06814422607421874
0 0.242919921875 0.498785400390625 0.051177978515625 0.04157447814941406
1 0.625 0.2771270751953125 0.023193359375 0.07654037475585937
1 0.06500244140625 0.769195556640625 0.040252685546875 0.05601043701171875
1 0.9013671875 0.14679718017578125 0.02044677734375 0.0695526123046875
1 0.63427734375 0.3923980712890625 0.02685546875 0.06727752685546876
1 0.48828125 0.77222900390625 0.024566650390625 0.0834197998046875
1 0.908203125 0.3553466796875 0.0330810546875 0.07264022827148438
1 0.60107421875 0.3542633056640625 0.024749755859375 0.06077728271484375
1 0.071044921875 0.286444091796875 0.03594970703125 0.06548995971679687
1 0.033477783203125 0.796063232421875 0.03436279296875 0.05709381103515625
1 0.7373046875 0.17258148193359374 0.017242431640625 0.07193603515625
1 0.80810546875 0.84156494140625 0.0235595703125 0.05601043701171875
0 0.244384765625 0.55555419921875 0.042388916015625 0.03948898315429687
1 0.919921875 0.2459259033203125 0.033538818359375 0.061914825439453126
1 0.8984375 0.86409912109375 0.0360107421875 0.054872894287109376
1 0.69970703125 0.2363922119140625 0.02386474609375 0.06180648803710938
1 0.259521484375 0.3269622802734375 0.0341796875 0.06906509399414062
1 0.52099609375 0.3269622802734375 0.0217742919921875 0.06310653686523438
1 0.82421875 0.413848876953125 0.0311431884765625 0.0565521240234375
1 0.75927734375 0.877099609375 0.03521728515625 0.044255828857421874
0 0.9345703125 0.631390380859375 0.06085205078125 0.05105400085449219
1 0.1900634765625 0.355780029296875 0.03216552734375 0.04758720397949219
1 0.95361328125 0.3026947021484375 0.03594970703125 0.06749420166015625
1 0.646484375 0.231842041015625 0.017242431640625 0.05303115844726562
1 0.2327880859375 0.849365234375 0.035400390625 0.052435302734375
1 0.052032470703125 0.21504974365234375 0.0258026123046875 0.05666046142578125
1 0.66552734375 0.95076904296875 0.0206451416015625 0.05424995422363281
1 0.477783203125 0.273876953125 0.026153564453125 0.06077728271484375
1 0.72802734375 0.3449462890625 0.029754638671875 0.049049758911132814
1 0.90283203125 0.20551605224609376 0.0229339599609375 0.070635986328125
1 0.306396484375 0.2168914794921875 0.0200653076171875 0.061102294921875
1 0.3212890625 0.321978759765625 0.0199127197265625 0.06402740478515626
1 0.10968017578125 0.335845947265625 0.028656005859375 0.06332321166992187
1 0.2021484375 0.276910400390625 0.0208892822265625 0.06765670776367187
1 0.0982666015625 0.2311920166015625 0.0220794677734375 0.06099395751953125
1 0.1492919921875 0.3286956787109375 0.02606201171875 0.06841506958007812
1 0.986328125 0.31634521484375 0.0260009765625 0.059423065185546874
1 0.250732421875 0.21808319091796874 0.0261077880859375 0.059964752197265624
1 0.50341796875 0.06489410400390624 0.01861572265625 0.0578521728515625
1 0.63330078125 0.11927947998046876 0.018402099609375 0.07090682983398437
1 0.09588623046875 0.1248046875 0.0240020751953125 0.05213737487792969
1 0.452392578125 0.316778564453125 0.0242767333984375 0.06142730712890625
1 0.205322265625 0.628790283203125 0.035888671875 0.048047637939453124
1 0.350830078125 0.257843017578125 0.0255126953125 0.048508071899414064
1 0.283447265625 0.126104736328125 0.017913818359375 0.05262489318847656
1 0.50341796875 0.84503173828125 0.01763916015625 0.05192070007324219
0 0.51171875 0.468017578125 0.048675537109375 0.05094566345214844
1 0.2418212890625 0.2680267333984375 0.020172119140625 0.052435302734375
1 0.59521484375 0.19814910888671874 0.020294189453125 0.04401206970214844
1 0.044097900390625 0.672125244140625 0.034820556640625 0.0452850341796875
1 0.82958984375 0.023929023742675783 0.01525115966796875 0.04712677001953125
1 0.1893310546875 0.247442626953125 0.01519012451171875 0.03520965576171875
0 0.97705078125 0.549053955078125 0.04107666015625 0.0448516845703125
1 0.279541015625 0.261309814453125 0.024383544921875 0.0699859619140625
0 0.97021484375 0.08482818603515625 0.03533935546875 0.06879425048828125
1 0.564453125 0.266943359375 0.0203704833984375 0.047939300537109375
1 0.217041015625 0.165972900390625 0.023773193359375 0.05192070007324219
1 0.64404296875 0.19403228759765626 0.01358795166015625 0.03932647705078125