0 0.4126238914971309 0.5013888888888889 0.02764736567553469 0.05648148148148148
1 0.6105894627021388 0.20324074074074075 0.03495044340114763 0.06018518518518518
0 0.3174230568596766 0.4583333333333333 0.0396452790818988 0.06759259259259259
1 0.2856025039123631 0.7861111111111111 0.022430881585811163 0.06388888888888888
0 0.6812728221178925 0.4222222222222222 0.05216484089723526 0.05462962962962963
0 0.7629107981220657 0.5212962962962963 0.044861763171622326 0.04722222222222222
0 0.6784037558685446 0.4773148148148148 0.0297339593114241 0.04814814814814815
0 0.9773082942097027 0.6106481481481482 0.04538341158059468 0.04537037037037037
1 0.7477829942618675 0.13287037037037036 0.036515388628064686 0.058333333333333334
0 0.625717266562337 0.5347222222222222 0.05112154407929056 0.03888888888888889
1 0.9621804903495045 0.24444444444444444 0.03755868544600939 0.06018518518518518
1 0.6557120500782473 0.27314814814814814 0.030777256129368807 0.06851851851851852
0 0.5511215440792906 0.4300925925925926 0.04277516953573292 0.075
1 0.909754825247783 0.3611111111111111 0.03390714658320292 0.05092592592592592
1 0.9757433489827856 0.45740740740740743 0.03547209181011998 0.058333333333333334
1 0.4937402190923318 0.37453703703703706 0.029212310902451747 0.06574074074074074
0 0.44001043296817943 0.4217592592592593 0.044861763171622326 0.05648148148148148
1 0.25039123630672927 0.7944444444444444 0.023995826812728223 0.06481481481481481
1 0.34820031298904536 0.7439814814814815 0.023995826812728223 0.06296296296296296
1 0.7269170579029735 0.29814814814814816 0.037037037037037035 0.05740740740740741
0 0.4932185706833594 0.49444444444444446 0.041731872717788214 0.058333333333333334
1 0.34324465310380803 0.5930555555555556 0.01773604590505999 0.062037037037037036
1 0.9332290036515388 0.39351851851851855 0.027125717266562335 0.06111111111111111
1 0.4791340636411059 0.26805555555555555 0.019300991131977047 0.05555555555555555
1 0.8972352634324465 0.7708333333333334 0.02764736567553469 0.05
1 0.20422535211267606 0.04212962962962963 0.04121022430881586 0.058333333333333334
1 0.9509650495565989 0.14583333333333334 0.03547209181011998 0.05740740740740741
1 0.11189358372456965 0.2523148148148148 0.03286384976525822 0.05185185185185185
1 0.8302034428794992 0.8064814814814815 0.022952529994783515 0.05185185185185185
1 0.645018257694314 0.6486111111111111 0.02138758476786646 0.06018518518518518
1 0.8346374543557642 0.1763888888888889 0.03129890453834116 0.05925925925925926
1 0.8356807511737089 0.3458333333333333 0.027125717266562335 0.05555555555555555
1 0.6306729264475743 0.7620370370370371 0.025039123630672927 0.06018518518518518
1 0.7910798122065728 0.2935185185185185 0.03338549817423057 0.06018518518518518
1 0.11658841940532082 0.19537037037037036 0.03912363067292645 0.05555555555555555
1 0.22117892540427753 0.14212962962962963 0.022952529994783515 0.07685185185185185
1 0.9908711528429839 0.8115740740740741 0.018257694314032343 0.05925925925925926
1 0.21283255086071987 0.8537037037037037 0.02556077203964528 0.06759259259259259
1 0.645018257694314 0.7175925925925926 0.020865936358894107 0.046296296296296294
0 0.13484611371935315 0.6351851851851852 0.046426708398539386 0.046296296296296294
1 0.05425143453312467 0.8388888888888889 0.02608242044861763 0.06388888888888888
1 0.4462702138758477 0.7467592592592592 0.01617110067814293 0.06574074074074074
1 0.30359937402190923 0.05092592592592592 0.0406885758998435 0.06759259259259259
1 0.40375586854460094 0.6583333333333333 0.01564945226917058 0.06944444444444445
1 0.5907668231611893 0.6824074074074075 0.02138758476786646 0.05
1 0.1011997913406364 0.8569444444444444 0.027125717266562335 0.06574074074074074
1 0.9765258215962441 0.08148148148148149 0.044861763171622326 0.05925925925925926
1 0.8158581116327596 0.24583333333333332 0.036515388628064686 0.06759259259259259
1 0.454094940010433 0.15231481481481482 0.018779342723004695 0.04259259259259259
1 0.9121022430881586 0.7268518518518519 0.0297339593114241 0.062037037037037036
1 0.34820031298904536 0.6527777777777778 0.022952529994783515 0.05
1 0.7443922796035473 0.7583333333333333 0.0198226395409494 0.05277777777777778
1 0.05033907146583203 0.6314814814814815 0.03286384976525822 0.04351851851851852
1 0.15232133541992696 0.8388888888888889 0.026604068857589983 0.06944444444444445
1 0.8022952529994783 0.825462962962963 0.018779342723004695 0.049074074074074076
1 0.5511215440792906 0.6574074074074074 0.03129890453834116 0.05925925925925926
1 0.9358372456964006 0.6800925925925926 0.02608242044861763 0.06574074074074074
1 0.6001564945226917 0.6078703703703704 0.03547209181011998 0.05925925925925926
1 0.698226395409494 0.7337962962962963 0.024517475221700575 0.06296296296296296
1 0.5396452790818989 0.7208333333333333 0.025039123630672927 0.06296296296296296
1 0.7918622848200313 0.7699074074074074 0.028690662493479395 0.05648148148148148
1 0.0738132498695879 0.07962962962962963 0.04225352112676056 0.058333333333333334
1 0.968961919666145 0.8101851851851852 0.029212310902451747 0.06481481481481481
1 0.5998956703182056 0.787962962962963 0.025039123630672927 0.05555555555555555
1 0.4681794470526865 0.7907407407407407 0.018779342723004695 0.05
1 0.6468440271257173 0.0787037037037037 0.03755868544600939 0.058333333333333334
1 0.8148148148148148 0.6861111111111111 0.028169014084507043 0.06759259259259259
1 0.770735524256651 0.7018518518518518 0.03025560772039645 0.06574074074074074
1 0.5057381324986959 0.7171296296296297 0.017214397496087636 0.06666666666666667
1 0.8515910276473657 0.7638888888888888 0.029212310902451747 0.06388888888888888
1 0.017996870109546165 0.7097222222222223 0.03286384976525822 0.046296296296296294
1 0.704225352112676 0.7972222222222223 0.02190923317683881 0.04537037037037037
1 0.6533646322378717 0.33055555555555555 0.02034428794992175 0.04351851851851852
1 0.14788732394366197 0.7032407407407407 0.028169014084507043 0.058333333333333334
1 0.18805425143453314 0.774074074074074 0.027125717266562335 0.05185185185185185
1 0.3075117370892019 0.7421296296296296 0.02190923317683881 0.04814814814814815
1 0.01617110067814293 0.055092592592592596 0.03234220135628586 0.08055555555555556
1 0.12050078247261346 0.5689814814814815 0.027125717266562335 0.06111111111111111
1 0.6105894627021388 0.10046296296296296 0.027125717266562335 0.05555555555555555
1 0.3236828377673448 0.887962962962963 0.01617110067814293 0.06944444444444445
1 0.14606155451225875 0.05787037037037037 0.0406885758998435 0.06296296296296296
1 0.05268648930620762 0.15833333333333333 0.03338549817423057 0.058333333333333334
1 0.45800730307772564 0.6837962962962963 0.019300991131977047 0.06481481481481481
1 0.010172143974960876 0.27870370370370373 0.018779342723004695 0.07407407407407407
1 0.11711006781429317 0.13935185185185187 0.038601982263954095 0.06111111111111111
1 0.6324986958789776 0.5694444444444444 0.020865936358894107 0.046296296296296294
1 0.018518518518518517 0.6722222222222223 0.0198226395409494 0.037037037037037035
1 0.8781950965049556 0.700925925925926 0.028690662493479395 0.04814814814814815
1 0.45122587376108503 0.11157407407407408 0.026604068857589983 0.05462962962962963
1 0.01904016692749087 0.9388888888888889 0.016692749087115284 0.0712962962962963
1 0.03129890453834116 0.32916666666666666 0.036515388628064686 0.05555555555555555
1 0.11241523213354199 0.7171296296296297 0.02764736567553469 0.05092592592592592
1 0.9694835680751174 0.7347222222222223 0.03338549817423057 0.06944444444444445
1 0.18022952529994785 0.7263888888888889 0.0297339593114241 0.0712962962962963
1 0.010172143974960876 0.1884259259259259 0.016692749087115284 0.07592592592592592
1 0.7472613458528952 0.7976851851851852 0.017214397496087636 0.03888888888888889
1 0.8362023995826813 0.712037037037037 0.020865936358894107 0.04722222222222222
1 0.9770474700052165 0.8768518518518519 0.025039123630672927 0.058333333333333334
1 0.16171100678142933 0.5763888888888888 0.027125717266562335 0.03888888888888889
1 0.6004173187271779 0.7212962962962963 0.03234220135628586 0.04351851851851852
1 0.1332811684924361 0.10277777777777777 0.026604068857589983 0.05092592592592592