0 0.7157016171100679 0.5555555555555556 0.05372978612415232 0.05277777777777778
1 0.8231611893583725 0.8458333333333333 0.03286384976525822 0.06018518518518518
1 0.41471048513302033 0.37777777777777777 0.029212310902451747 0.062037037037037036
1 0.9551382368283776 0.04027777777777778 0.016692749087115284 0.0712962962962963
1 0.4204486176317162 0.2550925925925926 0.028169014084507043 0.058333333333333334
0 0.8035993740219093 0.5166666666666667 0.05738132498695879 0.04814814814814815
1 0.08320292123109024 0.3819444444444444 0.03286384976525822 0.06759259259259259
0 0.32472613458528954 0.5412037037037037 0.051643192488262914 0.03981481481481482
1 0.8315075639019301 0.33935185185185185 0.03182055294731351 0.07222222222222222
0 0.5247782994261867 0.5189814814814815 0.0297339593114241 0.075
0 0.25039123630672927 0.5092592592592593 0.053208137715179966 0.040740740740740744
0 0.045122587376108504 0.575 0.053208137715179966 0.04722222222222222
1 0.5884194053208138 0.9254629629629629 0.02190923317683881 0.058333333333333334
0 0.4175795513823683 0.549537037037037 0.05216484089723526 0.05092592592592592
0 0.23761085028690662 0.45185185185185184 0.02556077203964528 0.06851851851851852
0 0.3492436098069901 0.4199074074074074 0.03234220135628586 0.05555555555555555
1 0.7462180490349505 0.26435185185185184 0.023995826812728223 0.07685185185185185
1 0.5928534167970788 0.7643518518518518 0.02556077203964528 0.05648148148148148
1 0.0198226395409494 0.6907407407407408 0.037037037037037035 0.06296296296296296
0 0.2556077203964528 0.7351851851851852 0.028169014084507043 0.06111111111111111
1 0.09441836202399582 0.6657407407407407 0.037037037037037035 0.058333333333333334
1 0.8578508085550339 0.2273148148148148 0.03025560772039645 0.06574074074074074
1 0.7910798122065728 0.20925925925925926 0.022430881585811163 0.06481481481481481
1 0.5706833594157538 0.37407407407407406 0.028169014084507043 0.06388888888888888
1 0.9647887323943662 0.8865740740740741 0.04225352112676056 0.06111111111111111
1 0.795774647887324 0.30833333333333335 0.02190923317683881 0.06851851851851852
1 0.6165884194053208 0.37175925925925923 0.0198226395409494 0.06666666666666667
1 0.9261867501304121 0.3611111111111111 0.023474178403755867 0.062037037037037036
1 0.7211789254042775 0.8055555555555556 0.029212310902451747 0.05648148148148148
1 0.9676577986437142 0.2949074074074074 0.02764736567553469 0.06666666666666667
0 0.13275952008346376 0.4337962962962963 0.053208137715179966 0.04259259259259259
0 0.09467918622848201 0.4981481481481482 0.0505998956703182 0.04259259259259259
1 0.640584246218049 0.2199074074074074 0.0198226395409494 0.058333333333333334
0 0.9254042775169535 0.5907407407407408 0.03129890453834116 0.06111111111111111
1 0.1684924360980699 0.8226851851851852 0.03495044340114763 0.04814814814814815
1 0.50886802295253 0.24259259259259258 0.023995826812728223 0.058333333333333334
1 0.739697443922796 0.7439814814814815 0.02190923317683881 0.06018518518518518
1 0.25639019300991134 0.20092592592592592 0.023474178403755867 0.05925925925925926
1 0.26108502869066247 0.3023148148148148 0.025039123630672927 0.062037037037037036
1 0.44679186228482004 0.8398148148148148 0.02556077203964528 0.0712962962962963
1 0.16353677621283255 0.7356481481481482 0.03390714658320292 0.06574074074074074
1 0.047991653625456446 0.32175925925925924 0.03338549817423057 0.06574074074074074
1 0.54434011476265 0.3388888888888889 0.02556077203964528 0.06388888888888888
1 0.04329681794470527 0.2074074074074074 0.028690662493479395 0.08796296296296297
1 0.08841940532081377 0.3050925925925926 0.03182055294731351 0.06018518518518518
1 0.4196661450182577 0.7689814814814815 0.02190923317683881 0.05648148148148148
1 0.9306207616066771 0.22268518518518518 0.03025560772039645 0.05925925925925926
1 0.1927490871152843 0.31574074074074077 0.024517475221700575 0.06018518518518518
1 0.6846635367762128 0.850462962962963 0.03286384976525822 0.04814814814814815
1 0.8980177360459051 0.287962962962963 0.02608242044861763 0.0787037037037037
1 0.7597809076682316 0.38564814814814813 0.029212310902451747 0.07777777777777778
1 0.5639019300991132 0.275 0.018779342723004695 0.06481481481481481
1 0.7425665101721439 0.6333333333333333 0.023474178403755867 0.058333333333333334
1 0.14345331246739698 0.2574074074074074 0.02556077203964528 0.05648148148148148
1 0.8448095983307251 0.12083333333333333 0.018779342723004695 0.06851851851851852
1 0.6851851851851852 0.16666666666666666 0.018257694314032343 0.062037037037037036
1 0.39775691184141887 0.3194444444444444 0.026604068857589983 0.05648148148148148
1 0.12441314553990611 0.33796296296296297 0.03495044340114763 0.05462962962962963
1 0.6684924360980699 0.1962962962962963 0.02138758476786646 0.06388888888888888
1 0.9827856025039123 0.22314814814814815 0.028690662493479395 0.07037037037037037
1 0.2112676056338028 0.35462962962962963 0.036515388628064686 0.058333333333333334
1 0.8534167970787689 0.17407407407407408 0.022952529994783515 0.06481481481481481
1 0.19118414188836724 0.1884259259259259 0.023474178403755867 0.05
1 0.6645800730307773 0.2962962962962963 0.03025560772039645 0.04722222222222222
1 0.18857589984350548 0.2611111111111111 0.023474178403755867 0.06388888888888888
1 0.21961398017736045 0.22546296296296298 0.02608242044861763 0.06574074074074074
1 0.458528951486698 0.30648148148148147 0.02764736567553469 0.06574074074074074
1 0.2931664058424622 0.22685185185185186 0.027125717266562335 0.06851851851851852
1 0.9345331246739698 0.3060185185185185 0.028690662493479395 0.06018518518518518
1 0.3988002086593636 0.22453703703703703 0.02190923317683881 0.046296296296296294
1 0.5923317683881064 0.21342592592592594 0.01773604590505999 0.05277777777777778
1 0.12962962962962962 0.21388888888888888 0.0198226395409494 0.06481481481481481
1 0.1476264997391758 0.6425925925925926 0.02138758476786646 0.04537037037037037
1 0.4162754303599374 0.7310185185185185 0.025039123630672927 0.03425925925925926
1 0.8369848721961398 0.20787037037037037 0.015127803860198226 0.037037037037037035
1 0.37819509650495564 0.1300925925925926 0.017214397496087636 0.041666666666666664
1 0.00782472613458529 0.1912037037037037 0.015127803860198226 0.06296296296296296
1 0.9908711528429839 0.38981481481481484 0.018257694314032343 0.03148148148148148