1 0.8930620761606677 0.3587962962962963 0.03286384976525822 0.06388888888888888
1 0.949660928534168 0.35694444444444445 0.03182055294731351 0.05277777777777778
1 0.01617110067814293 0.43194444444444446 0.030777256129368807 0.06296296296296296
1 0.34167970787689095 0.20277777777777778 0.018779342723004695 0.06574074074074074
1 0.5112154407929056 0.8481481481481481 0.03129890453834116 0.05740740740740741
1 0.7733437663015128 0.33240740740740743 0.02764736567553469 0.06574074074074074
1 0.6139801773604591 0.32731481481481484 0.023474178403755867 0.06111111111111111
0 0.6150234741784038 0.4587962962962963 0.029212310902451747 0.06111111111111111
1 0.9796557120500783 0.2675925925925926 0.027125717266562335 0.058333333333333334
1 0.3794992175273865 0.3175925925925926 0.020865936358894107 0.06944444444444445
1 0.12936880542514345 0.3726851851851852 0.029212310902451747 0.04814814814814815
1 0.5247782994261867 0.2912037037037037 0.02764736567553469 0.058333333333333334
0 0.7290036515388628 0.43472222222222223 0.0495565988523735 0.05
1 0.21100678142931664 0.2865740740740741 0.03129890453834116 0.06574074074074074
0 0.05268648930620762 0.5277777777777778 0.05894627021387585 0.04814814814814815
1 0.733698487219614 0.2587962962962963 0.02764736567553469 0.05740740740740741
1 0.05555555555555555 0.4027777777777778 0.0297339593114241 0.06296296296296296
1 0.4637454355764215 0.2657407407407407 0.023995826812728223 0.05648148148148148
1 0.92018779342723 0.3013888888888889 0.024517475221700575 0.05
1 0.4384454877412624 0.33101851851851855 0.02556077203964528 0.06388888888888888
1 0.9055816379760042 0.2449074074074074 0.027125717266562335 0.05648148148148148
1 0.7788210745957225 0.2800925925925926 0.02556077203964528 0.04259259259259259
1 0.7522170057381325 0.22824074074074074 0.02034428794992175 0.06111111111111111
1 0.6794470526864893 0.32731481481481484 0.026604068857589983 0.05462962962962963
1 0.015127803860198226 0.3365740740740741 0.02556077203964528 0.05740740740740741
1 0.056598852373500264 0.2351851851851852 0.026604068857589983 0.05462962962962963
1 0.24413145539906103 0.37592592592592594 0.022952529994783515 0.05925925925925926
1 0.7464788732394366 0.3824074074074074 0.02764736567553469 0.044444444444444446
1 0.24413145539906103 0.3125 0.016692749087115284 0.05740740740740741
1 0.9384454877412624 0.2569444444444444 0.02556077203964528 0.05277777777777778
1 0.30125195618153366 0.11388888888888889 0.019300991131977047 0.06759259259259259
1 0.8515910276473657 0.2273148148148148 0.0297339593114241 0.062037037037037036
1 0.08555033907146584 0.14907407407407408 0.02556077203964528 0.07037037037037037
1 0.856546687532603 0.3050925925925926 0.03129890453834116 0.06388888888888888
1 0.5117370892018779 0.9740740740740741 0.02138758476786646 0.05
1 0.2655190401669275 0.1375 0.02034428794992175 0.06296296296296296
1 0.7279603547209181 0.20416666666666666 0.01564945226917058 0.05555555555555555
1 0.5568596765779864 0.3351851851851852 0.014606155451225874 0.06574074074074074
1 0.15910276473656756 0.18194444444444444 0.02556077203964528 0.07314814814814814
1 0.41653625456442356 0.18194444444444444 0.018257694314032343 0.06944444444444445
0 0.02060511215440793 0.5986111111111111 0.038601982263954095 0.046296296296296294
1 0.15779864371413668 0.29444444444444445 0.0297339593114241 0.058333333333333334
1 0.056598852373500264 0.17731481481481481 0.027125717266562335 0.037037037037037035
1 0.22326551904016692 0.20787037037037037 0.023474178403755867 0.06111111111111111
1 0.05425143453312467 0.32175925925925924 0.03182055294731351 0.06944444444444445
1 0.3124673969744392 0.18518518518518517 0.018779342723004695 0.058333333333333334
1 0.9441836202399583 0.2 0.018257694314032343 0.04722222222222222
1 0.8187271778821075 0.18564814814814815 0.02138758476786646 0.05
0 0.3985393844548774 0.6074074074074074 0.023474178403755867 0.058333333333333334
1 0.7037037037037037 0.19305555555555556 0.020865936358894107 0.05462962962962963
1 0.6995305164319249 0.9162037037037037 0.028690662493479395 0.06666666666666667
1 0.20109546165884193 0.1287037037037037 0.025039123630672927 0.062037037037037036
1 0.5349504434011476 0.22962962962962963 0.023474178403755867 0.06388888888888888
1 0.3797600417318727 0.19583333333333333 0.012519561815336464 0.02962962962962963
1 0.9280125195618153 0.1449074074074074 0.019300991131977047 0.06759259259259259
1 0.16066770996348462 0.9064814814814814 0.025039123630672927 0.058333333333333334
1 0.9061032863849765 0.8601851851851852 0.0406885758998435 0.06018518518518518
1 0.09467918622848201 0.9777777777777777 0.028169014084507043 0.04259259259259259
1 0.7597809076682316 0.8847222222222222 0.03182055294731351 0.062037037037037036
1 0.4658320292123109 0.22361111111111112 0.028690662493479395 0.03888888888888889
0 0.046948356807511735 0.0875 0.03025560772039645 0.06851851851851852
1 0.7782994261867501 0.05 0.011476264997391758 0.041666666666666664
1 0.9001043296817944 0.04814814814814815 0.014084507042253521 0.05185185185185185