1 0.4825247782994262 0.36203703703703705 0.03338549817423057 0.05185185185185185
1 0.6468440271257173 0.10462962962962963 0.03599374021909233 0.062037037037037036
1 0.8823682837767345 0.10648148148148148 0.03442879499217527 0.049074074074074076
0 0.32420448617631714 0.4703703703703704 0.04903495044340115 0.03888888888888889
0 0.25169535732916015 0.4949074074074074 0.0495565988523735 0.041666666666666664
0 0.7503912363067292 0.36712962962962964 0.05529473135106938 0.049074074074074076
1 0.4480959833072509 0.3763888888888889 0.026604068857589983 0.062037037037037036
1 0.3205529473135107 0.16435185185185186 0.03547209181011998 0.06296296296296296
0 0.7363067292644757 0.4111111111111111 0.0605112154407929 0.04722222222222222
1 0.9178403755868545 0.1439814814814815 0.038601982263954095 0.06018518518518518
1 0.6674491392801252 0.22175925925925927 0.027125717266562335 0.06574074074074074
1 0.661189358372457 0.5574074074074075 0.02608242044861763 0.06296296296296296
0 0.4415753781950965 0.5208333333333334 0.044861763171622326 0.04537037037037037
1 0.4347939488784559 0.3189814814814815 0.029212310902451747 0.05925925925925926
0 0.5166927490871153 0.4652777777777778 0.047991653625456446 0.044444444444444446
0 0.0714658320292123 0.45740740740740743 0.056859676577986434 0.04259259259259259
1 0.3909754825247783 0.39490740740740743 0.027125717266562335 0.08148148148148149
1 0.744131455399061 0.175 0.037037037037037035 0.05925925925925926
1 0.9149713093375065 0.6708333333333333 0.03599374021909233 0.07037037037037037
0 0.022170057381324985 0.6023148148148149 0.04225352112676056 0.06111111111111111
1 0.3907146583202921 0.7453703703703703 0.022952529994783515 0.05648148148148148
1 0.5179968701095462 0.9328703703703703 0.016692749087115284 0.06296296296296296
1 0.2104851330203443 0.6560185185185186 0.02764736567553469 0.06851851851851852
0 0.7446531038080334 0.4810185185185185 0.058424621804903494 0.046296296296296294
1 0.5151278038601982 0.22407407407407406 0.018257694314032343 0.05277777777777778
1 0.9178403755868545 0.1884259259259259 0.03808033385498174 0.05555555555555555
1 0.603547209181012 0.30648148148148147 0.020865936358894107 0.053703703703703705
1 0.261867501304121 0.7162037037037037 0.018779342723004695 0.06759259259259259
1 0.8946270213875848 0.8217592592592593 0.0297339593114241 0.06666666666666667
1 0.7423056859676578 0.060648148148148145 0.03182055294731351 0.05555555555555555
1 0.5464267083985394 0.9351851851851852 0.01564945226917058 0.062037037037037036
1 0.1572769953051643 0.7800925925925926 0.022430881585811163 0.06481481481481481
1 0.02060511215440793 0.7791666666666667 0.023474178403755867 0.06481481481481481
1 0.3844548774126239 0.03194444444444444 0.02556077203964528 0.06018518518518518
0 0.9293166405842462 0.35 0.058424621804903494 0.06018518518518518
0 0.9379238393322901 0.43842592592592594 0.057902973395931145 0.04722222222222222
1 0.2023995826812728 0.4097222222222222 0.022952529994783515 0.053703703703703705
1 0.8881064162754304 0.06296296296296296 0.03599374021909233 0.053703703703703705
1 0.06911841418883673 0.05787037037037037 0.0297339593114241 0.05740740740740741
1 0.32968179447052687 0.8055555555555556 0.023474178403755867 0.058333333333333334
1 0.08659363588941053 0.7865740740740741 0.022952529994783515 0.058333333333333334
1 0.17996870109546165 0.7240740740740741 0.026604068857589983 0.07314814814814814
1 0.8247261345852895 0.6226851851851852 0.030777256129368807 0.06666666666666667
1 0.9154929577464789 0.7240740740740741 0.0297339593114241 0.06666666666666667
1 0.12310902451747523 0.8296296296296296 0.019300991131977047 0.062037037037037036
1 0.46739697443922795 0.24305555555555555 0.018257694314032343 0.06018518518518518
1 0.8779342723004695 0.712037037037037 0.02764736567553469 0.06388888888888888
1 0.7329160146061554 0.5625 0.023474178403755867 0.06111111111111111
0 0.41653625456442356 0.4666666666666667 0.03129890453834116 0.058333333333333334
1 0.13119457485654668 0.6560185185185186 0.018779342723004695 0.037037037037037035
1 0.3688054251434533 0.6152777777777778 0.027125717266562335 0.053703703703703705
1 0.6006781429316641 0.7717592592592593 0.02556077203964528 0.05648148148148148
1 0.8442879499217527 0.31296296296296294 0.02556077203964528 0.075
1 0.4397496087636933 0.7407407407407407 0.01617110067814293 0.05185185185185185
1 0.01643192488262911 0.3800925925925926 0.030777256129368807 0.062037037037037036
1 0.32446531038080334 0.7055555555555556 0.022952529994783515 0.06481481481481481
1 0.6635367762128326 0.8606481481481482 0.019300991131977047 0.062037037037037036
1 0.7861241523213354 0.047685185185185185 0.03808033385498174 0.06481481481481481
0 0.9903495044340115 0.675 0.018779342723004695 0.06296296296296296
1 0.28794992175273865 0.7893518518518519 0.023995826812728223 0.062037037037037036
1 0.48852373500260826 0.6962962962962963 0.020865936358894107 0.06666666666666667
1 0.5190401669274909 0.15555555555555556 0.018779342723004695 0.0712962962962963
1 0.052947313510693796 0.7430555555555556 0.028690662493479395 0.05092592592592592
1 0.9887845592070944 0.6027777777777777 0.018779342723004695 0.06018518518518518
1 0.5268648930620762 0.6138888888888889 0.024517475221700575 0.06666666666666667
1 0.4347939488784559 0.6699074074074074 0.028690662493479395 0.05925925925925926
1 0.39488784559207096 0.09444444444444444 0.02764736567553469 0.06018518518518518
1 0.7227438706311946 0.6472222222222223 0.02764736567553469 0.04814814814814815
1 0.748565466875326 0.7550925925925925 0.0198226395409494 0.06111111111111111
1 0.40219092331768386 0.7851851851851852 0.023474178403755867 0.05
1 0.6664058424621805 0.7092592592592593 0.022430881585811163 0.06944444444444445
1 0.4572248304642671 0.6328703703703704 0.022952529994783515 0.049074074074074076
1 0.8422013562858633 0.8199074074074074 0.028169014084507043 0.07314814814814814
1 0.8482003129890454 0.7546296296296297 0.028169014084507043 0.062037037037037036
1 0.5252999478351591 0.7694444444444445 0.02190923317683881 0.06759259259259259
1 0.24830464267083985 0.8217592592592593 0.01617110067814293 0.058333333333333334
1 0.11971830985915492 0.7425925925925926 0.03182055294731351 0.062037037037037036
1 0.7597809076682316 0.8898148148148148 0.0198226395409494 0.07407407407407407
1 0.7850808555033907 0.6625 0.023474178403755867 0.06759259259259259
1 0.22430881585811163 0.7787037037037037 0.028690662493479395 0.06481481481481481
1 0.5839853938445487 0.6342592592592593 0.01617110067814293 0.06296296296296296
1 0.6439749608763693 0.7652777777777777 0.02190923317683881 0.05092592592592592
1 0.54434011476265 0.6907407407407408 0.020865936358894107 0.058333333333333334
1 0.7621283255086072 0.6175925925925926 0.022952529994783515 0.04722222222222222
1 0.5513823682837767 0.7611111111111111 0.01773604590505999 0.049074074074074076
1 0.01617110067814293 0.6814814814814815 0.030777256129368807 0.040740740740740744
1 0.5140845070422535 0.6550925925925926 0.01617110067814293 0.062037037037037036
1 0.7117892540427752 0.8888888888888888 0.0198226395409494 0.04814814814814815
1 0.5821596244131455 0.7148148148148148 0.019300991131977047 0.06111111111111111
1 0.7050078247261345 0.8425925925925926 0.022430881585811163 0.05462962962962963
1 0.03781950965049557 0.6537037037037037 0.028690662493479395 0.04722222222222222
1 0.7490871152842984 0.6939814814814815 0.02608242044861763 0.05462962962962963
1 0.35837245696400627 0.6541666666666667 0.03025560772039645 0.03611111111111111
1 0.6426708398539385 0.8023148148148148 0.026604068857589983 0.03611111111111111
1 0.0406885758998435 0.7796296296296297 0.028690662493479395 0.03333333333333333
1 0.701095461658842 0.7833333333333333 0.023474178403755867 0.06481481481481481