0 0.29238393322900363 0.5212962962962963 0.04747000521648409 0.06388888888888888
0 0.28508085550339074 0.6134259259259259 0.05581637976004173 0.05
0 0.14345331246739698 0.48148148148148145 0.054773082942097026 0.044444444444444446
1 0.8646322378716745 0.41574074074074074 0.03129890453834116 0.05277777777777778
1 0.28377673448095986 0.23425925925925925 0.0297339593114241 0.05092592592592592
1 0.08581116327595201 0.3578703703703704 0.028690662493479395 0.06759259259259259
1 0.5952008346374543 0.3921296296296296 0.03234220135628586 0.06944444444444445
1 0.23187271778821075 0.38981481481481484 0.02556077203964528 0.06851851851851852
0 0.33541992696922274 0.5587962962962963 0.04434011476264997 0.04351851851851852
0 0.8202921231090246 0.4842592592592593 0.03390714658320292 0.06111111111111111
1 0.14006259780907668 0.2708333333333333 0.027125717266562335 0.05925925925925926
1 0.044861763171622326 0.3800925925925926 0.027125717266562335 0.0712962962962963
0 0.1697965571205008 0.36157407407407405 0.051643192488262914 0.04537037037037037
1 0.6165884194053208 0.27870370370370373 0.024517475221700575 0.062037037037037036
1 0.6763171622326551 0.3365740740740741 0.03182055294731351 0.07037037037037037
1 0.03312467396974439 0.2337962962962963 0.03495044340114763 0.06296296296296296
1 0.5678142931664059 0.2828703703703704 0.02138758476786646 0.06944444444444445
0 0.8260302556077204 0.6129629629629629 0.03129890453834116 0.06759259259259259
1 0.868283776734481 0.3087962962962963 0.028690662493479395 0.06666666666666667
1 0.788471570161711 0.8541666666666666 0.028690662493479395 0.053703703703703705
1 0.21152842983828898 0.274537037037037 0.03390714658320292 0.06111111111111111
1 0.033646322378716745 0.30092592592592593 0.023474178403755867 0.06388888888888888
0 0.2918622848200313 0.913425925925926 0.05529473135106938 0.0712962962962963
1 0.6752738654147105 0.7018518518518518 0.03755868544600939 0.06388888888888888
1 0.49426186750130413 0.29074074074074074 0.024517475221700575 0.06666666666666667
1 0.7370892018779343 0.25046296296296294 0.022430881585811163 0.05
1 0.2245696400625978 0.19537037037037036 0.022430881585811163 0.062037037037037036
1 0.15519040166927492 0.14907407407407408 0.029212310902451747 0.06666666666666667
0 0.6160667709963484 0.4777777777777778 0.05112154407929056 0.044444444444444446
1 0.4853938445487741 0.37175925925925923 0.03390714658320292 0.0824074074074074
1 0.9507042253521126 0.7694444444444445 0.0406885758998435 0.05555555555555555
1 0.08294209702660407 0.25277777777777777 0.03286384976525822 0.062037037037037036
1 0.9801773604590506 0.24814814814814815 0.037037037037037035 0.0712962962962963
1 0.4282733437663015 0.3388888888888889 0.025039123630672927 0.062037037037037036
1 0.42436098069900885 0.18009259259259258 0.014084507042253521 0.06851851851851852
1 0.24752217005738134 0.13657407407407407 0.023474178403755867 0.06574074074074074
1 0.02138758476786646 0.1597222222222222 0.022430881585811163 0.06018518518518518
1 0.7318727177882107 0.17592592592592593 0.025039123630672927 0.06296296296296296
1 0.9087115284298383 0.25925925925925924 0.03234220135628586 0.06666666666666667
1 0.3930620761606677 0.9013888888888889 0.03755868544600939 0.05648148148148148
1 0.16458007303077726 0.3023148148148148 0.02138758476786646 0.05555555555555555
1 0.1684924360980699 0.8412037037037037 0.03547209181011998 0.075
1 0.960093896713615 0.8337962962962963 0.036515388628064686 0.05925925925925926
1 0.10928534167970788 0.38842592592592595 0.01564945226917058 0.03796296296296296
1 0.37532603025560773 0.32175925925925924 0.03025560772039645 0.07222222222222222