1 0.7666015625 0.4333767361111111 0.0294189453125 0.07074652777777778
0 0.5595703125 0.3786892361111111 0.037750244140625 0.042426215277777776
0 0.5869140625 0.4049479166666667 0.033721923828125 0.04676649305555555
0 0.78466796875 0.3778211805555556 0.0517578125 0.04299587673611111
0 0.5908203125 0.4644097222222222 0.050323486328125 0.045979817708333336
0 0.1639404296875 0.4461805555555556 0.0360107421875 0.0695529513888889
0 0.08831787109375 0.3470052083333333 0.049591064453125 0.042670355902777776
0 0.23876953125 0.2662760416666667 0.0294189453125 0.037407769097222224
0 0.97607421875 0.2384982638888889 0.045867919921875 0.046142578125
0 0.5048828125 0.6610243055555556 0.0279083251953125 0.05064561631944445
0 0.82568359375 0.5499131944444444 0.044189453125 0.055365668402777776
1 0.7909226190476193 0.43915343915343935 0.020833333333333332 0.06878306878306883