0 0.34709821428571436 0.4636243386243388 0.048363095238095254 0.05952380952380957
0 0.24072265625 0.3140190972222222 0.046478271484375 0.04432508680555555
0 0.55517578125 0.6571180555555556 0.051361083984375 0.048773871527777776
0 0.61279296875 0.3313802083333333 0.0460205078125 0.04212782118055555
0 0.124755859375 0.3678385416666667 0.04803466796875 0.047200520833333336
0 0.52001953125 0.3068576388888889 0.043121337890625 0.04562717013888889
0 0.5356445312500001 0.578166335978836 0.0517578125 0.06263434193121697
0 0.4248046875 0.3836805555555556 0.0457763671875 0.047119140625
0 0.54345703125 0.4518229166666667 0.04595947265625 0.04443359375
0 0.65869140625 0.5876736111111112 0.034881591796875 0.04774305555555555
0 0.1285400390625 0.4657118055555556 0.046630859375 0.04307725694444445
0 0.2641369047619048 0.8908730158730163 0.05654761904761904 0.07275132275132273
0 0.6666666666666669 0.5072751322751325 0.05654761904761898 0.07010582010582006
0 0.4929315476190477 0.5171957671957674 0.052827380952380903 0.05555555555555555
0 0.55810546875 0.7495659722222222 0.048126220703125 0.054524739583333336