0 0.4713093375065206 0.5407407407407407 0.04747000521648409 0.049074074074074076
1 0.6739697443922796 0.7907407407407407 0.03495044340114763 0.06111111111111111
0 0.6917057902973396 0.5523148148148148 0.046426708398539386 0.07407407407407407
0 0.5388628064684403 0.4986111111111111 0.048513302034428794 0.040740740740740744
1 0.34220135628586335 0.19583333333333333 0.02190923317683881 0.06388888888888888
0 0.8325508607198748 0.549537037037037 0.05216484089723526 0.05555555555555555
1 0.8153364632237872 0.8625 0.036515388628064686 0.05740740740740741
1 0.8784559207094418 0.7509259259259259 0.028169014084507043 0.06388888888888888
0 0.8854981742305686 0.4486111111111111 0.05112154407929056 0.04351851851851852
1 0.548774126238915 0.6194444444444445 0.025039123630672927 0.07037037037037037
1 0.40923317683881066 0.4236111111111111 0.02190923317683881 0.053703703703703705
1 0.2777777777777778 0.924537037037037 0.0406885758998435 0.06574074074074074
0 0.13145539906103287 0.5550925925925926 0.05738132498695879 0.041666666666666664
0 0.6189358372456965 0.4986111111111111 0.046948356807511735 0.05555555555555555
1 0.306207616066771 0.19722222222222222 0.020865936358894107 0.06481481481481481
0 0.5743348982785602 0.5657407407407408 0.044861763171622326 0.05
0 0.827073552425665 0.5023148148148148 0.03442879499217527 0.05462962962962963
1 0.3755868544600939 0.1050925925925926 0.016692749087115284 0.06388888888888888
0 0.6888367240479917 0.45185185185185184 0.051643192488262914 0.037037037037037035
1 0.4144496609285342 0.33425925925925926 0.023474178403755867 0.06018518518518518
1 0.696661450182577 0.3402777777777778 0.02764736567553469 0.062037037037037036
1 0.8377673448095984 0.7013888888888888 0.026604068857589983 0.06481481481481481
1 0.55320813771518 0.7555555555555555 0.03286384976525822 0.06111111111111111
1 0.1697965571205008 0.7902777777777777 0.037037037037037035 0.05740740740740741
1 0.7459572248304642 0.26296296296296295 0.023474178403755867 0.05925925925925926
1 0.9809598330725091 0.6370370370370371 0.03495044340114763 0.05185185185185185
1 0.6697965571205008 0.8907407407407407 0.03495044340114763 0.05740740740740741
1 0.7044861763171623 0.674074074074074 0.028690662493479395 0.05555555555555555
1 0.8954094940010433 0.8199074074074074 0.0297339593114241 0.058333333333333334
1 0.49765258215962443 0.26342592592592595 0.02190923317683881 0.06481481481481481
1 0.029212310902451747 0.16620370370370371 0.030777256129368807 0.07222222222222222
1 0.8539384454877412 0.2212962962962963 0.0297339593114241 0.06018518518518518
1 0.07459572248304643 0.7759259259259259 0.036515388628064686 0.05740740740740741
1 0.13954094940010434 0.924074074074074 0.029212310902451747 0.06666666666666667
1 0.46739697443922795 0.3314814814814815 0.014606155451225874 0.06296296296296296
1 0.40245174752217006 0.24027777777777778 0.02138758476786646 0.058333333333333334
1 0.8615023474178404 0.6587962962962963 0.029212310902451747 0.05555555555555555
1 0.7918622848200313 0.6972222222222222 0.02556077203964528 0.05925925925925926
1 0.9893062076160668 0.8384259259259259 0.020865936358894107 0.04722222222222222
1 0.1684924360980699 0.7388888888888889 0.03390714658320292 0.05185185185185185
1 0.8768909754825248 0.3 0.025039123630672927 0.05925925925925926
1 0.00782472613458529 0.8111111111111111 0.014606155451225874 0.06111111111111111
1 0.9465310380803339 0.22314814814814815 0.03495044340114763 0.05462962962962963
1 0.2681272822117893 0.09537037037037037 0.01617110067814293 0.06666666666666667
1 0.2347417840375587 0.2199074074074074 0.023995826812728223 0.05555555555555555
1 0.10459050599895671 0.6583333333333333 0.029212310902451747 0.053703703703703705
1 0.9908711528429839 0.5958333333333333 0.017214397496087636 0.04537037037037037
1 0.5065206051121544 0.8652777777777778 0.025039123630672927 0.05462962962962963
1 0.652321335419927 0.20462962962962963 0.02556077203964528 0.05740740740740741
1 0.07459572248304643 0.32314814814814813 0.020865936358894107 0.04259259259259259
1 0.883150756390193 0.6370370370370371 0.02764736567553469 0.04814814814814815
1 0.5174752217005738 0.2773148148148148 0.022430881585811163 0.06296296296296296
1 0.3677621283255086 0.2449074074074074 0.027125717266562335 0.05
1 0.6538862806468441 0.3509259259259259 0.019300991131977047 0.05925925925925926
1 0.9827856025039123 0.2986111111111111 0.03338549817423057 0.06944444444444445
1 0.11267605633802817 0.8513888888888889 0.023474178403755867 0.05
1 0.6807511737089202 0.24351851851851852 0.02190923317683881 0.062037037037037036
1 0.792905581637976 0.2550925925925926 0.028169014084507043 0.06851851851851852
1 0.17423056859676578 0.850462962962963 0.03234220135628586 0.06481481481481481
1 0.05268648930620762 0.6875 0.03755868544600939 0.05462962962962963
1 0.6489306207616067 0.30462962962962964 0.03495044340114763 0.05648148148148148
1 0.20500782472613457 0.13287037037037036 0.01617110067814293 0.06666666666666667
1 0.09754825247782994 0.16296296296296298 0.022430881585811163 0.06666666666666667
1 0.18701095461658843 0.2916666666666667 0.026604068857589983 0.049074074074074076
1 0.6202399582681273 0.21157407407407408 0.022430881585811163 0.046296296296296294
1 0.8821074595722483 0.17916666666666667 0.023995826812728223 0.06296296296296296
1 0.3656755346896192 0.9361111111111111 0.03912363067292645 0.06666666666666667
1 0.9374021909233177 0.2972222222222222 0.029212310902451747 0.046296296296296294
1 0.10302556077203964 0.3662037037037037 0.025039123630672927 0.03981481481481482
1 0.7107459572248305 0.9212962962962963 0.04903495044340115 0.08703703703703704
1 0.5618153364632238 0.2587962962962963 0.022952529994783515 0.05740740740740741
1 0.29003651538862807 0.8282407407407407 0.02764736567553469 0.05277777777777778
1 0.05555555555555555 0.7296296296296296 0.0297339593114241 0.049074074074074076
1 0.0683359415753782 0.9351851851851852 0.025039123630672927 0.07222222222222222
1 0.7143974960876369 0.7152777777777778 0.018779342723004695 0.06481481481481481
1 0.20448617631716223 0.8810185185185185 0.0297339593114241 0.05925925925925926
1 0.14267083985393844 0.14629629629629629 0.02034428794992175 0.06481481481481481
1 0.908189880020866 0.2212962962962963 0.022430881585811163 0.06018518518518518
1 0.6812728221178925 0.1884259259259259 0.018257694314032343 0.04722222222222222
1 0.14893062076160668 0.31851851851851853 0.022952529994783515 0.05277777777777778
1 0.6111111111111112 0.3282407407407407 0.028169014084507043 0.06296296296296296
1 0.7141366718831508 0.27314814814814814 0.02556077203964528 0.044444444444444446
1 0.22065727699530516 0.2847222222222222 0.023474178403755867 0.03518518518518519
1 0.8322900365153886 0.2824074074074074 0.023474178403755867 0.06296296296296296
1 0.07172665623369849 0.28564814814814815 0.030777256129368807 0.044444444444444446
0 0.193792383933229 0.362962962962963 0.03442879499217527 0.03981481481481482
1 0.21335419926969224 0.9231481481481482 0.022952529994783515 0.062037037037037036
1 0.5897235263432447 0.27361111111111114 0.027125717266562335 0.05462962962962963
1 0.1807511737089202 0.425462962962963 0.03234220135628586 0.058333333333333334
1 0.17188315075639019 0.37824074074074077 0.0297339593114241 0.05555555555555555
1 0.15675534689619197 0.2773148148148148 0.02138758476786646 0.049074074074074076
1 0.6160667709963484 0.29074074074074074 0.01617110067814293 0.05277777777777778
1 0.21830985915492956 0.4185185185185185 0.024517475221700575 0.04259259259259259
1 0.7047470005216484 0.3902777777777778 0.03129890453834116 0.03796296296296296
1 0.7537819509650495 0.19305555555555556 0.01773604590505999 0.046296296296296294
1 0.18935837245696402 0.2638888888888889 0.01773604590505999 0.03425925925925926
1 0.2576943140323422 0.13472222222222222 0.01564945226917058 0.06759259259259259
1 0.5078247261345853 0.8296296296296296 0.016692749087115284 0.03888888888888889
1 0.7913406364110589 0.1884259259259259 0.024517475221700575 0.040740740740740744
1 0.06442357850808555 0.7101851851851851 0.015127803860198226 0.03981481481481482