1 0.8310546875 0.7934027777777778 0.0253753662109375 0.07231987847222222
0 0.431396484375 0.48046875 0.048309326171875 0.04578993055555555
0 0.693359375 0.5078125 0.050506591796875 0.04188368055555555
0 0.45458984375 0.3917100694444444 0.04559326171875 0.039252387152777776
0 0.5419921875 0.3420138888888889 0.04351806640625 0.042426215277777776
0 0.263427734375 0.2884114583333333 0.043853759765625 0.046142578125
0 0.6884765625 0.376953125 0.04595947265625 0.045708550347222224
0 0.60595703125 0.5299479166666666 0.05126953125 0.04367404513888889
0 0.39892578125 0.330078125 0.04486083984375 0.03713650173611111
0 0.9345703125 0.21354166666666666 0.04931640625 0.049126519097222224
0 0.57763671875 0.8719618055555556 0.0439453125 0.06201171875
0 0.6083984375 0.7339409722222222 0.04876708984375 0.0730251736111111
0 0.57470703125 0.11490885416666667 0.02056884765625 0.0673828125
1 0.849702380952381 0.8082010582010584 0.02232142857142859 0.07671957671957674