1 0.050140380859375 0.87623291015625 0.039947509765625 0.060506439208984374
1 0.36376953125 0.659991455078125 0.034027099609375 0.05926055908203125
1 0.2103271484375 0.683392333984375 0.024566650390625 0.052733230590820315
0 0.6845703125 0.502685546875 0.044525146484375 0.047505950927734374
1 0.298583984375 0.3195953369140625 0.029541015625 0.06240234375
0 0.4931640625 0.488818359375 0.046630859375 0.04607048034667969
0 0.2000732421875 0.4454833984375 0.03216552734375 0.07540283203125
0 0.486572265625 0.5252197265625 0.0469970703125 0.0448516845703125
1 0.86572265625 0.452850341796875 0.0301055908203125 0.06689834594726562
0 0.72509765625 0.57115478515625 0.05023193359375 0.04626007080078125
0 0.6064453125 0.529119873046875 0.041473388671875 0.0448516845703125
0 0.916015625 0.51048583984375 0.05499267578125 0.0452850341796875
1 0.7333984375 0.2966278076171875 0.02203369140625 0.05963973999023438
1 0.84375 0.12361297607421876 0.021697998046875 0.0695526123046875
1 0.191162109375 0.6534912109375 0.03338623046875 0.05644378662109375
0 0.91552734375 0.5806884765625 0.055938720703125 0.049537277221679686
1 0.93798828125 0.756195068359375 0.036285400390625 0.053924942016601564
1 0.3310546875 0.3477630615234375 0.029815673828125 0.06852340698242188
0 0.21630859375 0.545587158203125 0.0279541015625 0.056768798828125
1 0.5283203125 0.3934814453125 0.026458740234375 0.0695526123046875
1 0.22021484375 0.827264404296875 0.02532958984375 0.06613998413085938
1 0.7509765625 0.4092987060546875 0.030914306640625 0.06971511840820313
1 0.1546630859375 0.8233642578125 0.03656005859375 0.0656524658203125
1 0.97900390625 0.89530029296875 0.041229248046875 0.06299819946289062
0 0.822265625 0.6292236328125 0.03436279296875 0.054358291625976565
1 0.98291015625 0.454150390625 0.0321044921875 0.0608856201171875
1 0.228515625 0.770928955078125 0.0311431884765625 0.05904388427734375
1 0.38720703125 0.3546966552734375 0.0345458984375 0.065869140625
1 0.27001953125 0.2758270263671875 0.0272674560546875 0.06180648803710938
1 0.0699462890625 0.90396728515625 0.037750244140625 0.06321487426757813
1 0.11798095703125 0.497918701171875 0.0250396728515625 0.07914047241210938
1 0.8271484375 0.4357330322265625 0.0293121337890625 0.06917343139648438
1 0.66845703125 0.2385589599609375 0.025909423828125 0.06418991088867188
1 0.33056640625 0.27994384765625 0.03125 0.061102294921875
1 0.207275390625 0.250909423828125 0.0309600830078125 0.05861053466796875
1 0.1055908203125 0.33541259765625 0.030853271484375 0.06429824829101563
1 0.90087890625 0.352313232421875 0.030792236328125 0.06516494750976562
1 0.95947265625 0.2634765625 0.026763916015625 0.05926055908203125
1 0.47900390625 0.6257568359375 0.0256195068359375 0.058935546875
0 0.391357421875 0.447216796875 0.048126220703125 0.05817718505859375
1 0.5927734375 0.734527587890625 0.0232391357421875 0.06944427490234376
1 0.365478515625 0.315911865234375 0.0218658447265625 0.05687713623046875
1 0.1807861328125 0.277777099609375 0.0294189453125 0.0626190185546875
1 0.68310546875 0.11104583740234375 0.0207672119140625 0.0699859619140625
1 0.50927734375 0.28427734375 0.0150146484375 0.0535186767578125
1 0.41357421875 0.851531982421875 0.023773193359375 0.055062484741210935
1 0.462890625 0.6794921875 0.0251312255859375 0.059964752197265624
1 0.57861328125 0.320245361328125 0.0242767333984375 0.06500244140625
1 0.092041015625 0.244842529296875 0.03021240234375 0.06538162231445313
1 0.80615234375 0.89703369140625 0.0247955322265625 0.04777679443359375
1 0.8642578125 0.14311370849609376 0.027069091796875 0.06814422607421874
1 0.86181640625 0.3048614501953125 0.03253173828125 0.06223983764648437
1 0.81689453125 0.753594970703125 0.03167724609375 0.05094566345214844
1 0.53125 0.28341064453125 0.0261993408203125 0.06121063232421875
1 0.509765625 0.3403961181640625 0.01519012451171875 0.06429824829101563
1 0.2276611328125 0.6326904296875 0.0296478271484375 0.04972686767578125
1 0.181396484375 0.20020751953125 0.024658203125 0.07166519165039062
1 0.89013671875 0.20334930419921876 0.0284881591796875 0.062131500244140624
1 0.927734375 0.348846435546875 0.0313720703125 0.04923934936523437
1 0.69287109375 0.18579864501953125 0.0200958251953125 0.05774383544921875
1 0.5712890625 0.8337646484375 0.02044677734375 0.05904388427734375
1 0.0526123046875 0.3310791015625 0.0287017822265625 0.06538162231445313
1 0.96142578125 0.16304779052734375 0.029876708984375 0.0565521240234375
1 0.456298828125 0.3178619384765625 0.0239105224609375 0.060506439208984374
1 0.609375 0.20508270263671874 0.0248870849609375 0.0591522216796875
1 0.9208984375 0.16803131103515626 0.026458740234375 0.059748077392578126
1 0.199951171875 0.131304931640625 0.01560211181640625 0.06440658569335937
1 0.75146484375 0.2281585693359375 0.0264129638671875 0.05124359130859375
1 0.6923828125 0.4123321533203125 0.0268096923828125 0.059748077392578126
1 0.131591796875 0.22068328857421876 0.02691650390625 0.058502197265625
1 0.376953125 0.9065673828125 0.035614013671875 0.04409332275390625
1 0.84375 0.2896942138671875 0.03173828125 0.06467742919921875
1 0.77001953125 0.3928314208984375 0.02947998046875 0.050674819946289064
1 0.80517578125 0.2216583251953125 0.0300445556640625 0.060506439208984374
1 0.80419921875 0.17041473388671874 0.0252227783203125 0.061914825439453126
1 0.6416015625 0.8892333984375 0.024566650390625 0.052435302734375
1 0.95458984375 0.38221435546875 0.0301513671875 0.04108695983886719
1 0.412109375 0.81123046875 0.0246124267578125 0.0572021484375
1 0.52880859375 0.231842041015625 0.0242767333984375 0.04972686767578125
1 0.26611328125 0.16196441650390625 0.0177764892578125 0.050078964233398436
1 0.423828125 0.282110595703125 0.02838134765625 0.04988937377929688
1 0.450439453125 0.7436279296875 0.01678466796875 0.05538749694824219
1 0.9326171875 0.266943359375 0.0222015380859375 0.0561187744140625
1 0.63330078125 0.288177490234375 0.0239105224609375 0.05633544921875
1 0.179443359375 0.345379638671875 0.0322265625 0.046964263916015624
1 0.58984375 0.9169677734375 0.0305023193359375 0.054872894287109376
1 0.16357421875 0.98023681640625 0.0296478271484375 0.03948898315429687
1 0.9677734375 0.04292869567871094 0.017181396484375 0.07209854125976563
1 0.5751953125 0.21266632080078124 0.0160980224609375 0.0591522216796875
1 0.912109375 0.11516265869140625 0.0282135009765625 0.06299819946289062
1 0.96826171875 0.8094970703125 0.04052734375 0.08033218383789062
1 0.80224609375 0.857598876953125 0.03582763671875 0.05362701416015625
1 0.3349609375 0.2433258056640625 0.027740478515625 0.05517082214355469
1 0.99072265625 0.19208221435546874 0.018341064453125 0.07513198852539063
1 0.48974609375 0.599322509765625 0.0274810791015625 0.05817718505859375