0 0.7348958333333333 0.6212962962962963 0.04739583333333333 0.05462962962962963
0 0.85546875 0.42453703703703705 0.050520833333333334 0.062037037037037036
0 0.7458333333333333 0.47314814814814815 0.04375 0.062037037037037036
0 0.9252604166666667 0.7055555555555556 0.029166666666666667 0.06574074074074074
0 0.33255208333333336 0.6263888888888889 0.04739583333333333 0.04814814814814815
0 0.46875 0.6527777777777778 0.0453125 0.05185185185185185
0 0.7338541666666667 0.37222222222222223 0.05364583333333333 0.05092592592592592
0 0.83203125 0.5300925925925926 0.04739583333333333 0.04259259259259259
1 0.04635416666666667 0.7300925925925926 0.025 0.06296296296296296
0 0.8875 0.5740740740740741 0.04895833333333333 0.03888888888888889
1 0.4375 0.7375 0.020833333333333332 0.05925925925925926
1 0.4471354166666667 0.7078703703703704 0.023958333333333335 0.06388888888888888