0 0.04094940010432968 0.5583333333333333 0.0495565988523735 0.053703703703703705
1 0.6661450182576943 0.1736111111111111 0.023474178403755867 0.06574074074074074
1 0.21439749608763695 0.2763888888888889 0.02764736567553469 0.07222222222222222
1 0.4360980699008868 0.27870370370370373 0.027125717266562335 0.075
1 0.1332811684924361 0.22870370370370371 0.03495044340114763 0.06851851851851852
0 0.6087636932707355 0.4935185185185185 0.05216484089723526 0.05092592592592592
1 0.4527908189880021 0.924537037037037 0.03025560772039645 0.05740740740740741
1 0.9389671361502347 0.3347222222222222 0.03338549817423057 0.06944444444444445
1 0.8455920709441836 0.41388888888888886 0.0297339593114241 0.06296296296296296
1 0.7816901408450704 0.4125 0.022952529994783515 0.05092592592592592
1 0.2303077725612937 0.3912037037037037 0.03442879499217527 0.06018518518518518
1 0.30438184663536777 0.30648148148148147 0.03390714658320292 0.06388888888888888
1 0.08346374543557643 0.25046296296296294 0.02764736567553469 0.0712962962962963
1 0.7423056859676578 0.21574074074074073 0.02608242044861763 0.06666666666666667
1 0.25013041210224307 0.35 0.03182055294731351 0.06388888888888888
0 0.6118935837245696 0.5560185185185185 0.050078247261345854 0.04537037037037037
1 0.5625978090766823 0.3101851851851852 0.02764736567553469 0.04814814814814815
1 0.16353677621283255 0.8842592592592593 0.0396452790818988 0.058333333333333334
1 0.026604068857589983 0.30972222222222223 0.03808033385498174 0.06111111111111111
0 0.202660406885759 0.4527777777777778 0.04903495044340115 0.07407407407407407
1 0.6275430359937402 0.3111111111111111 0.02556077203964528 0.06666666666666667
1 0.8286384976525821 0.2967592592592593 0.02764736567553469 0.06666666666666667
1 0.3526343244653104 0.2800925925925926 0.019300991131977047 0.05555555555555555
1 0.5219092331768388 0.4527777777777778 0.0297339593114241 0.05925925925925926
1 0.6202399582681273 0.3574074074074074 0.030777256129368807 0.07962962962962963
1 0.1640584246218049 0.3162037037037037 0.02556077203964528 0.06759259259259259
1 0.4932185706833594 0.37222222222222223 0.020865936358894107 0.06574074074074074
1 0.8721961398017736 0.30324074074074076 0.026604068857589983 0.06481481481481481
1 0.8998435054773083 0.16805555555555557 0.02556077203964528 0.062037037037037036
1 0.7464788732394366 0.3337962962962963 0.025039123630672927 0.06666666666666667
1 0.08033385498174231 0.29953703703703705 0.028169014084507043 0.05185185185185185
1 0.3557642149191445 0.3597222222222222 0.029212310902451747 0.05648148148148148
1 0.7383933229003652 0.3013888888888889 0.024517475221700575 0.06481481481481481
1 0.6971830985915493 0.9092592592592592 0.023474178403755867 0.05092592592592592
0 0.516171100678143 0.5402777777777777 0.03286384976525822 0.05092592592592592
1 0.8646322378716745 0.7893518518518519 0.02556077203964528 0.06111111111111111
1 0.25143453312467395 0.6712962962962963 0.019300991131977047 0.05462962962962963
1 0.3586332811684924 0.38796296296296295 0.030777256129368807 0.05648148148148148
1 0.8735002608242045 0.21296296296296297 0.029212310902451747 0.06111111111111111
1 0.4016692749087115 0.8625 0.024517475221700575 0.06666666666666667
1 0.23943661971830985 0.30833333333333335 0.02556077203964528 0.06296296296296296
1 0.8028169014084507 0.30092592592592593 0.028169014084507043 0.06296296296296296
1 0.5952008346374543 0.13240740740740742 0.015127803860198226 0.07962962962962963
1 0.4094940010432968 0.8157407407407408 0.03025560772039645 0.05648148148148148
1 0.43766301512780387 0.8226851851851852 0.023474178403755867 0.058333333333333334