0 0.94677734375 0.4157986111111111 0.048675537109375 0.047037760416666664
0 0.76708984375 0.3878038194444444 0.0460205078125 0.043158637152777776
0 0.14343261718750003 0.5863715277777779 0.04950241815476191 0.0681423611111111
0 0.466064453125 0.5564236111111112 0.0517578125 0.044677734375
1 0.625 0.3116319444444444 0.0257110595703125 0.05007595486111111
0 0.4052734375 0.62109375 0.05224609375 0.046061197916666664
0 0.37109375 0.427734375 0.042572021484375 0.05300564236111111
0 0.5162527901785716 0.4023437500000001 0.045211791992187514 0.058268229166666664
0 0.5888671875 0.6410590277777778 0.0496826171875 0.04812282986111111
0 0.45947265625 0.4782986111111111 0.047607421875 0.044840494791666664
0 0.1961669921875 0.3986545138888889 0.044525146484375 0.044759114583333336
0 0.020416259765625 0.2615017361111111 0.0401611328125 0.04115125868055555
0 0.35888671875 0.3374565972222222 0.045013427734375 0.03634982638888889
1 0.6268601190476192 0.2698412698412699 0.01860119047619051 0.05555555555555555