0 0.478515625 0.4264322916666667 0.048858642578125 0.04820421006944445
0 0.299072265625 0.7703993055555556 0.0526123046875 0.049126519097222224
0 0.38818359375 0.5564236111111112 0.050811767578125 0.04885525173611111
0 0.58154296875 0.3884548611111111 0.044921875 0.045355902777777776
0 0.29150390625 0.4333767361111111 0.047515869140625 0.04359266493055555
0 0.2314453125 0.3138020833333333 0.045013427734375 0.044759114583333336
0 0.2137451171875 0.5121527777777778 0.04949951171875 0.04554578993055555
0 0.144775390625 0.4359809027777778 0.05108642578125 0.03895399305555555
0 0.78759765625 0.6046006944444444 0.0537109375 0.0478515625
0 0.541015625 0.5364583333333334 0.0289306640625 0.0576171875
0 0.1451416015625 0.5729166666666666 0.044677734375 0.05504014756944445
0 0.9697265625 0.5282118055555556 0.03326416015625 0.05495876736111111
0 0.396728515625 0.3337673611111111 0.043609619140625 0.04299587673611111