1 0.4323735002608242 0.8016944444444445 0.03643714136671883 0.061101851851851845
1 0.06915492957746479 0.7696296296296297 0.03790297339593114 0.059527777777777784
1 0.2993166405842462 0.8732037037037037 0.036165884194053206 0.06066666666666666
0 0.4213875847678664 0.5984537037037038 0.05459572248304642 0.05273148148148148
0 0.10632237871674491 0.40777777777777774 0.04959311424100156 0.04750925925925926
0 0.3203129890453834 0.5100555555555556 0.05154407929055817 0.048046296296296295
1 0.1401356285863328 0.6387592592592592 0.03396452790818988 0.05143518518518518
1 0.5830099113197705 0.8641018518518518 0.02465832029212311 0.05861111111111111
0 0.7001930099113197 0.5188888888888888 0.042410015649452265 0.07924074074074074
1 0.11145018257694314 0.6205555555555556 0.026917057902973395 0.058499999999999996
1 0.9790036515388628 0.15622222222222223 0.024752217005738136 0.06602777777777778
1 0.3820813771517997 0.7401574074074074 0.027266562336984875 0.06332407407407407
1 0.6953103808033386 0.41536111111111107 0.023025560772039644 0.0642962962962963
0 0.5957016171100679 0.5083148148148149 0.040161711006781425 0.05963888888888889
1 0.7582994261867502 0.22772222222222221 0.024094940010432966 0.06651851851851852
1 0.6909181011997914 0.2634722222222222 0.024094940010432966 0.06527777777777778
0 0.01883150756390193 0.4584814814814815 0.03732394366197183 0.04236111111111111
1 0.06427230046948357 0.5871851851851851 0.03338549817423057 0.06749074074074074
0 0.10577464788732395 0.5065833333333334 0.051178925404277514 0.04385185185185185
1 0.236207616066771 0.7098240740740741 0.026917057902973395 0.05861111111111111
1 0.3854981742305686 0.676462962962963 0.022978612415232132 0.0457962962962963
0 0.6580333854981743 0.579537037037037 0.05323943661971831 0.09894444444444445
1 0.4296870109546166 0.9065648148148149 0.028977569118414186 0.05785185185185185
1 0.19775169535732914 0.6630277777777778 0.02795513823682838 0.05527777777777778
1 0.08990610328638497 0.8727685185185186 0.0356755346896192 0.05839814814814815
1 0.5644548774126239 0.7345277777777778 0.024094940010432966 0.053518518518518514
0 0.4174804381846635 0.46368518518518514 0.05126760563380282 0.040629629629629634
1 0.2091079812206573 0.8233611111111111 0.034303599374021915 0.06803703703703703
1 0.6411111111111111 0.346462962962963 0.019426186750130414 0.06651851851851852
0 0.7983411580594679 0.5447222222222222 0.05282733437663015 0.06787037037037037
0 0.42065206051121545 0.5464537037037037 0.05243088158581117 0.04336111111111111
1 0.9223630672926448 0.8068981481481482 0.039488784559207096 0.05644444444444444
1 0.21582159624413147 0.767462962962963 0.023729786124152323 0.0687962962962963
1 0.7148461137193531 0.11971296296296295 0.016984872196139804 0.06933333333333333
1 0.4404277516953573 0.40041666666666664 0.03004694835680751 0.05612037037037037
1 0.8896504955659885 0.17811111111111114 0.03004694835680751 0.06824999999999999
1 0.9282211789254043 0.7475277777777778 0.03314032342201356 0.04935185185185185
1 0.9780281690140845 0.9152314814814815 0.042723004694835684 0.05914814814814815
1 0.9345696400625978 0.1408425925925926 0.029311424100156493 0.0637037037037037
1 0.19580073030777256 0.1951111111111111 0.028868022952529996 0.06402777777777778
1 0.29101721439749606 0.27192592592592596 0.022107459572248307 0.060509259259259256
1 0.062316118935837245 0.9343055555555555 0.0434585289514867 0.05612037037037037
1 0.850584246218049 0.974925925925926 0.0425717266562337 0.05014814814814814
0 0.5502921231090245 0.5819907407407408 0.045774647887323945 0.06121296296296296
1 0.2263171622326552 0.32458333333333333 0.028868022952529996 0.06169444444444444
1 0.3906259780907668 0.3698611111111111 0.024522691705790297 0.06191666666666667
1 0.4926760563380282 0.346462962962963 0.028930620761606678 0.05589814814814815
1 0.9907250912884716 0.8350648148148149 0.01646322378716745 0.061314814814814815
1 0.3996557120500782 0.29511111111111116 0.024934793948878455 0.05222222222222222
1 0.250245174752217 0.2350925925925926 0.029478351591027647 0.05538888888888889
1 0.7407250912884716 0.9637685185185184 0.04098591549295774 0.06727777777777777
1 0.9013667188315077 0.9585648148148148 0.03869587897756912 0.057416666666666664
1 0.6259780907668232 0.09376851851851851 0.014783515910276473 0.058499999999999996
1 0.037110067814293164 0.19544444444444445 0.024277516953573292 0.061101851851851845
1 0.13904016692749088 0.2333611111111111 0.02465832029212311 0.04859259259259259
1 0.4504381846635368 0.3273981481481481 0.01809598330725091 0.04292592592592592
1 0.09979134063641107 0.33541666666666664 0.02914449660928534 0.05202777777777778
1 0.12902973395931142 0.2743148148148148 0.026964006259780907 0.06602777777777778
1 0.41064684402712576 0.4350833333333333 0.020599895670318207 0.03415740740740741
1 0.7900365153886281 0.20616666666666666 0.024381846635367764 0.06527777777777778
1 0.9360354720918102 0.3434259259259259 0.018690662493479393 0.05774074074074074
1 0.5981429316640585 0.2537222222222222 0.01704225352112676 0.06250925925925926
1 0.88622848200313 0.30486111111111114 0.028930620761606678 0.05709259259259259
1 0.40527386541471044 0.24246296296296296 0.024564423578508087 0.06814814814814814
1 0.06549295774647887 0.26152777777777775 0.02752738654147105 0.07637962962962963
1 0.9189462702138758 0.3189444444444444 0.02752738654147105 0.048777777777777774
1 0.2719718309859155 0.30724074074074076 0.028701095461658842 0.06776851851851852
1 0.9184559207094418 0.8653981481481482 0.034486176317162234 0.052925925925925925
1 0.8481429316640585 0.23119444444444445 0.023239436619718307 0.03748148148148148
1 0.9179707876890976 0.4298796296296296 0.030625978090766823 0.07128703703703704
1 0.22863849765258218 0.1825462962962963 0.02332811684924361 0.04973148148148148
1 0.07366718831507564 0.1825462962962963 0.022154407929055816 0.05075925925925926
1 0.8408189880020865 0.13466666666666666 0.016343244653103807 0.05547222222222222
1 0.18432446531038083 0.24397222222222223 0.027845592070944183 0.06332407407407407
1 0.40429838288993214 0.9421018518518519 0.03802295252999478 0.063
1 0.012102243088158582 0.15426851851851853 0.018982785602503913 0.05882407407407408
1 0.5463849765258216 0.6335555555555555 0.0268075117370892 0.06564814814814815
1 0.8247052686489307 0.8714629629629629 0.026854460093896713 0.08309259259259259
1 0.3359363588941054 0.2795092592592593 0.02670318205529473 0.051537037037037034
1 0.9868179447052686 0.35621296296296295 0.02470526864893062 0.07399074074074073
1 0.4887689097548253 0.19035185185185186 0.016098069900886802 0.052925925925925925
1 0.9257798643714137 0.28146296296296297 0.03015127803860198 0.03672222222222222
1 0.30517475221700574 0.6994259259259259 0.020719874804381845 0.05644444444444444
1 0.20446531038080332 0.29056481481481483 0.019760041731872718 0.049046296296296296
0 0.899415753781951 0.3735462962962963 0.033536776212832554 0.04360185185185186
1 0.5654303599374022 0.2086574074074074 0.02091810119979134 0.05731481481481481
1 0.7324204486176317 0.27452777777777776 0.019196661450182576 0.04850925925925926
1 0.3281272822117892 0.20833333333333334 0.016786645800730308 0.038814814814814816
1 0.9809546165884194 0.06489814814814815 0.01692227438706312 0.07117592592592593
1 0.9184559207094418 0.9074351851851852 0.02096504955659885 0.04360185185185186
1 0.5390610328638499 0.2964074074074074 0.01646322378716745 0.06478703703703703
1 0.43359415753781955 0.22144444444444444 0.019713093375065206 0.05720370370370371
1 0.4956077203964528 0.2925092592592593 0.018982785602503913 0.059527777777777784
1 0.3791497130933751 0.3306481481481482 0.029921752738654148 0.039574074074074074
1 0.850584246218049 0.2987962962962963 0.020140845070422533 0.032231481481481486
1 0.4853521126760563 0.24896296296296297 0.016588419405320815 0.04786111111111111
1 0.4426291079812206 0.28449074074074077 0.0318622848200313 0.04309259259259259
1 0.5874021909233177 0.31742592592592594 0.019838288993218572 0.06391666666666666
1 0.5332029212310903 0.06944444444444445 0.014840897235263432 0.053842592592592595