0 0.8544270833333333 0.8074074074074075 0.05625 0.05
0 0.08203125 0.4546296296296296 0.05260416666666667 0.046296296296296294
0 0.9041666666666667 0.5893518518518519 0.053125 0.041666666666666664
0 0.026822916666666665 0.5189814814814815 0.049479166666666664 0.04259259259259259
0 0.734375 0.8574074074074074 0.05520833333333333 0.04351851851851852
0 0.346875 0.5560185185185185 0.05260416666666667 0.04259259259259259
0 0.9559895833333333 0.37407407407407406 0.046875 0.04259259259259259
0 0.5067708333333333 0.5236111111111111 0.034375 0.04814814814814815
0 0.9703125 0.6259259259259259 0.05364583333333333 0.041666666666666664
0 0.9463541666666667 0.4546296296296296 0.051041666666666666 0.04351851851851852
0 0.3541666666666667 0.4439814814814815 0.04791666666666667 0.041666666666666664
0 0.47161458333333334 0.4398148148148148 0.0515625 0.03888888888888889
0 0.31302083333333336 0.3685185185185185 0.04375 0.03888888888888889
0 0.9809895833333333 0.538425925925926 0.0375 0.040740740740740744
0 0.3890625 0.3388888888888889 0.04479166666666667 0.03611111111111111
0 0.578125 0.6361111111111111 0.04583333333333333 0.07685185185185185
0 0.821875 0.35185185185185186 0.04114583333333333 0.049074074074074076