0 0.059375 0.44907407407407407 0.05364583333333333 0.04351851851851852
0 0.36614583333333334 0.37824074074074077 0.046875 0.03981481481481482
0 0.12708333333333333 0.55 0.0296875 0.05462962962962963
0 0.2520833333333333 0.37777777777777777 0.04583333333333333 0.04537037037037037
0 0.7677083333333333 0.3074074074074074 0.044270833333333336 0.04259259259259259
0 0.06953125 0.3537037037037037 0.0484375 0.03611111111111111
0 0.7869791666666667 0.7777777777777778 0.053125 0.05925925925925926
0 0.29583333333333334 0.44722222222222224 0.050520833333333334 0.040740740740740744
0 0.5229166666666667 0.3509259259259259 0.04375 0.046296296296296294
0 0.3958333333333333 0.6337962962962963 0.0578125 0.07222222222222222
0 0.5731770833333333 0.12268518518518519 0.017708333333333333 0.06759259259259259