1 0.18753260302556077 0.8064814814814815 0.04121022430881586 0.06296296296296296
1 0.6165884194053208 0.42592592592592593 0.018779342723004695 0.06296296296296296
1 0.6747522170057382 0.8444444444444444 0.03182055294731351 0.06111111111111111
1 0.10980699008868022 0.7152777777777778 0.0396452790818988 0.06388888888888888
1 0.5401669274908711 0.36712962962962964 0.02556077203964528 0.062037037037037036
1 0.7767344809598331 0.6453703703703704 0.03025560772039645 0.08055555555555556
1 0.6888367240479917 0.12546296296296297 0.01617110067814293 0.06851851851851852
1 0.6382368283776735 0.25555555555555554 0.02190923317683881 0.06111111111111111
1 0.6820552947313511 0.33796296296296297 0.025039123630672927 0.05185185185185185
1 0.9027125717266562 0.30462962962962964 0.023474178403755867 0.06388888888888888
1 0.9491392801251957 0.30648148148148147 0.030777256129368807 0.06944444444444445
1 0.42123109024517474 0.2777777777777778 0.027125717266562335 0.06574074074074074
0 0.8291601460615545 0.5453703703703704 0.05581637976004173 0.05092592592592592
1 0.5878977569118414 0.4009259259259259 0.0198226395409494 0.05462962962962963
1 0.36724047991653624 0.8550925925925926 0.03234220135628586 0.05740740740740741
1 0.6137193531559729 0.33240740740740743 0.026604068857589983 0.062037037037037036
0 0.6820552947313511 0.538425925925926 0.05216484089723526 0.044444444444444446
0 0.8163797600417319 0.7277777777777777 0.05894627021387585 0.05092592592592592
1 0.328377673448096 0.3888888888888889 0.024517475221700575 0.06018518518518518
1 0.751434533124674 0.3888888888888889 0.03129890453834116 0.058333333333333334
1 0.5015649452269171 0.19537037037037036 0.020865936358894107 0.06759259259259259
1 0.5772039645279082 0.2773148148148148 0.02034428794992175 0.05462962962962963
1 0.8461137193531559 0.3236111111111111 0.022952529994783515 0.05555555555555555
1 0.9522691705790297 0.05648148148148148 0.01617110067814293 0.06944444444444445
1 0.03834115805946792 0.37175925925925923 0.0396452790818988 0.06666666666666667
1 0.859415753781951 0.3597222222222222 0.029212310902451747 0.058333333333333334
1 0.6640584246218049 0.2162037037037037 0.02034428794992175 0.06574074074074074
0 0.788471570161711 0.5555555555555556 0.027125717266562335 0.05740740740740741
1 0.711528429838289 0.6467592592592593 0.02138758476786646 0.05555555555555555
1 0.30359937402190923 0.2152777777777778 0.019300991131977047 0.06759259259259259
1 0.08528951486697965 0.17037037037037037 0.018257694314032343 0.05925925925925926
0 0.917057902973396 0.6726851851851852 0.04434011476264997 0.05277777777777778
0 0.6158059467918623 0.6578703703703703 0.0396452790818988 0.05648148148148148
1 0.8124673969744393 0.18472222222222223 0.026604068857589983 0.06574074074074074
1 0.7806468440271257 0.41064814814814815 0.022430881585811163 0.04537037037037037
1 0.661189358372457 0.10925925925925926 0.018257694314032343 0.07037037037037037
1 0.7704747000521649 0.44537037037037036 0.029212310902451747 0.06388888888888888
1 0.3667188315075639 0.4023148148148148 0.026604068857589983 0.05092592592592592
0 0.7167449139280125 0.5300925925925926 0.04434011476264997 0.05185185185185185
1 0.8724569640062598 0.40324074074074073 0.028690662493479395 0.06296296296296296
1 0.7910798122065728 0.32731481481481484 0.023995826812728223 0.06666666666666667
1 0.909754825247783 0.20555555555555555 0.026604068857589983 0.06481481481481481
1 0.8797600417318727 0.21388888888888888 0.022430881585811163 0.06851851851851852
1 0.1664058424621805 0.1763888888888889 0.018257694314032343 0.053703703703703705
1 0.7754303599374022 0.2935185185185185 0.019300991131977047 0.05277777777777778
1 0.7430881585811163 0.13518518518518519 0.02034428794992175 0.06388888888888888
1 0.8852373500260824 0.325 0.02190923317683881 0.05555555555555555
1 0.7284820031298904 0.2175925925925926 0.014084507042253521 0.04537037037037037
1 0.8544600938967136 0.2671296296296296 0.01617110067814293 0.03796296296296296
1 0.02608242044861763 0.22037037037037038 0.028169014084507043 0.07407407407407407
1 0.8119457485654669 0.449537037037037 0.022430881585811163 0.06388888888888888
1 0.747000521648409 0.2574074074074074 0.02556077203964528 0.05648148148148148
1 0.54434011476265 0.2800925925925926 0.0198226395409494 0.03981481481481482
1 0.8085550339071466 0.3699074074074074 0.027125717266562335 0.06574074074074074
1 0.7206572769953051 0.3939814814814815 0.022430881585811163 0.05462962962962963
1 0.20579029733959311 0.638425925925926 0.025039123630672927 0.06388888888888888
1 0.3810641627543036 0.2518518518518518 0.03129890453834116 0.05555555555555555
1 0.18701095461658843 0.2 0.01773604590505999 0.06018518518518518
1 0.2566510172143975 0.2013888888888889 0.02138758476786646 0.06481481481481481
1 0.9833072509128847 0.20601851851851852 0.02764736567553469 0.08518518518518518
1 0.3620239958268127 0.3300925925925926 0.018257694314032343 0.05
1 0.6854460093896714 0.2810185185185185 0.01773604590505999 0.05277777777777778
1 0.3857589984350548 0.9254629629629629 0.02034428794992175 0.05462962962962963
1 0.7803860198226396 0.20787037037037037 0.01773604590505999 0.04722222222222222
1 0.5878977569118414 0.3638888888888889 0.01773604590505999 0.044444444444444446
1 0.8721961398017736 0.1587962962962963 0.028169014084507043 0.075
1 0.45539906103286387 0.29814814814814816 0.019300991131977047 0.04351851851851852
0 0.9825247782994262 0.5689814814814815 0.03390714658320292 0.044444444444444446
1 0.8335941575378195 0.41712962962962963 0.027125717266562335 0.06111111111111111
0 0.810641627543036 0.6050925925925926 0.048513302034428794 0.05185185185185185
1 0.2323943661971831 0.3592592592592593 0.03599374021909233 0.06388888888888888
1 0.31977047470005215 0.25601851851851853 0.022430881585811163 0.05648148148148148
1 0.2104851330203443 0.31527777777777777 0.018779342723004695 0.05277777777777778
1 0.04720918101199791 0.18472222222222223 0.023995826812728223 0.037037037037037035
1 0.2858633281168492 0.3509259259259259 0.028169014084507043 0.05462962962962963
1 0.24752217005738134 0.2708333333333333 0.0297339593114241 0.06388888888888888
1 0.20761606677099634 0.25601851851851853 0.02608242044861763 0.06666666666666667
1 0.5166927490871153 0.9629629629629629 0.03390714658320292 0.05092592592592592
1 0.09598330725091289 0.29444444444444445 0.03025560772039645 0.06018518518518518
1 0.8265519040166928 0.1361111111111111 0.01617110067814293 0.05092592592592592
1 0.3471570161711007 0.2810185185185185 0.02608242044861763 0.05740740740740741
1 0.7509128847157016 0.32175925925925924 0.025039123630672927 0.06111111111111111
1 0.8213354199269692 0.300462962962963 0.023474178403755867 0.062037037037037036
0 0.4360980699008868 0.4634259259259259 0.051643192488262914 0.041666666666666664
1 0.5166927490871153 0.6675925925925926 0.022952529994783515 0.06574074074074074
1 0.7235263432446531 0.49166666666666664 0.030777256129368807 0.058333333333333334
0 0.9676577986437142 0.09027777777777778 0.03129890453834116 0.06481481481481481
1 0.5224308815858112 0.23703703703703705 0.024517475221700575 0.05925925925925926
1 0.3763693270735524 0.21064814814814814 0.02034428794992175 0.05185185185185185
1 0.1969222743870631 0.674537037037037 0.026604068857589983 0.05462962962962963
1 0.9791340636411059 0.125 0.03182055294731351 0.05925925925925926
1 0.5365153886280647 0.2074074074074074 0.014606155451225874 0.037037037037037035
1 0.9027125717266562 0.26990740740740743 0.01773604590505999 0.046296296296296294