0 0.5130208333333334 0.31574074074074077 0.0453125 0.04259259259259259
0 0.928125 0.5208333333333334 0.05364583333333333 0.04537037037037037
0 0.5041666666666667 0.44814814814814813 0.049479166666666664 0.041666666666666664
0 0.17421875 0.3611111111111111 0.04739583333333333 0.040740740740740744
0 0.2640625 0.4337962962962963 0.049479166666666664 0.041666666666666664
0 0.027864583333333335 0.6148148148148148 0.050520833333333334 0.040740740740740744
0 0.9692708333333333 0.4375 0.022916666666666665 0.062037037037037036
0 0.8174479166666667 0.2833333333333333 0.04635416666666667 0.05185185185185185
0 0.41458333333333336 0.3902777777777778 0.043229166666666666 0.041666666666666664
0 0.5559895833333334 0.5675925925925925 0.034895833333333334 0.058333333333333334
0 0.6359375 0.9324074074074075 0.05625 0.06851851851851852
0 0.45703125 0.14305555555555555 0.016666666666666666 0.046296296296296294
0 0.9908854166666666 0.3287037037037037 0.018229166666666668 0.049074074074074076