0 0.6878142931664059 0.5786851851851852 0.046531038080333854 0.059527777777777784
1 0.649415753781951 0.8268333333333333 0.021090245174752217 0.06159259259259259
0 0.2485341679707877 0.5390833333333334 0.052702138758476784 0.04360185185185186
0 0.12951486697965572 0.5416481481481482 0.046724047991653625 0.09528703703703703
0 0.08978090766823162 0.48664814814814816 0.046113719353155974 0.05048148148148148
0 0.5415023474178403 0.5239166666666667 0.051361502347417834 0.0432037037037037
0 0.174924360980699 0.4979166666666667 0.05081377151799687 0.04563888888888889
1 0.9443348982785602 0.4363796296296297 0.037386541471048515 0.06381481481481481
0 0.7958998435054773 0.5464537037037037 0.05932707355242567 0.050861111111111114
1 0.63622848200313 0.8692962962962963 0.029207094418362025 0.05633333333333334
1 0.3087584767866458 0.721962962962963 0.047605633802816905 0.09051851851851853
0 0.717772561293688 0.34667592592592594 0.052519561815336464 0.04850925925925926
1 0.16748043818466354 0.7028888888888889 0.028930620761606678 0.06651851851851852
1 0.7187480438184664 0.7761296296296296 0.036165884194053206 0.0502962962962963
1 0.03970266040688576 0.8485 0.03933750652060511 0.06018518518518518
1 0.6992175273865415 0.9013703703703704 0.02615545122587376 0.06039814814814815
0 0.17627021387584768 0.4392037037037037 0.05398539384454877 0.04212037037037037
1 0.903322900365154 0.447212962962963 0.034027125717266564 0.05942592592592593
1 0.043943661971830986 0.2543796296296296 0.0334793948878456 0.06402777777777778
1 0.3718257694314032 0.8489351851851852 0.02182055294731351 0.06440740740740741
1 0.7045905059989567 0.8281296296296297 0.029874804381846636 0.06039814814814815
1 0.9418935837245695 0.3720277777777778 0.023468961919666145 0.06169444444444444
1 0.7670892018779343 0.6924907407407407 0.034303599374021915 0.05232407407407407
1 0.06902973395931143 0.6838240740740741 0.02914449660928534 0.06343518518518519
1 0.14306729264475743 0.29186111111111107 0.022796035472091813 0.0457962962962963
1 0.9687480438184664 0.40777777777777774 0.019014084507042256 0.043444444444444445
1 0.33202921231090243 0.5958518518518519 0.02162232655190402 0.07556481481481482
1 0.9072248304642672 0.22382407407407406 0.02801773604590506 0.0787037037037037
1 0.37231611893583727 0.799962962962963 0.017913406364110592 0.04786111111111111
1 0.1483150756390193 0.22967592592592595 0.029540949400104332 0.05925925925925926
1 0.19091810119979136 0.7626944444444445 0.03588941053729786 0.055574074074074074
1 0.7172874282733438 0.7184907407407408 0.032227438706311944 0.04831481481481482
1 0.09753260302556077 0.6556574074074074 0.03482003129890454 0.05839814814814815
1 0.4694835680751174 0.42035185185185187 0.018586332811684925 0.053518518518518514
1 0.737303077725613 0.8757962962962963 0.029207094418362025 0.05839814814814815
1 0.4816901408450704 0.2504722222222222 0.018643714136671884 0.06944444444444445
1 0.6674804381846635 0.37160185185185185 0.030855503390714658 0.04886111111111111
1 0.8002921231090245 0.15936111111111112 0.026765779864371415 0.06982407407407407
1 0.7739280125195618 0.3702962962962963 0.029207094418362025 0.03791666666666667
1 0.9589827856025038 0.29965740740740743 0.02522170057381325 0.07930555555555556
1 0.09753260302556077 0.24527777777777776 0.025466875326030255 0.05839814814814815
1 0.5053729786124153 0.9074351851851852 0.03985393844548774 0.06343518518518519
1 0.6625978090766823 0.2160277777777778 0.024475743348982785 0.05465740740740741
1 0.2033698487219614 0.8836018518518518 0.04113719353155973 0.056768518518518524
1 0.1412363067292645 0.9221666666666667 0.035216484089723527 0.042444444444444444
1 0.1882316118935837 0.3228425925925926 0.028701095461658842 0.05731481481481481
1 0.17260824204486175 0.6435277777777778 0.026411058946270216 0.03721296296296296
1 0.5341784037558686 0.18189814814814814 0.018904538341158062 0.05302777777777778
1 0.8754877412623892 0.8762314814814816 0.02615545122587376 0.06039814814814815
1 0.6035159102764737 0.08341666666666667 0.018768909754825248 0.07144444444444444
1 0.8735367762128325 0.16424074074074074 0.025863328116849243 0.0702037037037037
1 0.009019300991131976 0.718925925925926 0.017913406364110592 0.06180555555555556
1 0.8452164840897235 0.7951944444444444 0.03210224308815858 0.061101851851851845
1 0.7568335941575378 0.13368518518518518 0.019243609806990088 0.06516666666666666
1 0.806150234741784 0.31742592592592594 0.025957224830464268 0.04133333333333333
1 0.6879864371413666 0.29164814814814816 0.021742305685967658 0.06944444444444445
1 0.019269692227438705 0.20367592592592593 0.030333854981742306 0.056768518518518524
1 0.39672926447574336 0.3128796296296297 0.025466875326030255 0.06077777777777778
1 0.016343244653103807 0.16110185185185186 0.02561815336463224 0.052814814814814814
1 0.006264997391757955 0.29900925925925925 0.01214397496087637 0.07426851851851851
1 0.515623369848722 0.22100925925925927 0.017240479916536253 0.054037037037037036
1 0.6782211789254043 0.07767592592592593 0.01577986437141367 0.07210185185185186
1 0.8818362023995827 0.8359351851851852 0.021241523213354197 0.04300925925925926
1 0.5761711006781429 0.18937037037037038 0.023072509128847157 0.06451851851851853
1 0.8242201356285863 0.654787037037037 0.03500260824204486 0.05135185185185185
1 0.8051747522170057 0.881 0.02958789775691184 0.054435185185185184
1 0.738283776734481 0.6452592592592593 0.022154407929055816 0.054953703703703706
1 0.023072509128847157 0.6079907407407408 0.035399061032863846 0.042851851851851856
1 0.039488784559207096 0.6391944444444445 0.024934793948878455 0.053842592592592595
1 0.5698226395409494 0.881 0.03912363067292645 0.05633333333333334
1 0.8105477308294209 0.2788611111111111 0.030213875847678665 0.04393518518518519
1 0.24145539906103286 0.18092592592592593 0.022081377151799687 0.0637037037037037
1 0.6386697965571204 0.10433333333333333 0.01332811684924361 0.058499999999999996
1 0.22387584767866459 0.2801574074074074 0.03515388628064684 0.05600925925925926
1 0.5688471570161711 0.8337685185185185 0.02937402190923318 0.050944444444444445
1 0.2646478873239437 0.29489814814814813 0.029478351591027647 0.06440740740740741
0 0.011246739697443922 0.4875185185185185 0.021742305685967658 0.06564814814814815
1 0.7094731351069379 0.4069166666666667 0.0213302034428795 0.0700925925925926
1 0.10320813771517996 0.15351851851851853 0.02561815336463224 0.06787037037037037
1 0.9350599895670318 0.7163240740740741 0.026353677621283256 0.058499999999999996
1 0.29809598330725096 0.2509074074074074 0.027631716223265518 0.06381481481481481
1 0.2183828899321857 0.1695462962962963 0.023192488262910798 0.052620370370370366
1 0.32836724047991656 0.16835185185185184 0.020599895670318207 0.062129629629629625
1 0.22766301512780387 0.3499259259259259 0.026964006259780907 0.06587037037037037
1 0.9243140323422014 0.17377777777777778 0.020020865936358895 0.053842592592592595
1 0.2734376630151278 0.18027777777777776 0.01692227438706312 0.06262037037037037
1 0.7246113719353156 0.2805925925925926 0.02499217527386541 0.04614814814814815
1 0.33837767344809594 0.30074074074074075 0.029817423056859676 0.061101851851851845
1 0.7275378195096506 0.38069444444444445 0.022415232133541994 0.0709074074074074
1 0.6845696400625978 0.23617592592592593 0.02859676577986437 0.040462962962962964
1 0.9770526864893062 0.05644444444444444 0.017303077725612938 0.07144444444444444
1 0.3757329160146061 0.2665092592592592 0.022978612415232132 0.05914814814814815
1 0.7211893583724569 0.2366111111111111 0.017777777777777778 0.052925925925925925
1 0.661622326551904 0.17691666666666667 0.03149191444966093 0.04078703703703703
1 0.5082994261867501 0.10243518518518518 0.011961398017736045 0.03525925925925926