0 0.22734375 0.2222222222222222 0.04375 0.062037037037037036
0 0.16145833333333334 0.4444444444444444 0.05416666666666667 0.04259259259259259
0 0.4041666666666667 0.4847222222222222 0.05416666666666667 0.04259259259259259
0 0.2015625 0.6277777777777778 0.050520833333333334 0.04259259259259259
0 0.34296875 0.3902777777777778 0.05677083333333333 0.044444444444444446
0 0.4479166666666667 0.5800925925925926 0.04739583333333333 0.046296296296296294
0 0.31354166666666666 0.5046296296296297 0.04583333333333333 0.05
0 0.8973958333333333 0.40370370370370373 0.050520833333333334 0.044444444444444446
0 0.075 0.3347222222222222 0.05260416666666667 0.06574074074074074
0 0.22291666666666668 0.5361111111111111 0.052083333333333336 0.06296296296296296
0 0.2708333333333333 0.6689814814814815 0.04479166666666667 0.041666666666666664
0 0.49322916666666666 0.5310185185185186 0.0484375 0.05740740740740741
0 0.6143229166666667 0.5763888888888888 0.04635416666666667 0.049074074074074076
0 0.39427083333333335 0.26342592592592595 0.04739583333333333 0.07222222222222222
0 0.32005208333333335 0.32731481481481484 0.053125 0.053703703703703705
0 0.9786458333333333 0.5074074074074074 0.03958333333333333 0.06388888888888888
1 0.7421875 0.7208333333333333 0.020833333333333332 0.06296296296296296
0 0.59609375 0.2449074074074074 0.05260416666666667 0.04537037037037037
0 0.66953125 0.175 0.04895833333333333 0.044444444444444446
1 0.63828125 0.7583333333333333 0.027604166666666666 0.06296296296296296
1 0.5184895833333333 0.7490740740740741 0.022395833333333334 0.058333333333333334
1 0.9708333333333333 0.6949074074074074 0.03333333333333333 0.06574074074074074