1 0.495565988523735 0.20833333333333334 0.026604068857589983 0.05648148148148148
1 0.01278038601982264 0.7337962962962963 0.023995826812728223 0.06944444444444445
1 0.2037037037037037 0.5981481481481481 0.02138758476786646 0.06944444444444445
1 0.016692749087115284 0.8125 0.030777256129368807 0.06666666666666667
1 0.4160146061554512 0.8101851851851852 0.018779342723004695 0.062037037037037036
1 0.34663536776212833 0.6282407407407408 0.028169014084507043 0.07222222222222222
0 0.23395931142410015 0.46805555555555556 0.03390714658320292 0.06388888888888888
1 0.20761606677099634 0.7337962962962963 0.0198226395409494 0.05740740740740741
0 0.40245174752217006 0.5277777777777778 0.0505998956703182 0.04722222222222222
1 0.7537819509650495 0.13796296296296295 0.03808033385498174 0.05185185185185185
0 0.5925925925925926 0.47314814814814815 0.0505998956703182 0.049074074074074076
1 0.35602503912363065 0.8138888888888889 0.020865936358894107 0.08333333333333333
0 0.44835680751173707 0.4375 0.046426708398539386 0.04814814814814815
1 0.6536254564423578 0.7638888888888888 0.022430881585811163 0.062037037037037036
1 0.3779342723004695 0.6101851851851852 0.028690662493479395 0.06666666666666667
1 0.516171100678143 0.6944444444444444 0.019300991131977047 0.075
0 0.5143453312467396 0.49074074074074076 0.04538341158059468 0.053703703703703705
1 0.35002608242044864 0.15833333333333333 0.03338549817423057 0.05555555555555555
1 0.9121022430881586 0.7324074074074074 0.03182055294731351 0.05925925925925926
1 0.24752217005738134 0.624537037037037 0.02608242044861763 0.05740740740740741
1 0.05712050078247261 0.7875 0.03338549817423057 0.06481481481481481
1 0.5440792905581638 0.6416666666666667 0.02556077203964528 0.06296296296296296
1 0.17814293166405842 0.6625 0.023995826812728223 0.06759259259259259
1 0.15910276473656756 0.562962962962963 0.023995826812728223 0.053703703703703705
1 0.019561815336463225 0.10648148148148148 0.03390714658320292 0.05925925925925926
1 0.48643714136671884 0.8268518518518518 0.017214397496087636 0.05740740740740741
0 0.07668231611893583 0.4532407407407407 0.05738132498695879 0.062037037037037036
1 0.6158059467918623 0.7013888888888888 0.022430881585811163 0.053703703703703705
1 0.36906624934793947 0.7356481481481482 0.019300991131977047 0.0712962962962963
1 0.8985393844548775 0.29444444444444445 0.03025560772039645 0.05185185185185185
1 0.6418883672404799 0.27037037037037037 0.03390714658320292 0.05648148148148148
1 0.1431924882629108 0.8800925925925925 0.0297339593114241 0.06944444444444445
1 0.8701095461658842 0.7157407407407408 0.03129890453834116 0.06574074074074074
1 0.7271778821074596 0.7550925925925925 0.0198226395409494 0.06574074074074074
1 0.6455399061032864 0.17314814814814813 0.028169014084507043 0.044444444444444446
1 0.5821596244131455 0.35509259259259257 0.02608242044861763 0.06851851851851852
1 0.26134585289514867 0.7652777777777777 0.02034428794992175 0.046296296296296294
0 0.3745435576421492 0.39351851851851855 0.046426708398539386 0.075
1 0.30855503390714656 0.6606481481481481 0.01773604590505999 0.05925925925925926
1 0.7373500260824204 0.6259259259259259 0.022430881585811163 0.06666666666666667
1 0.5328638497652582 0.7564814814814815 0.029212310902451747 0.07037037037037037
1 0.5498174230568597 0.7129629629629629 0.02556077203964528 0.06759259259259259
1 0.5391236306729265 0.33101851851851855 0.018257694314032343 0.062037037037037036
1 0.8541992696922275 0.22685185185185186 0.022952529994783515 0.05
1 0.2167449139280125 0.6754629629629629 0.02190923317683881 0.062037037037037036
1 0.2871674491392801 0.9097222222222222 0.02138758476786646 0.06388888888888888
1 0.5639019300991132 0.39675925925925926 0.02190923317683881 0.06481481481481481
1 0.6789254042775169 0.20555555555555555 0.02138758476786646 0.049074074074074076
0 0.6591027647365676 0.5064814814814815 0.05372978612415232 0.05555555555555555
1 0.8453312467396974 0.7578703703703704 0.020865936358894107 0.06481481481481481
1 0.15466875326030255 0.7263888888888889 0.024517475221700575 0.06481481481481481
1 0.260302556077204 0.7199074074074074 0.02608242044861763 0.05925925925925926
1 0.3335941575378195 0.7342592592592593 0.019300991131977047 0.06018518518518518
1 0.040166927490871154 0.8375 0.029212310902451747 0.06666666666666667
1 0.7550860719874805 0.23981481481481481 0.024517475221700575 0.058333333333333334
1 0.7112676056338029 0.6842592592592592 0.02034428794992175 0.06759259259259259
1 0.4019300991131977 0.6768518518518518 0.018257694314032343 0.062037037037037036
1 0.17188315075639019 0.7893518518518519 0.028169014084507043 0.06944444444444445
1 0.11476264997391758 0.8305555555555556 0.02608242044861763 0.06111111111111111
1 0.7936880542514345 0.8611111111111112 0.03286384976525822 0.06481481481481481
1 0.748565466875326 0.7893518518518519 0.01617110067814293 0.05555555555555555
1 0.9470526864893062 0.8347222222222223 0.024517475221700575 0.03518518518518519
1 0.698226395409494 0.8333333333333334 0.01617110067814293 0.05462962962962963
1 0.7537819509650495 0.6884259259259259 0.018257694314032343 0.06296296296296296
1 0.11476264997391758 0.687962962962963 0.02764736567553469 0.04722222222222222
1 0.819509650495566 0.8356481481481481 0.029212310902451747 0.08055555555555556
1 0.2895148669796557 0.3143518518518518 0.030777256129368807 0.08333333333333333
1 0.4042775169535733 0.9328703703703703 0.01773604590505999 0.07592592592592592
0 0.42566510172143973 0.5722222222222222 0.0297339593114241 0.049074074074074076
1 0.038601982263954095 0.9685185185185186 0.01773604590505999 0.06296296296296296
1 0.4462702138758477 0.8388888888888889 0.019300991131977047 0.07037037037037037
1 0.1484089723526343 0.6162037037037037 0.026604068857589983 0.03611111111111111
1 0.1356285863328117 0.7597222222222222 0.02034428794992175 0.06111111111111111
1 0.9825247782994262 0.8439814814814814 0.03182055294731351 0.058333333333333334
1 0.8578508085550339 0.799074074074074 0.03129890453834116 0.03981481481481482