0 0.8434895833333333 0.2199074074074074 0.059375 0.03518518518518519
0 0.2828125 0.6083333333333333 0.044270833333333336 0.07407407407407407
0 0.5440104166666667 0.5518518518518518 0.046875 0.040740740740740744
0 0.8643229166666667 0.4449074074074074 0.05572916666666667 0.03888888888888889
0 0.12161458333333333 0.5912037037037037 0.0484375 0.04259259259259259
0 0.86015625 0.7347222222222223 0.052083333333333336 0.044444444444444446
0 0.4786458333333333 0.3731481481481482 0.04375 0.041666666666666664
0 0.18541666666666667 0.537962962962963 0.052083333333333336 0.04814814814814815
0 0.09765625 0.4060185185185185 0.057291666666666664 0.046296296296296294
0 0.2515625 0.4300925925925926 0.0515625 0.040740740740740744
0 0.39114583333333336 0.5587962962962963 0.04635416666666667 0.046296296296296294
0 0.3765625 0.1884259259259259 0.0484375 0.05185185185185185
0 0.7080729166666667 0.34675925925925927 0.0453125 0.06481481481481481
0 0.97734375 0.700925925925926 0.0453125 0.04259259259259259
0 0.84609375 0.17037037037037037 0.0609375 0.062037037037037036
0 0.5140625 0.6689814814814815 0.04010416666666667 0.03888888888888889
0 0.4390625 0.49907407407407406 0.042708333333333334 0.06018518518518518