0 0.3302034428794992 0.48055555555555557 0.05372978612415232 0.05
0 0.6011997913406364 0.4935185185185185 0.05529473135106938 0.06851851851851852
0 0.5219092331768388 0.5157407407407407 0.030777256129368807 0.05555555555555555
1 0.1288471570161711 0.4310185185185185 0.022430881585811163 0.05092592592592592
1 0.3218570683359416 0.36944444444444446 0.026604068857589983 0.06944444444444445
1 0.3236828377673448 0.8425925925925926 0.03286384976525822 0.06111111111111111
0 0.16014606155451225 0.5472222222222223 0.056338028169014086 0.04722222222222222
1 0.17370892018779344 0.3990740740740741 0.023474178403755867 0.06944444444444445
1 0.6129368805425144 0.7268518518518519 0.026604068857589983 0.05740740740740741
1 0.32968179447052687 0.18287037037037038 0.02138758476786646 0.06574074074074074
0 0.396452790818988 0.5726851851851852 0.04121022430881586 0.04722222222222222
0 0.45748565466875324 0.524537037037037 0.04747000521648409 0.053703703703703705
1 0.5571205007824727 0.6351851851851852 0.024517475221700575 0.062037037037037036
1 0.3448095983307251 0.3907407407407407 0.01773604590505999 0.07407407407407407
1 0.34872196139801775 0.26342592592592595 0.019300991131977047 0.07407407407407407
1 0.23735002608242045 0.21712962962962962 0.023474178403755867 0.049074074074074076
1 0.5075639019300991 0.25 0.027125717266562335 0.08796296296296297
1 0.033646322378716745 0.2152777777777778 0.029212310902451747 0.06018518518518518
0 0.9441836202399583 0.4532407407407407 0.05268648930620762 0.04537037037037037
1 0.627282211789254 0.24027777777777778 0.02034428794992175 0.06481481481481481
1 0.8495044340114762 0.3388888888888889 0.028169014084507043 0.07037037037037037
1 0.28508085550339074 0.3416666666666667 0.02138758476786646 0.06111111111111111
1 0.08789775691184142 0.12453703703703704 0.0198226395409494 0.06018518518518518
1 0.37845592070944184 0.32592592592592595 0.027125717266562335 0.058333333333333334
1 0.11711006781429317 0.12037037037037036 0.028169014084507043 0.06759259259259259
1 0.7266562336984872 0.21064814814814814 0.02190923317683881 0.053703703703703705
1 0.15232133541992696 0.33935185185185185 0.023995826812728223 0.06944444444444445
1 0.5151278038601982 0.6648148148148149 0.01773604590505999 0.06111111111111111
1 0.46870109546165883 0.7893518518518519 0.023474178403755867 0.058333333333333334
1 0.806207616066771 0.1935185185185185 0.020865936358894107 0.05925925925925926
1 0.8260302556077204 0.8046296296296296 0.03286384976525822 0.06574074074074074
1 0.8450704225352113 0.2847222222222222 0.0297339593114241 0.06296296296296296
1 0.7276995305164319 0.8703703703703703 0.03182055294731351 0.05555555555555555
1 0.6557120500782473 0.7925925925925926 0.023474178403755867 0.05462962962962963
1 0.22065727699530516 0.3824074074074074 0.024517475221700575 0.05925925925925926
1 0.5375586854460094 0.5944444444444444 0.02138758476786646 0.07037037037037037
1 0.12649973917579552 0.2962962962962963 0.02138758476786646 0.05925925925925926
1 0.7034428794992176 0.24861111111111112 0.020865936358894107 0.062037037037037036
1 0.8776734480959834 0.2962962962962963 0.03286384976525822 0.05740740740740741
1 0.1507563901930099 0.21388888888888888 0.03025560772039645 0.06574074074074074
1 0.6171100678142931 0.8212962962962963 0.0297339593114241 0.05
1 0.8721961398017736 0.725925925925926 0.03442879499217527 0.08611111111111111
1 0.5920709441836203 0.3037037037037037 0.027125717266562335 0.05277777777777778
0 0.31977047470005215 0.6282407407407408 0.0505998956703182 0.06018518518518518
1 0.7050078247261345 0.37777777777777777 0.02764736567553469 0.06111111111111111
1 0.7318727177882107 0.7694444444444445 0.03025560772039645 0.049074074074074076
1 0.3941053729786124 0.19537037037037036 0.023995826812728223 0.06481481481481481
1 0.8056859676577987 0.2759259259259259 0.02608242044861763 0.06111111111111111
1 0.3111632759520083 0.27175925925925926 0.020865936358894107 0.06018518518518518
1 0.09285341679707877 0.3189814814814815 0.028169014084507043 0.04351851851851852
1 0.5190401669274909 0.362962962962963 0.02764736567553469 0.06018518518518518
1 0.18362023995826812 0.2657407407407407 0.0198226395409494 0.05555555555555555
1 0.26264997391757955 0.6902777777777778 0.02764736567553469 0.08796296296296297
1 0.6872717788210746 0.3194444444444444 0.017214397496087636 0.06851851851851852
1 0.9293166405842462 0.1574074074074074 0.02556077203964528 0.05
1 0.207094418362024 0.300462962962963 0.02034428794992175 0.049074074074074076
1 0.26604068857589985 0.09675925925925925 0.02556077203964528 0.06018518518518518
1 0.10693792383933229 0.2537037037037037 0.02190923317683881 0.0712962962962963
1 0.7996870109546166 0.12407407407407407 0.018257694314032343 0.041666666666666664
1 0.7282211789254043 0.3148148148148148 0.01773604590505999 0.05925925925925926
1 0.4254042775169536 0.18518518518518517 0.013562858633281168 0.037037037037037035
1 0.949660928534168 0.23287037037037037 0.02556077203964528 0.02962962962962963
1 0.7728221178925404 0.14027777777777778 0.018779342723004695 0.05092592592592592
1 0.7193531559728743 0.2833333333333333 0.018779342723004695 0.04537037037037037
1 0.38967136150234744 0.08518518518518518 0.019300991131977047 0.09259259259259259
1 0.8914971309337506 0.25833333333333336 0.02190923317683881 0.04351851851851852
1 0.6765779864371414 0.1763888888888889 0.017214397496087636 0.03981481481481482
1 0.8354199269692227 0.2037037037037037 0.03234220135628586 0.041666666666666664
1 0.3302034428794992 0.4361111111111111 0.022952529994783515 0.04537037037037037
1 0.12050078247261346 0.3888888888888889 0.015127803860198226 0.037037037037037035