0 0.9522691705790297 0.43148148148148147 0.050078247261345854 0.04259259259259259
0 0.8935837245696401 0.5078703703703704 0.050078247261345854 0.044444444444444446
1 0.8969744392279604 0.3763888888888889 0.026604068857589983 0.06759259259259259
0 0.2798643714136672 0.5111111111111111 0.03338549817423057 0.04814814814814815
1 0.924621804903495 0.8726851851851852 0.03286384976525822 0.05648148148148148
1 0.027908189880020865 0.26157407407407407 0.02556077203964528 0.05648148148148148
1 0.013302034428794992 0.37962962962962965 0.023995826812728223 0.07037037037037037
0 0.18362023995826812 0.4777777777777778 0.058424621804903494 0.05185185185185185
1 0.7509128847157016 0.2847222222222222 0.020865936358894107 0.06388888888888888
1 0.15910276473656756 0.13796296296296295 0.028690662493479395 0.06666666666666667
0 0.8231611893583725 0.586574074074074 0.05372978612415232 0.04259259259259259
1 0.041471048513302036 0.3296296296296296 0.023474178403755867 0.06388888888888888
1 0.16614501825769432 0.30092592592592593 0.023995826812728223 0.05925925925925926
1 0.98226395409494 0.24444444444444444 0.03025560772039645 0.06851851851851852
1 0.8578508085550339 0.2953703703703704 0.02556077203964528 0.06111111111111111
1 0.3651538862806468 0.38935185185185184 0.019300991131977047 0.06481481481481481
1 0.0912884715701617 0.23194444444444445 0.025039123630672927 0.07037037037037037
1 0.18022952529994785 0.22361111111111112 0.028169014084507043 0.06018518518518518
0 0.8210745957224831 0.6472222222222223 0.03390714658320292 0.05925925925925926
0 0.702660406885759 0.45925925925925926 0.023474178403755867 0.05740740740740741
1 0.33776734480959836 0.4324074074074074 0.029212310902451747 0.06574074074074074
1 0.37741262389149716 0.28055555555555556 0.022952529994783515 0.06574074074074074
1 0.8792383933229003 0.2462962962962963 0.02608242044861763 0.06018518518518518
1 0.6515388628064684 0.3486111111111111 0.028690662493479395 0.058333333333333334
0 0.17762128325508608 0.638425925925926 0.04225352112676056 0.03981481481481482
1 0.7976004173187272 0.20416666666666666 0.02608242044861763 0.05925925925925926
1 0.34376630151278037 0.11296296296296296 0.02034428794992175 0.08148148148148149
1 0.30412102243088157 0.21898148148148147 0.01617110067814293 0.06388888888888888
1 0.3174230568596766 0.3611111111111111 0.026604068857589983 0.041666666666666664
1 0.41366718831507565 0.34305555555555556 0.01617110067814293 0.06388888888888888
1 0.803338549817423 0.337037037037037 0.0297339593114241 0.06388888888888888
1 0.5581637976004173 0.38796296296296295 0.03286384976525822 0.06481481481481481
1 0.2537819509650496 0.16157407407407406 0.02556077203964528 0.05648148148148148
1 0.43401147626499736 0.23796296296296296 0.01617110067814293 0.06388888888888888
0 0.949660928534168 0.5810185185185185 0.02608242044861763 0.05277777777777778
1 0.32655190401669276 0.2796296296296296 0.01773604590505999 0.062037037037037036
1 0.44835680751173707 0.38472222222222224 0.020865936358894107 0.05185185185185185
1 0.19092331768388107 0.9064814814814814 0.03547209181011998 0.06296296296296296
1 0.26421491914449663 0.2740740740740741 0.018779342723004695 0.05740740740740741
1 0.9827856025039123 0.337037037037037 0.025039123630672927 0.05462962962962963
1 0.6137193531559729 0.8138888888888889 0.03755868544600939 0.08055555555555556
1 0.4715701617110068 0.3277777777777778 0.02034428794992175 0.06759259259259259
1 0.9462702138758476 0.27037037037037037 0.025039123630672927 0.0712962962962963
1 0.07850808555033907 0.9222222222222223 0.03912363067292645 0.06481481481481481
1 0.3398539384454877 0.20046296296296295 0.024517475221700575 0.06481481481481481
1 0.5422535211267606 0.31527777777777777 0.030777256129368807 0.05092592592592592
1 0.23187271778821075 0.22083333333333333 0.022430881585811163 0.062037037037037036
1 0.3755868544600939 0.1726851851851852 0.019300991131977047 0.05648148148148148
1 0.028690662493479395 0.22037037037037038 0.03495044340114763 0.041666666666666664
1 0.2104851330203443 0.33796296296296297 0.022430881585811163 0.03981481481481482
0 0.45565988523735 0.6101851851851852 0.05894627021387585 0.06944444444444445