0 0.471875 0.4787037037037037 0.050520833333333334 0.06296296296296296
0 0.5575520833333333 0.5703703703703704 0.051041666666666666 0.05648148148148148
0 0.29192708333333334 0.5393518518518519 0.053125 0.044444444444444446
0 0.8856770833333333 0.5092592592592593 0.05 0.06018518518518518
0 0.2265625 0.6236111111111111 0.05416666666666667 0.058333333333333334
0 0.33177083333333335 0.42824074074074076 0.04114583333333333 0.05462962962962963
0 0.34036458333333336 0.6722222222222223 0.049479166666666664 0.049074074074074076
0 0.11875 0.44212962962962965 0.052083333333333336 0.04259259259259259
0 0.57265625 0.3921296296296296 0.04791666666666667 0.044444444444444446
1 0.1890625 0.2810185185185185 0.025520833333333333 0.05925925925925926
0 0.11223958333333334 0.8435185185185186 0.052083333333333336 0.049074074074074076
0 0.11354166666666667 0.7560185185185185 0.052083333333333336 0.05277777777777778
0 0.5421875 0.35833333333333334 0.0421875 0.044444444444444446
0 0.37109375 0.5208333333333334 0.04375 0.049074074074074076
0 0.3651041666666667 0.6097222222222223 0.0546875 0.04537037037037037
1 0.390625 0.2449074074074074 0.028125 0.06481481481481481
0 0.61796875 0.6782407407407407 0.04583333333333333 0.049074074074074076
1 0.9786458333333333 0.27175925925925926 0.028645833333333332 0.06944444444444445
0 0.3294270833333333 0.774537037037037 0.04791666666666667 0.06481481481481481
1 0.27890625 0.23796296296296296 0.025520833333333333 0.06296296296296296
0 0.20286458333333332 0.48703703703703705 0.04895833333333333 0.05462962962962963