1 0.621283255086072 0.33101851851851855 0.02138758476786646 0.06759259259259259
0 0.5328638497652582 0.4726851851851852 0.05425143453312467 0.05092592592592592
0 0.40375586854460094 0.4708333333333333 0.046426708398539386 0.05277777777777778
1 0.23135106937923838 0.45787037037037037 0.03025560772039645 0.06481481481481481
1 0.2553468961919666 0.4078703703703704 0.024517475221700575 0.06759259259259259
0 0.906885758998435 0.6648148148148149 0.053208137715179966 0.06759259259259259
1 0.7550860719874805 0.2777777777777778 0.019300991131977047 0.05
1 0.801773604590506 0.3143518518518518 0.023474178403755867 0.05740740740740741
1 0.2962962962962963 0.32175925925925924 0.0297339593114241 0.06666666666666667
1 0.7031820552947313 0.2851851851851852 0.018257694314032343 0.06388888888888888
1 0.9504434011476265 0.35509259259259257 0.03808033385498174 0.07962962962962963
0 0.6977047470005217 0.5162037037037037 0.03234220135628586 0.05555555555555555
1 0.46635367762128327 0.3726851851851852 0.025039123630672927 0.06018518518518518
1 0.3544600938967136 0.10601851851851851 0.022430881585811163 0.0712962962962963
1 0.3951486697965571 0.21157407407407408 0.02138758476786646 0.06111111111111111
1 0.13536776212832552 0.4425925925925926 0.03390714658320292 0.05092592592592592
1 0.6403234220135628 0.26064814814814813 0.02190923317683881 0.05740740740740741
1 0.8808033385498174 0.23703703703703705 0.022952529994783515 0.058333333333333334
1 0.04877412623891497 0.4263888888888889 0.03495044340114763 0.06018518518518518
1 0.22170057381324987 0.38564814814814813 0.02190923317683881 0.06759259259259259
1 0.347678664580073 0.35694444444444445 0.03129890453834116 0.05092592592592592
1 0.8690662493479395 0.32037037037037036 0.026604068857589983 0.05277777777777778
0 0.05268648930620762 0.625462962962963 0.037037037037037035 0.06666666666666667
1 0.29107981220657275 0.13657407407407407 0.023995826812728223 0.06296296296296296
1 0.4439227960354721 0.2972222222222222 0.02556077203964528 0.05462962962962963
1 0.92018779342723 0.2722222222222222 0.026604068857589983 0.06111111111111111
1 0.10928534167970788 0.3648148148148148 0.023474178403755867 0.06481481481481481
1 0.98226395409494 0.38796296296296295 0.027125717266562335 0.046296296296296294
1 0.9447052686489307 0.23564814814814813 0.023474178403755867 0.05462962962962963
1 0.7631716223265519 0.3416666666666667 0.023995826812728223 0.05925925925925926
1 0.22743870631194574 0.17962962962962964 0.02608242044861763 0.037037037037037035
1 0.013041210224308816 0.22962962962962963 0.02608242044861763 0.06481481481481481
1 0.37845592070944184 0.28935185185185186 0.0198226395409494 0.06574074074074074
1 0.8182055294731351 0.18055555555555555 0.017214397496087636 0.053703703703703705
1 0.04877412623891497 0.37824074074074077 0.011997913406364111 0.032407407407407406
1 0.9634846113719353 0.9351851851851852 0.04277516953573292 0.06018518518518518
1 0.34376630151278037 0.2810185185185185 0.0198226395409494 0.04537037037037037
1 0.19770474700052165 0.36064814814814816 0.022952529994783515 0.06666666666666667
1 0.31977047470005215 0.17731481481481481 0.022430881585811163 0.07037037037037037
1 0.6270213875847679 0.16898148148148148 0.013041210224308816 0.044444444444444446
1 0.7183098591549296 0.18425925925925926 0.02138758476786646 0.06296296296296296
1 0.15049556598852373 0.3106481481481482 0.023474178403755867 0.06111111111111111
1 0.7399582681272822 0.7958333333333333 0.036515388628064686 0.05
1 0.22613458528951486 0.23981481481481481 0.020865936358894107 0.06018518518518518
1 0.06990088680229525 0.27685185185185185 0.02556077203964528 0.06666666666666667
1 0.12493479394887845 0.274537037037037 0.022430881585811163 0.07314814814814814
1 0.766301512780386 0.9837962962962963 0.023995826812728223 0.030555555555555555
1 0.03234220135628586 0.7453703703703703 0.0406885758998435 0.05648148148148148
0 0.7861241523213354 0.7328703703703704 0.05112154407929056 0.040740740740740744
1 0.11032863849765258 0.8226851851851852 0.03442879499217527 0.05185185185185185
1 0.26134585289514867 0.11527777777777778 0.010432968179447054 0.027777777777777776
1 0.14736567553468963 0.275 0.01564945226917058 0.02962962962962963
0 0.043557642149191445 0.10046296296296296 0.03182055294731351 0.06944444444444445
1 0.06677099634846113 0.9222222222222223 0.03390714658320292 0.053703703703703705
1 0.31533646322378717 0.09490740740740741 0.018257694314032343 0.06111111111111111
1 0.0605112154407929 0.0699074074074074 0.016692749087115284 0.0712962962962963