0 0.6927490871152843 0.4212962962962963 0.046426708398539386 0.06018518518518518
1 0.7582159624413145 0.8166666666666667 0.020865936358894107 0.06111111111111111
1 0.8302034428794992 0.3199074074074074 0.036515388628064686 0.05925925925925926
0 0.5941575378195096 0.48518518518518516 0.05425143453312467 0.04259259259259259
1 0.41053729786124155 0.5763888888888888 0.02034428794992175 0.05462962962962963
0 0.9293166405842462 0.4791666666666667 0.040166927490871154 0.06388888888888888
1 0.841679707876891 0.7893518518518519 0.02764736567553469 0.06296296296296296
0 0.8294209702660407 0.5509259259259259 0.03442879499217527 0.06388888888888888
1 0.3114241001564945 0.12731481481481483 0.0198226395409494 0.05925925925925926
1 0.26134585289514867 0.7967592592592593 0.019300991131977047 0.062037037037037036
1 0.2094418362023996 0.6824074074074075 0.03025560772039645 0.04351851851851852
0 0.97339593114241 0.5796296296296296 0.05268648930620762 0.040740740740740744
1 0.06103286384976526 0.762962962962963 0.026604068857589983 0.05462962962962963
1 0.8140323422013563 0.35555555555555557 0.03234220135628586 0.05925925925925926
1 0.7655190401669275 0.3333333333333333 0.025039123630672927 0.06388888888888888
1 0.9538341158059468 0.6481481481481481 0.0297339593114241 0.05648148148148148
1 0.5701617110067815 0.16620370370370371 0.03182055294731351 0.058333333333333334
1 0.6484089723526343 0.6185185185185185 0.018257694314032343 0.07314814814814814
1 0.9121022430881586 0.2361111111111111 0.02764736567553469 0.05462962962962963
1 0.42331768388106417 0.6717592592592593 0.02556077203964528 0.06388888888888888
1 0.10250391236306729 0.6143518518518518 0.026604068857589983 0.05740740740740741
1 0.7300469483568075 0.1699074074074074 0.03234220135628586 0.05648148148148148
1 0.8980177360459051 0.14953703703703702 0.03442879499217527 0.058333333333333334
1 0.14684402712571726 0.5856481481481481 0.025039123630672927 0.07685185185185185
1 0.1210224308815858 0.7361111111111112 0.028690662493479395 0.06018518518518518
1 0.7769953051643192 0.6856481481481481 0.029212310902451747 0.053703703703703705
1 0.40245174752217006 0.7162037037037037 0.022430881585811163 0.06111111111111111
1 0.47548252477829944 0.5935185185185186 0.0297339593114241 0.05740740740740741
1 0.6340636411058946 0.6921296296296297 0.023995826812728223 0.06296296296296296
1 0.5357329160146062 0.6564814814814814 0.026604068857589983 0.05648148148148148
1 0.07616066770996348 0.549074074074074 0.03912363067292645 0.06851851851851852
1 0.23839332290036516 0.7444444444444445 0.029212310902451747 0.05740740740740741
1 0.4019300991131977 0.6449074074074074 0.02034428794992175 0.075
1 0.01564945226917058 0.7347222222222223 0.024517475221700575 0.06111111111111111
1 0.09024517475221701 0.6912037037037037 0.02556077203964528 0.06111111111111111
1 0.8802816901408451 0.7606481481481482 0.025039123630672927 0.06296296296296296
1 0.08007303077725612 0.6606481481481481 0.026604068857589983 0.062037037037037036
1 0.3544600938967136 0.7101851851851851 0.0198226395409494 0.08425925925925926
1 0.3667188315075639 0.7925925925925926 0.018257694314032343 0.06851851851851852
1 0.4613980177360459 0.7310185185185185 0.02556077203964528 0.06574074074074074
1 0.4945226917057903 0.7893518518518519 0.025039123630672927 0.06574074074074074
1 0.9321857068335941 0.6796296296296296 0.03234220135628586 0.06111111111111111
1 0.08215962441314555 0.8212962962962963 0.0297339593114241 0.06296296296296296
1 0.19196661450182578 0.6106481481481482 0.03025560772039645 0.0712962962962963
1 0.5299947835159102 0.34629629629629627 0.025039123630672927 0.058333333333333334
1 0.36437141366718834 0.8837962962962963 0.014084507042253521 0.06944444444444445
1 0.86697965571205 0.18564814814814815 0.029212310902451747 0.05277777777777778
1 0.5905059989567032 0.5833333333333334 0.02034428794992175 0.05648148148148148
1 0.20448617631716223 0.6375 0.029212310902451747 0.06666666666666667
1 0.7715179968701096 0.6412037037037037 0.02138758476786646 0.058333333333333334
1 0.17344809598330724 0.3300925925925926 0.03234220135628586 0.058333333333333334
1 0.5719874804381847 0.725 0.028690662493479395 0.05925925925925926
1 0.03260302556077204 0.8236111111111111 0.025039123630672927 0.062037037037037036
1 0.6927490871152843 0.8351851851851851 0.014084507042253521 0.04537037037037037
1 0.18127282211789253 0.7893518518518519 0.02138758476786646 0.044444444444444446
1 0.28664580073030776 0.8486111111111111 0.024517475221700575 0.06111111111111111
1 0.23969744392279604 0.8175925925925925 0.03129890453834116 0.05925925925925926
1 0.5894627021387585 0.7587962962962963 0.02034428794992175 0.040740740740740744
1 0.5323422013562858 0.7305555555555555 0.020865936358894107 0.058333333333333334
1 0.9773082942097027 0.6847222222222222 0.02764736567553469 0.062037037037037036
1 0.3218570683359416 0.8324074074074074 0.025039123630672927 0.06296296296296296
1 0.8304642670839854 0.6888888888888889 0.03129890453834116 0.05
0 0.5526864893062076 0.4412037037037037 0.050078247261345854 0.05925925925925926
1 0.7871674491392802 0.7398148148148148 0.019300991131977047 0.04814814814814815
1 0.4332290036515389 0.7935185185185185 0.015127803860198226 0.05925925925925926
1 0.7436098069900887 0.7763888888888889 0.02190923317683881 0.05740740740740741
1 0.14267083985393844 0.7560185185185185 0.0297339593114241 0.05092592592592592
1 0.2423056859676578 0.8671296296296296 0.028169014084507043 0.06388888888888888
1 0.04538341158059468 0.9513888888888888 0.017214397496087636 0.07222222222222222
1 0.3140323422013563 0.043055555555555555 0.02034428794992175 0.049074074074074076
1 0.010954616588419406 0.6421296296296296 0.02190923317683881 0.06111111111111111
1 0.043557642149191445 0.1398148148148148 0.03182055294731351 0.06481481481481481
1 0.17423056859676578 0.29398148148148145 0.03025560772039645 0.06296296296296296
1 0.9460093896713615 0.7444444444444445 0.03390714658320292 0.05648148148148148
1 0.9402712571726656 0.7902777777777777 0.03286384976525822 0.053703703703703705
0 0.8946270213875848 0.41388888888888886 0.046948356807511735 0.05648148148148148
1 0.1841418883672405 0.7097222222222223 0.023995826812728223 0.049074074074074076
1 0.4047991653625456 0.7833333333333333 0.01564945226917058 0.05185185185185185