1 0.022952529994783515 0.7564814814814815 0.0297339593114241 0.05925925925925926
1 0.810641627543036 0.2796296296296296 0.02190923317683881 0.05555555555555555
1 0.9063641105894628 0.5990740740740741 0.02764736567553469 0.06759259259259259
0 0.8622848200312989 0.4810185185185185 0.0605112154407929 0.049074074074074076
1 0.5858111632759521 0.6754629629629629 0.01773604590505999 0.07037037037037037
0 0.698226395409494 0.4356481481481482 0.04903495044340115 0.05
1 0.591810119979134 0.8231481481481482 0.020865936358894107 0.06481481481481481
1 0.6651017214397497 0.7944444444444444 0.02556077203964528 0.05925925925925926
0 0.07642149191444966 0.5689814814814815 0.03495044340114763 0.06574074074074074
1 0.03729786124152321 0.2861111111111111 0.048513302034428794 0.06018518518518518
1 0.33202921231090243 0.7777777777777778 0.022952529994783515 0.05462962962962963
1 0.548774126238915 0.7407407407407407 0.015127803860198226 0.07685185185185185
1 0.4050599895670318 0.21435185185185185 0.028169014084507043 0.053703703703703705
1 0.7451747522170057 0.14351851851851852 0.02190923317683881 0.05740740740740741
1 0.690923317683881 0.6657407407407407 0.027125717266562335 0.05925925925925926
0 0.23291601460615546 0.5314814814814814 0.05372978612415232 0.04259259259259259
0 0.7793427230046949 0.4162037037037037 0.054773082942097026 0.04537037037037037
0 0.6353677621283255 0.48842592592592593 0.041731872717788214 0.03888888888888889
1 0.21100678142931664 0.6537037037037037 0.028690662493479395 0.06851851851851852
1 0.5414710485133021 0.4083333333333333 0.0198226395409494 0.05740740740740741
1 0.6014606155451225 0.19722222222222222 0.025039123630672927 0.062037037037037036
1 0.9775691184141888 0.8180555555555555 0.02556077203964528 0.06759259259259259
1 0.9491392801251957 0.5592592592592592 0.03234220135628586 0.06296296296296296
1 0.9141888367240479 0.7856481481481481 0.0297339593114241 0.06388888888888888
1 0.3599374021909233 0.7486111111111111 0.020865936358894107 0.05740740740740741
1 0.516171100678143 0.37407407407407406 0.03234220135628586 0.06666666666666667
1 0.46896191966614503 0.6939814814814815 0.02190923317683881 0.046296296296296294
1 0.5477308294209703 0.6259259259259259 0.025039123630672927 0.06388888888888888
0 0.5552947313510693 0.5083333333333333 0.051643192488262914 0.04722222222222222
1 0.18518518518518517 0.7013888888888888 0.028690662493479395 0.06111111111111111
1 0.3455920709441836 0.11574074074074074 0.028690662493479395 0.06018518518518518
1 0.19874804381846636 0.28194444444444444 0.03390714658320292 0.04722222222222222
1 0.25925925925925924 0.7199074074074074 0.028169014084507043 0.06666666666666667
1 0.054773082942097026 0.7152777777777778 0.03234220135628586 0.05925925925925926
1 0.2540427751695357 0.8115740740740741 0.022430881585811163 0.053703703703703705
0 0.983828899321857 0.5060185185185185 0.028690662493479395 0.07037037037037037
0 0.852112676056338 0.3435185185185185 0.059989567031820554 0.0712962962962963
1 0.5492957746478874 0.33101851851851855 0.019300991131977047 0.06296296296296296
1 0.739697443922796 0.6013888888888889 0.022430881585811163 0.06574074074074074
1 0.4603547209181012 0.2564814814814815 0.020865936358894107 0.05277777777777778
1 0.3729786124152321 0.6152777777777778 0.02608242044861763 0.06296296296296296
1 0.24021909233176839 0.19814814814814816 0.03338549817423057 0.08888888888888889
1 0.7827334376630152 0.6467592592592593 0.019300991131977047 0.05925925925925926
1 0.4397496087636933 0.7587962962962963 0.01564945226917058 0.053703703703703705
1 0.45435576421491913 0.18287037037037038 0.025039123630672927 0.04537037037037037
1 0.23422013562858635 0.7481481481481481 0.017214397496087636 0.058333333333333334
1 0.747000521648409 0.7222222222222222 0.02190923317683881 0.06296296296296296
1 0.8461137193531559 0.6060185185185185 0.028169014084507043 0.05462962962962963
1 0.7313510693792384 0.8060185185185185 0.028169014084507043 0.06666666666666667
1 0.8685446009389671 0.6652777777777777 0.018779342723004695 0.06574074074074074
1 0.9642670839853938 0.9050925925925926 0.018257694314032343 0.05462962962962963
1 0.32655190401669276 0.22407407407407406 0.04225352112676056 0.0712962962962963
0 0.07902973395931143 0.4615740740740741 0.044861763171622326 0.06111111111111111
1 0.8315075639019301 0.7722222222222223 0.02556077203964528 0.06296296296296296
1 0.8808033385498174 0.7425925925925926 0.02138758476786646 0.07685185185185185
1 0.09624413145539906 0.8925925925925926 0.018779342723004695 0.06388888888888888
1 0.7110067814293166 0.7509259259259259 0.0198226395409494 0.044444444444444446
1 0.7983828899321858 0.8898148148148148 0.024517475221700575 0.06018518518518518
1 0.3364632237871675 0.6814814814814815 0.01617110067814293 0.05740740740740741
1 0.2874282733437663 0.8407407407407408 0.025039123630672927 0.058333333333333334
1 0.8197704747000522 0.7134259259259259 0.0297339593114241 0.062037037037037036
1 0.0341679707876891 0.9439814814814815 0.014606155451225874 0.046296296296296294
1 0.35498174230568597 0.6458333333333334 0.023474178403755867 0.06018518518518518
1 0.20892018779342722 0.8675925925925926 0.028169014084507043 0.046296296296296294
1 0.9736567553468962 0.6712962962962963 0.027125717266562335 0.04814814814814815
1 0.6343244653103808 0.8273148148148148 0.016692749087115284 0.06666666666666667
1 0.912623891497131 0.6541666666666667 0.022430881585811163 0.05555555555555555
1 0.9624413145539906 0.9657407407407408 0.017214397496087636 0.06388888888888888
1 0.9791340636411059 0.7458333333333333 0.016692749087115284 0.03796296296296296
1 0.8510693792383933 0.6921296296296297 0.023474178403755867 0.05555555555555555
1 0.01069379238393323 0.8625 0.020865936358894107 0.05648148148148148
1 0.9374021909233177 0.6916666666666667 0.016692749087115284 0.053703703703703705
1 0.9507042253521126 0.6087962962962963 0.01564945226917058 0.03796296296296296
1 0.6674491392801252 0.9087962962962963 0.02190923317683881 0.07592592592592592
1 0.49713093375065204 0.8060185185185185 0.015127803860198226 0.04722222222222222
1 0.10641627543035993 0.7569444444444444 0.028169014084507043 0.027777777777777776
1 0.37819509650495564 0.6754629629629629 0.01564945226917058 0.06666666666666667