1 0.31692708333333336 0.812962962962963 0.020833333333333332 0.06666666666666667
0 0.7239583333333334 0.5777777777777777 0.04895833333333333 0.041666666666666664
0 0.23098958333333333 0.6291666666666667 0.046875 0.044444444444444446
0 0.3453125 0.4217592592592593 0.04479166666666667 0.06666666666666667
0 0.5703125 0.2671296296296296 0.049479166666666664 0.07222222222222222
0 0.6640625 0.5407407407407407 0.05260416666666667 0.04537037037037037
0 0.103125 0.475462962962963 0.05677083333333333 0.053703703703703705
0 0.7661458333333333 0.7416666666666667 0.035416666666666666 0.05
0 0.9234375 0.5726851851851852 0.05260416666666667 0.04351851851851852
0 0.5151041666666667 0.6944444444444444 0.03125 0.05648148148148148
0 0.8677083333333333 0.35 0.058333333333333334 0.05092592592592592
0 0.22864583333333333 0.6736111111111112 0.0453125 0.041666666666666664
0 0.8247395833333333 0.44212962962962965 0.05572916666666667 0.04259259259259259
0 0.41901041666666666 0.5449074074074074 0.04895833333333333 0.04537037037037037
0 0.98046875 0.6148148148148148 0.0359375 0.06111111111111111
1 0.29609375 0.812962962962963 0.015104166666666667 0.05925925925925926
0 0.7752604166666667 0.6990740740740741 0.04895833333333333 0.049074074074074076