0 0.61171875 0.37222222222222223 0.043229166666666666 0.046296296296296294
0 0.4328125 0.37037037037037035 0.0453125 0.03981481481481482
0 0.4747395833333333 0.562037037037037 0.04895833333333333 0.04259259259259259
0 0.3546875 0.5333333333333333 0.0515625 0.04722222222222222
0 0.8692708333333333 0.6287037037037037 0.057291666666666664 0.03981481481481482
0 0.17760416666666667 0.35462962962962963 0.044270833333333336 0.05555555555555555
0 0.16588541666666667 0.5388888888888889 0.052083333333333336 0.040740740740740744
0 0.90390625 0.4046296296296296 0.05 0.04351851851851852
0 0.77890625 0.6824074074074075 0.052083333333333336 0.03981481481481482
0 0.10416666666666667 0.5893518518518519 0.050520833333333334 0.06296296296296296
0 0.6963541666666667 0.2972222222222222 0.042708333333333334 0.05
0 0.74453125 0.4439814814814815 0.04739583333333333 0.04259259259259259
0 0.73984375 0.3699074074074074 0.0453125 0.04259259259259259
0 0.8231770833333333 0.4689814814814815 0.0515625 0.040740740740740744
0 0.7197916666666667 0.5569444444444445 0.050520833333333334 0.04537037037037037
0 0.6723958333333333 0.48657407407407405 0.04375 0.03888888888888889
0 0.31614583333333335 0.30324074074074076 0.0453125 0.03148148148148148
0 0.36302083333333335 0.4615740740740741 0.04739583333333333 0.03981481481481482
0 0.018489583333333334 0.2935185185185185 0.035416666666666666 0.046296296296296294
0 0.6138020833333333 0.41064814814814815 0.043229166666666666 0.05648148148148148