0 0.23735002608242045 0.4162037037037037 0.05425143453312467 0.04722222222222222
0 0.346113719353156 0.5023148148148148 0.03390714658320292 0.05740740740740741
1 0.40714658320292124 0.5407407407407407 0.028690662493479395 0.05462962962962963
1 0.3145539906103286 0.7925925925925926 0.01773604590505999 0.06574074074074074
0 0.0594679186228482 0.4703703703703704 0.05529473135106938 0.04351851851851852
1 0.0683359415753782 0.6351851851851852 0.027125717266562335 0.05092592592592592
0 0.3677621283255086 0.4439814814814815 0.04903495044340115 0.05092592592592592
1 0.1630151278038602 0.7083333333333334 0.028690662493479395 0.06666666666666667
0 0.08789775691184142 0.3148148148148148 0.05581637976004173 0.05740740740740741
1 0.5273865414710485 0.6148148148148148 0.02764736567553469 0.05925925925925926
0 0.35654668753260305 0.29583333333333334 0.04121022430881586 0.05462962962962963
0 0.8419405320813772 0.5842592592592593 0.037037037037037035 0.06666666666666667
1 0.5845070422535211 0.6509259259259259 0.02556077203964528 0.06111111111111111
1 0.012519561815336464 0.5740740740740741 0.025039123630672927 0.05925925925925926
0 0.2968179447052686 0.32083333333333336 0.056859676577986434 0.05277777777777778
1 0.3941053729786124 0.3675925925925926 0.023474178403755867 0.05555555555555555
1 0.5297339593114241 0.5726851851851852 0.03129890453834116 0.06018518518518518
1 0.31872717788210747 0.37083333333333335 0.026604068857589983 0.08148148148148149
1 0.9027125717266562 0.6449074074074074 0.030777256129368807 0.06851851851851852
1 0.29890453834115804 0.6342592592592593 0.028690662493479395 0.06759259259259259
1 0.44861763171622326 0.2175925925925926 0.025039123630672927 0.06111111111111111
1 0.1444966092853417 0.8203703703703704 0.022952529994783515 0.07592592592592592
1 0.3270735524256651 0.5722222222222222 0.028690662493479395 0.06111111111111111
1 0.1914449660928534 0.7986111111111112 0.023995826812728223 0.06481481481481481
1 0.34950443401147624 0.7611111111111111 0.017214397496087636 0.05925925925925926
1 0.3544600938967136 0.8805555555555555 0.017214397496087636 0.06018518518518518
1 0.20996348461137193 0.7050925925925926 0.022430881585811163 0.08055555555555556
1 0.7861241523213354 0.6208333333333333 0.028169014084507043 0.05648148148148148
1 0.48643714136671884 0.8004629629629629 0.014084507042253521 0.05555555555555555
0 0.5346896191966615 0.487962962962963 0.03129890453834116 0.05277777777777778
1 0.2715179968701095 0.5833333333333334 0.029212310902451747 0.07685185185185185
1 0.2842983828899322 0.8310185185185185 0.02034428794992175 0.07037037037037037
0 0.5957224830464267 0.5157407407407407 0.044861763171622326 0.062037037037037036
1 0.04747000521648409 0.937962962962963 0.016692749087115284 0.06851851851851852
1 0.7425665101721439 0.6703703703703704 0.022430881585811163 0.058333333333333334
1 0.016692749087115284 0.6236111111111111 0.02556077203964528 0.05555555555555555
1 0.35654668753260305 0.6027777777777777 0.02556077203964528 0.05092592592592592
1 0.10146061554512259 0.8421296296296297 0.03234220135628586 0.06481481481481481
1 0.40245174752217006 0.6324074074074074 0.023995826812728223 0.06111111111111111
1 0.23291601460615546 0.624537037037037 0.02608242044861763 0.06296296296296296
1 0.9019300991131977 0.6976851851851852 0.027125717266562335 0.06018518518518518
1 0.8288993218570684 0.6564814814814814 0.023995826812728223 0.062037037037037036
1 0.2827334376630151 0.6925925925925925 0.028690662493479395 0.06574074074074074
1 0.4047991653625456 0.7412037037037037 0.01773604590505999 0.049074074074074076
1 0.9259259259259259 0.8009259259259259 0.0297339593114241 0.05648148148148148
1 0.5907668231611893 0.6884259259259259 0.02138758476786646 0.04537037037037037
1 0.7456964006259781 0.6087962962962963 0.03025560772039645 0.046296296296296294
1 0.2245696400625978 0.7939814814814815 0.02190923317683881 0.06018518518518518
1 0.22900365153886282 0.8273148148148148 0.022430881585811163 0.05277777777777778
1 0.7480438184663537 0.7171296296296297 0.02556077203964528 0.05648148148148148
1 0.915753781950965 0.3490740740740741 0.04277516953573292 0.09444444444444444
1 0.3617631716223266 0.7916666666666666 0.01773604590505999 0.05277777777777778
1 0.1356285863328117 0.08842592592592592 0.0406885758998435 0.05740740740740741
1 0.8484611371935316 0.8009259259259259 0.023995826812728223 0.05277777777777778
1 0.7822117892540428 0.75 0.02138758476786646 0.06481481481481481
1 0.42436098069900885 0.7916666666666666 0.02190923317683881 0.06759259259259259
1 0.013302034428794992 0.736574074074074 0.023995826812728223 0.06018518518518518
1 0.08502869066249348 0.7587962962962963 0.03338549817423057 0.06296296296296296
1 0.5565988523735003 0.7287037037037037 0.025039123630672927 0.046296296296296294
1 0.7467396974439228 0.08055555555555556 0.030777256129368807 0.05462962962962963
0 0.8252477829942618 0.4532407407407407 0.0406885758998435 0.05462962962962963
1 0.5252999478351591 0.6467592592592593 0.02138758476786646 0.04537037037037037
1 0.7185706833594158 0.7564814814814815 0.017214397496087636 0.05092592592592592
1 0.03468961919666145 0.6759259259259259 0.028690662493479395 0.06111111111111111
0 0.18544600938967137 0.3189814814814815 0.04434011476264997 0.07592592592592592
1 0.25299947835159103 0.6648148148148149 0.02608242044861763 0.07777777777777778
1 0.6358894105372979 0.7152777777777778 0.022430881585811163 0.04259259259259259
1 0.4989567031820553 0.6953703703703704 0.022952529994783515 0.05555555555555555
1 0.62415232133542 0.3337962962962963 0.0297339593114241 0.08611111111111111
1 0.6773604590505999 0.7425925925925926 0.023995826812728223 0.05925925925925926
1 0.3534167970787689 0.6546296296296297 0.02608242044861763 0.06388888888888888
1 0.4613980177360459 0.7537037037037037 0.01773604590505999 0.05
1 0.5247782994261867 0.7337962962962963 0.028169014084507043 0.053703703703703705
1 0.779603547209181 0.13796296296296295 0.03547209181011998 0.05648148148148148
1 0.31637976004173185 0.6796296296296296 0.019300991131977047 0.06018518518518518
1 0.8153364632237872 0.8314814814814815 0.029212310902451747 0.05648148148148148
1 0.927490871152843 0.7657407407407407 0.027125717266562335 0.06759259259259259
1 0.33098591549295775 0.7078703703703704 0.022952529994783515 0.06388888888888888
1 0.8534167970787689 0.7375 0.023474178403755867 0.046296296296296294
1 0.9264475743348983 0.20277777777777778 0.03547209181011998 0.06296296296296296
1 0.103547209181012 0.5222222222222223 0.020865936358894107 0.04259259259259259
1 0.7057902973395931 0.8189814814814815 0.0198226395409494 0.062037037037037036
1 0.8930620761606677 0.7574074074074074 0.027125717266562335 0.06759259259259259
1 0.616849243609807 0.02824074074074074 0.03129890453834116 0.04722222222222222
1 0.41705790297339596 0.6833333333333333 0.026604068857589983 0.06111111111111111
1 0.9447052686489307 0.8175925925925925 0.019300991131977047 0.04537037037037037
1 0.25639019300991134 0.725462962962963 0.02034428794992175 0.062037037037037036
0 0.03182055294731351 0.9050925925925926 0.03286384976525822 0.06944444444444445
0 0.40584246218049036 0.49027777777777776 0.040166927490871154 0.05462962962962963
0 0.4397496087636933 0.3023148148148148 0.046426708398539386 0.05462962962962963