0 0.303466796875 0.4210069444444444 0.048675537109375 0.040608723958333336
0 0.51611328125 0.3070746527777778 0.03277587890625 0.0576171875
0 0.459228515625 0.7265625 0.049041748046875 0.07166883680555555
1 0.7041015625 0.1886935763888889 0.0216522216796875 0.05935329861111111
0 0.2103271484375 0.5607638888888888 0.05419921875 0.04432508680555555
0 0.046630859375 0.3851996527777778 0.0386962890625 0.06488715277777778
0 0.24365234375 0.3014322916666667 0.045684814453125 0.04774305555555555
0 0.60595703125 0.4557291666666667 0.047149658203125 0.04283311631944445
0 0.68408203125 0.58203125 0.04681396484375 0.06852213541666667
0 0.372802734375 0.4574652777777778 0.052337646484375 0.04234483506944445
0 0.79248046875 0.3680555555555556 0.047088623046875 0.04831271701388889
0 0.10247802734375 0.4233940972222222 0.044189453125 0.06201171875
0 0.1851806640625 0.6540798611111112 0.04559326171875 0.06439887152777778
0 0.79443359375 0.3266059027777778 0.043853759765625 0.04443359375
0 0.02276611328125 0.3133680555555556 0.04107666015625 0.048773871527777776
0 0.93701171875 0.5360243055555556 0.055511474609375 0.04969618055555555
1 0.6875000000000001 0.18849206349206352 0.020833333333333332 0.06481481481481481