0 0.79140625 0.5740740740740741 0.050520833333333334 0.06481481481481481
0 0.5567708333333333 0.5273148148148148 0.04895833333333333 0.04722222222222222
0 0.8041666666666667 0.3435185185185185 0.052083333333333336 0.049074074074074076
0 0.8091145833333333 0.42453703703703705 0.050520833333333334 0.044444444444444446
0 0.38619791666666664 0.5555555555555556 0.042708333333333334 0.06296296296296296
0 0.5994791666666667 0.6129629629629629 0.04375 0.05277777777777778
0 0.4783854166666667 0.3148148148148148 0.050520833333333334 0.05555555555555555
0 0.7611979166666667 0.7087962962962963 0.0453125 0.044444444444444446
0 0.7450520833333333 0.4759259259259259 0.04583333333333333 0.06018518518518518
0 0.8666666666666667 0.663425925925926 0.05 0.04259259259259259
0 0.97109375 0.4199074074074074 0.040625 0.06388888888888888
0 0.19348958333333333 0.6212962962962963 0.024479166666666666 0.05092592592592592
0 0.83828125 0.25925925925925924 0.04635416666666667 0.053703703703703705
0 0.3614583333333333 0.6240740740740741 0.04583333333333333 0.04537037037037037
0 0.08307291666666666 0.6958333333333333 0.0484375 0.03148148148148148