0 0.8294270833333334 0.38101851851851853 0.0484375 0.046296296296296294
0 0.6643229166666667 0.4351851851851852 0.05 0.041666666666666664
0 0.9552083333333333 0.6689814814814815 0.05625 0.03981481481481482
0 0.5989583333333334 0.37592592592592594 0.046875 0.04722222222222222
0 0.83671875 0.4689814814814815 0.049479166666666664 0.03981481481481482
0 0.690625 0.6310185185185185 0.057291666666666664 0.04722222222222222
0 0.40625 0.35555555555555557 0.04583333333333333 0.03981481481481482
0 0.28411458333333334 0.5898148148148148 0.05364583333333333 0.04351851851851852
0 0.7625 0.32592592592592595 0.04479166666666667 0.05
0 0.8075520833333333 0.5597222222222222 0.049479166666666664 0.04351851851851852
0 0.8302083333333333 0.34120370370370373 0.04739583333333333 0.03518518518518519
0 0.76328125 0.475 0.04791666666666667 0.041666666666666664
0 0.32083333333333336 0.4976851851851852 0.04583333333333333 0.044444444444444446
0 0.03567708333333333 0.5115740740740741 0.0453125 0.05740740740740741
0 0.46875 0.46435185185185185 0.04635416666666667 0.04259259259259259
0 0.05625 0.3962962962962963 0.0484375 0.04537037037037037
0 0.7049479166666667 0.7597222222222222 0.052083333333333336 0.040740740740740744
0 0.09088541666666666 0.449537037037037 0.0453125 0.04351851851851852
0 0.42578125 0.6555555555555556 0.03958333333333333 0.06018518518518518
0 0.018489583333333334 0.6143518518518518 0.03697916666666667 0.04722222222222222