0 0.46197916666666666 0.4310185185185185 0.04791666666666667 0.04351851851851852
0 0.5880208333333333 0.6106481481481482 0.049479166666666664 0.044444444444444446
0 0.16640625 0.4546296296296296 0.049479166666666664 0.04814814814814815
0 0.3734375 0.47962962962962963 0.04791666666666667 0.04537037037037037
0 0.5190104166666667 0.6708333333333333 0.0421875 0.04351851851851852
0 0.8247395833333333 0.5740740740740741 0.05 0.04537037037037037
0 0.02734375 0.5351851851851852 0.05 0.04351851851851852
0 0.43125 0.6893518518518519 0.019791666666666666 0.05555555555555555
0 0.40234375 0.5810185185185185 0.0390625 0.05
0 0.2833333333333333 0.487962962962963 0.046875 0.04537037037037037
0 0.7544270833333333 0.4300925925925926 0.051041666666666666 0.041666666666666664
0 0.4390625 0.8458333333333333 0.022916666666666665 0.06759259259259259