0 0.54443359375 0.5130859375 0.044189453125 0.075836181640625
0 0.264404296875 0.472784423828125 0.02886962890625 0.05731048583984375
1 0.5478515625 0.294677734375 0.0258026123046875 0.05904388427734375
0 0.1434326171875 0.44981689453125 0.0496826171875 0.04444541931152344
1 0.970703125 0.7228271484375 0.0305023193359375 0.0673858642578125
1 0.75634765625 0.13227996826171876 0.017181396484375 0.0608856201171875
0 0.414794921875 0.494451904296875 0.053314208984375 0.046774673461914065
1 0.72314453125 0.3936981201171875 0.0305633544921875 0.06381072998046874
1 0.53076171875 0.9308349609375 0.02630615234375 0.061914825439453126
1 0.9404296875 0.453717041015625 0.029754638671875 0.05796051025390625
1 0.6884765625 0.3715972900390625 0.0299224853515625 0.06007308959960937
1 0.7744140625 0.39521484375 0.029754638671875 0.06700668334960938
1 0.578125 0.3191619873046875 0.020294189453125 0.06223983764648437
1 0.94921875 0.1787567138671875 0.0276336669921875 0.062131500244140624
1 0.8681640625 0.14029693603515625 0.0194244384765625 0.06223983764648437
1 0.53173828125 0.336712646484375 0.0203704833984375 0.0613189697265625
1 0.248046875 0.57115478515625 0.0290374755859375 0.054872894287109376
1 0.150146484375 0.723260498046875 0.0312042236328125 0.06971511840820313
0 0.274169921875 0.63529052734375 0.05572509765625 0.04319953918457031
1 0.37255859375 0.542987060546875 0.0235595703125 0.08769912719726562
1 0.90283203125 0.70029296875 0.038330078125 0.0582855224609375
1 0.83544921875 0.35621337890625 0.03131103515625 0.06852340698242188
1 0.8974609375 0.419482421875 0.0305633544921875 0.05926055908203125
1 0.69580078125 0.2368255615234375 0.024658203125 0.06982345581054687
1 0.6005859375 0.3512298583984375 0.018798828125 0.05806884765625
1 0.4052734375 0.3724639892578125 0.022674560546875 0.05752716064453125
1 0.2359619140625 0.334112548828125 0.033782958984375 0.06613998413085938
0 0.0180206298828125 0.471484375 0.03192138671875 0.06251068115234375
1 0.646484375 0.19338226318359375 0.022796630859375 0.06299819946289062
1 0.97900390625 0.2996612548828125 0.027435302734375 0.06099395751953125
1 0.7646484375 0.2814605712890625 0.0201416015625 0.06527328491210938
1 0.87646484375 0.307244873046875 0.030670166015625 0.06879425048828125
1 0.279541015625 0.3447296142578125 0.027069091796875 0.06576080322265625
1 0.1927490234375 0.19403228759765626 0.019683837890625 0.0578521728515625
1 0.9794921875 0.22100830078125 0.0284423828125 0.06180648803710938
1 0.06878662109375 0.3189453125 0.0321044921875 0.06814422607421874
1 0.6201171875 0.2912109375 0.0191650390625 0.070635986328125
1 0.1568603515625 0.666925048828125 0.03167724609375 0.06516494750976562
1 0.1923828125 0.34234619140625 0.0247955322265625 0.06749420166015625
1 0.619140625 0.2450592041015625 0.018402099609375 0.054872894287109376
1 0.560546875 0.830731201171875 0.0302734375 0.054358291625976565
0 0.89990234375 0.58502197265625 0.059967041015625 0.07513198852539063
1 0.195556640625 0.14918060302734376 0.022369384765625 0.055062484741210935
1 0.3544921875 0.370947265625 0.023651123046875 0.06538162231445313
1 0.41357421875 0.250909423828125 0.0196380615234375 0.06180648803710938
1 0.5869140625 0.06727752685546876 0.01358795166015625 0.05687713623046875
1 0.406982421875 0.3373626708984375 0.021240234375 0.050756072998046874
1 0.4267578125 0.94990234375 0.017578125 0.05538749694824219
1 0.5576171875 0.884466552734375 0.0204925537109375 0.059856414794921875
1 0.242919921875 0.2632598876953125 0.0284423828125 0.06467742919921875
1 0.287353515625 0.2762603759765625 0.018798828125 0.0582855224609375
1 0.59375 0.2615264892578125 0.021942138671875 0.06099395751953125
1 0.904296875 0.8961669921875 0.03802490234375 0.053329086303710936
1 0.8916015625 0.2407257080078125 0.0220794677734375 0.05546875
1 0.82080078125 0.263909912109375 0.0284881591796875 0.06906509399414062
1 0.8681640625 0.270843505859375 0.0265045166015625 0.060506439208984374
1 0.7216796875 0.3334625244140625 0.0207977294921875 0.043687057495117185
1 0.80126953125 0.16023101806640624 0.0248870849609375 0.06548995971679687
1 0.08416748046875 0.294677734375 0.0360107421875 0.06727752685546876
1 0.728515625 0.967236328125 0.029205322265625 0.04235992431640625
1 0.396484375 0.273876953125 0.02203369140625 0.07334442138671875
1 0.75341796875 0.355780029296875 0.022369384765625 0.04980812072753906
1 0.11199951171875 0.2186248779296875 0.0236968994140625 0.0578521728515625
1 0.7744140625 0.76356201171875 0.02288818359375 0.05143318176269531
1 0.93212890625 0.345379638671875 0.03240966796875 0.047397613525390625
1 0.78759765625 0.224908447265625 0.0284423828125 0.07220687866210937
1 0.340576171875 0.3165618896484375 0.0221099853515625 0.05666046142578125
1 0.0150146484375 0.2918609619140625 0.0301055908203125 0.06467742919921875
1 0.07781982421875 0.1854736328125 0.0235137939453125 0.06516494750976562
1 0.9501953125 0.27474365234375 0.0254669189453125 0.04219741821289062
0 0.25927734375 0.8198974609375 0.035491943359375 0.05403327941894531
1 0.560546875 0.1854736328125 0.0167236328125 0.06418991088867188
1 0.8876953125 0.382647705078125 0.029754638671875 0.05029563903808594
1 0.76611328125 0.911767578125 0.03131103515625 0.0626190185546875
1 0.7802734375 0.81123046875 0.0265045166015625 0.0780029296875
1 0.498779296875 0.4188323974609375 0.022674560546875 0.047397613525390625
1 0.73974609375 0.1800567626953125 0.01467132568359375 0.059423065185546874
1 0.25830078125 0.2173248291015625 0.023193359375 0.05633544921875
1 0.56640625 0.723260498046875 0.022247314453125 0.05527915954589844
1 0.55517578125 0.76962890625 0.0280609130859375 0.047505950927734374
1 0.5029296875 0.049537277221679686 0.0162811279296875 0.0734527587890625
1 0.313720703125 0.237908935546875 0.0169219970703125 0.052814483642578125
1 0.580078125 0.22068328857421876 0.02044677734375 0.07144851684570312
1 0.06610107421875 0.2437591552734375 0.0276336669921875 0.050187301635742185
1 0.3271484375 0.2589263916015625 0.0153656005859375 0.06240234375
1 0.38916015625 0.2064910888671875 0.0292510986328125 0.053924942016601564
1 0.1453857421875 0.340179443359375 0.04400634765625 0.07767791748046875
1 0.38525390625 0.13509674072265626 0.0154266357421875 0.03940773010253906
1 0.0248870849609375 0.239642333984375 0.0240478515625 0.04344329833984375
1 0.96240234375 0.05414161682128906 0.017578125 0.07020263671875
1 0.286376953125 0.71849365234375 0.017303466796875 0.04877891540527344
1 0.272216796875 0.19576568603515626 0.024932861328125 0.06814422607421874
1 0.73046875 0.68382568359375 0.035736083984375 0.07859878540039063
1 0.58203125 0.9759033203125 0.03125 0.04124946594238281
1 0.1953125 0.2818939208984375 0.022247314453125 0.045122528076171876
0 0.978515625 0.086236572265625 0.0310211181640625 0.06711502075195312
1 0.368408203125 0.270843505859375 0.0185089111328125 0.062131500244140624