0 0.8653645833333333 0.6259259259259259 0.0515625 0.03611111111111111
0 0.5953125 0.5324074074074074 0.049479166666666664 0.040740740740740744
0 0.23880208333333333 0.6351851851851852 0.0484375 0.04259259259259259
0 0.30364583333333334 0.5259259259259259 0.04375 0.03981481481481482
0 0.7026041666666667 0.3296296296296296 0.053125 0.041666666666666664
0 0.975 0.4148148148148148 0.04895833333333333 0.04351851851851852
0 0.6778645833333333 0.6407407407407407 0.046875 0.037037037037037035
0 0.09088541666666666 0.3976851851851852 0.057291666666666664 0.04351851851851852
0 0.9315104166666667 0.6884259259259259 0.04635416666666667 0.03888888888888889
0 0.6268229166666667 0.4449074074074074 0.0484375 0.03981481481481482
0 0.5002604166666667 0.3662037037037037 0.053125 0.04814814814814815
0 0.24557291666666667 0.3314814814814815 0.0484375 0.049074074074074076
0 0.5916666666666667 0.649537037037037 0.04635416666666667 0.040740740740740744
0 0.9557291666666666 0.5625 0.05 0.04259259259259259
0 0.6802083333333333 0.6050925925925926 0.04583333333333333 0.04722222222222222
0 0.5010416666666667 0.5425925925925926 0.049479166666666664 0.040740740740740744
0 0.6661458333333333 0.5254629629629629 0.04583333333333333 0.041666666666666664
0 0.15416666666666667 0.4824074074074074 0.05 0.04814814814814815
0 0.41510416666666666 0.2152777777777778 0.04739583333333333 0.04259259259259259
0 0.4395833333333333 0.6111111111111112 0.043229166666666666 0.041666666666666664