0 0.45174752217005737 0.4759259259259259 0.027125717266562335 0.06574074074074074
0 0.739697443922796 0.6291666666666667 0.03129890453834116 0.05555555555555555
0 0.8197704747000522 0.7416666666666667 0.038601982263954095 0.06388888888888888
0 0.18466353677621283 0.4486111111111111 0.02608242044861763 0.06111111111111111
1 0.2806468440271257 0.2740740740740741 0.024517475221700575 0.06851851851851852
0 0.5868544600938967 0.5726851851851852 0.028690662493479395 0.05925925925925926
1 0.8526343244653104 0.38981481481481484 0.018779342723004695 0.05092592592592592
0 0.32316118935837246 0.6583333333333333 0.05268648930620762 0.04351851851851852
0 0.42305685967657797 0.5393518518518519 0.05581637976004173 0.05555555555555555
1 0.9853938445487741 0.40324074074074073 0.028690662493479395 0.08518518518518518
1 0.6885758998435054 0.35462962962962963 0.019300991131977047 0.0712962962962963
1 0.9574856546687532 0.1300925925925926 0.0297339593114241 0.06574074074074074
1 0.1398017736045905 0.39490740740740743 0.028690662493479395 0.06296296296296296
1 0.30099113197704747 0.39814814814814814 0.029212310902451747 0.062037037037037036
0 0.8369848721961398 0.6481481481481481 0.05581637976004173 0.044444444444444446
1 0.2806468440271257 0.1925925925925926 0.023474178403755867 0.06018518518518518
1 0.7378716744913928 0.3680555555555556 0.0198226395409494 0.06851851851851852
1 0.0649452269170579 0.24814814814814815 0.03129890453834116 0.05
1 0.8841940532081377 0.3416666666666667 0.0297339593114241 0.037037037037037035
0 0.3380281690140845 0.5726851851851852 0.030777256129368807 0.05555555555555555
1 0.892018779342723 0.45092592592592595 0.022952529994783515 0.06574074074074074
1 0.5633802816901409 0.8287037037037037 0.03755868544600939 0.0824074074074074
1 0.9687010954616588 0.24259259259259258 0.023474178403755867 0.058333333333333334
0 0.6118935837245696 0.6393518518518518 0.0495565988523735 0.04814814814814815
1 0.21413667188315075 0.2814814814814815 0.02608242044861763 0.07314814814814814
1 0.6074595722483046 0.2300925925925926 0.025039123630672927 0.062037037037037036
1 0.11058946270213876 0.2439814814814815 0.028169014084507043 0.062037037037037036
1 0.16901408450704225 0.2310185185185185 0.02764736567553469 0.062037037037037036
1 0.4042775169535733 0.30694444444444446 0.019300991131977047 0.06574074074074074
1 0.707094418362024 0.25046296296296294 0.023995826812728223 0.06666666666666667
1 0.6298904538341158 0.40185185185185185 0.0198226395409494 0.0712962962962963
1 0.7608242044861763 0.1675925925925926 0.02138758476786646 0.09537037037037037
1 0.3335941575378195 0.36666666666666664 0.03182055294731351 0.075
1 0.3116849243609807 0.3055555555555556 0.02138758476786646 0.062037037037037036
1 0.5140845070422535 0.3662037037037037 0.027125717266562335 0.07592592592592592
1 0.7631716223265519 0.2962962962962963 0.023995826812728223 0.06296296296296296
1 0.6205007824726134 0.08611111111111111 0.018257694314032343 0.06944444444444445
0 0.5190401669274909 0.6990740740740741 0.05581637976004173 0.05
1 0.8382889932185706 0.23564814814814813 0.025039123630672927 0.06481481481481481
1 0.9546165884194053 0.3625 0.03547209181011998 0.05555555555555555
0 0.7446531038080334 0.5046296296296297 0.048513302034428794 0.058333333333333334
0 0.01643192488262911 0.4930555555555556 0.03234220135628586 0.06018518518518518
0 0.6244131455399061 0.3453703703703704 0.04277516953573292 0.044444444444444446
1 0.5751173708920188 0.11944444444444445 0.01773604590505999 0.06666666666666667
1 0.8914971309337506 0.17453703703703705 0.020865936358894107 0.06111111111111111
1 0.8163797600417319 0.8972222222222223 0.029212310902451747 0.07962962962962963
1 0.7905581637976005 0.274537037037037 0.0198226395409494 0.04814814814814815
1 0.01486697965571205 0.6777777777777778 0.029212310902451747 0.06018518518518518
1 0.5816379760041732 0.3138888888888889 0.026604068857589983 0.06111111111111111
1 0.2936880542514345 0.8893518518518518 0.03390714658320292 0.058333333333333334
1 0.6225873761085029 0.2949074074074074 0.018257694314032343 0.05277777777777778
1 0.9160146061554513 0.2949074074074074 0.025039123630672927 0.062037037037037036
1 0.6807511737089202 0.29259259259259257 0.018779342723004695 0.062037037037037036
1 0.798904538341158 0.14351851851851852 0.02034428794992175 0.062037037037037036