1 0.4825247782994262 0.637962962962963 0.03338549817423057 0.05185185185185185
1 0.6468440271257173 0.8953703703703704 0.03599374021909233 0.062037037037037036
1 0.8823682837767345 0.8935185185185185 0.03442879499217527 0.049074074074074076
0 0.32420448617631714 0.5296296296296297 0.04903495044340115 0.03888888888888889
0 0.25169535732916015 0.5050925925925925 0.0495565988523735 0.041666666666666664
0 0.7503912363067292 0.6328703703703704 0.05529473135106938 0.049074074074074076
1 0.4480959833072509 0.6236111111111111 0.026604068857589983 0.062037037037037036
1 0.3205529473135107 0.8356481481481481 0.03547209181011998 0.06296296296296296
0 0.7363067292644757 0.5888888888888889 0.0605112154407929 0.04722222222222222
1 0.9178403755868545 0.8560185185185185 0.038601982263954095 0.06018518518518518
1 0.6674491392801252 0.7782407407407408 0.027125717266562335 0.06574074074074074
1 0.661189358372457 0.4425925925925926 0.02608242044861763 0.06296296296296296
0 0.4415753781950965 0.4791666666666667 0.044861763171622326 0.04537037037037037
1 0.4347939488784559 0.6810185185185185 0.029212310902451747 0.05925925925925926
0 0.5166927490871153 0.5347222222222222 0.047991653625456446 0.044444444444444446
0 0.0714658320292123 0.5425925925925926 0.056859676577986434 0.04259259259259259
1 0.3909754825247783 0.6050925925925926 0.027125717266562335 0.08148148148148149
1 0.744131455399061 0.825 0.037037037037037035 0.05925925925925926
1 0.9149713093375065 0.32916666666666666 0.03599374021909233 0.07037037037037037
0 0.022170057381324985 0.3976851851851852 0.04225352112676056 0.06111111111111111
1 0.3907146583202921 0.25462962962962965 0.022952529994783515 0.05648148148148148
1 0.5179968701095462 0.06712962962962964 0.016692749087115284 0.06296296296296296
1 0.2104851330203443 0.3439814814814815 0.02764736567553469 0.06851851851851852
0 0.7446531038080334 0.5189814814814815 0.058424621804903494 0.046296296296296294
1 0.5151278038601982 0.7759259259259259 0.018257694314032343 0.05277777777777778
1 0.9178403755868545 0.8115740740740741 0.03808033385498174 0.05555555555555555
1 0.603547209181012 0.6935185185185185 0.020865936358894107 0.053703703703703705
1 0.261867501304121 0.28379629629629627 0.018779342723004695 0.06759259259259259
1 0.8946270213875848 0.17824074074074073 0.0297339593114241 0.06666666666666667
1 0.7423056859676578 0.9393518518518519 0.03182055294731351 0.05555555555555555
1 0.5464267083985394 0.06481481481481481 0.01564945226917058 0.062037037037037036
1 0.1572769953051643 0.2199074074074074 0.022430881585811163 0.06481481481481481
1 0.02060511215440793 0.22083333333333333 0.023474178403755867 0.06481481481481481
1 0.3844548774126239 0.9680555555555556 0.02556077203964528 0.06018518518518518
0 0.9293166405842462 0.65 0.058424621804903494 0.06018518518518518
0 0.9379238393322901 0.5615740740740741 0.057902973395931145 0.04722222222222222
1 0.2023995826812728 0.5902777777777778 0.022952529994783515 0.053703703703703705
1 0.8881064162754304 0.937037037037037 0.03599374021909233 0.053703703703703705
1 0.06911841418883673 0.9421296296296297 0.0297339593114241 0.05740740740740741
1 0.32968179447052687 0.19444444444444445 0.023474178403755867 0.058333333333333334
1 0.08659363588941053 0.21342592592592594 0.022952529994783515 0.058333333333333334
1 0.17996870109546165 0.2759259259259259 0.026604068857589983 0.07314814814814814
1 0.8247261345852895 0.3773148148148148 0.030777256129368807 0.06666666666666667
1 0.9154929577464789 0.2759259259259259 0.0297339593114241 0.06666666666666667
1 0.12310902451747523 0.17037037037037037 0.019300991131977047 0.062037037037037036
1 0.46739697443922795 0.7569444444444444 0.018257694314032343 0.06018518518518518
1 0.8779342723004695 0.287962962962963 0.02764736567553469 0.06388888888888888
1 0.7329160146061554 0.4375 0.023474178403755867 0.06111111111111111
0 0.41653625456442356 0.5333333333333333 0.03129890453834116 0.058333333333333334
1 0.13119457485654668 0.3439814814814815 0.018779342723004695 0.037037037037037035
1 0.3688054251434533 0.38472222222222224 0.027125717266562335 0.053703703703703705
1 0.6006781429316641 0.22824074074074074 0.02556077203964528 0.05648148148148148
1 0.8442879499217527 0.687037037037037 0.02556077203964528 0.075
1 0.4397496087636933 0.25925925925925924 0.01617110067814293 0.05185185185185185
1 0.01643192488262911 0.6199074074074075 0.030777256129368807 0.062037037037037036
1 0.32446531038080334 0.29444444444444445 0.022952529994783515 0.06481481481481481
1 0.6635367762128326 0.13935185185185187 0.019300991131977047 0.062037037037037036
1 0.7861241523213354 0.9523148148148148 0.03808033385498174 0.06481481481481481
0 0.9903495044340115 0.325 0.018779342723004695 0.06296296296296296
1 0.28794992175273865 0.21064814814814814 0.023995826812728223 0.062037037037037036
1 0.48852373500260826 0.3037037037037037 0.020865936358894107 0.06666666666666667
1 0.5190401669274909 0.8444444444444444 0.018779342723004695 0.0712962962962963
1 0.052947313510693796 0.2569444444444444 0.028690662493479395 0.05092592592592592
1 0.9887845592070944 0.3972222222222222 0.018779342723004695 0.06018518518518518
1 0.5268648930620762 0.3861111111111111 0.024517475221700575 0.06666666666666667
1 0.4347939488784559 0.3300925925925926 0.028690662493479395 0.05925925925925926
1 0.39488784559207096 0.9055555555555556 0.02764736567553469 0.06018518518518518
1 0.7227438706311946 0.3527777777777778 0.02764736567553469 0.04814814814814815
1 0.748565466875326 0.2449074074074074 0.0198226395409494 0.06111111111111111
1 0.40219092331768386 0.21481481481481482 0.023474178403755867 0.05
1 0.6664058424621805 0.29074074074074074 0.022430881585811163 0.06944444444444445
1 0.4572248304642671 0.36712962962962964 0.022952529994783515 0.049074074074074076
1 0.8422013562858633 0.18009259259259258 0.028169014084507043 0.07314814814814814
1 0.8482003129890454 0.24537037037037038 0.028169014084507043 0.062037037037037036
1 0.5252999478351591 0.23055555555555557 0.02190923317683881 0.06759259259259259
1 0.24830464267083985 0.17824074074074073 0.01617110067814293 0.058333333333333334
1 0.11971830985915492 0.2574074074074074 0.03182055294731351 0.062037037037037036
1 0.7597809076682316 0.11018518518518519 0.0198226395409494 0.07407407407407407
1 0.7850808555033907 0.3375 0.023474178403755867 0.06759259259259259
1 0.22430881585811163 0.2212962962962963 0.028690662493479395 0.06481481481481481
1 0.5839853938445487 0.36574074074074076 0.01617110067814293 0.06296296296296296
1 0.6439749608763693 0.23472222222222222 0.02190923317683881 0.05092592592592592
1 0.54434011476265 0.30925925925925923 0.020865936358894107 0.058333333333333334
1 0.7621283255086072 0.3824074074074074 0.022952529994783515 0.04722222222222222
1 0.5513823682837767 0.2388888888888889 0.01773604590505999 0.049074074074074076
1 0.01617110067814293 0.31851851851851853 0.030777256129368807 0.040740740740740744
1 0.5140845070422535 0.3449074074074074 0.01617110067814293 0.062037037037037036
1 0.7117892540427752 0.1111111111111111 0.0198226395409494 0.04814814814814815
1 0.5821596244131455 0.2851851851851852 0.019300991131977047 0.06111111111111111
1 0.7050078247261345 0.1574074074074074 0.022430881585811163 0.05462962962962963
1 0.03781950965049557 0.34629629629629627 0.028690662493479395 0.04722222222222222
1 0.7490871152842984 0.3060185185185185 0.02608242044861763 0.05462962962962963
1 0.35837245696400627 0.3458333333333333 0.03025560772039645 0.03611111111111111
1 0.6426708398539385 0.19768518518518519 0.026604068857589983 0.03611111111111111
1 0.0406885758998435 0.22037037037037038 0.028690662493479395 0.03333333333333333
1 0.701095461658842 0.21666666666666667 0.023474178403755867 0.06481481481481481