0 0.73359375 0.4356481481481482 0.0484375 0.044444444444444446
0 0.3692708333333333 0.5731481481481482 0.04583333333333333 0.044444444444444446
0 0.5049479166666667 0.3972222222222222 0.0453125 0.04537037037037037
0 0.9684895833333333 0.46620370370370373 0.052083333333333336 0.03981481481481482
0 0.07317708333333334 0.5541666666666667 0.05 0.041666666666666664
0 0.4395833333333333 0.337037037037037 0.044270833333333336 0.04537037037037037
0 0.2947916666666667 0.5268518518518519 0.04583333333333333 0.041666666666666664
0 0.925 0.4166666666666667 0.034375 0.05555555555555555
0 0.3223958333333333 0.425 0.044270833333333336 0.049074074074074076
0 0.19817708333333334 0.5208333333333334 0.04739583333333333 0.05185185185185185
0 0.35703125 0.3138888888888889 0.0234375 0.05462962962962963
0 0.6307291666666667 0.5726851851851852 0.049479166666666664 0.05648148148148148