0 0.24178403755868544 0.4375 0.030777256129368807 0.05925925925925926
0 0.4684402712571727 0.449537037037037 0.05581637976004173 0.05277777777777778
0 0.33411580594679186 0.4583333333333333 0.05268648930620762 0.04537037037037037
1 0.6288471570161711 0.6037037037037037 0.018257694314032343 0.06759259259259259
1 0.6181533646322379 0.8074074074074075 0.018257694314032343 0.0712962962962963
1 0.10146061554512259 0.175 0.03808033385498174 0.06018518518518518
0 0.11841418883672405 0.5222222222222223 0.05268648930620762 0.04259259259259259
1 0.15232133541992696 0.3189814814814815 0.0396452790818988 0.0712962962962963
1 0.5688575899843505 0.6453703703703704 0.027125717266562335 0.06666666666666667
1 0.15884194053208137 0.7129629629629629 0.02764736567553469 0.06388888888888888
1 0.8985393844548775 0.8495370370370371 0.02608242044861763 0.062037037037037036
1 0.24882629107981222 0.7101851851851851 0.027125717266562335 0.06851851851851852
1 0.40897235263432447 0.07175925925925926 0.023995826812728223 0.062037037037037036
1 0.6825769431403235 0.8671296296296296 0.022952529994783515 0.07222222222222222
1 0.4204486176317162 0.6518518518518519 0.020865936358894107 0.06666666666666667
1 0.41027647365675535 0.16435185185185186 0.03599374021909233 0.05555555555555555
1 0.4713093375065206 0.587037037037037 0.03129890453834116 0.07037037037037037
1 0.9825247782994262 0.7648148148148148 0.026604068857589983 0.0712962962962963
1 0.3615023474178404 0.712037037037037 0.02764736567553469 0.06481481481481481
0 0.9311424100156495 0.4444444444444444 0.05529473135106938 0.04259259259259259
1 0.940792905581638 0.6532407407407408 0.025039123630672927 0.06851851851851852
1 0.8124673969744393 0.8273148148148148 0.023995826812728223 0.06481481481481481
1 0.4569640062597809 0.6541666666666667 0.023474178403755867 0.062037037037037036
1 0.021648408972352633 0.637962962962963 0.036515388628064686 0.06574074074074074
1 0.8145539906103286 0.10462962962962963 0.02764736567553469 0.08518518518518518
1 0.0297339593114241 0.5708333333333333 0.029212310902451747 0.05185185185185185
0 0.7592592592592593 0.38842592592592595 0.05112154407929056 0.053703703703703705
1 0.834376630151278 0.6467592592592593 0.02190923317683881 0.06111111111111111
1 0.7788210745957225 0.6523148148148148 0.02608242044861763 0.06296296296296296
1 0.8140323422013563 0.7509259259259259 0.028169014084507043 0.06481481481481481
1 0.13849765258215962 0.06759259259259259 0.027125717266562335 0.06111111111111111
1 0.9613980177360459 0.5731481481481482 0.02608242044861763 0.0712962962962963
0 0.854981742305686 0.39537037037037037 0.056859676577986434 0.05740740740740741
1 0.5140845070422535 0.7 0.02764736567553469 0.06388888888888888
1 0.24595722483046425 0.8050925925925926 0.025039123630672927 0.062037037037037036
0 0.665623369848722 0.41388888888888886 0.046426708398539386 0.05092592592592592
0 0.8354199269692227 0.5208333333333334 0.03025560772039645 0.049074074074074076
1 0.7944705268648931 0.5800925925925926 0.023995826812728223 0.06666666666666667
1 0.22822117892540428 0.6152777777777778 0.029212310902451747 0.06574074074074074
1 0.07694314032342202 0.825462962962963 0.026604068857589983 0.06481481481481481
1 0.640584246218049 0.6893518518518519 0.01773604590505999 0.06851851851851852
0 0.02477829942618675 0.475 0.04747000521648409 0.05925925925925926
1 0.5127803860198227 0.2962962962962963 0.027125717266562335 0.05740740740740741
1 0.3685446009389671 0.5912037037037037 0.028169014084507043 0.05462962962962963
0 0.952529994783516 0.39490740740740743 0.04903495044340115 0.05277777777777778
1 0.21752738654147105 0.7657407407407407 0.022430881585811163 0.07407407407407407
1 0.13510693792383932 0.7532407407407408 0.022952529994783515 0.05925925925925926
1 0.6630151278038602 0.1837962962962963 0.022952529994783515 0.06666666666666667
1 0.5654668753260302 0.1361111111111111 0.028169014084507043 0.05
1 0.8505477308294209 0.700925925925926 0.02556077203964528 0.053703703703703705
1 0.3899321857068336 0.3106481481481482 0.03547209181011998 0.05092592592592592
1 0.5438184663536776 0.7763888888888889 0.022430881585811163 0.058333333333333334
1 0.7490871152842984 0.8564814814814815 0.014084507042253521 0.062037037037037036
1 0.8560250391236307 0.7916666666666666 0.019300991131977047 0.046296296296296294
1 0.5782472613458529 0.24814814814814815 0.036515388628064686 0.058333333333333334
1 0.44340114762649974 0.25 0.025039123630672927 0.05462962962962963
1 0.8129890453834115 0.21388888888888888 0.03442879499217527 0.08888888888888889
1 0.9535732916014606 0.18333333333333332 0.028169014084507043 0.05648148148148148
1 0.01069379238393323 0.8027777777777778 0.02138758476786646 0.05740740740740741
1 0.5683359415753781 0.35138888888888886 0.03442879499217527 0.053703703703703705
1 0.15701617110067814 0.8143518518518519 0.018257694314032343 0.05740740740740741
1 0.45983307250912886 0.7439814814814815 0.015127803860198226 0.06388888888888888
0 0.9546165884194053 0.9162037037037037 0.03286384976525822 0.06666666666666667
1 0.3539384454877413 0.8023148148148148 0.01773604590505999 0.05092592592592592
1 0.7613458528951487 0.7291666666666666 0.03234220135628586 0.04259259259259259
1 0.9149713093375065 0.7490740740740741 0.02764736567553469 0.05925925925925926
1 0.9371413667188315 0.9486111111111111 0.01773604590505999 0.06944444444444445
1 0.014606155451225874 0.7134259259259259 0.028690662493479395 0.07407407407407407
1 0.3077725612936881 0.774074074074074 0.023474178403755867 0.05185185185185185
1 0.009650495565988524 0.26296296296296295 0.018779342723004695 0.05555555555555555
1 0.6885758998435054 0.7347222222222223 0.023474178403755867 0.049074074074074076
1 0.9848721961398018 0.09444444444444444 0.0297339593114241 0.024074074074074074
1 0.4063641105894627 0.7625 0.02138758476786646 0.05555555555555555
1 0.3828899321857068 0.7787037037037037 0.017214397496087636 0.04537037037037037
1 0.27256129368805426 0.8236111111111111 0.01617110067814293 0.05185185185185185
0 0.0892018779342723 0.36018518518518516 0.058424621804903494 0.041666666666666664