0 0.665625 0.6430555555555556 0.04583333333333333 0.03796296296296296
0 0.48671875 0.31342592592592594 0.041666666666666664 0.05555555555555555
0 0.26953125 0.22592592592592592 0.05625 0.07592592592592592
1 0.8627604166666667 0.6800925925925926 0.0296875 0.09074074074074075
0 0.4578125 0.41712962962962963 0.04791666666666667 0.06111111111111111
0 0.9013020833333333 0.6078703703703704 0.04583333333333333 0.05648148148148148
0 0.8927083333333333 0.35694444444444445 0.053125 0.03981481481481482
0 0.7223958333333333 0.46574074074074073 0.04114583333333333 0.04722222222222222
0 0.5580729166666667 0.5370370370370371 0.042708333333333334 0.058333333333333334
0 0.61640625 0.6069444444444444 0.03697916666666667 0.05185185185185185
0 0.45260416666666664 0.5833333333333334 0.042708333333333334 0.06111111111111111
0 0.2721354166666667 0.5828703703703704 0.049479166666666664 0.053703703703703705