0 0.5127604166666667 0.5944444444444444 0.046875 0.044444444444444446
0 0.1 0.5828703703703704 0.04739583333333333 0.03981481481481482
0 0.43463541666666666 0.43796296296296294 0.0484375 0.04351851851851852
0 0.31588541666666664 0.5851851851851851 0.046875 0.04259259259259259
0 0.81640625 0.5101851851851852 0.0515625 0.03796296296296296
0 0.23046875 0.6240740740740741 0.04635416666666667 0.04351851851851852
0 0.5260416666666666 0.375 0.050520833333333334 0.062037037037037036
0 0.28177083333333336 0.49166666666666664 0.04791666666666667 0.04351851851851852
0 0.6604166666666667 0.4546296296296296 0.05364583333333333 0.044444444444444446
0 0.9630208333333333 0.4351851851851852 0.0546875 0.04351851851851852
0 0.9572916666666667 0.6828703703703703 0.052083333333333336 0.03888888888888889
0 0.8442708333333333 0.5930555555555556 0.029166666666666667 0.04814814814814815
0 0.7299479166666667 0.49074074074074076 0.029166666666666667 0.058333333333333334
0 0.2125 0.4217592592592593 0.0375 0.05277777777777778
0 0.8416666666666667 0.6861111111111111 0.019791666666666666 0.05740740740740741
0 0.43802083333333336 0.8569444444444444 0.019791666666666666 0.06851851851851852