0 0.431396484375 0.5043402777777778 0.05108642578125 0.046142578125
0 0.978515625 0.3953993055555556 0.042877197265625 0.04587131076388889
0 0.80322265625 0.33984375 0.047088623046875 0.04359266493055555
0 0.43408203125 0.59765625 0.05145263671875 0.04147677951388889
0 0.57861328125 0.4930555555555556 0.04913330078125 0.046332465277777776
0 0.7021484375 0.3956163194444444 0.0455322265625 0.048014322916666664
0 0.260009765625 0.4340277777777778 0.049224853515625 0.04163953993055555
0 0.6953125 0.3404947916666667 0.043609619140625 0.043158637152777776
0 0.5283203125 0.3726128472222222 0.043212890625 0.041802300347222224
0 0.486083984375 0.4383680555555556 0.042633056640625 0.041314019097222224
0 0.2274169921875 0.6223958333333334 0.05194091796875 0.05075412326388889
0 0.900390625 0.5264756944444444 0.045867919921875 0.05259874131944445
0 0.4423828125 0.8975694444444444 0.0261077880859375 0.056640625
0 0.5537109375 0.1576605902777778 0.01763916015625 0.046142578125