1 0.2764736567553469 0.2337962962962963 0.0297339593114241 0.05
1 0.07720396452790819 0.3587962962962963 0.02764736567553469 0.06851851851851852
0 0.5899843505477308 0.4810185185185185 0.05112154407929056 0.04537037037037037
0 0.792905581637976 0.4898148148148148 0.030777256129368807 0.06666666666666667
1 0.5860719874804382 0.39305555555555555 0.019300991131977047 0.06759259259259259
1 0.9303599374021909 0.7837962962962963 0.044861763171622326 0.07962962962962963
0 0.11971830985915492 0.4828703703703704 0.053208137715179966 0.044444444444444446
1 0.6669274908711529 0.7055555555555556 0.03495044340114763 0.062037037037037036
0 0.25482524778299426 0.6175925925925926 0.05738132498695879 0.05
0 0.8038601982263954 0.6129629629629629 0.03338549817423057 0.07314814814814814
1 0.8555033907146583 0.3106481481481482 0.038601982263954095 0.06574074074074074
0 0.260302556077204 0.9342592592592592 0.05529473135106938 0.07314814814814814
1 0.48043818466353677 0.3736111111111111 0.0297339593114241 0.08333333333333333
1 0.8583724569640062 0.41435185185185186 0.02034428794992175 0.05925925925925926
1 0.7749087115284299 0.8550925925925926 0.03599374021909233 0.05277777777777778
1 0.4188836724047992 0.18009259259259258 0.0198226395409494 0.06574074074074074
1 0.22509128847157017 0.39305555555555555 0.028690662493479395 0.07314814814814814
0 0.31533646322378717 0.5648148148148148 0.04747000521648409 0.04351851851851852
1 0.6077203964527909 0.28055555555555556 0.0297339593114241 0.058333333333333334
0 0.26264997391757955 0.5268518518518519 0.046948356807511735 0.06666666666666667
1 0.107981220657277 0.3976851851851852 0.0297339593114241 0.07685185185185185
1 0.49113197704747 0.2898148148148148 0.022952529994783515 0.06481481481481481
1 0.5607720396452791 0.2814814814814815 0.02764736567553469 0.07592592592592592
1 0.9045383411580594 0.26296296296296295 0.03025560772039645 0.06388888888888888
0 0.1640584246218049 0.3578703703703704 0.0495565988523735 0.044444444444444446
1 0.02686489306207616 0.2324074074074074 0.029212310902451747 0.058333333333333334
1 0.6724047991653626 0.3351851851851852 0.028690662493479395 0.06944444444444445
1 0.14058424621804905 0.14629629629629629 0.019300991131977047 0.06944444444444445
1 0.0297339593114241 0.30185185185185187 0.028169014084507043 0.06574074074074074
1 0.43661971830985913 0.30833333333333335 0.027125717266562335 0.06666666666666667
1 0.21726656233698488 0.19490740740740742 0.023474178403755867 0.062037037037037036
1 0.037037037037037035 0.37546296296296294 0.03547209181011998 0.07314814814814814
1 0.013302034428794992 0.1638888888888889 0.02190923317683881 0.06296296296296296
1 0.2793427230046948 0.16064814814814815 0.02190923317683881 0.0712962962962963
1 0.18022952529994785 0.22083333333333333 0.020865936358894107 0.06111111111111111
1 0.9778299426186751 0.25324074074074077 0.036515388628064686 0.06481481481481481
1 0.24413145539906103 0.1388888888888889 0.028690662493479395 0.06296296296296296
1 0.07329160146061554 0.2523148148148148 0.02556077203964528 0.06111111111111111
1 0.7300469483568075 0.17546296296296296 0.019300991131977047 0.06759259259259259
1 0.1572769953051643 0.8435185185185186 0.03547209181011998 0.07777777777777778
1 0.36724047991653624 0.31527777777777777 0.030777256129368807 0.07962962962962963
1 0.38028169014084506 0.8986111111111111 0.022952529994783515 0.05740740740740741
1 0.1958789775691184 0.3060185185185185 0.0297339593114241 0.08333333333333333
1 0.13615023474178403 0.2671296296296296 0.028169014084507043 0.07314814814814814
1 0.7344809598330725 0.2523148148148148 0.026604068857589983 0.05277777777777778
0 0.06207616066770996 0.08796296296296297 0.030777256129368807 0.06574074074074074