0 0.2794270833333333 0.5773148148148148 0.049479166666666664 0.06111111111111111
0 0.35703125 0.3458333333333333 0.03177083333333333 0.046296296296296294
0 0.18385416666666668 0.43194444444444446 0.043229166666666666 0.05648148148148148
0 0.6661458333333333 0.4046296296296296 0.049479166666666664 0.06018518518518518
0 0.7770833333333333 0.6476851851851851 0.04375 0.06018518518518518
0 0.7442708333333333 0.3537037037037037 0.03958333333333333 0.06666666666666667
0 0.7505208333333333 0.412962962962963 0.052083333333333336 0.06296296296296296
1 0.30078125 0.25833333333333336 0.027083333333333334 0.06296296296296296
1 0.10833333333333334 0.2777777777777778 0.027604166666666666 0.062037037037037036
0 0.5916666666666667 0.5592592592592592 0.049479166666666664 0.037037037037037035
0 0.10494791666666667 0.4601851851851852 0.0453125 0.03981481481481482
1 0.46432291666666664 0.29305555555555557 0.028645833333333332 0.07592592592592592
0 0.09583333333333334 0.6032407407407407 0.05260416666666667 0.05740740740740741
1 0.8963541666666667 0.29074074074074074 0.0375 0.06481481481481481
0 0.35052083333333334 0.4078703703703704 0.04635416666666667 0.041666666666666664
0 0.3109375 0.7282407407407407 0.0546875 0.06481481481481481
1 0.19921875 0.23981481481481481 0.028125 0.06388888888888888
0 0.8731770833333333 0.5578703703703703 0.05 0.0712962962962963
1 0.55625 0.26435185185185184 0.015625 0.05925925925925926
0 0.8765625 0.45185185185185184 0.05260416666666667 0.06296296296296296
0 0.7809895833333333 0.4736111111111111 0.0546875 0.05648148148148148
0 0.05625 0.5273148148148148 0.05260416666666667 0.05555555555555555