0 0.9092261904761906 0.6732804232804235 0.05803571428571435 0.0608465608465608
0 0.2529296875 0.3875868055555556 0.052520751953125 0.04684787326388889
0 0.138671875 0.4461805555555556 0.050811767578125 0.04147677951388889
0 0.365966796875 0.40234375 0.048126220703125 0.043158637152777776
0 0.250244140625 0.4600694444444444 0.049957275390625 0.03843858506944445
0 0.2452392578125 0.3383246527777778 0.0264129638671875 0.05995008680555555
0 0.2197265625 0.2877604166666667 0.0228424072265625 0.055257161458333336
0 0.023956298828125 0.4084201388888889 0.044189453125 0.04684787326388889
0 0.260986328125 0.5698784722222222 0.0276336669921875 0.06510416666666667
0 0.416015625 0.6605902777777778 0.04931640625 0.052815755208333336
0 0.9697265625 0.6180555555555556 0.033721923828125 0.047932942708333336
0 0.55078125 0.15049913194444445 0.0181884765625 0.04893663194444445