1 0.3398539384454877 0.375 0.023474178403755867 0.06666666666666667
1 0.3315075639019301 0.3143518518518518 0.027125717266562335 0.06481481481481481
1 0.4966092853416797 0.41435185185185186 0.02034428794992175 0.06851851851851852
1 0.5782472613458529 0.3236111111111111 0.026604068857589983 0.06481481481481481
0 0.7527386541471048 0.4583333333333333 0.0505998956703182 0.04814814814814815
1 0.3974960876369327 0.3143518518518518 0.02138758476786646 0.06666666666666667
1 0.8025560772039645 0.32546296296296295 0.027125717266562335 0.05648148148148148
1 0.5333854981742305 0.3490740740740741 0.026604068857589983 0.062037037037037036
1 0.22509128847157017 0.7935185185185185 0.02764736567553469 0.053703703703703705
0 0.4405320813771518 0.487962962962963 0.04747000521648409 0.04537037037037037
0 0.458528951486698 0.5268518518518519 0.04747000521648409 0.04814814814814815
1 0.19431403234220135 0.37175925925925923 0.02608242044861763 0.06481481481481481
1 0.2681272822117893 0.3560185185185185 0.027125717266562335 0.06759259259259259
1 0.1444966092853417 0.41898148148148145 0.03390714658320292 0.06388888888888888
0 0.06598852373500261 0.6944444444444444 0.058424621804903494 0.05
1 0.2222222222222222 0.40324074074074073 0.02138758476786646 0.06018518518518518
1 0.6596244131455399 0.9689814814814814 0.030777256129368807 0.05740740740740741
1 0.639019300991132 0.38796296296296295 0.023474178403755867 0.06481481481481481
0 0.7629107981220657 0.5060185185185185 0.05268648930620762 0.049074074074074076
1 0.16353677621283255 0.20324074074074075 0.02034428794992175 0.06296296296296296
1 0.3646322378716745 0.3976851851851852 0.019300991131977047 0.06574074074074074
0 0.5232133541992697 0.6564814814814814 0.051643192488262914 0.07037037037037037
0 0.6755346896191967 0.44305555555555554 0.0396452790818988 0.06481481481481481
1 0.3270735524256651 0.9560185185185185 0.03182055294731351 0.05185185185185185
1 0.7303077725612936 0.3226851851851852 0.02138758476786646 0.06666666666666667
1 0.7360459050599896 0.262037037037037 0.01773604590505999 0.06759259259259259
1 0.8414188836724048 0.3925925925925926 0.02556077203964528 0.06388888888888888
1 0.9355764214919144 0.38935185185185184 0.03286384976525822 0.06388888888888888
1 0.6267605633802817 0.3148148148148148 0.022430881585811163 0.05
1 0.7110067814293166 0.35509259259259257 0.02556077203964528 0.07037037037037037
1 0.30672926447574334 0.36435185185185187 0.016692749087115284 0.06481481481481481
1 0.4405320813771518 0.21898148148148147 0.016692749087115284 0.05740740740740741
1 0.17370892018779344 0.8527777777777777 0.036515388628064686 0.05277777777777778
1 0.06338028169014084 0.45416666666666666 0.03755868544600939 0.062037037037037036
1 0.3114241001564945 0.2569444444444444 0.029212310902451747 0.07962962962962963
1 0.2323943661971831 0.20324074074074075 0.014084507042253521 0.06111111111111111
0 0.8103808033385498 0.5773148148148148 0.05581637976004173 0.049074074074074076
1 0.19640062597809077 0.23333333333333334 0.030777256129368807 0.07037037037037037
1 0.8583724569640062 0.3578703703703704 0.024517475221700575 0.05740740740740741
1 0.5033907146583203 0.2708333333333333 0.015127803860198226 0.05185185185185185
0 0.33307250912884717 0.6601851851851852 0.046426708398539386 0.06018518518518518
1 0.6585811163275952 0.34305555555555556 0.02608242044861763 0.06111111111111111
1 0.13771517996870108 0.4462962962962963 0.027125717266562335 0.06759259259259259
0 0.8667188315075639 0.6171296296296296 0.05372978612415232 0.05277777777777778
1 0.8210745957224831 0.36018518518518516 0.023995826812728223 0.062037037037037036
1 0.960093896713615 0.23194444444444445 0.01564945226917058 0.05925925925925926
1 0.17918622848200313 0.3013888888888889 0.028690662493479395 0.06296296296296296
1 0.9747000521648409 0.2726851851851852 0.030777256129368807 0.062037037037037036
1 0.2412623891497131 0.22314814814814815 0.019300991131977047 0.06481481481481481
0 0.7861241523213354 0.7282407407407407 0.06103286384976526 0.049074074074074076
0 0.7224830464267084 0.6337962962962963 0.05894627021387585 0.06574074074074074
1 0.14058424621804905 0.2638888888888889 0.0297339593114241 0.08148148148148149
1 0.06364110589462701 0.3398148148148148 0.02138758476786646 0.0712962962962963
1 0.7895148669796557 0.2967592592592593 0.024517475221700575 0.05925925925925926
1 0.8482003129890454 0.23425925925925925 0.022952529994783515 0.06759259259259259
1 0.8182055294731351 0.2800925925925926 0.022430881585811163 0.058333333333333334
1 0.8515910276473657 0.2777777777777778 0.018779342723004695 0.05648148148148148
1 0.7078768909754826 0.2898148148148148 0.025039123630672927 0.05
1 0.17423056859676578 0.9310185185185185 0.026604068857589983 0.05555555555555555
1 0.14788732394366197 0.8939814814814815 0.024517475221700575 0.0712962962962963