0 0.55322265625 0.6848958333333334 0.04840087890625 0.06797960069444445
0 0.11297607421875 0.3127170138888889 0.03265380859375 0.0681423611111111
0 0.78369140625 0.7256944444444444 0.057281494140625 0.05504014756944445
0 0.65673828125 0.51171875 0.04595947265625 0.044759114583333336
0 0.97802734375 0.4644097222222222 0.044097900390625 0.044596354166666664
0 0.316650390625 0.3606770833333333 0.04949951171875 0.04676649305555555
0 0.2137451171875 0.443359375 0.0531005859375 0.045111762152777776
0 0.50927734375 0.4207899305555556 0.029815673828125 0.05514865451388889
0 0.280517578125 0.7439236111111112 0.058563232421875 0.039008246527777776
0 0.921875 0.4921875 0.05126953125 0.04684787326388889
0 0.759765625 0.5572916666666666 0.053497314453125 0.04147677951388889
1 0.268798828125 0.3040364583333333 0.0169830322265625 0.034261067708333336
0 0.962890625 0.5807291666666666 0.052520751953125 0.04334852430555555
1 0.7236328125 0.3020833333333333 0.03033447265625 0.07942708333333333
1 0.95751953125 0.23328993055555555 0.0240478515625 0.05026584201388889
0 0.040008544921875 0.3524305555555556 0.048126220703125 0.04774305555555555
0 0.82177734375 0.6154513888888888 0.048583984375 0.05848524305555555
0 0.716796875 0.6336805555555556 0.045684814453125 0.04641384548611111
1 0.87353515625 0.2710503472222222 0.0204925537109375 0.059516059027777776
1 0.6298828125 0.2669270833333333 0.0164642333984375 0.06488715277777778
0 0.7841796875 0.3732638888888889 0.043853759765625 0.060601128472222224