0 0.4428794992175274 0.48148148148148145 0.050078247261345854 0.049074074074074076
0 0.9457485654668754 0.6134259259259259 0.05738132498695879 0.04537037037037037
1 0.02190923317683881 0.8736111111111111 0.0396452790818988 0.058333333333333334
1 0.33776734480959836 0.6587962962962963 0.03495044340114763 0.05648148148148148
1 0.9063641105894628 0.7532407407407408 0.03182055294731351 0.05185185185185185
1 0.18205529473135107 0.6810185185185185 0.025039123630672927 0.05648148148148148
1 0.8231611893583725 0.1162037037037037 0.02190923317683881 0.06574074074074074
0 0.6176317162232655 0.4981481481481482 0.038601982263954095 0.04537037037037037
0 0.4332290036515389 0.5300925925925926 0.051643192488262914 0.040740740740740744
1 0.4981742305685968 0.3888888888888889 0.01773604590505999 0.06388888888888888
0 0.640584246218049 0.5712962962962963 0.046948356807511735 0.05185185185185185
1 0.9517475221700574 0.45740740740740743 0.03338549817423057 0.05277777777777778
1 0.2994261867501304 0.3435185185185185 0.029212310902451747 0.06481481481481481
1 0.12519561815336464 0.8115740740740741 0.03182055294731351 0.06018518518518518
0 0.1374543557642149 0.43148148148148147 0.03182055294731351 0.06851851851851852
1 0.7235263432446531 0.4046296296296296 0.025039123630672927 0.0712962962962963
0 0.8427230046948356 0.5157407407407407 0.05581637976004173 0.05185185185185185
1 0.1664058424621805 0.649074074074074 0.03442879499217527 0.05185185185185185
0 0.744131455399061 0.6074074074074074 0.03234220135628586 0.05555555555555555
1 0.8914971309337506 0.11574074074074074 0.02764736567553469 0.058333333333333334
1 0.7117892540427752 0.29398148148148145 0.018257694314032343 0.06111111111111111
1 0.2733437663015128 0.3138888888888889 0.02608242044861763 0.05
1 0.081377151799687 0.3351851851851852 0.03129890453834116 0.06759259259259259
0 0.1763171622326552 0.55 0.023474178403755867 0.04814814814814815
1 0.19222743870631195 0.8314814814814815 0.026604068857589983 0.06296296296296296
1 0.4825247782994262 0.3425925925925926 0.017214397496087636 0.06944444444444445
1 0.3617631716223266 0.35462962962962963 0.03182055294731351 0.06481481481481481
1 0.554773082942097 0.21157407407407408 0.01773604590505999 0.06388888888888888
1 0.6674491392801252 0.41203703703703703 0.023474178403755867 0.05555555555555555
0 0.34533124673969745 0.4412037037037037 0.04903495044340115 0.04722222222222222
1 0.10041731872717788 0.5 0.02764736567553469 0.08518518518518518
1 0.8802816901408451 0.35185185185185186 0.025039123630672927 0.06296296296296296
1 0.9457485654668754 0.8925925925925926 0.040166927490871154 0.05740740740740741
1 0.44887845592070946 0.6259259259259259 0.0198226395409494 0.05462962962962963
1 0.04564423578508085 0.9055555555555556 0.03912363067292645 0.06018518518518518
1 0.5239958268127283 0.6087962962962963 0.029212310902451747 0.062037037037037036
1 0.3051643192488263 0.274537037037037 0.03547209181011998 0.06851851851851852
1 0.42488262910798125 0.7416666666666667 0.026604068857589983 0.06111111111111111
1 0.9374021909233177 0.26157407407407407 0.025039123630672927 0.05555555555555555
1 0.9736567553468962 0.19490740740740742 0.028169014084507043 0.0712962962962963
1 0.6126760563380281 0.08055555555555556 0.014084507042253521 0.06851851851851852
1 0.7994261867501304 0.4351851851851852 0.023474178403755867 0.06666666666666667
1 0.24830464267083985 0.27685185185185185 0.03025560772039645 0.06388888888888888
1 0.8382889932185706 0.337037037037037 0.023995826812728223 0.062037037037037036
1 0.6645800730307773 0.13425925925925927 0.018779342723004695 0.06666666666666667
1 0.18335941575378195 0.24814814814814815 0.03286384976525822 0.06296296296296296
1 0.6103286384976526 0.8814814814814815 0.022952529994783515 0.05648148148148148
0 0.5492957746478874 0.5226851851851851 0.046948356807511735 0.04259259259259259
1 0.35758998435054773 0.9004629629629629 0.03442879499217527 0.062037037037037036
1 0.4838288993218571 0.2810185185185185 0.018257694314032343 0.06851851851851852
1 0.20292123109024518 0.6337962962962963 0.03182055294731351 0.04814814814814815
0 0.8599374021909233 0.5819444444444445 0.05529473135106938 0.04722222222222222
1 0.8382889932185706 0.45555555555555555 0.02556077203964528 0.05925925925925926
1 0.6468440271257173 0.23935185185185184 0.027125717266562335 0.06759259259259259
1 0.5644235785080856 0.9203703703703704 0.023474178403755867 0.05555555555555555
1 0.9413145539906104 0.16111111111111112 0.027125717266562335 0.05648148148148148
1 0.6742305685967658 0.18194444444444444 0.016692749087115284 0.06296296296296296
1 0.8690662493479395 0.20324074074074075 0.025039123630672927 0.05925925925925926
1 0.15936358894105374 0.1962962962962963 0.02608242044861763 0.06944444444444445
1 0.7811684924360981 0.2263888888888889 0.026604068857589983 0.06481481481481481
1 0.07094418362023996 0.2351851851851852 0.03182055294731351 0.07222222222222222
1 0.1507563901930099 0.26944444444444443 0.026604068857589983 0.06759259259259259
1 0.8482003129890454 0.1439814814814815 0.022430881585811163 0.06481481481481481
1 0.3865414710485133 0.8097222222222222 0.018779342723004695 0.046296296296296294
1 0.107981220657277 0.21851851851851853 0.03129890453834116 0.0712962962962963
1 0.5122587376108503 0.28425925925925927 0.02608242044861763 0.06296296296296296
1 0.543035993740219 0.8300925925925926 0.022430881585811163 0.05648148148148148
1 0.7305685967657799 0.22685185185185186 0.023995826812728223 0.05555555555555555
1 0.5571205007824727 0.31805555555555554 0.025039123630672927 0.06851851851851852
1 0.7832550860719875 0.8953703703703704 0.020865936358894107 0.04537037037037037
1 0.19718309859154928 0.7652777777777777 0.027125717266562335 0.04351851851851852
1 0.032081377151799685 0.3287037037037037 0.03338549817423057 0.06759259259259259
1 0.4329681794470527 0.31527777777777777 0.018779342723004695 0.06111111111111111
1 0.9042775169535733 0.34629629629629627 0.028169014084507043 0.03796296296296296
1 0.7827334376630152 0.17083333333333334 0.024517475221700575 0.062037037037037036
1 0.5571205007824727 0.7310185185185185 0.03025560772039645 0.06388888888888888
1 0.3116849243609807 0.2310185185185185 0.02138758476786646 0.05740740740740741
1 0.9047991653625457 0.1638888888888889 0.028169014084507043 0.075
1 0.7496087636932708 0.3902777777777778 0.029212310902451747 0.040740740740740744
1 0.5083463745435577 0.23055555555555557 0.022952529994783515 0.04722222222222222
1 0.40062597809076683 0.2847222222222222 0.02556077203964528 0.05
1 0.17370892018779344 0.18194444444444444 0.0297339593114241 0.05555555555555555
1 0.8466353677621283 0.26064814814814813 0.017214397496087636 0.053703703703703705
1 0.09441836202399582 0.1726851851851852 0.024517475221700575 0.04814814814814815
1 0.5975482524778299 0.18611111111111112 0.01617110067814293 0.05648148148148148
1 0.9681794470526864 0.04490740740740741 0.016692749087115284 0.06944444444444445
1 0.8236828377673449 0.2861111111111111 0.023474178403755867 0.06296296296296296
1 0.24595722483046425 0.15787037037037038 0.022952529994783515 0.06388888888888888
1 0.24021909233176839 0.23333333333333334 0.02190923317683881 0.046296296296296294
1 0.15779864371413668 0.3458333333333333 0.03286384976525822 0.04537037037037037
1 0.6108502869066249 0.29212962962962963 0.026604068857589983 0.04722222222222222
1 0.9418362023995827 0.8041666666666667 0.038601982263954095 0.08055555555555556
1 0.8868022952529995 0.287962962962963 0.03129890453834116 0.040740740740740744
0 0.9817423056859677 0.7222222222222222 0.036515388628064686 0.044444444444444446
1 0.9282733437663016 0.38101851851851853 0.03025560772039645 0.04722222222222222
1 0.7900365153886281 0.7194444444444444 0.03495044340114763 0.05740740740740741
1 0.3868022952529995 0.850462962962963 0.0198226395409494 0.05277777777777778
1 0.4462702138758477 0.6810185185185185 0.02556077203964528 0.05185185185185185