0 0.1600341796875 0.3348524305555556 0.04931640625 0.045708550347222224
0 0.1251220703125 0.3910590277777778 0.053192138671875 0.040852864583333336
0 0.1295166015625 0.4717881944444444 0.053314208984375 0.04367404513888889
0 0.25634765625 0.4069010416666667 0.04876708984375 0.040608723958333336
0 0.974609375 0.5290798611111112 0.05059814453125 0.052815755208333336
0 0.8671875 0.6158854166666666 0.05023193359375 0.056966145833333336
0 0.0219573974609375 0.4372829861111111 0.043914794921875 0.04212782118055555
0 0.0872802734375 0.2879774305555556 0.0227203369140625 0.054009331597222224
0 0.2548828125 0.6597222222222222 0.04931640625 0.04649522569444445
0 0.1290283203125 0.5646701388888888 0.047515869140625 0.06488715277777778
0 0.71923828125 0.6371527777777778 0.022796630859375 0.05075412326388889