0 0.8411458333333334 0.3087962962962963 0.04791666666666667 0.03888888888888889
0 0.19973958333333333 0.5365740740740741 0.04375 0.062037037037037036
0 0.14114583333333333 0.6361111111111111 0.051041666666666666 0.04537037037037037
0 0.2828125 0.3486111111111111 0.044270833333333336 0.041666666666666664
0 0.94609375 0.33240740740740743 0.051041666666666666 0.040740740740740744
0 0.26953125 0.4601851851851852 0.0421875 0.06388888888888888
0 0.9401041666666666 0.43703703703703706 0.0453125 0.06944444444444445
0 0.12161458333333333 0.42685185185185187 0.05 0.04537037037037037
0 0.26223958333333336 0.3875 0.04895833333333333 0.044444444444444446
0 0.19739583333333333 0.32407407407407407 0.04739583333333333 0.04722222222222222
0 0.8901041666666667 0.6564814814814814 0.05520833333333333 0.04351851851851852
0 0.03671875 0.6763888888888889 0.05520833333333333 0.041666666666666664
0 0.09036458333333333 0.5166666666666667 0.04635416666666667 0.041666666666666664
0 0.11328125 0.3574074074074074 0.046875 0.04722222222222222
0 0.016927083333333332 0.5828703703703704 0.033854166666666664 0.049074074074074076
0 0.022916666666666665 0.524074074074074 0.04479166666666667 0.04722222222222222
0 0.9083333333333333 0.387037037037037 0.050520833333333334 0.04537037037037037
0 0.97734375 0.6828703703703703 0.04479166666666667 0.053703703703703705
0 0.8815104166666666 0.562962962962963 0.03125 0.05740740740740741