1 0.1285863328116849 0.3162037037037037 0.03129890453834116 0.062037037037037036
1 0.554773082942097 0.5824074074074074 0.026604068857589983 0.05555555555555555
1 0.5772039645279082 0.6143518518518518 0.03286384976525822 0.07685185185185185
0 0.31559728742827337 0.49398148148148147 0.05372978612415232 0.04259259259259259
1 0.14501825769431403 0.3486111111111111 0.024517475221700575 0.06388888888888888
0 0.0936358894105373 0.549537037037037 0.053208137715179966 0.040740740740740744
0 0.1794470526864893 0.4162037037037037 0.05425143453312467 0.04259259259259259
1 0.198226395409494 0.3314814814814815 0.0297339593114241 0.05648148148148148
1 0.6444966092853417 0.12962962962962962 0.028690662493479395 0.05740740740740741
1 0.3758476786645801 0.5518518518518518 0.027125717266562335 0.06574074074074074
1 0.3148148148148148 0.6180555555555556 0.03286384976525822 0.06851851851851852
1 0.652321335419927 0.836574074074074 0.018257694314032343 0.06296296296296296
1 0.8857589984350548 0.5444444444444444 0.02764736567553469 0.06851851851851852
1 0.39801773604590507 0.17314814814814813 0.03286384976525822 0.05462962962962963
1 0.4300991131977048 0.6652777777777777 0.018257694314032343 0.06481481481481481
1 0.09311424100156494 0.19166666666666668 0.022952529994783515 0.04537037037037037
1 0.23135106937923838 0.16574074074074074 0.026604068857589983 0.05555555555555555
0 0.34663536776212833 0.4412037037037037 0.0495565988523735 0.06666666666666667
1 0.7725612936880543 0.6106481481481482 0.02608242044861763 0.06851851851851852
1 0.6025039123630673 0.7958333333333333 0.02556077203964528 0.06574074074074074
1 0.6880542514345331 0.8462962962962963 0.01773604590505999 0.05925925925925926
1 0.07172665623369849 0.15185185185185185 0.040166927490871154 0.05555555555555555
1 0.640584246218049 0.04814814814814815 0.03234220135628586 0.05185185185185185
1 0.7055294731351069 0.7930555555555555 0.025039123630672927 0.06111111111111111
1 0.5106937923839332 0.7324074074074074 0.02138758476786646 0.06666666666666667
1 0.43453312467396976 0.3402777777777778 0.02138758476786646 0.06851851851851852
1 0.32759520083463745 0.6935185185185185 0.025039123630672927 0.06296296296296296
1 0.6465832029212311 0.6851851851851852 0.022430881585811163 0.04351851851851852
1 0.08711528429838289 0.7597222222222222 0.03234220135628586 0.06388888888888888
1 0.7905581637976005 0.7796296296296297 0.0198226395409494 0.06296296296296296
1 0.8145539906103286 0.5768518518518518 0.02764736567553469 0.058333333333333334
1 0.015388628064684403 0.6472222222222223 0.030777256129368807 0.06111111111111111
1 0.9697443922796035 0.5560185185185185 0.03495044340114763 0.062037037037037036
1 0.5665101721439749 0.7800925925925926 0.01564945226917058 0.05925925925925926
1 0.4428794992175274 0.7263888888888889 0.029212310902451747 0.06481481481481481
1 0.18596765779864372 0.7356481481481482 0.03286384976525822 0.06574074074074074
1 0.6142410015649452 0.6962962962962963 0.023995826812728223 0.05740740740740741
1 0.8573291601460615 0.6189814814814815 0.028169014084507043 0.06018518518518518
1 0.909754825247783 0.17777777777777778 0.0396452790818988 0.06296296296296296
1 0.050078247261345854 0.24027777777777778 0.028169014084507043 0.05
1 0.4947835159102765 0.6388888888888888 0.02034428794992175 0.06296296296296296
1 0.13380281690140844 0.6953703703703704 0.022430881585811163 0.05648148148148148
1 0.7782994261867501 0.29814814814814816 0.03495044340114763 0.07037037037037037
1 0.9366197183098591 0.8212962962962963 0.023995826812728223 0.06111111111111111
1 0.028690662493479395 0.6856481481481481 0.03025560772039645 0.06944444444444445
1 0.019300991131977047 0.7509259259259259 0.030777256129368807 0.06851851851851852
1 0.198226395409494 0.649537037037037 0.030777256129368807 0.07592592592592592
1 0.8914971309337506 0.825925925925926 0.018257694314032343 0.06388888888888888
1 0.8774126238914971 0.7013888888888888 0.02608242044861763 0.06111111111111111
1 0.7357850808555034 0.825462962962963 0.018779342723004695 0.06388888888888888
1 0.4874804381846635 0.6037037037037037 0.01773604590505999 0.06296296296296296
1 0.9076682316118936 0.7638888888888888 0.025039123630672927 0.05185185185185185
1 0.9491392801251957 0.7324074074074074 0.030777256129368807 0.05925925925925926
1 0.7626499739175796 0.6402777777777777 0.018779342723004695 0.058333333333333334
1 0.9765258215962441 0.3143518518518518 0.037037037037037035 0.06944444444444445
1 0.7347417840375586 0.7541666666666667 0.023474178403755867 0.0712962962962963
1 0.40271257172665625 0.7263888888888889 0.02556077203964528 0.06111111111111111
1 0.5594679186228482 0.7240740740740741 0.022952529994783515 0.05555555555555555
1 0.5401669274908711 0.6833333333333333 0.023995826812728223 0.06851851851851852
1 0.8455920709441836 0.7305555555555555 0.023474178403755867 0.06018518518518518
1 0.21178925404277518 0.8203703703703704 0.018779342723004695 0.06018518518518518
1 0.9715701617110067 0.6282407407407408 0.03599374021909233 0.05092592592592592
1 0.9833072509128847 0.7805555555555556 0.02608242044861763 0.046296296296296294
1 0.9681794470526864 0.6699074074074074 0.029212310902451747 0.05925925925925926
1 0.8012519561815337 0.8601851851851852 0.025039123630672927 0.05185185185185185
1 0.7777777777777778 0.7097222222222223 0.025039123630672927 0.04351851851851852
1 0.8886280646844027 0.6560185185185186 0.02556077203964528 0.06759259259259259
1 0.3808033385498174 0.7685185185185185 0.01617110067814293 0.05925925925925926
1 0.7576943140323422 0.6990740740740741 0.0198226395409494 0.041666666666666664
1 0.8325508607198748 0.7560185185185185 0.024517475221700575 0.044444444444444446
1 0.7368283776734481 0.8763888888888889 0.017214397496087636 0.06851851851851852
1 0.9820031298904538 0.6939814814814815 0.02608242044861763 0.04814814814814815
1 0.1288471570161711 0.7893518518518519 0.02764736567553469 0.06018518518518518
1 0.952529994783516 0.9495370370370371 0.01617110067814293 0.07314814814814814
1 0.17475221700573812 0.6925925925925925 0.017214397496087636 0.05555555555555555
1 0.5419926969222744 0.7939814814814815 0.027125717266562335 0.062037037037037036
1 0.09181011997913406 0.8300925925925926 0.023995826812728223 0.041666666666666664