0 0.21276041666666667 0.6416666666666667 0.04791666666666667 0.04259259259259259
0 0.4 0.6643518518518519 0.046875 0.03611111111111111
0 0.49453125 0.4476851851851852 0.05364583333333333 0.053703703703703705
0 0.1375 0.5949074074074074 0.0515625 0.03518518518518519
0 0.7567708333333333 0.6351851851851852 0.04739583333333333 0.044444444444444446
0 0.07239583333333334 0.39537037037037037 0.05625 0.03981481481481482
0 0.3359375 0.5587962962962963 0.04791666666666667 0.037037037037037035
0 0.7744791666666667 0.4013888888888889 0.0515625 0.041666666666666664
0 0.025260416666666667 0.7175925925925926 0.04739583333333333 0.04537037037037037
0 0.035416666666666666 0.524074074074074 0.052083333333333336 0.040740740740740744
0 0.9067708333333333 0.4324074074074074 0.041666666666666664 0.053703703703703705
0 0.48515625 0.524074074074074 0.0484375 0.04351851851851852
0 0.3606770833333333 0.3819444444444444 0.051041666666666666 0.044444444444444446
0 0.11432291666666666 0.7398148148148148 0.04375 0.037037037037037035
0 0.9018229166666667 0.5467592592592593 0.049479166666666664 0.044444444444444446
0 0.70859375 0.5907407407407408 0.0390625 0.04537037037037037
0 0.75625 0.5101851851851852 0.04583333333333333 0.041666666666666664
0 0.9864583333333333 0.3449074074074074 0.027083333333333334 0.05092592592592592