0 0.4107981220657277 0.5402777777777777 0.048513302034428794 0.03888888888888889
0 0.18231611893583724 0.5324074074074074 0.047991653625456446 0.07222222222222222
1 0.1254564423578508 0.861574074074074 0.037037037037037035 0.05925925925925926
1 0.27073552425665104 0.774074074074074 0.036515388628064686 0.05648148148148148
0 0.3064684402712572 0.5634259259259259 0.050078247261345854 0.04722222222222222
1 0.3951486697965571 0.7162037037037037 0.0198226395409494 0.053703703703703705
0 0.04094940010432968 0.5212962962962963 0.05216484089723526 0.05
1 0.5297339593114241 0.3287037037037037 0.020865936358894107 0.06388888888888888
0 0.905320813771518 0.5972222222222222 0.05738132498695879 0.046296296296296294
0 0.7334376630151278 0.5402777777777777 0.05425143453312467 0.04814814814814815
1 0.5396452790818989 0.4236111111111111 0.022430881585811163 0.05648148148148148
1 0.550339071465832 0.2388888888888889 0.0198226395409494 0.06388888888888888
0 0.7725612936880543 0.34953703703703703 0.051643192488262914 0.046296296296296294
1 0.24465310380803337 0.6685185185185185 0.02608242044861763 0.062037037037037036
1 0.6601460615545123 0.9074074074074074 0.040166927490871154 0.06388888888888888
1 0.2368283776734481 0.7236111111111111 0.027125717266562335 0.06481481481481481
1 0.4765258215962441 0.3300925925925926 0.02764736567553469 0.06944444444444445
1 0.12493479394887845 0.6902777777777778 0.028690662493479395 0.062037037037037036
1 0.7250912884715701 0.9013888888888889 0.02608242044861763 0.06481481481481481
0 0.3479394887845592 0.4962962962962963 0.026604068857589983 0.058333333333333334
1 0.6977047470005217 0.12916666666666668 0.018779342723004695 0.07037037037037037
1 0.9668753260302556 0.8560185185185185 0.04225352112676056 0.06296296296296296
0 0.257433489827856 0.4486111111111111 0.05268648930620762 0.03888888888888889
1 0.6807511737089202 0.08888888888888889 0.015127803860198226 0.06851851851851852
1 0.0099113197704747 0.425462962962963 0.0198226395409494 0.05462962962962963
1 0.42149191444966094 0.3175925925925926 0.02608242044861763 0.06481481481481481
1 0.7842983828899321 0.7800925925925926 0.037037037037037035 0.053703703703703705
1 0.9916536254564423 0.4638888888888889 0.014606155451225874 0.044444444444444446
1 0.04564423578508085 0.2263888888888889 0.03182055294731351 0.07037037037037037
1 0.9306207616066771 0.16666666666666666 0.02764736567553469 0.07037037037037037
1 0.7232655190401669 0.22361111111111112 0.024517475221700575 0.058333333333333334
1 0.8281168492436098 0.6537037037037037 0.037037037037037035 0.05277777777777778
1 0.8604590505998957 0.75 0.03442879499217527 0.05740740740740741
1 0.16040688575899845 0.6875 0.027125717266562335 0.058333333333333334
1 0.07459572248304643 0.736574074074074 0.028169014084507043 0.06574074074074074
1 0.09833072509128847 0.6578703703703703 0.03129890453834116 0.058333333333333334
1 0.2798643714136672 0.8865740740740741 0.03912363067292645 0.05648148148148148
1 0.20683359415753783 0.25601851851851853 0.02190923317683881 0.062037037037037036
1 0.7339593114241002 0.8606481481481482 0.03129890453834116 0.05740740740740741
1 0.7842983828899321 0.7328703703703704 0.03234220135628586 0.04814814814814815
1 0.9754825247782994 0.23703703703703705 0.030777256129368807 0.0712962962962963
1 0.301773604590506 0.3768518518518518 0.03182055294731351 0.053703703703703705
1 0.3612415232133542 0.23703703703703705 0.023995826812728223 0.06666666666666667
1 0.014606155451225874 0.3037037037037037 0.028169014084507043 0.049074074074074076
1 0.015127803860198226 0.2111111111111111 0.028690662493479395 0.06759259259259259
1 0.45018257694314034 0.2671296296296296 0.01564945226917058 0.06666666666666667
1 0.25482524778299426 0.33055555555555555 0.024517475221700575 0.05462962962962963
1 0.3380281690140845 0.19583333333333333 0.020865936358894107 0.062037037037037036
1 0.5858111632759521 0.2351851851851852 0.025039123630672927 0.05
1 0.7905581637976005 0.9180555555555555 0.03755868544600939 0.058333333333333334
1 0.44548774126238916 0.8402777777777778 0.026604068857589983 0.06759259259259259
1 0.16223265519040167 0.24953703703703703 0.027125717266562335 0.06759259259259259
1 0.8779342723004695 0.325 0.02034428794992175 0.044444444444444446
1 0.05581637976004173 0.8037037037037037 0.03495044340114763 0.06111111111111111
1 0.8607198748043818 0.17037037037037037 0.024517475221700575 0.06759259259259259
1 0.8969744392279604 0.6754629629629629 0.036515388628064686 0.05185185185185185
1 0.647887323943662 0.8356481481481481 0.022952529994783515 0.07592592592592592
1 0.229264475743349 0.9361111111111111 0.02608242044861763 0.03888888888888889
1 0.7754303599374022 0.8412037037037037 0.0297339593114241 0.06481481481481481
1 0.30333854981742303 0.28425925925925927 0.017214397496087636 0.05462962962962963
1 0.6053729786124152 0.18703703703703703 0.01564945226917058 0.05
1 0.3865414710485133 0.24305555555555555 0.023474178403755867 0.06759259259259259
1 0.26734480959833073 0.4986111111111111 0.02764736567553469 0.05092592592592592
1 0.07616066770996348 0.18009259259259258 0.02138758476786646 0.05925925925925926
1 0.7772561293688054 0.4222222222222222 0.03234220135628586 0.06111111111111111
1 0.3095983307250913 0.11574074074074074 0.019300991131977047 0.06388888888888888
1 0.8729786124152321 0.9203703703703704 0.03808033385498174 0.08888888888888889
1 0.9379238393322901 0.8069444444444445 0.04121022430881586 0.05555555555555555
1 0.09233176838810642 0.21388888888888888 0.02556077203964528 0.05462962962962963
1 0.07589984350547731 0.6333333333333333 0.029212310902451747 0.04537037037037037
1 0.0693792383933229 0.2986111111111111 0.041731872717788214 0.05925925925925926
1 0.8453312467396974 0.36898148148148147 0.028169014084507043 0.044444444444444446
1 0.7373500260824204 0.4162037037037037 0.028690662493479395 0.03611111111111111
1 0.8252477829942618 0.8712962962962963 0.03182055294731351 0.053703703703703705
1 0.27543035993740217 0.17962962962962964 0.01564945226917058 0.05092592592592592
1 0.7621283255086072 0.3087962962962963 0.02556077203964528 0.06296296296296296
1 0.3064684402712572 0.19675925925925927 0.025039123630672927 0.06296296296296296
1 0.11815336463223787 0.2740740740740741 0.02764736567553469 0.05925925925925926
1 0.8158581116327596 0.1449074074074074 0.019300991131977047 0.05925925925925926
1 0.5805946791862285 0.9273148148148148 0.0396452790818988 0.06481481481481481
1 0.2715179968701095 0.23935185185185184 0.01564945226917058 0.05740740740740741
1 0.16249347939488784 0.16620370370370371 0.028690662493479395 0.06666666666666667
1 0.9864371413667188 0.17962962962962964 0.025039123630672927 0.06759259259259259
1 0.2047470005216484 0.18981481481481483 0.023474178403755867 0.04537037037037037
1 0.8802816901408451 0.28564814814814815 0.030777256129368807 0.04351851851851852
1 0.7386541471048513 0.11527777777777778 0.02764736567553469 0.07222222222222222
1 0.229264475743349 0.2861111111111111 0.01773604590505999 0.04259259259259259
1 0.10772039645279081 0.13842592592592592 0.03495044340114763 0.06851851851851852
1 0.006781429316640584 0.15555555555555556 0.013562858633281168 0.044444444444444446
1 0.7436098069900887 0.2828703703703704 0.025039123630672927 0.03333333333333333
1 0.847678664580073 0.33425925925925926 0.03442879499217527 0.04537037037037037
1 0.44209702660406885 0.8148148148148148 0.018257694314032343 0.03611111111111111
1 0.3380281690140845 0.31157407407407406 0.019300991131977047 0.06296296296296296
1 0.8935837245696401 0.7171296296296297 0.029212310902451747 0.05185185185185185
1 0.40036515388628063 0.6189814814814815 0.02034428794992175 0.05740740740740741
1 0.387584767866458 0.18287037037037038 0.0198226395409494 0.053703703703703705
1 0.9780907668231612 0.06435185185185185 0.016692749087115284 0.06574074074074074
1 0.20552947313510694 0.15092592592592594 0.02190923317683881 0.03981481481481482
1 0.23865414710485133 0.38287037037037036 0.030777256129368807 0.03518518518518519