1 0.951171875 0.059748077392578126 0.0169219970703125 0.07009429931640625
1 0.50146484375 0.40474853515625 0.024139404296875 0.06814422607421874
1 0.89404296875 0.33887939453125 0.023651123046875 0.06635665893554688
0 0.297119140625 0.50701904296875 0.0489501953125 0.0379180908203125
1 0.11376953125 0.724127197265625 0.036163330078125 0.05538749694824219
1 0.1922607421875 0.67862548828125 0.0316162109375 0.05774383544921875
1 0.3095703125 0.3744140625 0.0248870849609375 0.06776504516601563
1 0.83203125 0.287310791015625 0.03216552734375 0.07361526489257812
0 0.451904296875 0.544287109375 0.055816650390625 0.04766845703125
0 0.6005859375 0.54515380859375 0.050811767578125 0.04157447814941406
1 0.93701171875 0.37008056640625 0.035614013671875 0.06662750244140625
0 0.6298828125 0.596722412109375 0.04949951171875 0.04923934936523437
1 0.34912109375 0.7782958984375 0.026153564453125 0.06624832153320312
1 0.83642578125 0.854132080078125 0.0305023193359375 0.0556854248046875
0 0.374755859375 0.611456298828125 0.05511474609375 0.042061996459960935
1 0.94677734375 0.2554595947265625 0.028656005859375 0.0693359375
0 0.2147216796875 0.462384033203125 0.033966064453125 0.060506439208984374
1 0.1728515625 0.41861572265625 0.0274810791015625 0.06299819946289062
0 0.81689453125 0.572021484375 0.030792236328125 0.06321487426757813
1 0.673828125 0.7782958984375 0.02276611328125 0.060506439208984374
1 0.92626953125 0.878399658203125 0.0401611328125 0.0591522216796875
1 0.52880859375 0.86409912109375 0.024139404296875 0.07740707397460937
1 0.0755615234375 0.382647705078125 0.0316162109375 0.0626190185546875
1 0.7578125 0.17626495361328126 0.01678466796875 0.06603164672851562
1 0.093017578125 0.77916259765625 0.03704833984375 0.0582855224609375
1 0.257568359375 0.859765625 0.03521728515625 0.05202903747558594
0 0.58544921875 0.4662841796875 0.0271759033203125 0.05384368896484375
0 0.44580078125 0.442449951171875 0.048309326171875 0.04040985107421875
1 0.87744140625 0.2350921630859375 0.0261077880859375 0.06142730712890625
1 0.66552734375 0.2281585693359375 0.019378662109375 0.07524032592773437
1 0.82763671875 0.698992919921875 0.0276336669921875 0.07946548461914063
1 0.482421875 0.328045654296875 0.0228424072265625 0.06814422607421874
1 0.346923828125 0.3269622802734375 0.0194549560546875 0.06251068115234375
1 0.70947265625 0.4021484375 0.024383544921875 0.06418991088867188
1 0.54248046875 0.3369293212890625 0.0174407958984375 0.06548995971679687
1 0.246337890625 0.677325439453125 0.0276947021484375 0.044255828857421874
1 0.92236328125 0.15026397705078126 0.0226287841796875 0.0734527587890625
0 0.297607421875 0.5598876953125 0.043701171875 0.04124946594238281
1 0.6962890625 0.9655029296875 0.0203399658203125 0.06310653686523438
1 0.5205078125 0.3629302978515625 0.0170440673828125 0.06451492309570313
1 0.264892578125 0.7540283203125 0.04010009765625 0.06906509399414062
1 0.282958984375 0.3373626708984375 0.0328369140625 0.06251068115234375
1 0.263427734375 0.286444091796875 0.0240936279296875 0.0656524658203125
1 0.673828125 0.364447021484375 0.017913818359375 0.0712860107421875
0 0.453369140625 0.48795166015625 0.052520751953125 0.048047637939453124
1 0.9765625 0.3178619384765625 0.03533935546875 0.0780029296875
1 0.509765625 0.76876220703125 0.027008056640625 0.06776504516601563
1 0.84716796875 0.426849365234375 0.0287017822265625 0.05731048583984375
1 0.06280517578125 0.802996826171875 0.036163330078125 0.05622711181640625
1 0.119384765625 0.2374755859375 0.0278472900390625 0.06467742919921875
1 0.174560546875 0.3442962646484375 0.0305023193359375 0.06299819946289062
1 0.310546875 0.27647705078125 0.028594970703125 0.06527328491210938
1 0.21142578125 0.2597930908203125 0.0193023681640625 0.06982345581054687
1 0.82763671875 0.782196044921875 0.0255584716796875 0.06223983764648437
1 0.6572265625 0.1258880615234375 0.0214080810546875 0.07415695190429687
1 0.070556640625 0.6794921875 0.0261993408203125 0.045799636840820314
1 0.55078125 0.20508270263671874 0.016845703125 0.06467742919921875
1 0.6240234375 0.3663970947265625 0.0226287841796875 0.05752716064453125
1 0.325439453125 0.2307586669921875 0.0169219970703125 0.04823722839355469
1 0.9501953125 0.195440673828125 0.0233306884765625 0.059964752197265624
1 0.72119140625 0.2450592041015625 0.0283355712890625 0.06099395751953125
1 0.07159423828125 0.2225250244140625 0.027587890625 0.060289764404296876
1 0.61767578125 0.19814910888671874 0.018096923828125 0.06299819946289062
1 0.3720703125 0.26607666015625 0.017303466796875 0.04563713073730469
1 0.6494140625 0.291644287109375 0.018829345703125 0.07697372436523438
1 0.272705078125 0.224908447265625 0.025665283203125 0.06018142700195313
1 0.10015869140625 0.299444580078125 0.0390625 0.0591522216796875
1 0.1348876953125 0.3499298095703125 0.0310211181640625 0.060289764404296876
1 0.59326171875 0.17193145751953126 0.0141754150390625 0.06169815063476562
1 0.235107421875 0.18449859619140624 0.018646240234375 0.04452667236328125
1 0.2103271484375 0.1462554931640625 0.017578125 0.0639190673828125
1 0.49951171875 0.282977294921875 0.021453857421875 0.05839385986328125
1 0.136962890625 0.3102783203125 0.0189056396484375 0.04227867126464844
1 0.65625 0.88056640625 0.018829345703125 0.05213737487792969
1 0.2138671875 0.3607635498046875 0.03204345703125 0.050566482543945315
1 0.7548828125 0.322412109375 0.03228759765625 0.046774673461914065
1 0.587890625 0.27647705078125 0.0177154541015625 0.05538749694824219
1 0.78759765625 0.8875 0.034820556640625 0.039786911010742186
1 0.00734710693359375 0.2194915771484375 0.014617919921875 0.07193603515625
0 0.96728515625 0.09067840576171875 0.03424072265625 0.07036514282226562
1 0.495849609375 0.241375732421875 0.030914306640625 0.03499298095703125
1 0.66552734375 0.19879913330078125 0.0108184814453125 0.030605316162109375