1 0.6845703125 0.443316650390625 0.02203369140625 0.07074432373046875
1 0.876953125 0.4062652587890625 0.022979736328125 0.06711502075195312
1 0.333984375 0.437249755859375 0.031982421875 0.06332321166992187
1 0.7158203125 0.385247802734375 0.02069091796875 0.05774383544921875
1 0.443359375 0.3286956787109375 0.0253753662109375 0.06272735595703124
0 0.2138671875 0.48795166015625 0.051544189453125 0.04650382995605469
1 0.215576171875 0.3663970947265625 0.02947998046875 0.0673858642578125
0 0.27978515625 0.544720458984375 0.051544189453125 0.044770431518554685
1 0.67529296875 0.3646636962890625 0.02947998046875 0.06489410400390624
1 0.5517578125 0.353179931640625 0.0222930908203125 0.06272735595703124
1 0.845703125 0.3798309326171875 0.0225067138671875 0.06272735595703124
0 0.167724609375 0.588922119140625 0.053314208984375 0.04536628723144531
0 0.9135558795481221 0.6019226074218748 0.056952635530097995 0.0606689453125
1 0.65966796875 0.864532470703125 0.035491943359375 0.05414161682128906
1 0.6240234375 0.3802642822265625 0.02655029296875 0.06121063232421875
1 0.6796875 0.78262939453125 0.0276336669921875 0.06299819946289062
0 0.60693359375 0.525653076171875 0.04840087890625 0.04157447814941406
0 0.80908203125 0.59195556640625 0.05419921875 0.047939300537109375
1 0.363525390625 0.3308624267578125 0.0283355712890625 0.070635986328125
1 0.78857421875 0.3728973388671875 0.0214080810546875 0.06310653686523438
0 0.66357421875 0.613189697265625 0.052032470703125 0.07182769775390625
1 0.245849609375 0.3711639404296875 0.019561767578125 0.06765670776367187
1 0.079345703125 0.2463592529296875 0.024749755859375 0.06321487426757813
1 0.36669921875 0.8545654296875 0.03875732421875 0.05904388427734375
1 0.830078125 0.2225250244140625 0.0306243896484375 0.07274856567382812
1 0.63427734375 0.96636962890625 0.0318603515625 0.05311241149902344
1 0.456787109375 0.427716064453125 0.027008056640625 0.057635498046875
1 0.62109375 0.239208984375 0.0217437744140625 0.0626190185546875
1 0.759765625 0.729327392578125 0.0259552001953125 0.05731048583984375
1 0.53125 0.23140869140625 0.0224151611328125 0.052814483642578125
1 0.89404296875 0.848931884765625 0.03955078125 0.05774383544921875
1 0.072509765625 0.3195953369140625 0.036834716796875 0.05037689208984375
1 0.70361328125 0.9273681640625 0.0252685546875 0.06018142700195313
1 0.1849365234375 0.282977294921875 0.0258026123046875 0.062023162841796875
1 0.9287109375 0.224041748046875 0.03277587890625 0.07713623046875
1 0.79150390625 0.16023101806640624 0.030731201171875 0.07318191528320313
1 0.6513671875 0.287310791015625 0.0154876708984375 0.050187301635742185
1 0.2445068359375 0.79822998046875 0.0294189453125 0.059856414794921875
1 0.8994140625 0.3048614501953125 0.0216217041015625 0.06879425048828125
1 0.029083251953125 0.2623931884765625 0.026458740234375 0.054547882080078124
1 0.56689453125 0.27301025390625 0.0186920166015625 0.056768798828125
1 0.1456298828125 0.21288299560546875 0.01560211181640625 0.05113525390625
1 0.8271484375 0.68902587890625 0.03594970703125 0.050756072998046874
1 0.6591796875 0.1666229248046875 0.0221099853515625 0.07811126708984376
1 0.583984375 0.4489501953125 0.0224151611328125 0.04988937377929688
1 0.08343505859375 0.96810302734375 0.035552978515625 0.048589324951171874
1 0.37890625 0.69249267578125 0.0238189697265625 0.0582855224609375
1 0.81298828125 0.91263427734375 0.034881591796875 0.05538749694824219
1 0.357666015625 0.803863525390625 0.0204925537109375 0.04812889099121094
1 0.388671875 0.27041015625 0.0282745361328125 0.05538749694824219
1 0.98486328125 0.193707275390625 0.029754638671875 0.06765670776367187
1 0.9677734375 0.3442962646484375 0.0246124267578125 0.05579376220703125
1 0.2763671875 0.18189849853515624 0.03228759765625 0.0647857666015625
1 0.8173828125 0.766595458984375 0.035736083984375 0.058502197265625
1 0.229248046875 0.2363922119140625 0.0174407958984375 0.05861053466796875
1 0.8173828125 0.330645751953125 0.0280609130859375 0.05105400085449219
1 0.86328125 0.291644287109375 0.0230255126953125 0.052922821044921874
1 0.5888671875 0.229241943359375 0.014617919921875 0.043687057495117185
1 0.70849609375 0.225775146484375 0.028594970703125 0.05192070007324219
1 0.640625 0.74276123046875 0.035491943359375 0.0569854736328125
1 0.1873779296875 0.223175048828125 0.0162811279296875 0.047235107421875
1 0.97314453125 0.3031280517578125 0.0341796875 0.04000358581542969
1 0.72509765625 0.29901123046875 0.020172119140625 0.05806884765625
1 0.478515625 0.2389923095703125 0.0223236083984375 0.051839447021484374
1 0.341064453125 0.94730224609375 0.0306243896484375 0.0613189697265625
1 0.931640625 0.06624832153320312 0.0162811279296875 0.06776504516601563
0 0.94921875 0.09658279418945312 0.035003662109375 0.0695526123046875