0 0.67138671875 0.5737548828125 0.043853759765625 0.0457183837890625
1 0.2318115234375 0.660858154296875 0.03460693359375 0.057635498046875
0 0.2427978515625 0.49921875 0.048492431640625 0.04669342041015625
1 0.422607421875 0.5910888671875 0.026702880859375 0.06381072998046874
0 0.266357421875 0.454583740234375 0.04931640625 0.04669342041015625
0 0.73046875 0.599755859375 0.0535888671875 0.042441177368164065
0 0.406494140625 0.447216796875 0.047515869140625 0.048508071899414064
1 0.83544921875 0.87796630859375 0.038818359375 0.05839385986328125
0 0.3426900196025691 0.5583294903790508 0.058333339701111785 0.04233454951533553
0 0.171142578125 0.4350830078125 0.048858642578125 0.042522430419921875
0 0.58154296875 0.50701904296875 0.04779052734375 0.04626007080078125
1 0.07080078125 0.649591064453125 0.03179931640625 0.05154151916503906
1 0.986328125 0.367913818359375 0.0223236083984375 0.08293228149414063
0 0.468994140625 0.549920654296875 0.04742431640625 0.053329086303710936
1 0.07366943359375 0.34581298828125 0.03228759765625 0.046774673461914065
1 0.58740234375 0.3720306396484375 0.018798828125 0.06321487426757813
1 0.03173828125 0.7956298828125 0.040924072265625 0.0606689453125
0 0.8701171875 0.555987548828125 0.0634765625 0.04758720397949219
0 0.76904296875 0.538653564453125 0.053985595703125 0.048047637939453124
1 0.09124755859375 0.679925537109375 0.0280609130859375 0.0582855224609375
1 0.033538818359375 0.49921875 0.032470703125 0.07415695190429687
1 0.732421875 0.447216796875 0.0271148681640625 0.058935546875
0 0.65625 0.64049072265625 0.051361083984375 0.05037689208984375
1 0.68212890625 0.420782470703125 0.0305023193359375 0.07047348022460938
1 0.09222412109375 0.831597900390625 0.0310211181640625 0.06272735595703124
1 0.35009765625 0.3009613037109375 0.0169830322265625 0.06251068115234375
1 0.85595703125 0.248309326171875 0.03289794921875 0.0613189697265625
1 0.336181640625 0.620989990234375 0.034942626953125 0.06440658569335937
1 0.36083984375 0.67515869140625 0.027069091796875 0.060506439208984374
1 0.79833984375 0.3282623291015625 0.022247314453125 0.06662750244140625
1 0.84375 0.4391998291015625 0.02655029296875 0.05926055908203125
1 0.5654296875 0.2357421875 0.02508544921875 0.06402740478515626
1 0.69580078125 0.88836669921875 0.019866943359375 0.04869766235351562
1 0.72802734375 0.2524261474609375 0.019989013671875 0.06538162231445313
1 0.33544921875 0.738861083984375 0.03216552734375 0.06142730712890625
1 0.249267578125 0.21158294677734374 0.0200958251953125 0.053329086303710936
1 0.477294921875 0.2979278564453125 0.024139404296875 0.06700668334960938
1 0.79638671875 0.74276123046875 0.0297088623046875 0.05465621948242187
1 0.258544921875 0.3148284912109375 0.0263519287109375 0.05622711181640625
1 0.7548828125 0.31807861328125 0.0299835205078125 0.06538162231445313
1 0.3759765625 0.341046142578125 0.0200958251953125 0.06142730712890625
1 0.294677734375 0.8025634765625 0.0262603759765625 0.05579376220703125
1 0.68115234375 0.3880645751953125 0.015716552734375 0.046341323852539064
1 0.401611328125 0.2723602294921875 0.016021728515625 0.06662750244140625
1 0.537109375 0.27994384765625 0.0241851806640625 0.06099395751953125
1 0.1614990234375 0.2784271240234375 0.033599853515625 0.062131500244140624
1 0.76220703125 0.08639907836914062 0.0242767333984375 0.054439544677734375
1 0.1121826171875 0.616656494140625 0.0379638671875 0.070635986328125
1 0.39111328125 0.3815643310546875 0.029754638671875 0.0699859619140625
1 0.7841796875 0.13076324462890626 0.019195556640625 0.06381072998046874
1 0.8330078125 0.364013671875 0.029205322265625 0.03994941711425781
1 0.4267578125 0.2652099609375 0.0192718505859375 0.06180648803710938
1 0.6318359375 0.3830810546875 0.020172119140625 0.070635986328125
1 0.9228515625 0.1358551025390625 0.021484375 0.0574188232421875
1 0.89697265625 0.19988250732421875 0.0223236083984375 0.070635986328125
0 0.87060546875 0.48795166015625 0.03271484375 0.0504852294921875
1 0.235595703125 0.17940673828125 0.0293731689453125 0.04319953918457031
1 0.70361328125 0.1692230224609375 0.021697998046875 0.06673583984375
1 0.05450439453125 0.25914306640625 0.033843994140625 0.060289764404296876
1 0.453125 0.818597412109375 0.02288818359375 0.054954147338867186
1 0.74365234375 0.2736602783203125 0.0271148681640625 0.062835693359375
1 0.354248046875 0.2281585693359375 0.0200958251953125 0.061914825439453126
1 0.9658203125 0.2307586669921875 0.02447509765625 0.052922821044921874
0 0.026153564453125 0.59022216796875 0.048858642578125 0.07399444580078125
1 0.260498046875 0.90916748046875 0.038116455078125 0.05644378662109375
1 0.701171875 0.74276123046875 0.0240936279296875 0.048047637939453124
1 0.322509765625 0.1744232177734375 0.021240234375 0.05752716064453125
1 0.69677734375 0.22046661376953125 0.02606201171875 0.06727752685546876
1 0.22607421875 0.280810546875 0.03179931640625 0.061102294921875
1 0.83935546875 0.172906494140625 0.0271759033203125 0.053924942016601564
1 0.63037109375 0.2866607666015625 0.0162200927734375 0.0587188720703125
1 0.1070556640625 0.12101287841796875 0.0170440673828125 0.08184890747070313
1 0.845703125 0.807763671875 0.029815673828125 0.0483184814453125
1 0.44140625 0.2420257568359375 0.0184326171875 0.04766845703125
1 0.015899658203125 0.3065948486328125 0.0299224853515625 0.08141555786132812
1 0.0245208740234375 0.22100830078125 0.02655029296875 0.079302978515625
0 0.3470072460224309 0.5149782533998841 0.043121385648963284 0.05772580747251167
1 0.76708984375 0.2478759765625 0.0154876708984375 0.047316360473632815
1 0.285888671875 0.16954803466796875 0.0171051025390625 0.043091201782226564
1 0.1939697265625 0.3241455078125 0.03302001953125 0.08574905395507812
1 0.82666015625 0.13813018798828125 0.0235137939453125 0.05953140258789062
1 0.314697265625 0.26781005859375 0.03228759765625 0.049537277221679686
1 0.826171875 0.3308624267578125 0.0189361572265625 0.042061996459960935
1 0.0810546875 0.193707275390625 0.0242767333984375 0.06240234375
1 0.9716796875 0.3005279541015625 0.034759521484375 0.06576080322265625
1 0.97216796875 0.1887237548828125 0.03253173828125 0.039786911010742186
1 0.5029296875 0.884466552734375 0.0295867919921875 0.055062484741210935
1 0.64990234375 0.1774566650390625 0.0268096923828125 0.03567008972167969
1 0.2218017578125 0.2186248779296875 0.015899658203125 0.037701416015625
1 0.68359375 0.3447296142578125 0.0272674560546875 0.04607048034667969
1 0.81884765625 0.105303955078125 0.0189361572265625 0.054547882080078124
1 0.8671875 0.1531890869140625 0.028656005859375 0.05465621948242187
1 0.80712890625 0.2740936279296875 0.02655029296875 0.05517082214355469
1 0.82958984375 0.4073486328125 0.0197906494140625 0.05124359130859375
1 0.87158203125 0.11061248779296876 0.029754638671875 0.041411972045898436
1 0.7666015625 0.16868133544921876 0.0160980224609375 0.062131500244140624
1 0.82666015625 0.296844482421875 0.03143310546875 0.03859519958496094
1 0.10375976562499997 0.7651527687355324 0.0282745361328125 0.050756072998046874
1 0.09088134765625 0.59022216796875 0.033905029296875 0.05029563903808594
1 0.65185546875 0.21244964599609376 0.017242431640625 0.05262489318847656
1 0.022247314453125 0.14159698486328126 0.02606201171875 0.04409332275390625
1 0.0160980224609375 0.484918212890625 0.02947998046875 0.042061996459960935
1 0.1737060546875 0.16868133544921876 0.0161590576171875 0.034478378295898435
1 0.52099609375 0.1930572509765625 0.021820068359375 0.06500244140625
1 0.295166015625 0.135638427734375 0.0167236328125 0.06467742919921875