1 0.13380281690140844 0.45231481481481484 0.030777256129368807 0.06388888888888888
1 0.29290558163797603 0.2759259259259259 0.023995826812728223 0.06296296296296296
0 0.3002086593635889 0.4935185185185185 0.05268648930620762 0.04722222222222222
1 0.35498174230568597 0.3680555555555556 0.022430881585811163 0.06111111111111111
0 0.9488784559207094 0.4310185185185185 0.03390714658320292 0.06111111111111111
0 0.3622848200312989 0.5597222222222222 0.051643192488262914 0.046296296296296294
1 0.8901930099113198 0.2708333333333333 0.03547209181011998 0.062037037037037036
0 0.8304642670839854 0.4625 0.0505998956703182 0.05092592592592592
1 0.856546687532603 0.33101851851851855 0.03129890453834116 0.07407407407407407
1 0.017996870109546165 0.33240740740740743 0.03547209181011998 0.07685185185185185
0 0.08555033907146584 0.5194444444444445 0.05581637976004173 0.05092592592592592
1 0.7952529994783516 0.22037037037037038 0.028690662493479395 0.06944444444444445
1 0.5286906624934794 0.32222222222222224 0.02190923317683881 0.06944444444444445
1 0.7060511215440793 0.31574074074074077 0.029212310902451747 0.05925925925925926
1 0.3448095983307251 0.2967592592592593 0.020865936358894107 0.05740740740740741
1 0.7762128325508607 0.31851851851851853 0.02034428794992175 0.05092592592592592
1 0.14606155451225875 0.3263888888888889 0.02608242044861763 0.06666666666666667
1 0.49426186750130413 0.29074074074074074 0.015127803860198226 0.07314814814814814
1 0.23839332290036516 0.3527777777777778 0.019300991131977047 0.049074074074074076
1 0.6538862806468441 0.23657407407407408 0.025039123630672927 0.05462962962962963
1 0.8273343766301513 0.2611111111111111 0.03182055294731351 0.05462962962962963
1 0.6601460615545123 0.3282407407407407 0.022430881585811163 0.05925925925925926
1 0.028690662493479395 0.21666666666666667 0.02138758476786646 0.06296296296296296
1 0.6121544079290558 0.28194444444444444 0.019300991131977047 0.05648148148148148
1 0.2569118414188837 0.2601851851851852 0.024517475221700575 0.0712962962962963
1 0.689358372456964 0.23703703703703705 0.02556077203964528 0.06296296296296296
1 0.4713093375065206 0.20046296296296295 0.023474178403755867 0.06296296296296296
1 0.2016171100678143 0.14537037037037037 0.02608242044861763 0.06388888888888888
1 0.12310902451747523 0.3902777777777778 0.03338549817423057 0.06296296296296296
1 0.9491392801251957 0.3013888888888889 0.038601982263954095 0.06388888888888888
1 0.23448095983307252 0.23194444444444445 0.023995826812728223 0.05740740740740741
1 0.07668231611893583 0.36064814814814816 0.03390714658320292 0.06666666666666667
1 0.8847157016171101 0.8837962962962963 0.04434011476264997 0.06296296296296296
1 0.38967136150234744 0.17824074074074073 0.02190923317683881 0.05925925925925926
1 0.17736045905059988 0.3074074074074074 0.026604068857589983 0.06666666666666667
1 0.14501825769431403 0.2324074074074074 0.028690662493479395 0.06111111111111111
1 0.6327595200834637 0.9731481481481481 0.030777256129368807 0.05
1 0.27725612936880545 0.1162037037037037 0.02608242044861763 0.07407407407407407
1 0.34872196139801775 0.17546296296296296 0.017214397496087636 0.06296296296296296
1 0.5498174230568597 0.2574074074074074 0.019300991131977047 0.06018518518518518
1 0.14553990610328638 0.17453703703703705 0.028690662493479395 0.037037037037037035
1 0.306207616066771 0.2 0.01564945226917058 0.06388888888888888
1 0.4287949921752739 0.19814814814814816 0.02034428794992175 0.06388888888888888
1 0.8278560250391236 0.924074074074074 0.04277516953573292 0.06388888888888888
1 0.017475221700573813 0.44166666666666665 0.030777256129368807 0.05092592592592592
1 0.945226917057903 0.23055555555555557 0.028169014084507043 0.062037037037037036
1 0.17579551382368283 0.13194444444444445 0.022430881585811163 0.0787037037037037
1 0.2279603547209181 0.11990740740740741 0.01773604590505999 0.06944444444444445
1 0.06207616066770996 0.29212962962962963 0.03025560772039645 0.058333333333333334
1 0.9874804381846636 0.23935185185185184 0.024517475221700575 0.05462962962962963
0 0.905320813771518 0.5458333333333333 0.056859676577986434 0.05462962962962963
1 0.5432968179447053 0.11805555555555555 0.012519561815336464 0.032407407407407406
1 0.8129890453834115 0.16805555555555557 0.01617110067814293 0.046296296296296294
0 0.04538341158059468 0.08657407407407407 0.030777256129368807 0.06944444444444445
1 0.20657276995305165 0.9592592592592593 0.028169014084507043 0.05
1 0.3124673969744392 0.913425925925926 0.02034428794992175 0.05925925925925926
1 0.7326551904016693 0.15925925925925927 0.025039123630672927 0.07222222222222222
1 0.6189358372456965 0.8050925925925926 0.024517475221700575 0.05925925925925926
1 0.06259780907668232 0.053703703703703705 0.016692749087115284 0.06944444444444445
1 0.9924360980699009 0.3560185185185185 0.014606155451225874 0.05185185185185185