1 0.6669270833333333 0.825462962962963 0.019270833333333334 0.06481481481481481
0 0.5020833333333333 0.5509259259259259 0.043229166666666666 0.05
0 0.3380208333333333 0.25092592592592594 0.052083333333333336 0.07592592592592592
0 0.5692708333333333 0.42083333333333334 0.04114583333333333 0.06944444444444445
0 0.69765625 0.6310185185185185 0.04739583333333333 0.044444444444444446
0 0.1953125 0.586574074074074 0.028125 0.07037037037037037
0 0.22942708333333334 0.5337962962962963 0.05364583333333333 0.049074074074074076
0 0.9765625 0.7208333333333333 0.0265625 0.05185185185185185
0 0.16848958333333333 0.7185185185185186 0.041666666666666664 0.04351851851851852
0 0.7015625 0.6759259259259259 0.043229166666666666 0.041666666666666664
0 0.9091145833333333 0.41388888888888886 0.05520833333333333 0.053703703703703705
0 0.7729166666666667 0.4898148148148148 0.05260416666666667 0.04814814814814815
0 0.1921875 0.750462962962963 0.046875 0.03611111111111111
0 0.06041666666666667 0.45092592592592595 0.0328125 0.06111111111111111
0 0.9510416666666667 0.6638888888888889 0.05260416666666667 0.05
0 0.41041666666666665 0.6842592592592592 0.04114583333333333 0.041666666666666664
1 0.68671875 0.8291666666666667 0.016145833333333335 0.04722222222222222