0 0.6813605276527992 0.481451416015625 0.04337568288055874 0.0629981994628907
1 0.80078125 0.4170989990234375 0.026153564453125 0.054439544677734375
1 0.68408203125 0.17843170166015626 0.0222930908203125 0.06251068115234375
1 0.654296875 0.321978759765625 0.019866943359375 0.06402740478515626
1 0.89404296875 0.30421142578125 0.02880859375 0.06516494750976562
1 0.87255859375 0.4175323486328125 0.0305023193359375 0.06321487426757813
1 0.517578125 0.38048095703125 0.017852783203125 0.06527328491210938
1 0.1593017578125 0.236175537109375 0.03143310546875 0.070635986328125
1 0.54638671875 0.44808349609375 0.0255584716796875 0.08022384643554688
1 0.96533203125 0.3395294189453125 0.038238525390625 0.06489410400390624
1 0.3251953125 0.3126617431640625 0.0333251953125 0.06700668334960938
1 0.2427978515625 0.2784271240234375 0.0223236083984375 0.06689834594726562
1 0.89453125 0.2155914306640625 0.024932861328125 0.0639190673828125
1 0.26123046875 0.4027984619140625 0.025177001953125 0.0734527587890625
0 0.11307171825076613 0.5737548828125 0.04457977937006202 0.06251068115234369
1 0.76953125 0.3377960205078125 0.0300445556640625 0.06613998413085938
1 0.38623046875 0.3880645751953125 0.0215301513671875 0.0730194091796875
0 0.67919921875 0.558587646484375 0.051666259765625 0.04942893981933594
1 0.85205078125 0.29727783203125 0.0226287841796875 0.06223983764648437
1 0.73046875 0.9135009765625 0.01983642578125 0.0574188232421875
0 0.25830078125 0.462384033203125 0.0460205078125 0.0587188720703125
1 0.5966796875 0.2212249755859375 0.0169219970703125 0.059423065185546874
1 0.9267578125 0.16889801025390624 0.023468017578125 0.06689834594726562
1 0.75830078125 0.304644775390625 0.0297088623046875 0.05839385986328125
1 0.2646484375 0.3083282470703125 0.0201416015625 0.05904388427734375
1 0.275390625 0.3533966064453125 0.0242767333984375 0.06359405517578125
0 0.0292510986328125 0.491851806640625 0.05291748046875 0.050756072998046874
1 0.05224609375 0.314178466796875 0.035064697265625 0.06223983764648437
1 0.45556640625 0.277777099609375 0.03155517578125 0.06440658569335937
0 0.5732421875 0.548187255859375 0.04931640625 0.04590797424316406
1 0.6181640625 0.12664642333984374 0.017242431640625 0.059748077392578126
1 0.1917724609375 0.3234954833984375 0.02484130859375 0.06624832153320312
1 0.64453125 0.370947265625 0.0170440673828125 0.051622772216796876
1 0.76171875 0.22089996337890624 0.0273284912109375 0.06613998413085938
1 0.10894775390625 0.250909423828125 0.0280609130859375 0.06489410400390624
1 0.460205078125 0.828997802734375 0.0272674560546875 0.05806884765625
1 0.422119140625 0.86236572265625 0.0238189697265625 0.054872894287109376
1 0.58154296875 0.31114501953125 0.0235595703125 0.046883010864257814
1 0.89892578125 0.7904296875 0.03131103515625 0.060398101806640625
1 0.82568359375 0.332379150390625 0.025665283203125 0.068035888671875
1 0.18994140625 0.88836669921875 0.035736083984375 0.05303115844726562
1 0.374267578125 0.305511474609375 0.019500732421875 0.08233642578125
1 0.09368896484375 0.290777587890625 0.044769287109375 0.07540283203125
1 0.27734375 0.681658935546875 0.03533935546875 0.06343154907226563
1 0.427978515625 0.815130615234375 0.0285491943359375 0.05232696533203125
1 0.381103515625 0.350146484375 0.0261993408203125 0.057635498046875
1 0.44580078125 0.10492477416992188 0.018402099609375 0.06624832153320312
1 0.01751708984375 0.2998779296875 0.0333251953125 0.061102294921875