1 0.356689453125 0.3867645263671875 0.03021240234375 0.0665191650390625
0 0.25146484375 0.460650634765625 0.030731201171875 0.053329086303710936
1 0.09173583984375 0.416015625 0.03131103515625 0.053437423706054685
1 0.52880859375 0.36488037109375 0.024993896484375 0.06982345581054687
0 0.951171875 0.54775390625 0.059112548828125 0.04869766235351562
1 0.48291015625 0.3733306884765625 0.027801513671875 0.07036514282226562
0 0.79638671875 0.364447021484375 0.052703857421875 0.041899490356445315
0 0.93701171875 0.649591064453125 0.056854248046875 0.040464019775390624
1 0.724609375 0.391314697265625 0.02276611328125 0.07469863891601562
1 0.51318359375 0.3065948486328125 0.0206451416015625 0.06971511840820313
1 0.09503173828125 0.3137451171875 0.033905029296875 0.06359405517578125
0 0.05780029296875 0.620123291015625 0.03460693359375 0.07182769775390625
0 0.048309326171875 0.496185302734375 0.05108642578125 0.040870285034179686
1 0.91357421875 0.3811309814453125 0.0299835205078125 0.06917343139648438
1 0.98046875 0.2974945068359375 0.026458740234375 0.063702392578125
1 0.1558837890625 0.857598876953125 0.026153564453125 0.055902099609375
1 0.802734375 0.14419708251953126 0.02752685546875 0.06787338256835937
1 0.73779296875 0.204107666015625 0.021209716796875 0.05926055908203125
1 0.75439453125 0.2723602294921875 0.0296478271484375 0.0639190673828125
0 0.5576171875 0.598455810546875 0.05499267578125 0.05094566345214844
1 0.26611328125 0.701593017578125 0.03985595703125 0.0639190673828125
1 0.97802734375 0.165106201171875 0.0290374755859375 0.07886962890625
1 0.87939453125 0.29727783203125 0.029205322265625 0.0556854248046875
1 0.78369140625 0.838531494140625 0.033905029296875 0.06765670776367187
1 0.8203125 0.2732269287109375 0.0293731689453125 0.06500244140625
1 0.392333984375 0.289910888671875 0.02288818359375 0.05687713623046875
1 0.6845703125 0.16218109130859376 0.01751708984375 0.06700668334960938
1 0.7216796875 0.13953857421875 0.0234222412109375 0.0587188720703125
1 0.346435546875 0.2810272216796875 0.023101806640625 0.05796051025390625
0 0.54345703125 0.551220703125 0.051666259765625 0.038134765625
1 0.0207977294921875 0.78262939453125 0.040313720703125 0.08434066772460938
1 0.83642578125 0.42208251953125 0.0341796875 0.05926055908203125
1 0.93994140625 0.16391448974609374 0.0217742919921875 0.06451492309570313
1 0.6806640625 0.24527587890625 0.028106689453125 0.07886962890625
1 0.461669921875 0.290777587890625 0.02484130859375 0.06906509399414062
1 0.87255859375 0.35968017578125 0.0274810791015625 0.06516494750976562
1 0.2181396484375 0.2350921630859375 0.04681396484375 0.08851165771484375
1 0.05389404296875 0.267376708984375 0.0297088623046875 0.06223983764648437
1 0.291015625 0.3382293701171875 0.0305023193359375 0.0686859130859375
1 0.9287109375 0.3044281005859375 0.0247039794921875 0.06440658569335937
1 0.548828125 0.9013671875 0.037261962890625 0.05904388427734375
0 0.93994140625 0.09674530029296875 0.03179931640625 0.06841506958007812
1 0.07904052734375 0.3746307373046875 0.0162200927734375 0.03743057250976563
1 0.58349609375 0.3230621337890625 0.0321044921875 0.06429824829101563
1 0.177490234375 0.16889801025390624 0.0196380615234375 0.045799636840820314
0 0.7446531038080332 0.45061728395061723 0.06172839506172836 0.05864197530864196
0 0.5633802816901409 0.4853395061728395 0.04694835680751162 0.06327160493827158
0 0.9755694661797948 0.6165123456790123 0.048861067640410524 0.06018518518518518
0 0.5368631542340462 0.8179012345679013 0.0512954268822813 0.05246913580246921