1 0.5279081898800209 0.18888888888888888 0.03442879499217527 0.06018518518518518
1 0.40401669274908714 0.11435185185185186 0.03547209181011998 0.062037037037037036
1 0.2509128847157016 0.37453703703703706 0.03390714658320292 0.05277777777777778
0 0.23630672926447574 0.4842592592592593 0.05112154407929056 0.04351851851851852
0 0.8980177360459051 0.38333333333333336 0.053208137715179966 0.05555555555555555
0 0.30333854981742303 0.5541666666666667 0.05112154407929056 0.046296296296296294
1 0.14501825769431403 0.1986111111111111 0.036515388628064686 0.05555555555555555
1 0.8085550339071466 0.6398148148148148 0.023995826812728223 0.06944444444444445
1 0.21283255086071987 0.3560185185185185 0.02608242044861763 0.06666666666666667
0 0.5005216484089724 0.44305555555555554 0.050078247261345854 0.04722222222222222
0 0.8427230046948356 0.48148148148148145 0.04747000521648409 0.05462962962962963
0 0.7728221178925404 0.3851851851851852 0.050078247261345854 0.06574074074074074
0 0.6473656755346896 0.4083333333333333 0.053208137715179966 0.05462962962962963
1 0.7407407407407407 0.6388888888888888 0.028690662493479395 0.06481481481481481
1 0.02556077203964528 0.4287037037037037 0.04121022430881586 0.06018518518518518
0 0.6489306207616067 0.46111111111111114 0.05112154407929056 0.03796296296296296
1 0.6356285863328117 0.3458333333333333 0.0297339593114241 0.07222222222222222
1 0.30255607720396455 0.1638888888888889 0.03390714658320292 0.07314814814814814
1 0.275169535732916 0.33194444444444443 0.03442879499217527 0.04722222222222222
0 0.9799165362545644 0.42824074074074076 0.038601982263954095 0.05
1 0.36750130412102244 0.7291666666666666 0.02190923317683881 0.05555555555555555
1 0.852112676056338 0.7402777777777778 0.028690662493479395 0.06481481481481481
0 0.5166927490871153 0.5171296296296296 0.0505998956703182 0.03981481481481482
1 0.3995826812728221 0.3074074074074074 0.027125717266562335 0.053703703703703705
1 0.9574856546687532 0.6851851851851852 0.022952529994783515 0.06296296296296296
1 0.30985915492957744 0.2199074074074074 0.025039123630672927 0.05462962962962963
1 0.7005738132498696 0.7462962962962963 0.020865936358894107 0.06851851851851852
1 0.47548252477829944 0.3013888888888889 0.02034428794992175 0.04537037037037037
1 0.30229525299947835 0.2722222222222222 0.02138758476786646 0.05740740740740741
1 0.1841418883672405 0.10046296296296296 0.03182055294731351 0.05462962962962963
1 0.9066249347939489 0.8296296296296296 0.0198226395409494 0.06296296296296296
0 0.3797600417318727 0.44722222222222224 0.0495565988523735 0.04722222222222222
1 0.7845592070944184 0.711574074074074 0.019300991131977047 0.08333333333333333
1 0.1585811163275952 0.049074074074074076 0.03808033385498174 0.058333333333333334
1 0.16379760041731872 0.43333333333333335 0.02556077203964528 0.05925925925925926
1 0.3427230046948357 0.7574074074074074 0.023995826812728223 0.058333333333333334
1 0.31872717788210747 0.6662037037037037 0.017214397496087636 0.06018518518518518
1 0.6473656755346896 0.6930555555555555 0.022952529994783515 0.07314814814814814
1 0.7793427230046949 0.5550925925925926 0.028690662493479395 0.08796296296296297
1 0.6747522170057382 0.24027777777777778 0.0198226395409494 0.06574074074074074
1 0.6484089723526343 0.787962962962963 0.0198226395409494 0.075
1 0.4968701095461659 0.6833333333333333 0.02190923317683881 0.04351851851851852
1 0.6846635367762128 0.7180555555555556 0.023995826812728223 0.06574074074074074
1 0.25482524778299426 0.6675925925925926 0.02608242044861763 0.05185185185185185
1 0.8862806468440271 0.7814814814814814 0.02764736567553469 0.06666666666666667
1 0.5172143974960877 0.7648148148148148 0.022952529994783515 0.06296296296296296
1 0.9893062076160668 0.8064814814814815 0.020865936358894107 0.06388888888888888
1 0.10719874804381847 0.7856481481481481 0.02190923317683881 0.05462962962962963
1 0.5245174752217006 0.08564814814814815 0.03129890453834116 0.05555555555555555
1 0.6724047991653626 0.1375 0.02764736567553469 0.058333333333333334
1 0.2676056338028169 0.7953703703703704 0.018779342723004695 0.04722222222222222
1 0.41131977047470003 0.7055555555555556 0.02138758476786646 0.06018518518518518
1 0.7962962962962963 0.8518518518518519 0.022430881585811163 0.07685185185185185
1 0.6718831507563902 0.8055555555555556 0.02608242044861763 0.06388888888888888
1 0.18570683359415754 0.6615740740740741 0.02138758476786646 0.05648148148148148
1 0.03495044340114763 0.812962962962963 0.03025560772039645 0.062037037037037036
0 0.9835680751173709 0.6143518518518518 0.03286384976525822 0.041666666666666664
1 0.14632237871674492 0.7263888888888889 0.025039123630672927 0.06574074074074074
1 0.7081377151799687 0.8837962962962963 0.023995826812728223 0.06018518518518518
1 0.9439227960354721 0.8268518518518518 0.01617110067814293 0.049074074074074076
1 0.5448617631716224 0.6532407407407408 0.028690662493479395 0.049074074074074076
1 0.22274387063119458 0.8148148148148148 0.023474178403755867 0.05092592592592592
1 0.47183098591549294 0.23564814814814813 0.02190923317683881 0.05092592592592592
1 0.47183098591549294 0.6074074074074074 0.018779342723004695 0.05925925925925926
1 0.08737610850286906 0.825 0.01773604590505999 0.04259259259259259
1 0.01069379238393323 0.7467592592592592 0.02138758476786646 0.07314814814814814
1 0.2214397496087637 0.7087962962962963 0.0198226395409494 0.05740740740740741
1 0.30672926447574334 0.7962962962962963 0.022430881585811163 0.04537037037037037
1 0.9853938445487741 0.6995370370370371 0.027125717266562335 0.06759259259259259
1 0.9400104329681794 0.08287037037037037 0.022430881585811163 0.053703703703703705
1 0.2986437141366719 0.6837962962962963 0.022430881585811163 0.05925925925925926
1 0.16614501825769432 0.6884259259259259 0.028169014084507043 0.03981481481481482
1 0.5307772561293688 0.611574074074074 0.02034428794992175 0.062037037037037036
1 0.9188836724047992 0.6902777777777778 0.024517475221700575 0.03425925925925926
1 0.8252477829942618 0.7388888888888889 0.028169014084507043 0.03796296296296296
1 0.5396452790818989 0.6962962962962963 0.03286384976525822 0.04351851851851852
1 0.5200834637454356 0.03611111111111111 0.03495044340114763 0.058333333333333334
1 0.9501825769431403 0.7342592592592593 0.023474178403755867 0.06666666666666667
1 0.9864371413667188 0.5564814814814815 0.025039123630672927 0.06481481481481481
1 0.3667188315075639 0.6712962962962963 0.025039123630672927 0.062037037037037036
1 0.21231090245174752 0.7490740740740741 0.023995826812728223 0.04814814814814815
1 0.2741262389149713 0.7324074074074074 0.03286384976525822 0.06111111111111111
1 0.4011476264997392 0.7708333333333334 0.012519561815336464 0.03981481481481482
1 0.12232655190401669 0.8430555555555556 0.020865936358894107 0.05462962962962963
1 0.9833072509128847 0.9300925925925926 0.01773604590505999 0.07222222222222222
1 0.672926447574335 0.8458333333333333 0.02764736567553469 0.03611111111111111
1 0.8223787167449139 0.700462962962963 0.023995826812728223 0.046296296296296294
1 0.4658320292123109 0.6449074074074074 0.029212310902451747 0.03518518518518519
1 0.9603547209181011 0.5421296296296296 0.018779342723004695 0.030555555555555555
1 0.5482524778299426 0.763425925925926 0.014606155451225874 0.04722222222222222
1 0.008085550339071466 0.8564814814814815 0.01564945226917058 0.05277777777777778
1 0.24256651017214398 0.7023148148148148 0.028690662493479395 0.03611111111111111