0 0.75732421875 0.3363715277777778 0.0457763671875 0.045355902777777776
0 0.6484375 0.3370225694444444 0.042236328125 0.046142578125
0 0.357421875 0.4926215277777778 0.053497314453125 0.04342990451388889
0 0.9365234375 0.3938802083333333 0.044921875 0.04359266493055555
0 0.51123046875 0.4921875 0.047943115234375 0.04275173611111111
0 0.1844482421875 0.416015625 0.038177490234375 0.06130642361111111
0 0.431640625 0.4338107638888889 0.0455322265625 0.040690104166666664
0 0.64794921875 0.3908420138888889 0.046539306640625 0.048394097222222224
0 0.392333984375 0.5920138888888888 0.0313720703125 0.0615234375
0 0.476806640625 0.3723958333333333 0.041778564453125 0.04250759548611111
0 0.120361328125 0.5876736111111112 0.04949951171875 0.061197916666666664
0 0.5322265625 0.8984375 0.033203125 0.053412543402777776
0 0.8427734375 0.5217013888888888 0.046905517578125 0.051920572916666664
0 0.55419921875 0.1596137152777778 0.0177154541015625 0.04234483506944445
0 0.980865478515625 0.5121527777777778 0.03826904296875 0.04554578993055555