0 0.33984375 0.6449074074074074 0.043229166666666666 0.03611111111111111
1 0.10052083333333334 0.7222222222222222 0.021875 0.05925925925925926
0 0.6307291666666667 0.5930555555555556 0.050520833333333334 0.06111111111111111
0 0.5630208333333333 0.44027777777777777 0.05 0.03888888888888889
0 0.15572916666666667 0.5680555555555555 0.04895833333333333 0.03981481481481482
1 0.88984375 0.7087962962962963 0.025 0.06759259259259259
0 0.28072916666666664 0.2662037037037037 0.053125 0.06574074074074074
0 0.08255208333333333 0.5430555555555555 0.04791666666666667 0.04351851851851852
0 0.753125 0.524537037037037 0.04895833333333333 0.062037037037037036
1 0.290625 0.7444444444444445 0.019791666666666666 0.06574074074074074
0 0.33046875 0.5916666666666667 0.04583333333333333 0.03981481481481482
0 0.25052083333333336 0.42268518518518516 0.057291666666666664 0.05740740740740741
0 0.7151041666666667 0.5731481481481482 0.052083333333333336 0.041666666666666664
0 0.746875 0.3527777777777778 0.051041666666666666 0.062037037037037036
0 0.8427083333333333 0.4310185185185185 0.0515625 0.04537037037037037
0 0.07135416666666666 0.38472222222222224 0.0578125 0.046296296296296294
0 0.7171875 0.6486111111111111 0.03802083333333333 0.06296296296296296
0 0.026822916666666665 0.46435185185185185 0.049479166666666664 0.04537037037037037
1 0.18958333333333333 0.7615740740740741 0.029166666666666667 0.06388888888888888
0 0.85078125 0.5481481481481482 0.04635416666666667 0.06481481481481481
1 0.4546875 0.7037037037037037 0.034375 0.08425925925925926