1 0.4908711528429838 0.6296296296296297 0.026604068857589983 0.062037037037037036
1 0.6776212832550861 0.6481481481481481 0.02556077203964528 0.06296296296296296
0 0.34089723526343246 0.27870370370370373 0.0505998956703182 0.04537037037037037
1 0.6400625978090767 0.03796296296296296 0.03129890453834116 0.046296296296296294
1 0.3398539384454877 0.7074074074074074 0.023474178403755867 0.05648148148148148
1 0.7245696400625978 0.5425925925925926 0.028690662493479395 0.06481481481481481
1 0.9400104329681794 0.7805555555555556 0.029212310902451747 0.06481481481481481
1 0.8487219613980177 0.13194444444444445 0.028690662493479395 0.06018518518518518
1 0.3202921231090245 0.7430555555555556 0.02138758476786646 0.04814814814814815
1 0.7060511215440793 0.5921296296296297 0.028169014084507043 0.06574074074074074
1 0.6734480959833072 0.8740740740740741 0.022952529994783515 0.06666666666666667
0 0.1619718309859155 0.4925925925925926 0.047991653625456446 0.06388888888888888
1 0.6205007824726134 0.7148148148148148 0.0198226395409494 0.06111111111111111
0 0.20787689097548254 0.17824074074074073 0.046948356807511735 0.08425925925925926
1 0.6473656755346896 0.9083333333333333 0.022430881585811163 0.06666666666666667
1 0.5821596244131455 0.7472222222222222 0.01773604590505999 0.05
1 0.6927490871152843 0.8851851851851852 0.02556077203964528 0.07314814814814814
1 0.6283255086071987 0.7731481481481481 0.020865936358894107 0.05462962962962963
1 0.15910276473656756 0.6916666666666667 0.025039123630672927 0.05740740740740741
1 0.8184663536776213 0.7425925925925926 0.024517475221700575 0.06388888888888888
1 0.8495044340114762 0.7731481481481481 0.019300991131977047 0.06296296296296296
1 0.9371413667188315 0.7226851851851852 0.028690662493479395 0.06296296296296296
1 0.6544079290558164 0.674537037037037 0.027125717266562335 0.06388888888888888
1 0.02138758476786646 0.6532407407407408 0.03808033385498174 0.07592592592592592
1 0.19353155972874284 0.8111111111111111 0.01773604590505999 0.044444444444444446
1 0.7412623891497131 0.5726851851851852 0.022430881585811163 0.06944444444444445
1 0.8169014084507042 0.5592592592592592 0.03234220135628586 0.049074074074074076
1 0.3403755868544601 0.6662037037037037 0.0198226395409494 0.06296296296296296
1 0.2149191444966093 0.725462962962963 0.026604068857589983 0.05925925925925926
0 0.9447052686489307 0.4162037037037037 0.0594679186228482 0.04814814814814815
1 0.6697965571205008 0.7356481481481482 0.022430881585811163 0.06944444444444445
1 0.7357850808555034 0.6194444444444445 0.018779342723004695 0.06296296296296296
1 0.19457485654668752 0.7625 0.02190923317683881 0.06388888888888888
1 0.8873239436619719 0.07592592592592592 0.03129890453834116 0.053703703703703705
1 0.8085550339071466 0.7699074074074074 0.03025560772039645 0.05925925925925926
1 0.647887323943662 0.8037037037037037 0.016692749087115284 0.06018518518518518
1 0.7537819509650495 0.6476851851851851 0.020865936358894107 0.06388888888888888
1 0.8901930099113198 0.7837962962962963 0.01564945226917058 0.03518518518518519
1 0.7378716744913928 0.7643518518518518 0.024517475221700575 0.06111111111111111
1 0.18805425143453314 0.6518518518518519 0.028690662493479395 0.062037037037037036
0 0.46739697443922795 0.562962962962963 0.04903495044340115 0.04722222222222222
1 0.04094940010432968 0.7287037037037037 0.029212310902451747 0.062037037037037036
1 0.6053729786124152 0.6458333333333334 0.028690662493479395 0.053703703703703705
0 0.21100678142931664 0.3314814814814815 0.05112154407929056 0.07037037037037037
1 0.8487219613980177 0.6324074074074074 0.024517475221700575 0.06481481481481481
1 0.9720918101199791 0.7958333333333333 0.03182055294731351 0.06944444444444445
0 0.7842983828899321 0.3972222222222222 0.05372978612415232 0.05
1 0.2556077203964528 0.7175925925925926 0.018257694314032343 0.06388888888888888
1 0.0892018779342723 0.6888888888888889 0.03025560772039645 0.04722222222222222
0 0.3667188315075639 0.5407407407407407 0.051643192488262914 0.04814814814814815
1 0.8369848721961398 0.1726851851851852 0.028690662493479395 0.053703703703703705
1 0.8111632759520083 0.6930555555555555 0.023474178403755867 0.06018518518518518
1 0.5156494522691706 0.7041666666666667 0.024517475221700575 0.053703703703703705
1 0.9833072509128847 0.5925925925925926 0.03286384976525822 0.07222222222222222
1 0.8912363067292645 0.7217592592592592 0.029212310902451747 0.05740740740740741
1 0.9121022430881586 0.5708333333333333 0.023474178403755867 0.06296296296296296
1 0.477829942618675 0.1037037037037037 0.0198226395409494 0.05740740740740741
1 0.9233176838810642 0.24953703703703703 0.03495044340114763 0.05462962962962963
1 0.9160146061554513 0.6314814814814815 0.019300991131977047 0.04814814814814815
1 0.08163797600417319 0.7615740740740741 0.027125717266562335 0.05462962962962963
1 0.0505998956703182 0.7722222222222223 0.027125717266562335 0.06296296296296296
0 0.015127803860198226 0.29907407407407405 0.03025560772039645 0.04537037037037037
1 0.9906103286384976 0.49212962962962964 0.018257694314032343 0.06018518518518518
1 0.18231611893583724 0.016666666666666666 0.02190923317683881 0.03333333333333333
1 0.01643192488262911 0.7648148148148148 0.02190923317683881 0.05648148148148148
1 0.2806468440271257 0.8111111111111111 0.022952529994783515 0.06851851851851852
1 0.9410537297861241 0.1259259259259259 0.025039123630672927 0.06296296296296296
1 0.9371413667188315 0.22083333333333333 0.022430881585811163 0.058333333333333334