0 0.8682291666666667 0.5370370370370371 0.051041666666666666 0.04722222222222222
0 0.9739583333333334 0.5699074074074074 0.052083333333333336 0.05
1 0.8026041666666667 0.29768518518518516 0.029166666666666667 0.07222222222222222
0 0.5244791666666667 0.3819444444444444 0.04583333333333333 0.03981481481481482
0 0.22265625 0.41805555555555557 0.053125 0.04351851851851852
0 0.8833333333333333 0.7449074074074075 0.0515625 0.06296296296296296
0 0.43802083333333336 0.4615740740740741 0.049479166666666664 0.05740740740740741
0 0.08307291666666666 0.5472222222222223 0.058854166666666666 0.058333333333333334
0 0.6265625 0.7458333333333333 0.05260416666666667 0.05
0 0.7315104166666667 0.44166666666666665 0.044270833333333336 0.041666666666666664
0 0.33515625 0.3199074074074074 0.027604166666666666 0.08611111111111111
1 0.9447916666666667 0.2777777777777778 0.025 0.06481481481481481
1 0.6981770833333333 0.2657407407407407 0.0234375 0.062037037037037036
0 0.27578125 0.3597222222222222 0.042708333333333334 0.08888888888888889
0 0.9869791666666666 0.40324074074074073 0.026041666666666668 0.03981481481481482
0 0.9638020833333333 0.6569444444444444 0.058333333333333334 0.06296296296296296
1 0.05234375 0.05462962962962963 0.019791666666666666 0.07592592592592592