1 0.5 0.3785308837890625 0.01971435546875 0.04409332275390625
1 0.78173828125 0.35621337890625 0.0225372314453125 0.06814422607421874
1 0.286376953125 0.3772308349609375 0.0238189697265625 0.048508071899414064
0 0.18798828125 0.442449951171875 0.035491943359375 0.05904388427734375
1 0.98486328125 0.1579559326171875 0.024658203125 0.07247772216796874
1 0.88623046875 0.34754638671875 0.03326416015625 0.06272735595703124
0 0.35107421875 0.37354736328125 0.0271759033203125 0.05124359130859375
0 0.7958984375 0.47408447265625 0.0287628173828125 0.0535186767578125
1 0.226806640625 0.2541595458984375 0.0222015380859375 0.060506439208984374
0 0.69287109375 0.4558837890625 0.029205322265625 0.05303115844726562
1 0.4345703125 0.3403961181640625 0.0237274169921875 0.0606689453125
1 0.173095703125 0.21266632080078124 0.0302734375 0.046774673461914065
1 0.91015625 0.17344818115234376 0.0309600830078125 0.06429824829101563
1 0.68994140625 0.3148284912109375 0.027069091796875 0.06727752685546876
1 0.27099609375 0.2771270751953125 0.0242767333984375 0.055062484741210935
1 0.59619140625 0.3102783203125 0.02447509765625 0.060398101806640625
1 0.1033935546875 0.3260955810546875 0.0360107421875 0.06299819946289062
1 0.673828125 0.0834197998046875 0.0154876708984375 0.068035888671875
1 0.173583984375 0.367047119140625 0.03448486328125 0.06240234375
1 0.6044921875 0.2225250244140625 0.02191162109375 0.06018142700195313
1 0.0224609375 0.2290252685546875 0.0269622802734375 0.06440658569335937
1 0.9287109375 0.242242431640625 0.0343017578125 0.06576080322265625
1 0.666015625 0.17073974609375 0.0204925537109375 0.06787338256835937
1 0.72705078125 0.297711181640625 0.0252685546875 0.07459030151367188
1 0.54052734375 0.34581298828125 0.0188751220703125 0.05202903747558594
1 0.294189453125 0.2467926025390625 0.0227203369140625 0.05709381103515625
1 0.8173828125 0.226641845703125 0.0210418701171875 0.06516494750976562
0 0.433837890625 0.490118408203125 0.053314208984375 0.04877891540527344
1 0.3447265625 0.244842529296875 0.022979736328125 0.050566482543945315
1 0.9853515625 0.2693267822265625 0.0279083251953125 0.08607406616210937
1 0.350830078125 0.883599853515625 0.0413818359375 0.07903213500976562
1 0.461181640625 0.265643310546875 0.019012451171875 0.0626190185546875
1 0.587890625 0.93170166015625 0.036773681640625 0.0647857666015625
1 0.56787109375 0.2524261474609375 0.0235595703125 0.06527328491210938
1 0.253662109375 0.21266632080078124 0.022796630859375 0.047505950927734374
1 0.86181640625 0.2268585205078125 0.0301055908203125 0.06402740478515626
1 0.70947265625 0.19511566162109376 0.0162811279296875 0.0855865478515625
1 0.5078125 0.883599853515625 0.02069091796875 0.06180648803710938
1 0.53564453125 0.3044281005859375 0.029205322265625 0.03729515075683594
0 0.23352931657266127 0.3482602343147184 0.032941366854677426 0.06764893237455397
0 0.3008172491740566 0.6226851851851852 0.06259780907668226 0.0725308641975309
0 0.5890279951312815 0.6574074074074074 0.046078942792557774 0.04938271604938275
0 0.769866110241697 0.6720679012345678 0.07390019127108322 0.07561728395061725