0 0.70751953125 0.521319580078125 0.04742431640625 0.06429824829101563
0 0.71484375 0.613623046875 0.0560302734375 0.050078964233398436
0 0.8564453125 0.481451416015625 0.054595947265625 0.04452667236328125
1 0.1353759765625 0.4157989501953125 0.03125 0.052922821044921874
1 0.71630859375 0.2342254638671875 0.0299835205078125 0.0513519287109375
1 0.9140625 0.3577301025390625 0.0287628173828125 0.06765670776367187
1 0.40478515625 0.3919647216796875 0.0321044921875 0.06944427490234376
1 0.76806640625 0.3900146484375 0.0253753662109375 0.0686859130859375
0 0.66455078125 0.55902099609375 0.044525146484375 0.043605804443359375
0 0.1798095703125 0.48448486328125 0.033782958984375 0.0608856201171875
1 0.85986328125 0.2710601806640625 0.027008056640625 0.05963973999023438
1 0.955078125 0.3802642822265625 0.0271759033203125 0.07144851684570312
0 0.830078125 0.3616302490234375 0.051849365234375 0.0452850341796875
1 0.38330078125 0.278643798828125 0.024749755859375 0.062023162841796875
1 0.32373046875 0.3364959716796875 0.03179931640625 0.07020263671875
1 0.966796875 0.233575439453125 0.03515625 0.06272735595703124
1 0.43212890625 0.282977294921875 0.021209716796875 0.0695526123046875
0 0.1739501953125 0.61275634765625 0.0311431884765625 0.06765670776367187
1 0.1318359375 0.3087615966796875 0.028656005859375 0.06624832153320312
1 0.2115478515625 0.854132080078125 0.028656005859375 0.05362701416015625
1 0.78857421875 0.274310302734375 0.033782958984375 0.06121063232421875
1 0.96630859375 0.3009613037109375 0.023468017578125 0.063702392578125
0 0.7080078125 0.9135009765625 0.055206298828125 0.07117767333984375
1 0.32470703125 0.7020263671875 0.03759765625 0.06381072998046874
1 0.505859375 0.2905609130859375 0.0246124267578125 0.06673583984375
1 0.262939453125 0.2506927490234375 0.0225067138671875 0.04988937377929688
1 0.775390625 0.195440673828125 0.0224151611328125 0.06180648803710938
1 0.8447265625 0.14918060302734376 0.0294189453125 0.06673583984375
0 0.384033203125 0.47755126953125 0.0509033203125 0.04401206970214844
1 0.5146484375 0.3715972900390625 0.033966064453125 0.08249893188476562
1 0.04931640625 0.76962890625 0.040618896484375 0.05557708740234375
1 0.9169921875 0.2528594970703125 0.0328369140625 0.06169815063476562
1 0.0197601318359375 0.2480926513671875 0.037261962890625 0.07117767333984375
1 0.57177734375 0.33887939453125 0.02508544921875 0.062131500244140624
1 0.57568359375 0.1800567626953125 0.0141754150390625 0.06814422607421874
1 0.75244140625 0.13639678955078124 0.023284912109375 0.0656524658203125
1 0.978515625 0.15958099365234374 0.022247314453125 0.059964752197265624
1 0.26806640625 0.17593994140625 0.0248870849609375 0.06251068115234375
1 0.09136962890625 0.2593597412109375 0.03216552734375 0.06689834594726562
1 0.60693359375 0.9013671875 0.0374755859375 0.05687713623046875
1 0.83544921875 0.3022613525390625 0.021209716796875 0.05557708740234375
1 0.83154296875 0.841131591796875 0.0352783203125 0.07513198852539063
1 0.03985595703125 0.8337646484375 0.036346435546875 0.05963973999023438
1 0.890625 0.3884979248046875 0.0154876708984375 0.038297271728515624
1 0.624673969744392 0.32175925925925924 0.030429490523387198 0.0725308641975308