0 0.7806468440271257 0.5055555555555555 0.041731872717788214 0.05462962962962963
0 0.1914449660928534 0.5842592592592593 0.030777256129368807 0.062037037037037036
1 0.40871152842983827 0.36574074074074076 0.018257694314032343 0.0712962962962963
0 0.8750652060511216 0.5273148148148148 0.05425143453312467 0.04814814814814815
1 0.7741262389149713 0.39166666666666666 0.03599374021909233 0.06481481481481481
0 0.599113197704747 0.4583333333333333 0.050078247261345854 0.04537037037037037
0 0.42905581637976004 0.6097222222222223 0.04277516953573292 0.053703703703703705
1 0.8703703703703703 0.2490740740740741 0.023995826812728223 0.053703703703703705
1 0.4154929577464789 0.2273148148148148 0.0297339593114241 0.044444444444444446
1 0.3124673969744392 0.1125 0.018257694314032343 0.07037037037037037
1 0.8954094940010433 0.6930555555555555 0.036515388628064686 0.06111111111111111
1 0.29290558163797603 0.4097222222222222 0.03182055294731351 0.0787037037037037
1 0.8095983307250912 0.22685185185185186 0.030777256129368807 0.06944444444444445
1 0.5232133541992697 0.31574074074074077 0.020865936358894107 0.06388888888888888
1 0.35159102764736566 0.11712962962962963 0.016692749087115284 0.07037037037037037
1 0.2423056859676578 0.3587962962962963 0.03025560772039645 0.06759259259259259
1 0.3236828377673448 0.2351851851851852 0.018257694314032343 0.06388888888888888
1 0.647887323943662 0.2824074074074074 0.025039123630672927 0.06481481481481481
1 0.6092853416797078 0.3726851851851852 0.028169014084507043 0.06481481481481481
0 0.017214397496087636 0.6217592592592592 0.03182055294731351 0.04722222222222222
1 0.3526343244653104 0.2898148148148148 0.02556077203964528 0.08888888888888889
1 0.7576943140323422 0.26990740740740743 0.030777256129368807 0.058333333333333334
1 0.7133541992696922 0.2814814814814815 0.030777256129368807 0.06574074074074074
0 0.13171622326551904 0.649074074074074 0.03547209181011998 0.05462962962962963
1 0.09024517475221701 0.44027777777777777 0.0396452790818988 0.06666666666666667
1 0.22274387063119458 0.25555555555555554 0.01773604590505999 0.05925925925925926
1 0.09963484611371935 0.8953703703703704 0.03286384976525822 0.075
0 0.9770474700052165 0.7361111111111112 0.044861763171622326 0.06944444444444445
0 0.8281168492436098 0.449537037037037 0.04434011476264997 0.049074074074074076
1 0.07668231611893583 0.2912037037037037 0.025039123630672927 0.05740740740740741
0 0.3544600938967136 0.4912037037037037 0.028169014084507043 0.049074074074074076
0 0.30412102243088157 0.35185185185185186 0.04434011476264997 0.04722222222222222
1 0.017475221700573813 0.2861111111111111 0.026604068857589983 0.05740740740740741
1 0.6085028690662494 0.30648148148148147 0.020865936358894107 0.058333333333333334
1 0.1729264475743349 0.3013888888888889 0.026604068857589983 0.06296296296296296
1 0.09963484611371935 0.1962962962962963 0.028690662493479395 0.06296296296296296
1 0.19718309859154928 0.39537037037037037 0.03234220135628586 0.09351851851851851
1 0.04303599374021909 0.18472222222222223 0.030777256129368807 0.062037037037037036
1 0.9817423056859677 0.8412037037037037 0.03390714658320292 0.05462962962962963
1 0.16797078768909754 0.23657407407407408 0.022430881585811163 0.05925925925925926
1 0.8025560772039645 0.34305555555555556 0.03182055294731351 0.06666666666666667
0 0.347678664580073 0.5513888888888889 0.03808033385498174 0.05555555555555555
1 0.1465832029212311 0.21944444444444444 0.02138758476786646 0.06944444444444445
0 0.12023995826812728 0.7361111111111112 0.06103286384976526 0.05555555555555555
0 0.3414188836724048 0.7050925925925926 0.04590505998956703 0.06481481481481481
0 0.3544600938967136 0.8342592592592593 0.03599374021909233 0.08518518518518518
0 0.023995826812728223 0.5324074074074074 0.047991653625456446 0.062037037037037036
1 0.6053729786124152 0.8935185185185185 0.03129890453834116 0.07407407407407407
1 0.0683359415753782 0.38796296296296295 0.025039123630672927 0.06944444444444445
1 0.2842983828899322 0.24166666666666667 0.016692749087115284 0.06296296296296296
1 0.1309337506520605 0.16064814814814815 0.022952529994783515 0.06111111111111111
1 0.03025560772039645 0.3509259259259259 0.0198226395409494 0.04814814814814815