1 0.42083333333333334 0.1412037037037037 0.021354166666666667 0.0712962962962963
0 0.6942708333333333 0.3472222222222222 0.04739583333333333 0.049074074074074076
1 0.40286458333333336 0.1361111111111111 0.019791666666666666 0.06018518518518518
0 0.34427083333333336 0.2611111111111111 0.043229166666666666 0.03981481481481482
0 0.49453125 0.2800925925925926 0.0453125 0.046296296296296294
0 0.19921875 0.40694444444444444 0.04895833333333333 0.062037037037037036
0 0.6815104166666667 0.3106481481481482 0.04375 0.04259259259259259
0 0.265625 0.3263888888888889 0.043229166666666666 0.06944444444444445
0 0.9567708333333333 0.462037037037037 0.051041666666666666 0.046296296296296294
0 0.09375 0.4685185185185185 0.051041666666666666 0.04537037037037037
0 0.8611979166666667 0.40925925925925927 0.0515625 0.04259259259259259
0 0.11432291666666666 0.3685185185185185 0.051041666666666666 0.041666666666666664
0 0.7705729166666667 0.47824074074074074 0.0515625 0.046296296296296294
0 0.9283854166666666 0.5763888888888888 0.036458333333333336 0.07222222222222222
0 0.39166666666666666 0.4046296296296296 0.028645833333333332 0.05277777777777778