1 0.4444444444444444 0.8277777777777777 0.03234220135628586 0.05925925925925926
0 0.05764214919144497 0.6018518518518519 0.059989567031820554 0.041666666666666664
0 0.6262389149713093 0.5638888888888889 0.05216484089723526 0.05092592592592592
1 0.14345331246739698 0.8291666666666667 0.03338549817423057 0.05462962962962963
0 0.06442357850808555 0.5375 0.03547209181011998 0.06388888888888888
1 0.6687532603025561 0.7518518518518519 0.026604068857589983 0.05462962962962963
1 0.5279081898800209 0.36203703703703705 0.02190923317683881 0.06666666666666667
1 0.5198226395409494 0.7782407407407408 0.03182055294731351 0.05462962962962963
0 0.9449660928534168 0.562962962962963 0.05425143453312467 0.040740740740740744
1 0.9580073030777256 0.6703703703703704 0.038601982263954095 0.053703703703703705
1 0.7866458007303078 0.15601851851851853 0.013041210224308816 0.04814814814814815
0 0.5341679707876891 0.5615740740740741 0.04903495044340115 0.05
0 0.8043818466353677 0.5291666666666667 0.05529473135106938 0.046296296296296294
1 0.4859154929577465 0.4027777777777778 0.024517475221700575 0.06851851851851852
1 0.8779342723004695 0.3921296296296296 0.029212310902451747 0.06296296296296296
1 0.5412102243088158 0.8763888888888889 0.02608242044861763 0.05462962962962963
1 0.9632237871674492 0.7680555555555556 0.03234220135628586 0.05740740740740741
1 0.6888367240479917 0.8092592592592592 0.03234220135628586 0.058333333333333334
1 0.730829420970266 0.9115740740740741 0.03286384976525822 0.06296296296296296
0 0.6306729264475743 0.5046296296296297 0.0505998956703182 0.041666666666666664
1 0.2842983828899322 0.39351851851851855 0.0198226395409494 0.06574074074074074
1 0.5952008346374543 0.7310185185185185 0.03286384976525822 0.06111111111111111
0 0.4603547209181012 0.5162037037037037 0.048513302034428794 0.044444444444444446
0 0.2889932185706834 0.5351851851851852 0.03129890453834116 0.05185185185185185
1 0.8382889932185706 0.3050925925925926 0.026604068857589983 0.058333333333333334
1 0.18153364632237873 0.17546296296296296 0.028690662493479395 0.06296296296296296
1 0.9308815858111633 0.29907407407407405 0.028690662493479395 0.06388888888888888
1 0.25925925925925924 0.18703703703703703 0.018257694314032343 0.06944444444444445
1 0.06729264475743349 0.41759259259259257 0.028169014084507043 0.07222222222222222
1 0.17370892018779344 0.25925925925925924 0.028690662493479395 0.07314814814814814
1 0.1596244131455399 0.33240740740740743 0.025039123630672927 0.0787037037037037
1 0.5712050078247262 0.2986111111111111 0.01773604590505999 0.06481481481481481
1 0.28038601982263955 0.2601851851851852 0.02764736567553469 0.06851851851851852
1 0.6757955138236829 0.33240740740740743 0.019300991131977047 0.05462962962962963
0 0.6085028690662494 0.6736111111111112 0.0605112154407929 0.05277777777777778
1 0.6324986958789776 0.35324074074074074 0.02034428794992175 0.058333333333333334
1 0.08841940532081377 0.274537037037037 0.03234220135628586 0.06388888888888888
1 0.9473135106937924 0.9412037037037037 0.03442879499217527 0.053703703703703705
0 0.2871674491392801 0.600462962962963 0.04381846635367762 0.04537037037037037
1 0.7167449139280125 0.25787037037037036 0.020865936358894107 0.06481481481481481
1 0.7276995305164319 0.41759259259259257 0.03129890453834116 0.05
1 0.6231090245174752 0.42314814814814816 0.030777256129368807 0.06481481481481481
1 0.1411058946270214 0.42777777777777776 0.023474178403755867 0.08425925925925926
1 0.07276995305164319 0.18888888888888888 0.01773604590505999 0.06759259259259259
1 0.29238393322900363 0.1925925925925926 0.01564945226917058 0.05740740740740741
1 0.4624413145539906 0.287962962962963 0.022952529994783515 0.05277777777777778
1 0.23735002608242045 0.300462962962963 0.022952529994783515 0.07222222222222222
1 0.2918622848200313 0.8828703703703704 0.025039123630672927 0.049074074074074076
1 0.7112676056338029 0.7300925925925926 0.03025560772039645 0.03981481481481482
1 0.3335941575378195 0.1412037037037037 0.019300991131977047 0.07407407407407407
1 0.7670839853938446 0.2337962962962963 0.02190923317683881 0.05555555555555555
1 0.6220657276995305 0.2569444444444444 0.017214397496087636 0.05462962962962963
1 0.3080333854981742 0.3680555555555556 0.017214397496087636 0.046296296296296294
1 0.2905581637976004 0.7759259259259259 0.02556077203964528 0.05277777777777778
1 0.9880020865936359 0.8337962962962963 0.022952529994783515 0.06851851851851852
1 0.9580073030777256 0.2564814814814815 0.026604068857589983 0.06111111111111111
1 0.3281168492436098 0.31342592592592594 0.023995826812728223 0.046296296296296294
1 0.17240479916536255 0.038425925925925926 0.01617110067814293 0.049074074074074076
1 0.04825247782994262 0.34444444444444444 0.03286384976525822 0.04722222222222222
1 0.38367240479916537 0.2689814814814815 0.01617110067814293 0.05185185185185185
1 0.22613458528951486 0.21805555555555556 0.022952529994783515 0.046296296296296294
1 0.5284298382889933 0.24259259259259258 0.02034428794992175 0.058333333333333334
1 0.7180490349504434 0.17546296296296296 0.02034428794992175 0.06851851851851852
1 0.049817423056859676 0.0699074074074074 0.016692749087115284 0.07222222222222222
1 0.9149713093375065 0.2 0.023474178403755867 0.05740740740740741