0 0.17578125 0.3365740740740741 0.05 0.04259259259259259
0 0.29713541666666665 0.6703703703703704 0.05520833333333333 0.041666666666666664
0 0.31302083333333336 0.5453703703703704 0.053125 0.046296296296296294
0 0.12526041666666668 0.4152777777777778 0.0515625 0.041666666666666664
0 0.45390625 0.5199074074074074 0.050520833333333334 0.03981481481481482
0 0.7432291666666667 0.4203703703703704 0.04739583333333333 0.04537037037037037
0 0.52109375 0.45231481481481484 0.044270833333333336 0.04351851851851852
0 0.7958333333333333 0.3541666666666667 0.04791666666666667 0.04814814814814815
0 0.17005208333333333 0.6074074074074074 0.05260416666666667 0.040740740740740744
0 0.06171875 0.4722222222222222 0.0515625 0.03888888888888889
0 0.07447916666666667 0.5398148148148149 0.05260416666666667 0.041666666666666664
0 0.7260416666666667 0.5828703703703704 0.0453125 0.06018518518518518
0 0.018489583333333334 0.4023148148148148 0.03697916666666667 0.04259259259259259
0 0.928125 0.5819444444444445 0.033854166666666664 0.05277777777777778
0 0.321875 0.40694444444444444 0.030208333333333334 0.053703703703703705
0 0.9369791666666667 0.5236111111111111 0.0484375 0.041666666666666664
0 0.01015625 0.3212962962962963 0.019791666666666666 0.06018518518518518
0 0.8661458333333333 0.3300925925925926 0.025 0.053703703703703705
0 0.09947916666666666 0.6722222222222223 0.05572916666666667 0.04722222222222222
0 0.9213541666666667 0.4462962962962963 0.0453125 0.03611111111111111