0 0.11962890625 0.5390869140625 0.05560302734375 0.04328079223632812
1 0.102294921875 0.2270751953125 0.0311431884765625 0.060398101806640625
1 0.090576171875 0.3971649169921875 0.034698486328125 0.06603164672851562
1 0.60791015625 0.9065673828125 0.03448486328125 0.06538162231445313
1 0.484619140625 0.3754974365234375 0.0203399658203125 0.07274856567382812
1 0.751953125 0.918701171875 0.02447509765625 0.059964752197265624
0 0.4208984375 0.50355224609375 0.049957275390625 0.041899490356445315
1 0.313720703125 0.247442626953125 0.019378662109375 0.061914825439453126
1 0.904296875 0.7332275390625 0.0352783203125 0.05622711181640625
0 0.039703369140625 0.4413665771484375 0.047607421875 0.04227867126464844
1 0.218017578125 0.364013671875 0.0217437744140625 0.0606689453125
1 0.703125 0.4385498046875 0.02655029296875 0.07182769775390625
1 0.125732421875 0.8094970703125 0.024932861328125 0.055902099609375
1 0.04168701171875 0.361846923828125 0.028167724609375 0.063702392578125
1 0.677734375 0.3083282470703125 0.0189361572265625 0.0537353515625
1 0.3974609375 0.3776641845703125 0.02447509765625 0.0556854248046875
1 0.8447265625 0.7228271484375 0.032470703125 0.06500244140625
1 0.96533203125 0.7401611328125 0.038330078125 0.06099395751953125
1 0.179931640625 0.873199462890625 0.03594970703125 0.0699859619140625
1 0.587890625 0.39434814453125 0.023101806640625 0.07166519165039062
1 0.06842041015625 0.2619598388671875 0.0250396728515625 0.05817718505859375
1 0.77099609375 0.644390869140625 0.030731201171875 0.05546875
1 0.061187744140625 0.2987945556640625 0.036285400390625 0.07209854125976563
1 0.10894775390625 0.2857940673828125 0.03338623046875 0.06018142700195313
0 0.499267578125 0.307244873046875 0.038238525390625 0.04062652587890625
1 0.890625 0.1874237060546875 0.0207672119140625 0.07020263671875
1 0.278564453125 0.78956298828125 0.024932861328125 0.04393081665039063
1 0.1707763671875 0.325445556640625 0.03173828125 0.06527328491210938
1 0.268310546875 0.341046142578125 0.0269622802734375 0.05213737487792969
1 0.31201171875 0.3221954345703125 0.0169219970703125 0.0426849365234375
1 0.98974609375 0.27734375 0.019989013671875 0.05232696533203125
1 0.206298828125 0.809063720703125 0.028167724609375 0.05113525390625
1 0.1761474609375 0.239208984375 0.036346435546875 0.06662750244140625
1 0.62646484375 0.3477630615234375 0.025421142578125 0.06429824829101563
1 0.43994140625 0.3247955322265625 0.0256195068359375 0.06272735595703124
1 0.7119140625 0.25394287109375 0.026763916015625 0.046422576904296874
1 0.335205078125 0.3449462890625 0.0254669189453125 0.0483184814453125
1 0.56103515625 0.266510009765625 0.0272674560546875 0.06516494750976562
1 0.65380859375 0.186773681640625 0.017303466796875 0.05817718505859375
1 0.74169921875 0.806463623046875 0.019866943359375 0.06700668334960938
1 0.471923828125 0.2628265380859375 0.0225372314453125 0.059423065185546874
1 0.845703125 0.21548309326171874 0.0219879150390625 0.05124359130859375
1 0.2110595703125 0.19641571044921874 0.0212860107421875 0.05926055908203125
1 0.8046875 0.3477630615234375 0.033660888671875 0.07009429931640625
1 0.2451171875 0.2489593505859375 0.01666259765625 0.0535186767578125
1 0.8203125 0.27994384765625 0.0300445556640625 0.04988937377929688
1 0.1912841796875 0.752294921875 0.021697998046875 0.04988937377929688
1 0.8505859375 0.3533966064453125 0.02069091796875 0.07209854125976563
1 0.57080078125 0.3447296142578125 0.0150146484375 0.06429824829101563
1 0.241455078125 0.2790771484375 0.019500732421875 0.048968505859375
1 0.7763671875 0.6794921875 0.027008056640625 0.06500244140625
1 0.288330078125 0.2610931396484375 0.0210113525390625 0.041168212890625
1 0.352783203125 0.65262451171875 0.0293731689453125 0.06299819946289062
1 0.88232421875 0.91610107421875 0.036834716796875 0.0565521240234375
1 0.1602783203125 0.842431640625 0.036712646484375 0.04823722839355469
1 0.36962890625 0.2498260498046875 0.0216217041015625 0.04344329833984375
1 0.86865234375 0.293377685546875 0.0217437744140625 0.0426849365234375
1 0.405029296875 0.2220916748046875 0.0207672119140625 0.04590797424316406
1 0.72705078125 0.2918609619140625 0.026153564453125 0.062835693359375
1 0.79150390625 0.12913818359375 0.0247039794921875 0.06321487426757813
1 0.97802734375 0.4248992919921875 0.03253173828125 0.06603164672851562
0 0.9601033210256912 0.6318454318576388 0.05528976448389404 0.06380714133933749
1 0.8359375 0.4326995849609375 0.0301055908203125 0.04934768676757813
1 0.9560546875 0.307244873046875 0.0188751220703125 0.044770431518554685
1 0.67822265625 0.11537933349609375 0.021697998046875 0.06142730712890625
1 0.87841796875 0.16044769287109376 0.0209197998046875 0.0682525634765625
1 0.88134765625 0.8684326171875 0.03436279296875 0.05546875
1 0.07452392578125 0.20053253173828126 0.0162811279296875 0.03962440490722656
1 0.517578125 0.64742431640625 0.0180206298828125 0.06662750244140625
1 0.93505859375 0.3464630126953125 0.018402099609375 0.04766845703125
1 0.5234375 0.623590087890625 0.01666259765625 0.07264022827148438
1 0.91796875 0.443316650390625 0.0310211181640625 0.06169815063476562
1 0.98046875 0.20194091796875 0.0207977294921875 0.06527328491210938
1 0.88818359375 0.354913330078125 0.019989013671875 0.05105400085449219