0 0.2429212310902452 0.52175 0.051361502347417834 0.0470462962962963
1 0.8715805946791862 0.7839259259259259 0.034486176317162234 0.06419444444444444
1 0.7314449660928535 0.3755 0.024183620239958268 0.06239814814814815
1 0.8881846635367763 0.8580277777777777 0.032775169535732916 0.07962962962962963
1 0.3405738132498696 0.5837222222222221 0.02924882629107981 0.05861111111111111
1 0.8452164840897235 0.1565462962962963 0.02606155451225874 0.062129629629629625
0 0.16589462702138758 0.5403888888888889 0.05340636411058946 0.04669444444444444
0 0.48559728742827335 0.4849166666666667 0.04544079290558164 0.0432037037037037
0 0.1337871674491393 0.4983518518518519 0.05291601460615545 0.05
1 0.8007824726134585 0.39087962962962963 0.030912884715701618 0.06749074074074074
1 0.30004694835680756 0.30875925925925923 0.022582159624413144 0.0663611111111111
1 0.3464371413667188 0.3700833333333333 0.03295774647887324 0.0663611111111111
1 0.6459937402190923 0.3755 0.0268075117370892 0.06587037037037037
1 0.2534167970787689 0.7180648148148148 0.02381846635367762 0.06262037037037037
1 0.11181533646322378 0.3553425925925926 0.03732394366197183 0.05942592592592593
1 0.4086906624934794 0.2604444444444444 0.021653625456442355 0.06250925925925926
0 0.6264632237871675 0.4996481481481482 0.027694314032342203 0.062129629629629625
1 0.5043922796035472 0.36271296296296296 0.014840897235263432 0.06537962962962963
1 0.5644548774126239 0.2532962962962963 0.0207981220657277 0.06776851851851852
1 0.2529316640584246 0.7592314814814815 0.027631716223265518 0.06602777777777778
0 0.8198226395409494 0.5785185185185184 0.05856546687532603 0.047935185185185185
1 0.3781742305685968 0.352962962962963 0.03161711006781429 0.06738888888888889
0 0.09350547730829421 0.45501851851851854 0.028273343766301515 0.045287037037037035
1 0.6811528429838289 0.32458333333333333 0.021288471570161713 0.06625
1 0.45190401669274904 0.382 0.028169014084507043 0.06955555555555556
1 0.8940427751695358 0.9351666666666667 0.03179968701095462 0.06738888888888889
1 0.04238914971309338 0.9525 0.043515910276473654 0.05048148148148148
1 0.7133802816901408 0.3098425925925926 0.026411058946270216 0.06440740740740741
1 0.5082994261867501 0.26499074074074075 0.026306729264475744 0.0631111111111111
1 0.8735367762128325 0.30767592592592596 0.027266562336984875 0.06602777777777778
1 0.45800730307772564 0.2818981481481481 0.02232133541992697 0.06738888888888889
1 0.4199217527386542 0.28146296296296297 0.024428794992175273 0.06202777777777777
1 0.020172143974960876 0.6188240740740741 0.037537819509650495 0.07653703703703703
1 0.6723630672926448 0.8497962962962963 0.027115284298382888 0.06099074074074075
1 0.31103286384976525 0.37246296296296294 0.018935837245696398 0.06537962962962963
0 0.5732446531038081 0.6235925925925926 0.04510693792383933 0.040546296296296296
1 0.6972665623369849 0.35686111111111113 0.0184037558685446 0.05763888888888889
1 0.9086906624934794 0.38633333333333336 0.03149191444966093 0.0734537037037037
1 0.9291966614501825 0.3200277777777778 0.027115284298382888 0.06673148148148147
0 0.06268127282211788 0.5803981481481482 0.026964006259780907 0.06343518518518519
1 0.9521491914449661 0.36574999999999996 0.037386541471048515 0.06489814814814815
0 0.9306624934793949 0.5819907407407408 0.057282211789254044 0.0709074074074074
1 0.4829107981220657 0.3128796296296297 0.02665623369848722 0.06727777777777777
1 0.6572248304642672 0.9429722222222222 0.026411058946270216 0.055574074074074074
1 0.16332811684924362 0.24571296296296297 0.021361502347417842 0.052925925925925925
1 0.6748043818466353 0.9074351851851852 0.02170057381324987 0.05698148148148148
1 0.28369327073552425 0.20053703703703704 0.02566510172143975 0.06332407407407407
1 0.9008763693270736 0.1662962962962963 0.021653625456442355 0.06478703703703703
1 0.7387689097548252 0.20443518518518516 0.02561815336463224 0.0637037037037037
1 0.971679707876891 0.28752777777777777 0.037689097548252476 0.06332407407407407
1 0.6459937402190923 0.31850925925925927 0.023239436619718307 0.055064814814814816
1 0.34985393844548773 0.23313888888888887 0.02513302034428795 0.05487037037037037
1 0.673338549817423 0.7843611111111112 0.02924882629107981 0.054435185185185184
0 0.10687010954616588 0.4157962962962963 0.02801773604590506 0.05839814814814815
1 0.6572248304642672 0.10221296296296296 0.018341158059467916 0.0635925925925926
1 0.18872196139801772 0.2641296296296296 0.02655190401669275 0.049805555555555554
1 0.4506833594157538 0.5503518518518519 0.023239436619718307 0.05322222222222222
1 0.7905268648930621 0.27582407407407405 0.027177882107459573 0.06250925925925926
1 0.2612310902451747 0.3802685185185185 0.022295252999478352 0.05538888888888889
1 0.8574230568596766 0.40994444444444444 0.026411058946270216 0.07415740740740741
1 0.706056338028169 0.2600092592592593 0.02484089723526343 0.06478703703703703
0 0.22167970787689095 0.6656296296296296 0.048857589984350545 0.08033333333333334
1 0.18432446531038083 0.30702777777777773 0.028487219613980177 0.06955555555555556
1 0.4079603547209181 0.849361111111111 0.04083463745435576 0.060888888888888895
1 0.8422848200312989 0.23271296296296298 0.02041731872717788 0.06224074074074074
1 0.8852529994783516 0.23530555555555555 0.023145539906103286 0.07063888888888889
1 0.39917057902973396 0.7340925925925926 0.020599895670318207 0.04859259259259259
1 0.4423839332290036 0.3345462962962963 0.019838288993218572 0.06917592592592592
1 0.33032342201356285 0.2771296296296296 0.021163275952008346 0.06343518518518519
1 0.06042253521126761 0.23769444444444443 0.032347417840375585 0.07556481481481482
1 0.8232446531038081 0.3481944444444445 0.021773604590506 0.04687962962962963
0 0.793943661971831 0.25025925925925924 0.048586332811684924 0.04165740740740741
1 0.9604486176317163 0.05644444444444444 0.016724047991653626 0.0686851851851852
1 0.9516588419405321 0.14603703703703705 0.026609285341679705 0.059527777777777784
1 0.17614501825769432 0.18644444444444447 0.02381846635367762 0.06007407407407407
1 0.38110589462702144 0.2855740740740741 0.01837245696400626 0.056657407407407406
1 0.03004694835680751 0.191 0.024047991653625457 0.05963888888888889
1 0.6567396974439228 0.1991203703703704 0.017240479916536253 0.06787037037037037
1 0.5805685967657799 0.07128703703703704 0.01525299947835159 0.049805555555555554
1 0.16271778821074595 0.1857962962962963 0.015305164319248827 0.04309259259259259
1 0.6806624934793949 0.7332314814814814 0.019243609806990088 0.04327777777777778
1 0.2065414710485133 0.22490740740740742 0.019055816379760043 0.04723148148148148
1 0.22217005738132498 0.1350925925925926 0.018539384454877413 0.06099074074074075
1 0.11901930099113198 0.24657407407407408 0.027005738132498697 0.048240740740740744
1 0.5361345852895149 0.9585648148148148 0.028977569118414186 0.037564814814814815
1 0.4775378195096505 0.21808333333333332 0.02284298382889932 0.04953703703703704
1 0.2985863328116849 0.12317592592592592 0.023422013562858633 0.06711111111111112
1 0.09436098069900886 0.18027777777777776 0.018904538341158062 0.04839814814814815
1 0.6860354720918102 0.24613888888888888 0.019640062597809076 0.0787037037037037
1 0.10211267605633803 0.27799074074074076 0.021653625456442355 0.05037962962962963
1 0.596677099634846 0.4298796296296296 0.024522691705790297 0.04563888888888889
1 0.045957224830464265 0.19164814814814815 0.02937402190923318 0.053842592592592595
1 0.7138654147104851 0.9802407407407409 0.032775169535732916 0.03813888888888889
1 0.8496087636932708 0.3609814814814815 0.028440271257172668 0.051537037037037034
1 0.07861241523213354 0.1725833333333333 0.019640062597809076 0.048129629629629626
1 0.994131455399061 0.22642592592592592 0.01174230568596766 0.04070370370370371
1 0.9165049556598852 0.22144444444444444 0.02556077203964528 0.03480555555555556
1 0.008377673448095983 0.24679629629629632 0.016400625978090767 0.07399074074074073