0 0.13411458333333334 0.46944444444444444 0.04895833333333333 0.044444444444444446
1 0.5513020833333333 0.27314814814814814 0.0234375 0.0824074074074074
0 0.234375 0.38055555555555554 0.049479166666666664 0.041666666666666664
0 0.22864583333333333 0.5282407407407408 0.05520833333333333 0.07037037037037037
0 0.115625 0.5736111111111111 0.0453125 0.06111111111111111
0 0.08229166666666667 0.4236111111111111 0.051041666666666666 0.041666666666666664
0 0.04739583333333333 0.30324074074074076 0.04791666666666667 0.04259259259259259
1 0.946875 0.26481481481481484 0.023958333333333335 0.06388888888888888
0 0.5078125 0.3453703703703704 0.042708333333333334 0.041666666666666664
0 0.225 0.6291666666666667 0.05677083333333333 0.06666666666666667
0 0.6361979166666667 0.36435185185185187 0.04635416666666667 0.06296296296296296
1 0.5484375 0.2865740740740741 0.019270833333333334 0.05925925925925926