1 0.289794921875 0.662591552734375 0.034759521484375 0.0578521728515625
1 0.12188720703125 0.65262451171875 0.03173828125 0.05384368896484375
0 0.72265625 0.52001953125 0.05023193359375 0.04496002197265625
1 0.39501953125 0.3117950439453125 0.02069091796875 0.0574188232421875
1 0.896484375 0.885333251953125 0.036834716796875 0.060506439208984374
1 0.0699462890625 0.495318603515625 0.0280609130859375 0.0695526123046875
0 0.765625 0.580255126953125 0.050323486328125 0.0426849365234375
0 0.52099609375 0.477117919921875 0.046112060546875 0.04712677001953125
0 0.90625 0.562054443359375 0.05560302734375 0.046964263916015624
0 0.845703125 0.61275634765625 0.057708740234375 0.047235107421875
1 0.67236328125 0.2918609619140625 0.0208892822265625 0.061102294921875
0 0.267578125 0.4326995849609375 0.048858642578125 0.045799636840820314
0 0.362060546875 0.46715087890625 0.0504150390625 0.050566482543945315
0 0.457275390625 0.5148193359375 0.046722412109375 0.040789031982421876
1 0.85791015625 0.11797943115234374 0.028106689453125 0.058502197265625
1 0.07989501953125 0.805596923828125 0.033477783203125 0.06240234375
0 0.027801513671875 0.41861572265625 0.032958984375 0.06576080322265625
0 0.6064453125 0.58935546875 0.045867919921875 0.049049758911132814
0 0.5087890625 0.55208740234375 0.047149658203125 0.04758720397949219
1 0.90185546875 0.44981689453125 0.027374267578125 0.053924942016601564
1 0.6826171875 0.3949981689453125 0.024932861328125 0.06662750244140625
0 0.34228515625 0.52608642578125 0.047332763671875 0.04877891540527344
1 0.433837890625 0.3416961669921875 0.017181396484375 0.06451492309570313
1 0.1175537109375 0.3499298095703125 0.03326416015625 0.04712677001953125
1 0.85595703125 0.753594970703125 0.029144287109375 0.059856414794921875
1 0.1395263671875 0.68382568359375 0.025177001953125 0.061914825439453126
0 0.1033935546875 0.57982177734375 0.04681396484375 0.06223983764648437
1 0.4482421875 0.3876312255859375 0.01507568359375 0.06451492309570313
1 0.7958984375 0.10606231689453124 0.0210418701171875 0.061914825439453126
1 0.14990234375 0.83203125 0.03277587890625 0.06321487426757813
1 0.160888671875 0.770928955078125 0.039337158203125 0.0565521240234375
1 0.8193359375 0.1406219482421875 0.020416259765625 0.06332321166992187
1 0.40185546875 0.676025390625 0.0271759033203125 0.06402740478515626
1 0.40380859375 0.599755859375 0.03277587890625 0.0665191650390625
1 0.04638671875 0.341046142578125 0.030914306640625 0.058935546875
1 0.10687255859375 0.2634765625 0.0247039794921875 0.062131500244140624
1 0.634765625 0.37701416015625 0.01763916015625 0.05094566345214844
1 0.50439453125 0.828131103515625 0.0215301513671875 0.05622711181640625
1 0.7412109375 0.2350921630859375 0.027374267578125 0.05963973999023438
1 0.55078125 0.2108245849609375 0.024658203125 0.06321487426757813
1 0.3125 0.8996337890625 0.033966064453125 0.07318191528320313
1 0.473388671875 0.603656005859375 0.03240966796875 0.06169815063476562
1 0.35009765625 0.8025634765625 0.029083251953125 0.05311241149902344
1 0.560546875 0.877532958984375 0.023773193359375 0.05262489318847656
1 0.2083740234375 0.2810272216796875 0.0264129638671875 0.06359405517578125
1 0.472900390625 0.2721435546875 0.0276336669921875 0.07220687866210937
1 0.2459716796875 0.343646240234375 0.0299224853515625 0.06624832153320312
1 0.30322265625 0.3130950927734375 0.017852783203125 0.05124359130859375
1 0.88330078125 0.3741973876953125 0.029815673828125 0.041005706787109374
1 0.1605224609375 0.6222900390625 0.03021240234375 0.04823722839355469
1 0.7421875 0.890966796875 0.027374267578125 0.04934768676757813
1 0.74365234375 0.4298828125 0.0192413330078125 0.06332321166992187
1 0.51953125 0.31461181640625 0.0205230712890625 0.060506439208984374
1 0.833984375 0.20226593017578126 0.030853271484375 0.0582855224609375
1 0.3857421875 0.7401611328125 0.0197601318359375 0.0572021484375
1 0.90283203125 0.2485260009765625 0.0261077880859375 0.06765670776367187
1 0.744140625 0.166839599609375 0.026611328125 0.06527328491210938
1 0.312744140625 0.3516632080078125 0.034759521484375 0.0693359375
0 0.8486328125 0.682958984375 0.036285400390625 0.06142730712890625
1 0.78955078125 0.44981689453125 0.0211181640625 0.0591522216796875
1 0.69287109375 0.18709869384765626 0.027374267578125 0.03894729614257812
1 0.87255859375 0.17409820556640626 0.0272674560546875 0.05817718505859375
1 0.27197265625 0.2385589599609375 0.0261077880859375 0.0606689453125
1 0.57958984375 0.2879608154296875 0.019378662109375 0.06272735595703124
1 0.51953125 0.92823486328125 0.0292510986328125 0.0565521240234375
1 0.447265625 0.2753936767578125 0.0179901123046875 0.065869140625
1 0.798828125 0.3334625244140625 0.0322265625 0.0582855224609375
1 0.6923828125 0.2251251220703125 0.0252227783203125 0.05113525390625
1 0.93896484375 0.19706573486328124 0.027374267578125 0.07415695190429687
1 0.204833984375 0.15513916015625 0.0196075439453125 0.06749420166015625
1 0.96142578125 0.1375885009765625 0.029205322265625 0.060289764404296876
1 0.61328125 0.241375732421875 0.0240936279296875 0.0639190673828125
1 0.2047119140625 0.2311920166015625 0.027740478515625 0.05251655578613281
1 0.77294921875 0.2610931396484375 0.0192413330078125 0.06538162231445313
1 0.1429443359375 0.254376220703125 0.035400390625 0.05904388427734375
1 0.83984375 0.3466796875 0.0269622802734375 0.06332321166992187
1 0.74853515625 0.752294921875 0.0330810546875 0.04108695983886719
1 0.78515625 0.28341064453125 0.0302734375 0.059856414794921875
1 0.7373046875 0.852398681640625 0.034088134765625 0.05322074890136719
1 0.01044464111328125 0.897900390625 0.0208892822265625 0.07009429931640625
1 0.35986328125 0.27647705078125 0.034088134765625 0.052435302734375
1 0.0300445556640625 0.245709228515625 0.03125 0.07399444580078125
1 0.72216796875 0.355780029296875 0.0304412841796875 0.049049758911132814
1 0.80908203125 0.25567626953125 0.016845703125 0.05322074890136719
1 0.073974609375 0.2268585205078125 0.03204345703125 0.06272735595703124
1 0.12249755859375 0.19988250732421875 0.02337646484375 0.062023162841796875
1 0.34326171875 0.83983154296875 0.020721435546875 0.05424995422363281
1 0.86376953125 0.2450592041015625 0.02001953125 0.05774383544921875
1 0.266357421875 0.2888275146484375 0.03131103515625 0.0587188720703125
1 0.87060546875 0.3078948974609375 0.0328369140625 0.039705657958984376
1 0.476806640625 0.21179962158203125 0.017303466796875 0.0535186767578125
1 0.86474609375 0.3438629150390625 0.0261993408203125 0.0400848388671875
1 0.8955078125 0.78609619140625 0.036346435546875 0.0572021484375
1 0.39599609375 0.2394256591796875 0.0177154541015625 0.07442779541015625
1 0.61181640625 0.2112579345703125 0.018646240234375 0.0400848388671875
1 0.75439453125 0.3100616455078125 0.030792236328125 0.05094566345214844
1 0.270751953125 0.18514862060546874 0.028594970703125 0.04276618957519531
1 0.2352294921875 0.302911376953125 0.019989013671875 0.04054527282714844
1 0.9677734375 0.047858047485351565 0.01861572265625 0.0712860107421875
1 0.139892578125 0.18839874267578124 0.0271759033203125 0.046964263916015624
1 0.91064453125 0.12014617919921874 0.0302734375 0.04000358581542969
1 0.9091796875 0.161639404296875 0.029815673828125 0.05666046142578125
0 0.9814453125 0.53302001953125 0.0343017578125 0.0780029296875
1 0.0310211181640625 0.16304779052734375 0.034423828125 0.05953140258789062
1 0.63720703125 0.18384857177734376 0.0162200927734375 0.05774383544921875
1 0.505859375 0.722393798828125 0.0294189453125 0.06321487426757813