0 0.23056859676577987 0.7050925925925926 0.05268648930620762 0.08703703703703704
0 0.7104851330203443 0.512962962962963 0.04903495044340115 0.044444444444444446
0 0.5252999478351591 0.44907407407407407 0.027125717266562335 0.06388888888888888
0 0.7806468440271257 0.5375 0.053208137715179966 0.04537037037037037
1 0.05529473135106938 0.44537037037037036 0.03182055294731351 0.06759259259259259
0 0.7404799165362546 0.4537037037037037 0.038601982263954095 0.05555555555555555
0 0.04773082942097027 0.6560185185185186 0.03547209181011998 0.06296296296296296
1 0.7472613458528952 0.38842592592592595 0.030777256129368807 0.06388888888888888
1 0.6215440792905582 0.2847222222222222 0.02608242044861763 0.06574074074074074
1 0.26604068857589985 0.4125 0.03286384976525822 0.06851851851851852
0 0.2871674491392801 0.5671296296296297 0.0594679186228482 0.06296296296296296
0 0.11580594679186229 0.5879629629629629 0.03025560772039645 0.05462962962962963
1 0.7363067292644757 0.24259259259259258 0.025039123630672927 0.06018518518518518
1 0.7842983828899321 0.22361111111111112 0.025039123630672927 0.06574074074074074
1 0.018518518518518517 0.1865740740740741 0.03338549817423057 0.06666666666666667
1 0.35002608242044864 0.1287037037037037 0.025039123630672927 0.06018518518518518
1 0.8607198748043818 0.6944444444444444 0.025039123630672927 0.06481481481481481
1 0.38471570161711005 0.3768518518518518 0.028690662493479395 0.07962962962962963
1 0.21622326551904017 0.3578703703703704 0.02608242044861763 0.07037037037037037
1 0.57981220657277 0.4041666666666667 0.025039123630672927 0.06481481481481481
0 0.2939488784559207 0.5152777777777777 0.050078247261345854 0.046296296296296294
1 0.33098591549295775 0.2712962962962963 0.0297339593114241 0.058333333333333334
0 0.34820031298904536 0.6273148148148148 0.03129890453834116 0.06851851851851852
1 0.25821596244131456 0.2759259259259259 0.023995826812728223 0.05462962962962963
1 0.9885237350026083 0.32685185185185184 0.02190923317683881 0.06481481481481481
1 0.693792383933229 0.2847222222222222 0.026604068857589983 0.06944444444444445
1 0.5005216484089724 0.3148148148148148 0.023474178403755867 0.06481481481481481
0 0.8732394366197183 0.7712962962962963 0.05425143453312467 0.06851851851851852
1 0.5800730307772561 0.3111111111111111 0.018257694314032343 0.06574074074074074
1 0.040166927490871154 0.3962962962962963 0.028690662493479395 0.03611111111111111
1 0.30229525299947835 0.23194444444444445 0.022952529994783515 0.06296296296296296
1 0.0738132498695879 0.8972222222222223 0.036515388628064686 0.0787037037037037
1 0.34950443401147624 0.21296296296296297 0.018257694314032343 0.05648148148148148
1 0.9561815336463224 0.85 0.03286384976525822 0.05555555555555555
1 0.8628064684402713 0.2310185185185185 0.04434011476264997 0.08333333333333333
0 0.27725612936880545 0.3541666666666667 0.046948356807511735 0.046296296296296294
1 0.07902973395931143 0.23055555555555557 0.025039123630672927 0.06388888888888888
1 0.7775169535732916 0.35 0.026604068857589983 0.05185185185185185
1 0.16901408450704225 0.38472222222222224 0.023474178403755867 0.08333333333333333
1 0.3270735524256651 0.8351851851851851 0.03442879499217527 0.08611111111111111
1 0.3857589984350548 0.15416666666666667 0.016692749087115284 0.07962962962962963
1 0.10067814293166406 0.29583333333333334 0.023474178403755867 0.06759259259259259
1 0.05425143453312467 0.29305555555555557 0.024517475221700575 0.05925925925925926
1 0.10928534167970788 0.16018518518518518 0.03129890453834116 0.07685185185185185
1 0.14945226917057902 0.3 0.023474178403755867 0.06574074074074074
1 0.28664580073030776 0.12777777777777777 0.01564945226917058 0.058333333333333334
1 0.2005738132498696 0.25462962962962965 0.02138758476786646 0.06666666666666667
1 0.3951486697965571 0.24675925925925926 0.028690662493479395 0.07962962962962963
0 0.019561815336463225 0.7453703703703703 0.03912363067292645 0.05925925925925926