0 0.5864583333333333 0.5796296296296296 0.05 0.04537037037037037
0 0.08177083333333333 0.4625 0.034375 0.06018518518518518
0 0.6841145833333333 0.3416666666666667 0.043229166666666666 0.041666666666666664
0 0.69140625 0.6157407407407407 0.04895833333333333 0.044444444444444446
0 0.8286458333333333 0.5314814814814814 0.050520833333333334 0.04537037037037037
0 0.0484375 0.5430555555555555 0.0515625 0.05925925925925926
0 0.340625 0.40185185185185185 0.04583333333333333 0.044444444444444446
0 0.4703125 0.3425925925925926 0.04583333333333333 0.03981481481481482
0 0.9541666666666667 0.5648148148148148 0.04791666666666667 0.05277777777777778
0 0.89296875 0.4601851851851852 0.049479166666666664 0.04351851851851852
0 0.6802083333333333 0.4199074074074074 0.046875 0.04537037037037037
0 0.08098958333333334 0.35648148148148145 0.04791666666666667 0.041666666666666664