0 0.84228515625 0.580255126953125 0.05975341796875 0.047397613525390625
1 0.062103271484375 0.3553466796875 0.0299224853515625 0.06402740478515626
1 0.822265625 0.3637969970703125 0.03271484375 0.04650382995605469
1 0.5712890625 0.305078125 0.021209716796875 0.07101516723632813
1 0.435302734375 0.289910888671875 0.0240936279296875 0.05731048583984375
1 0.279052734375 0.32501220703125 0.02508544921875 0.054872894287109376
0 0.845703125 0.51741943359375 0.05645751953125 0.05037689208984375
0 0.298095703125 0.45848388671875 0.0295867919921875 0.051622772216796876
1 0.69580078125 0.18384857177734376 0.02447509765625 0.06240234375
1 0.9853515625 0.384814453125 0.0287628173828125 0.062835693359375
1 0.01214599609375 0.33887939453125 0.02386474609375 0.06142730712890625
1 0.34521484375 0.322412109375 0.0255584716796875 0.062131500244140624
0 0.183349609375 0.4318328857421875 0.04986572265625 0.047235107421875
1 0.708984375 0.3726806640625 0.0238189697265625 0.05579376220703125
1 0.58154296875 0.20226593017578126 0.0200958251953125 0.06272735595703124
1 0.5234375 0.3241455078125 0.027374267578125 0.06749420166015625
1 0.9033203125 0.4036651611328125 0.022796630859375 0.06418991088867188
1 0.5 0.260443115234375 0.0243377685546875 0.0569854736328125
1 0.10467529296875 0.30421142578125 0.037109375 0.06418991088867188
1 0.38525390625 0.238775634765625 0.0212860107421875 0.059748077392578126
1 0.04132080078125 0.301611328125 0.0258026123046875 0.053437423706054685
1 0.2021484375 0.3793975830078125 0.021484375 0.04452667236328125
1 0.712890625 0.305511474609375 0.0165252685546875 0.05666046142578125
1 0.227783203125 0.259576416015625 0.0273284912109375 0.059856414794921875
1 0.9306640625 0.3273956298828125 0.024566650390625 0.06223983764648437
1 0.110107421875 0.2320587158203125 0.0272216796875 0.05963973999023438
1 0.8037109375 0.17713165283203125 0.02886962890625 0.07599868774414062
0 0.38427734375 0.58328857421875 0.058135986328125 0.054439544677734375
1 0.398193359375 0.3334625244140625 0.01490020751953125 0.06749420166015625
1 0.1702880859375 0.282110595703125 0.028106689453125 0.05687713623046875
1 0.255615234375 0.221441650390625 0.0247955322265625 0.0606689453125
1 0.90673828125 0.2346588134765625 0.0251312255859375 0.062835693359375
1 0.355224609375 0.2316253662109375 0.01837158203125 0.046964263916015624
1 0.89404296875 0.3122283935546875 0.027801513671875 0.06673583984375
1 0.763671875 0.13683013916015624 0.0252227783203125 0.068035888671875
1 0.06097412109375 0.243975830078125 0.02691650390625 0.04980812072753906
1 0.74072265625 0.20053253173828126 0.0229339599609375 0.062835693359375
1 0.8564453125 0.96983642578125 0.03253173828125 0.05202903747558594
1 0.98779296875 0.2940277099609375 0.021697998046875 0.06776504516601563
1 0.2469482421875 0.9135009765625 0.03253173828125 0.06299819946289062
1 0.90673828125 0.17973175048828124 0.0289306640625 0.037213897705078124
1 0.66552734375 0.10454559326171875 0.017303466796875 0.0639190673828125
1 0.75341796875 0.280810546875 0.0266571044921875 0.07372360229492188
1 0.18994140625 0.880999755859375 0.035552978515625 0.06332321166992187
1 0.44091796875 0.83983154296875 0.03271484375 0.06007308959960937
1 0.8544921875 0.1518890380859375 0.026458740234375 0.06852340698242188
1 0.92333984375 0.454150390625 0.0265045166015625 0.06548995971679687
1 0.435546875 0.974169921875 0.0217437744140625 0.050756072998046874
1 0.0223236083984375 0.248309326171875 0.0236053466796875 0.04869766235351562
1 0.93701171875 0.3936981201171875 0.027069091796875 0.05882720947265625
1 0.798828125 0.2662933349609375 0.0236053466796875 0.06321487426757813
1 0.775390625 0.90830078125 0.024932861328125 0.05839385986328125
1 0.6552734375 0.181573486328125 0.0139007568359375 0.05601043701171875
1 0.69384765625 0.11971282958984375 0.0112457275390625 0.027693748474121094
1 0.046722412109375 0.849365234375 0.04803466796875 0.07637786865234375
1 0.9365234375 0.05403327941894531 0.0162200927734375 0.07009429931640625
1 0.62255859375 0.1861236572265625 0.011688232421875 0.029115676879882812
1 0.269775390625 0.2860107421875 0.030914306640625 0.036997222900390626
1 0.49462890625 0.07859878540039063 0.0199432373046875 0.061102294921875