1 0.640584246218049 0.1962962962962963 0.0198226395409494 0.06851851851851852
1 0.5894627021387585 0.3578703703703704 0.02556077203964528 0.06666666666666667
1 0.1784037558685446 0.6777777777777778 0.03599374021909233 0.05648148148148148
1 0.1309337506520605 0.8296296296296296 0.037037037037037035 0.05925925925925926
1 0.16484089723526343 0.7699074074074074 0.03286384976525822 0.05740740740740741
1 0.6489306207616067 0.3625 0.0198226395409494 0.06851851851851852
1 0.0649452269170579 0.4273148148148148 0.03495044340114763 0.062037037037037036
1 0.18362023995826812 0.29305555555555557 0.03442879499217527 0.06296296296296296
1 0.4947835159102765 0.42083333333333334 0.0297339593114241 0.06666666666666667
0 0.40245174752217006 0.5398148148148149 0.03390714658320292 0.062037037037037036
0 0.7383933229003652 0.5930555555555556 0.0505998956703182 0.049074074074074076
1 0.4441836202399583 0.9310185185185185 0.02556077203964528 0.06388888888888888
1 0.4371413667188315 0.8462962962962963 0.03390714658320292 0.05462962962962963
1 0.017475221700573813 0.7685185185185185 0.03338549817423057 0.06388888888888888
0 0.10980699008868022 0.5342592592592592 0.027125717266562335 0.04722222222222222
0 0.5341679707876891 0.5625 0.05738132498695879 0.05
1 0.5336463223787168 0.30462962962962964 0.02608242044861763 0.05925925925925926
0 0.940792905581638 0.48842592592592593 0.03338549817423057 0.05555555555555555
1 0.591810119979134 0.13287037037037036 0.02138758476786646 0.06296296296296296
0 0.9345331246739698 0.6347222222222222 0.05894627021387585 0.05277777777777778
0 0.1752738654147105 0.4740740740740741 0.051643192488262914 0.04814814814814815
1 0.6888367240479917 0.8273148148148148 0.022952529994783515 0.06111111111111111
0 0.015127803860198226 0.649537037037037 0.0297339593114241 0.06111111111111111
1 0.6724047991653626 0.31203703703703706 0.019300991131977047 0.06388888888888888
1 0.017214397496087636 0.41064814814814815 0.03234220135628586 0.06944444444444445
1 0.9355764214919144 0.24444444444444444 0.028690662493479395 0.07222222222222222
0 0.3072509128847157 0.5699074074074074 0.03338549817423057 0.053703703703703705
1 0.5639019300991132 0.22685185185185186 0.020865936358894107 0.06759259259259259
1 0.699791340636411 0.13935185185185187 0.023995826812728223 0.07407407407407407
1 0.40062597809076683 0.9699074074074074 0.02608242044861763 0.05462962962962963
1 0.8169014084507042 0.41203703703703703 0.026604068857589983 0.08148148148148149
1 0.843244653103808 0.8060185185185185 0.028690662493479395 0.062037037037037036
1 0.2540427751695357 0.3888888888888889 0.023995826812728223 0.06574074074074074
1 0.8568075117370892 0.3560185185185185 0.02556077203964528 0.06296296296296296
1 0.414188836724048 0.325 0.02556077203964528 0.06481481481481481
1 0.5928534167970788 0.8652777777777778 0.02556077203964528 0.05
1 0.9165362545644236 0.1527777777777778 0.03129890453834116 0.062037037037037036
0 0.8382889932185706 0.625462962962963 0.0594679186228482 0.06851851851851852
1 0.24308815858111632 0.33287037037037037 0.0198226395409494 0.05092592592592592
1 0.8012519561815337 0.34675925925925927 0.029212310902451747 0.062037037037037036
1 0.4441836202399583 0.32222222222222224 0.0198226395409494 0.05648148148148148
1 0.2378716744913928 0.2523148148148148 0.022952529994783515 0.05185185185185185
1 0.9405320813771518 0.38287037037037036 0.02764736567553469 0.08333333333333333
1 0.2696922274387063 0.2949074074074074 0.022952529994783515 0.06574074074074074
1 0.1609285341679708 0.9393518518518519 0.03129890453834116 0.058333333333333334
1 0.39149713093375066 0.26157407407407407 0.018779342723004695 0.06296296296296296
1 0.04094940010432968 0.29814814814814816 0.02764736567553469 0.053703703703703705
0 0.979394887845592 0.5657407407407408 0.0396452790818988 0.044444444444444446
1 0.4903495044340115 0.29953703703703705 0.02034428794992175 0.062037037037037036
1 0.17344809598330724 0.1865740740740741 0.025039123630672927 0.06388888888888888
1 0.5375586854460094 0.7138888888888889 0.03286384976525822 0.05740740740740741
1 0.8354199269692227 0.8814814814814815 0.024517475221700575 0.05740740740740741
1 0.8223787167449139 0.21296296296296297 0.019300991131977047 0.06111111111111111
1 0.7686489306207616 0.15231481481481482 0.014084507042253521 0.06481481481481481
1 0.3907146583202921 0.4097222222222222 0.03129890453834116 0.05092592592592592
1 0.983828899321857 0.42824074074074076 0.027125717266562335 0.07592592592592592
1 0.010172143974960876 0.24212962962962964 0.019300991131977047 0.06296296296296296
1 0.9786124152321335 0.8189814814814815 0.0297339593114241 0.05740740740740741
1 0.707094418362024 0.27037037037037037 0.02190923317683881 0.05
1 0.4731351069379238 0.7527777777777778 0.028690662493479395 0.05740740740740741
1 0.29029733959311427 0.18101851851851852 0.019300991131977047 0.053703703703703705
1 0.6137193531559729 0.7907407407407407 0.0297339593114241 0.041666666666666664
1 0.32759520083463745 0.2337962962962963 0.023995826812728223 0.04722222222222222
1 0.6431924882629108 0.29768518518518516 0.02138758476786646 0.04722222222222222
1 0.017214397496087636 0.33564814814814814 0.022430881585811163 0.05092592592592592
1 0.4162754303599374 0.7013888888888888 0.03547209181011998 0.05277777777777778
1 0.5967657798643714 0.6486111111111111 0.03338549817423057 0.05462962962962963
1 0.8768909754825248 0.2111111111111111 0.022952529994783515 0.04537037037037037
1 0.9921752738654147 0.24722222222222223 0.013562858633281168 0.05092592592592592
1 0.935054773082942 0.052314814814814814 0.016692749087115284 0.06851851851851852
1 0.7759520083463746 0.3050925925925926 0.019300991131977047 0.03333333333333333
0 0.9522691705790297 0.08564814814814815 0.03129890453834116 0.06574074074074074
1 0.43088158581116326 0.24953703703703703 0.02034428794992175 0.027777777777777776