0 0.3071319627836463 0.5785271538628471 0.04660140044003893 0.060506439208984464
1 0.2418212890625 0.1835235595703125 0.0208892822265625 0.06121063232421875
1 0.1697998046875 0.679925537109375 0.0364990234375 0.0591522216796875
0 0.40576171875 0.5148193359375 0.054290771484375 0.042603683471679685
1 0.58935546875 0.4235992431640625 0.020416259765625 0.054358291625976565
0 0.0706787109375 0.52088623046875 0.040252685546875 0.06429824829101563
1 0.1583251953125 0.21049957275390624 0.0278472900390625 0.062835693359375
0 0.1705322265625 0.4489501953125 0.03436279296875 0.063702392578125
1 0.6884765625 0.87276611328125 0.0199127197265625 0.05926055908203125
1 0.73876953125 0.2030242919921875 0.019561767578125 0.062131500244140624
1 0.79052734375 0.3174285888671875 0.0300445556640625 0.04344329833984375
0 0.026611328125 0.42034912109375 0.0526123046875 0.040870285034179686
1 0.93896484375 0.2368255615234375 0.026763916015625 0.054547882080078124
1 0.18603515625 0.644390869140625 0.03253173828125 0.05953140258789062
1 0.234375 0.66649169921875 0.0248870849609375 0.0639190673828125
1 0.046295166015625 0.3516632080078125 0.029541015625 0.0565521240234375
1 0.429931640625 0.8337646484375 0.0316162109375 0.05839385986328125
1 0.3515625 0.3815643310546875 0.018402099609375 0.07334442138671875
1 0.0880126953125 0.763995361328125 0.0274810791015625 0.055062484741210935
1 0.57666015625 0.3282623291015625 0.0255584716796875 0.063702392578125
1 0.8974609375 0.3854644775390625 0.0268096923828125 0.05752716064453125
1 0.27001953125 0.8302978515625 0.0322265625 0.05666046142578125
1 0.10211181640625 0.850665283203125 0.0341796875 0.058502197265625
1 0.85302734375 0.4142822265625 0.0248870849609375 0.07697372436523438
1 0.87890625 0.263909912109375 0.0287628173828125 0.059748077392578126
1 0.222900390625 0.314178466796875 0.0293731689453125 0.0537353515625
1 0.59765625 0.283843994140625 0.0225372314453125 0.0608856201171875
1 0.5244140625 0.40648193359375 0.0297088623046875 0.0572021484375
1 0.365966796875 0.30767822265625 0.02423095703125 0.062835693359375
1 0.46435546875 0.3434295654296875 0.02655029296875 0.05644378662109375
1 0.923828125 0.451116943359375 0.03912353515625 0.06852340698242188
1 0.76171875 0.2554595947265625 0.0294189453125 0.05709381103515625
1 0.59814453125 0.354913330078125 0.020172119140625 0.07459030151367188
1 0.984375 0.2654266357421875 0.024566650390625 0.06099395751953125
1 0.90966796875 0.308978271484375 0.025665283203125 0.06099395751953125
1 0.11962890625 0.239208984375 0.02484130859375 0.06299819946289062
1 0.919921875 0.3395294189453125 0.026611328125 0.06169815063476562
1 0.6455078125 0.289910888671875 0.019989013671875 0.08401565551757813
1 0.63330078125 0.207574462890625 0.0185089111328125 0.06841506958007812
1 0.53857421875 0.269110107421875 0.0255126953125 0.06548995971679687
1 0.50537109375 0.21049957275390624 0.024932861328125 0.0656524658203125
1 0.06768798828125 0.3204620361328125 0.03240966796875 0.06142730712890625
1 0.91796875 0.1787567138671875 0.0297088623046875 0.06321487426757813
1 0.80810546875 0.3893646240234375 0.03021240234375 0.07090682983398437
1 0.469970703125 0.6534912109375 0.025177001953125 0.05861053466796875
1 0.6357421875 0.11624603271484375 0.01433563232421875 0.06944427490234376
1 0.1329345703125 0.814263916015625 0.029205322265625 0.052435302734375
1 0.409423828125 0.4166656494140625 0.020294189453125 0.05633544921875
1 0.79541015625 0.362713623046875 0.029205322265625 0.0665191650390625
1 0.228515625 0.3588134765625 0.021331787109375 0.0587188720703125
1 0.82666015625 0.66995849609375 0.032470703125 0.05817718505859375
1 0.427978515625 0.2749603271484375 0.028594970703125 0.05963973999023438
1 0.96728515625 0.17626495361328126 0.024993896484375 0.06240234375
1 0.307373046875 0.16478118896484376 0.01395416259765625 0.04504127502441406
1 0.81884765625 0.2108245849609375 0.0211639404296875 0.04409332275390625
1 0.71337890625 0.15134735107421876 0.024749755859375 0.0613189697265625
1 0.76025390625 0.1822235107421875 0.031494140625 0.05904388427734375
1 0.41064453125 0.2411590576171875 0.0202178955078125 0.04070777893066406
1 0.4677734375 0.26954345703125 0.0211181640625 0.0582855224609375
1 0.0227203369140625 0.3152618408203125 0.0278472900390625 0.06223983764648437
1 0.67822265625 0.1674896240234375 0.0250396728515625 0.06272735595703124
1 0.16943359375 0.31114501953125 0.0312042236328125 0.050187301635742185
0 0.44732611889508345 0.5585876464843751 0.0498820639676456 0.059260559082031185
1 0.2127685546875 0.2602264404296875 0.0194549560546875 0.048508071899414064
1 0.56689453125 0.2064910888671875 0.0153656005859375 0.05953140258789062
1 0.25634765625 0.2238250732421875 0.0221099853515625 0.05774383544921875
1 0.857421875 0.243975830078125 0.0299224853515625 0.0504852294921875
1 0.7578125 0.13292999267578126 0.0283355712890625 0.063702392578125
1 0.95458984375 0.04877891540527344 0.017181396484375 0.07209854125976563
1 0.68603515625 0.9568359375 0.0204925537109375 0.04942893981933594
1 0.9891738891601562 0.35794677734375 0.0216522216796875 0.06142730712890625
1 0.95654296875 0.860198974609375 0.0316162109375 0.06516494750976562
1 0.82568359375 0.705926513671875 0.03033447265625 0.06310653686523438
1 0.05389404296875 0.25567626953125 0.033843994140625 0.05666046142578125
1 0.05975341796875 0.2097412109375 0.03277587890625 0.053437423706054685
0 0.10532735347996543 0.5863220214843748 0.04714561466382206 0.056552124023437435
1 0.81591796875 0.29034423828125 0.02386474609375 0.048968505859375
1 0.59521484375 0.2168914794921875 0.015838623046875 0.05154151916503906