0 0.027374267578125 0.3546006944444444 0.052520751953125 0.047200520833333336
0 0.048675537109375 0.53515625 0.0546875 0.043158637152777776
0 0.86376953125 0.4242621527777778 0.050506591796875 0.045979817708333336
0 0.41552734375 0.3645833333333333 0.04742431640625 0.046061197916666664
1 0.4892578125 0.2827690972222222 0.0257568359375 0.0627170138888889
0 0.33056640625 0.2955729166666667 0.042877197265625 0.039469401041666664
1 0.9847259521484375 0.2990451388888889 0.030548095703125 0.07356770833333333
0 0.8408203125 0.3661024305555556 0.0310821533203125 0.06222873263888889
0 0.9798736572265625 0.4761284722222222 0.040252685546875 0.049967447916666664
0 0.138671875 0.85546875 0.0531005859375 0.05984157986111111
1 0.8828125 0.2532552083333333 0.0200958251953125 0.06586371527777778
0 0.8530505952380956 0.4623015873015875 0.05431547619047616 0.054232804232804216