0 0.9591145833333333 0.4875 0.042708333333333334 0.05740740740740741
0 0.8125 0.6166666666666667 0.049479166666666664 0.06388888888888888
0 0.88359375 0.3662037037037037 0.0484375 0.046296296296296294
0 0.7643229166666666 0.399537037037037 0.04895833333333333 0.053703703703703705
0 0.12890625 0.649537037037037 0.053125 0.05
0 0.5924479166666666 0.6055555555555555 0.04635416666666667 0.06851851851851852
0 0.9841145833333333 0.32222222222222224 0.03125 0.04351851851851852
0 0.3859375 0.3625 0.040625 0.06018518518518518
0 0.30572916666666666 0.48703703703703705 0.040625 0.05277777777777778
0 0.021875 0.3958333333333333 0.0421875 0.05092592592592592
1 0.3125 0.30416666666666664 0.022916666666666665 0.08981481481481482
0 0.73828125 0.2916666666666667 0.04895833333333333 0.05277777777777778
0 0.5721354166666667 0.425 0.03697916666666667 0.06759259259259259
0 0.40208333333333335 0.46111111111111114 0.04583333333333333 0.058333333333333334
0 0.24114583333333334 0.4356481481481482 0.04583333333333333 0.05740740740740741
0 0.36614583333333334 0.6476851851851851 0.04635416666666667 0.062037037037037036
0 0.34010416666666665 0.5671296296296297 0.04791666666666667 0.05185185185185185