0 0.4254042775169536 0.48564814814814816 0.05216484089723526 0.06018518518518518
0 0.8985393844548775 0.4356481481481482 0.03390714658320292 0.06666666666666667
1 0.44835680751173707 0.2587962962962963 0.025039123630672927 0.07685185185185185
1 0.08633281168492436 0.4013888888888889 0.03599374021909233 0.0712962962962963
1 0.400886802295253 0.175 0.025039123630672927 0.07037037037037037
1 0.9707876890975482 0.2449074074074074 0.022430881585811163 0.06111111111111111
0 0.11371935315597287 0.5226851851851851 0.058424621804903494 0.05277777777777778
1 0.40036515388628063 0.32685185185185184 0.022952529994783515 0.06851851851851852
1 0.2490871152842984 0.8569444444444444 0.03234220135628586 0.05648148148148148
0 0.11919666145018258 0.662962962962963 0.05738132498695879 0.07314814814814814
1 0.03755868544600939 0.4388888888888889 0.024517475221700575 0.05648148148148148
1 0.25143453312467395 0.4 0.03182055294731351 0.06296296296296296
0 0.7454355764214919 0.46620370370370373 0.054773082942097026 0.04259259259259259
1 0.4921752738654147 0.19490740740740742 0.022430881585811163 0.049074074074074076
1 0.21152842983828898 0.35324074074074074 0.029212310902451747 0.062037037037037036
1 0.7788210745957225 0.3490740740740741 0.03025560772039645 0.06666666666666667
1 0.6319770474700053 0.25833333333333336 0.03286384976525822 0.06111111111111111
0 0.28169014084507044 0.5717592592592593 0.051643192488262914 0.05
1 0.6111111111111112 0.3277777777777778 0.026604068857589983 0.06666666666666667
1 0.9564423578508086 0.7162037037037037 0.0396452790818988 0.06481481481481481
1 0.32655190401669276 0.08148148148148149 0.015127803860198226 0.06111111111111111
0 0.18883672404799165 0.5856481481481481 0.03338549817423057 0.05925925925925926
1 0.9410537297861241 0.2865740740740741 0.02608242044861763 0.06388888888888888
1 0.6444966092853417 0.8842592592592593 0.0297339593114241 0.06018518518518518
0 0.32968179447052687 0.5060185185185185 0.02608242044861763 0.05
1 0.7509128847157016 0.7828703703703703 0.03025560772039645 0.04814814814814815
1 0.017996870109546165 0.19074074074074074 0.03338549817423057 0.0712962962962963
1 0.29551382368283774 0.3347222222222222 0.016692749087115284 0.062037037037037036
1 0.7968179447052687 0.7472222222222222 0.02764736567553469 0.06018518518518518
1 0.11476264997391758 0.25555555555555554 0.027125717266562335 0.06851851851851852
1 0.2553468961919666 0.1912037037037037 0.018257694314032343 0.05555555555555555
1 0.28455920709441834 0.26805555555555555 0.02190923317683881 0.075
1 0.18362023995826812 0.725462962962963 0.030777256129368807 0.04722222222222222
1 0.018518518518518517 0.26944444444444443 0.03234220135628586 0.06111111111111111
1 0.5234741784037559 0.7421296296296296 0.030777256129368807 0.05092592592592592
1 0.539906103286385 0.8203703703703704 0.03338549817423057 0.046296296296296294
1 0.0782472613458529 0.21574074074074073 0.03025560772039645 0.06759259259259259
1 0.4747000521648409 0.625462962962963 0.025039123630672927 0.06481481481481481
1 0.1421491914449661 0.3925925925925926 0.02764736567553469 0.05462962962962963
1 0.03808033385498174 0.034722222222222224 0.018257694314032343 0.06574074074074074
1 0.4413145539906103 0.6694444444444444 0.025039123630672927 0.06296296296296296
1 0.3907146583202921 0.8018518518518518 0.022952529994783515 0.05740740740740741
1 0.6194574856546687 0.38564814814814813 0.03286384976525822 0.06111111111111111
1 0.812206572769953 0.27175925925925926 0.02608242044861763 0.05740740740740741
1 0.6637976004173187 0.21944444444444444 0.024517475221700575 0.06111111111111111
1 0.34950443401147624 0.1550925925925926 0.018779342723004695 0.05462962962962963
1 0.4478351591027647 0.5962962962962963 0.029212310902451747 0.06018518518518518
1 0.733698487219614 0.2847222222222222 0.027125717266562335 0.06296296296296296
1 0.662754303599374 0.7800925925925926 0.04329681794470527 0.0712962962962963
1 0.5247782994261867 0.30694444444444446 0.026604068857589983 0.05092592592592592
1 0.755868544600939 0.25416666666666665 0.02608242044861763 0.049074074074074076
1 0.0605112154407929 0.2796296296296296 0.030777256129368807 0.06296296296296296
1 0.44679186228482004 0.37916666666666665 0.023995826812728223 0.05648148148148148
1 0.03129890453834116 0.12453703703703704 0.026604068857589983 0.08055555555555556
1 0.1807511737089202 0.2074074074074074 0.023995826812728223 0.06018518518518518
1 0.3252477829942619 0.20694444444444443 0.018257694314032343 0.05925925925925926
1 0.9830464267083986 0.1439814814814815 0.028690662493479395 0.06111111111111111
1 0.655451225873761 0.3189814814814815 0.02034428794992175 0.05648148148148148
1 0.24647887323943662 0.28425925925925927 0.028690662493479395 0.05740740740740741
1 0.5863328116849243 0.7888888888888889 0.030777256129368807 0.05185185185185185
1 0.5508607198748043 0.24027777777777778 0.02556077203964528 0.05648148148148148
1 0.6374543557642149 0.3527777777777778 0.022430881585811163 0.05925925925925926
1 0.25039123630672927 0.34629629629629627 0.02138758476786646 0.05092592592592592
1 0.1904016692749087 0.1125 0.018779342723004695 0.05925925925925926
1 0.9887845592070944 0.2865740740740741 0.022430881585811163 0.05648148148148148
1 0.7459572248304642 0.1912037037037037 0.020865936358894107 0.06111111111111111
1 0.8886280646844027 0.24305555555555555 0.018779342723004695 0.03425925925925926
1 0.12493479394887845 0.3365740740740741 0.022430881585811163 0.0712962962962963
0 0.8852373500260824 0.5425925925925926 0.0495565988523735 0.06111111111111111
1 0.1585811163275952 0.24212962962962964 0.025039123630672927 0.08148148148148149
1 0.7882107459572248 0.12685185185185185 0.014084507042253521 0.05185185185185185
1 0.707094418362024 0.1597222222222222 0.02138758476786646 0.06851851851851852
1 0.8982785602503912 0.12546296296296297 0.02190923317683881 0.09814814814814815
1 0.8993218570683359 0.09305555555555556 0.018257694314032343 0.03518518518518519
1 0.011737089201877934 0.5023148148148148 0.02190923317683881 0.03796296296296296
1 0.01617110067814293 0.3263888888888889 0.022952529994783515 0.040740740740740744