0 0.22291666666666668 0.38287037037037036 0.05 0.03888888888888889
0 0.29140625 0.6865740740740741 0.0546875 0.040740740740740744
0 0.3848958333333333 0.5435185185185185 0.0546875 0.04259259259259259
0 0.11380208333333333 0.36666666666666664 0.05 0.04537037037037037
0 0.030208333333333334 0.4166666666666667 0.05416666666666667 0.04351851851851852
0 0.13671875 0.475 0.05520833333333333 0.04259259259259259
0 0.23151041666666666 0.5402777777777777 0.052083333333333336 0.041666666666666664
0 0.15703125 0.6703703703703704 0.053125 0.04537037037037037
0 0.8265625 0.8300925925925926 0.05572916666666667 0.040740740740740744
0 0.20286458333333332 0.30324074074074076 0.0453125 0.044444444444444446
0 0.14322916666666666 0.5949074074074074 0.05364583333333333 0.040740740740740744
0 0.3619791666666667 0.7833333333333333 0.057291666666666664 0.03981481481481482
0 0.36380208333333336 0.8379629629629629 0.059895833333333336 0.05648148148148148
0 0.5213541666666667 0.6717592592592593 0.033854166666666664 0.05277777777777778
0 0.646875 0.3365740740740741 0.042708333333333334 0.05462962962962963
0 0.7846354166666667 0.524074074074074 0.04791666666666667 0.04814814814814815
0 0.6557291666666667 0.4625 0.04583333333333333 0.044444444444444446
0 0.8153645833333333 0.4513888888888889 0.04791666666666667 0.05277777777777778
0 0.046875 0.5666666666666667 0.052083333333333336 0.041666666666666664
0 0.93984375 0.41805555555555557 0.0484375 0.05092592592592592
0 0.7640625 0.6509259259259259 0.04895833333333333 0.058333333333333334
0 0.16119791666666666 0.7828703703703703 0.046875 0.06111111111111111