0 0.8026041666666667 0.5439814814814815 0.051041666666666666 0.04537037037037037
0 0.3846354166666667 0.3819444444444444 0.04895833333333333 0.04814814814814815
0 0.50390625 0.5694444444444444 0.04635416666666667 0.041666666666666664
0 0.5986979166666667 0.5180555555555556 0.04739583333333333 0.04351851851851852
0 0.45807291666666666 0.3263888888888889 0.04479166666666667 0.04259259259259259
0 0.94296875 0.4615740740740741 0.04739583333333333 0.04259259259259259
0 0.146875 0.4236111111111111 0.05 0.044444444444444446
0 0.6885416666666667 0.5083333333333333 0.04635416666666667 0.04537037037037037
0 0.56875 0.41574074074074074 0.0375 0.05092592592592592
0 0.203125 0.5532407407407407 0.041666666666666664 0.06481481481481481
0 0.5440104166666667 0.32083333333333336 0.03958333333333333 0.040740740740740744