0 0.48535416666666664 0.46875 0.048125 0.041962962962962966
0 0.849609375 0.4086388888888889 0.04840104166666667 0.04641666666666667
0 0.5317395833333334 0.3546018518518519 0.04534895833333333 0.04527777777777778
0 0.18981770833333333 0.6388888888888888 0.052244791666666665 0.044083333333333335
0 0.2836927083333334 0.4016944444444444 0.048859375000000003 0.04061111111111111
0 0.100890625 0.3120648148148148 0.04894791666666667 0.043759259259259255
0 0.5629895833333334 0.5837685185185185 0.04699479166666667 0.04350925925925926
0 0.06609895833333333 0.44661111111111107 0.05203125 0.04061111111111111
0 0.8994166666666668 0.3161851851851852 0.045682291666666666 0.042509259259259254
0 0.19275 0.35633333333333334 0.04663020833333333 0.04052777777777778
0 0.018020833333333333 0.3548148148148148 0.034026041666666666 0.05555555555555555
0 0.6791979166666666 0.5355925925925926 0.04986458333333333 0.049694444444444444
0 0.611328125 0.4704907407407407 0.041229166666666664 0.043916666666666666
0 0.9835416666666668 0.5616296296296296 0.03291145833333333 0.051916666666666667
0 0.19494791666666667 0.7261296296296297 0.057588541666666666 0.062120370370370374
0 0.138171875 0.5120462962962963 0.055302083333333335 0.05697222222222222
0 0.13727678571428573 0.5595238095238096 0.06324404761904762 0.05820105820105823