1 0.04877412623891497 0.059722222222222225 0.016692749087115284 0.07037037037037037
1 0.4984350547730829 0.4046296296296296 0.023995826812728223 0.06851851851851852
1 0.10589462702138759 0.3388888888888889 0.023474178403755867 0.06666666666666667
0 0.7029212310902452 0.5069444444444444 0.04903495044340115 0.03796296296296296
1 0.8862806468440271 0.7240740740740741 0.03599374021909233 0.05555555555555555
1 0.807772561293688 0.6787037037037037 0.03182055294731351 0.05740740740740741
1 0.6904016692749088 0.37453703703703706 0.025039123630672927 0.06759259259259259
1 0.16797078768909754 0.2875 0.03234220135628586 0.07407407407407407
0 0.5479916536254564 0.5444444444444444 0.05581637976004173 0.04722222222222222
0 0.39932185706833595 0.5453703703703704 0.0505998956703182 0.041666666666666664
1 0.06285863328116849 0.3699074074074074 0.03547209181011998 0.06666666666666667
0 0.3701095461658842 0.5967592592592592 0.0495565988523735 0.049074074074074076
1 0.6507563901930099 0.7782407407407408 0.02608242044861763 0.06666666666666667
1 0.16353677621283255 0.8541666666666666 0.03025560772039645 0.05555555555555555
0 0.6251956181533647 0.611574074074074 0.05529473135106938 0.041666666666666664
1 0.053208137715179966 0.25555555555555554 0.028690662493479395 0.06944444444444445
0 0.7853416797078769 0.4625 0.03390714658320292 0.06018518518518518
1 0.827073552425665 0.4185185185185185 0.02764736567553469 0.06296296296296296
0 0.18309859154929578 0.5722222222222222 0.030777256129368807 0.06296296296296296
1 0.32629107981220656 0.7782407407407408 0.022952529994783515 0.06018518518518518
1 0.0738132498695879 0.8782407407407408 0.040166927490871154 0.05925925925925926
1 0.4713093375065206 0.8638888888888889 0.023995826812728223 0.07777777777777778
1 0.9243609806990088 0.38287037037037036 0.03182055294731351 0.06296296296296296
1 0.2423056859676578 0.1763888888888889 0.016692749087115284 0.06574074074074074
1 0.906885758998435 0.7791666666666667 0.037037037037037035 0.058333333333333334
1 0.7423056859676578 0.8597222222222223 0.03547209181011998 0.05185185185185185
0 0.4144496609285342 0.46620370370370373 0.027125717266562335 0.053703703703703705
0 0.5542514345331246 0.4425925925925926 0.048513302034428794 0.040740740740740744
1 0.12258737610850287 0.2351851851851852 0.02608242044861763 0.06111111111111111
1 0.33437663015127805 0.22824074074074074 0.019300991131977047 0.075
1 0.17240479916536255 0.6990740740740741 0.02764736567553469 0.07962962962962963
1 0.5174752217005738 0.3282407407407407 0.022952529994783515 0.06851851851851852
1 0.6531038080333855 0.32685185185185184 0.019300991131977047 0.06296296296296296
1 0.2905581637976004 0.4023148148148148 0.024517475221700575 0.06388888888888888
1 0.45748565466875324 0.337037037037037 0.017214397496087636 0.06574074074074074
1 0.7537819509650495 0.6773148148148148 0.02764736567553469 0.044444444444444446
1 0.07772561293688054 0.15046296296296297 0.022430881585811163 0.07314814814814814
0 0.7023995826812728 0.5597222222222222 0.04381846635367762 0.041666666666666664
1 0.30359937402190923 0.9652777777777778 0.02034428794992175 0.06296296296296296
1 0.4793948878455921 0.362962962962963 0.017214397496087636 0.06481481481481481
1 0.7350026082420449 0.7541666666666667 0.040166927490871154 0.06944444444444445
1 0.7170057381324987 0.3375 0.03286384976525822 0.06296296296296296
1 0.736567553468962 0.2865740740740741 0.023995826812728223 0.06574074074074074
1 0.32629107981220656 0.36435185185185187 0.01773604590505999 0.0712962962962963
0 0.5466875326030256 0.487962962962963 0.05268648930620762 0.04814814814814815
1 0.023474178403755867 0.31805555555555554 0.03547209181011998 0.07777777777777778
1 0.4903495044340115 0.7689814814814815 0.027125717266562335 0.06759259259259259
1 0.15284298382889933 0.42685185185185187 0.028690662493479395 0.05740740740740741
1 0.9371413667188315 0.8027777777777778 0.03599374021909233 0.05648148148148148
1 0.8805425143453313 0.2375 0.02764736567553469 0.06481481481481481
1 0.8255086071987481 0.34444444444444444 0.03025560772039645 0.06296296296296296
1 0.689358372456964 0.2763888888888889 0.028690662493479395 0.06481481481481481
1 0.788471570161711 0.25972222222222224 0.019300991131977047 0.06944444444444445
1 0.17240479916536255 0.7824074074074074 0.02556077203964528 0.062037037037037036
1 0.3427230046948357 0.1259259259259259 0.02138758476786646 0.07407407407407407
1 0.9293166405842462 0.6796296296296296 0.02608242044861763 0.04537037037037037
1 0.4491392801251956 0.2050925925925926 0.016692749087115284 0.06481481481481481
1 0.3758476786645801 0.3662037037037037 0.022430881585811163 0.05740740740740741
1 0.6744913928012519 0.23055555555555557 0.016692749087115284 0.04814814814814815
1 0.049817423056859676 0.19537037037037036 0.023474178403755867 0.06018518518518518
1 0.2788210745957225 0.2449074074074074 0.028169014084507043 0.06111111111111111
1 0.9285341679707877 0.22268518518518518 0.02764736567553469 0.06018518518518518
1 0.3823682837767345 0.19814814814814816 0.018257694314032343 0.06296296296296296
1 0.6278038601982264 0.2662037037037037 0.017214397496087636 0.04537037037037037
1 0.350547730829421 0.2916666666666667 0.018779342723004695 0.07685185185185185
1 0.7271778821074596 0.225 0.02556077203964528 0.06018518518518518
1 0.8998435054773083 0.29953703703703705 0.03912363067292645 0.05925925925925926
1 0.8651538862806468 0.35 0.030777256129368807 0.06018518518518518
1 0.4066249347939489 0.17175925925925925 0.014084507042253521 0.062037037037037036
1 0.7649973917579551 0.18472222222222223 0.018779342723004695 0.044444444444444446
1 0.7897756911841419 0.14629629629629629 0.01773604590505999 0.06388888888888888
1 0.5005216484089724 0.2828703703703704 0.02138758476786646 0.058333333333333334
1 0.8630672926447575 0.3101851851851852 0.018779342723004695 0.04259259259259259
1 0.34376630151278037 0.8805555555555555 0.018779342723004695 0.05185185185185185
1 0.7861241523213354 0.36064814814814816 0.03182055294731351 0.05092592592592592
1 0.24517475221700574 0.32222222222222224 0.03234220135628586 0.04722222222222222
1 0.41210224308815857 0.2763888888888889 0.01773604590505999 0.05555555555555555
1 0.21231090245174752 0.8875 0.03495044340114763 0.03981481481481482
1 0.9926969222743871 0.21944444444444444 0.014606155451225874 0.07222222222222222
0 0.03260302556077204 0.09074074074074075 0.03442879499217527 0.07037037037037037
1 0.5041731872717788 0.2412037037037037 0.030777256129368807 0.03518518518518519
1 0.33437663015127805 0.1986111111111111 0.010954616588419406 0.030555555555555555