0 0.7456041666666666 0.7478333333333333 0.047088541666666664 0.05289814814814815
0 0.892578125 0.5104166666666666 0.05520833333333333 0.0745462962962963
0 0.489015625 0.47091666666666665 0.04867708333333333 0.04885185185185185
0 0.6655260416666666 0.523 0.043609375 0.06076851851851851
0 0.5415052083333334 0.3858518518518519 0.04077083333333333 0.054120370370370374
0 0.283203125 0.3708796296296296 0.03430208333333333 0.07075
0 0.681640625 0.29665740740740737 0.04376041666666666 0.04649074074074074
0 0.7202135416666666 0.6545185185185185 0.051359375 0.0632037037037037
0 0.7802760416666668 0.33463888888888893 0.047515625 0.04350925925925926
0 0.7094739583333334 0.4305555555555556 0.045682291666666666 0.06450925925925927
0 0.3049322916666667 0.45355555555555555 0.03698958333333333 0.06662037037037037
0 0.10577604166666667 0.39084259259259263 0.047421874999999995 0.043833333333333335
0 0.865234375 0.5837685185185185 0.03726041666666667 0.056101851851851854
0 0.3142083333333333 0.6775185185185185 0.050994791666666664 0.05750925925925926
0 0.72265625 0.5729166666666666 0.030151041666666666 0.06369444444444446
0 0.3560260416666667 0.9761944444444444 0.04390104166666667 0.042324074074074076