1 0.16901041666666666 0.7935185185185185 0.025520833333333333 0.07222222222222222
0 0.5684895833333333 0.48055555555555557 0.0484375 0.04537037037037037
0 0.3067708333333333 0.5078703703703704 0.050520833333333334 0.041666666666666664
0 0.5453125 0.39166666666666666 0.04583333333333333 0.03888888888888889
0 0.45807291666666666 0.3421296296296296 0.04375 0.04259259259259259
0 0.7364583333333333 0.2884259259259259 0.04375 0.046296296296296294
0 0.31145833333333334 0.3768518518518518 0.04583333333333333 0.04537037037037037
0 0.39401041666666664 0.5300925925925926 0.051041666666666666 0.04351851851851852
0 0.6010416666666667 0.3300925925925926 0.04479166666666667 0.037037037037037035
0 0.06536458333333334 0.21342592592592594 0.049479166666666664 0.049074074074074076
0 0.42239583333333336 0.8717592592592592 0.04375 0.062037037037037036
0 0.39166666666666666 0.7337962962962963 0.04895833333333333 0.07314814814814814
0 0.42526041666666664 0.11481481481481481 0.0203125 0.06759259259259259
1 0.15026041666666667 0.8083333333333333 0.022395833333333334 0.07685185185185185