0 0.8526343244653104 0.4162037037037037 0.05529473135106938 0.041666666666666664
1 0.2524778299426187 0.6842592592592592 0.024517475221700575 0.046296296296296294
1 0.4551382368283777 0.5847222222222223 0.022430881585811163 0.05648148148148148
1 0.860980699008868 0.3449074074074074 0.03234220135628586 0.062037037037037036
1 0.05607720396452791 0.7300925925925926 0.024517475221700575 0.05555555555555555
1 0.7926447574334898 0.8226851851851852 0.017214397496087636 0.05740740740740741
0 0.9342723004694836 0.5615740740740741 0.03234220135628586 0.062037037037037036
0 0.7057902973395931 0.49583333333333335 0.05372978612415232 0.046296296296296294
1 0.09859154929577464 0.7606481481481482 0.025039123630672927 0.05092592592592592
1 0.8784559207094418 0.3143518518518518 0.03495044340114763 0.06018518518518518
1 0.36619718309859156 0.13055555555555556 0.02190923317683881 0.058333333333333334
0 0.028429838288993217 0.36898148148148147 0.056859676577986434 0.05648148148148148
1 0.8800208659363589 0.7888888888888889 0.03286384976525822 0.05925925925925926
1 0.27829942618675013 0.7439814814814815 0.026604068857589983 0.05185185185185185
1 0.7720396452790819 0.16620370370370371 0.026604068857589983 0.05462962962962963
1 0.6145018257694314 0.175 0.024517475221700575 0.05555555555555555
1 0.16066770996348462 0.7296296296296296 0.020865936358894107 0.06111111111111111
1 0.6293688054251435 0.7712962962962963 0.02190923317683881 0.06944444444444445
1 0.3930620761606677 0.6935185185185185 0.026604068857589983 0.05185185185185185
1 0.8351591027647366 0.6842592592592592 0.022952529994783515 0.06759259259259259
1 0.8103808033385498 0.3300925925925926 0.026604068857589983 0.05925925925925926
1 0.09024517475221701 0.3421296296296296 0.03234220135628586 0.062037037037037036
1 0.12702138758476786 0.5462962962962963 0.03390714658320292 0.06944444444444445
0 0.6784037558685446 0.4444444444444444 0.05112154407929056 0.06574074074074074
1 0.5704225352112676 0.7277777777777777 0.020865936358894107 0.05740740740740741
1 0.30073030777256127 0.7939814814814815 0.018779342723004695 0.06296296296296296
1 0.35732916014606153 0.8296296296296296 0.018257694314032343 0.06296296296296296
1 0.2245696400625978 0.3263888888888889 0.0297339593114241 0.058333333333333334
1 0.7762128325508607 0.7694444444444445 0.0297339593114241 0.07407407407407407
1 0.5782472613458529 0.6620370370370371 0.028690662493479395 0.06111111111111111
1 0.12206572769953052 0.6523148148148148 0.03129890453834116 0.06666666666666667
1 0.09624413145539906 0.17453703703703705 0.03286384976525822 0.06111111111111111
1 0.6087636932707355 0.7300925925925926 0.0198226395409494 0.06666666666666667
1 0.22848200312989045 0.7064814814814815 0.023995826812728223 0.04537037037037037
1 0.5247782994261867 0.600462962962963 0.02608242044861763 0.053703703703703705
1 0.4619196661450183 0.6717592592592593 0.02556077203964528 0.05925925925925926
1 0.9152321335419927 0.19212962962962962 0.02764736567553469 0.04722222222222222
1 0.9874804381846636 0.6453703703703704 0.025039123630672927 0.06018518518518518
1 0.3656755346896192 0.04814814814814815 0.02138758476786646 0.05277777777777778
1 0.07172665623369849 0.8212962962962963 0.02138758476786646 0.05925925925925926
1 0.03808033385498174 0.5527777777777778 0.029212310902451747 0.06666666666666667
1 0.23735002608242045 0.6106481481481482 0.03025560772039645 0.07314814814814814
1 0.2733437663015128 0.825462962962963 0.023474178403755867 0.06574074074074074
1 0.04747000521648409 0.9495370370370371 0.01617110067814293 0.07222222222222222
1 0.8153364632237872 0.6421296296296296 0.02190923317683881 0.06481481481481481
1 0.9222743870631195 0.7611111111111111 0.028169014084507043 0.06296296296296296
1 0.8278560250391236 0.7361111111111112 0.020865936358894107 0.06574074074074074
1 0.40375586854460094 0.7935185185185185 0.02034428794992175 0.06944444444444445
1 0.9590505998956703 0.23472222222222222 0.026604068857589983 0.05277777777777778
1 0.9400104329681794 0.15092592592592594 0.0297339593114241 0.058333333333333334
1 0.12597809076682315 0.7074074074074074 0.024517475221700575 0.0712962962962963
1 0.4966092853416797 0.7356481481481482 0.02034428794992175 0.06296296296296296
1 0.2733437663015128 0.8800925925925925 0.022430881585811163 0.05925925925925926
1 0.6364110589462703 0.5513888888888889 0.01773604590505999 0.06388888888888888
1 0.4444444444444444 0.6569444444444444 0.022952529994783515 0.06296296296296296
1 0.21544079290558163 0.7870370370370371 0.01773604590505999 0.05277777777777778
1 0.44835680751173707 0.7240740740740741 0.018257694314032343 0.04814814814814815
1 0.044861763171622326 0.6592592592592592 0.03495044340114763 0.06481481481481481
1 0.36280646844027126 0.6837962962962963 0.016692749087115284 0.04537037037037037
1 0.31977047470005215 0.8458333333333333 0.0198226395409494 0.05925925925925926
1 0.193792383933229 0.5939814814814814 0.023995826812728223 0.09444444444444444
1 0.6791862284820032 0.6902777777777778 0.02556077203964528 0.062037037037037036
1 0.2490871152842984 0.6416666666666667 0.024517475221700575 0.06388888888888888
1 0.17370892018779344 0.7555555555555555 0.02764736567553469 0.044444444444444446
1 0.9191444966092853 0.8472222222222222 0.024517475221700575 0.07037037037037037
1 0.14736567553468963 0.6203703703703703 0.0198226395409494 0.062037037037037036
1 0.025821596244131457 0.475 0.026604068857589983 0.046296296296296294
1 0.9736567553468962 0.6851851851851852 0.03599374021909233 0.06666666666666667
1 0.02634324465310381 0.6949074074074074 0.027125717266562335 0.05092592592592592
1 0.986697965571205 0.7449074074074075 0.026604068857589983 0.05555555555555555
1 0.40271257172665625 0.9027777777777778 0.012519561815336464 0.040740740740740744
1 0.1210224308815858 0.8263888888888888 0.02556077203964528 0.06944444444444445
1 0.02477829942618675 0.7810185185185186 0.024517475221700575 0.04722222222222222
1 0.3901930099113198 0.7361111111111112 0.01564945226917058 0.04537037037037037
1 0.699791340636411 0.6171296296296296 0.0198226395409494 0.07314814814814814
1 0.8823682837767345 0.6925925925925925 0.038601982263954095 0.06574074074074074
1 0.5764214919144497 0.3148148148148148 0.01773604590505999 0.05555555555555555
1 0.5717266562336984 0.3425925925925926 0.020865936358894107 0.06481481481481481