1 0.5057381324986959 0.6421296296296296 0.02608242044861763 0.06574074074074074
1 0.03155972874282734 0.17777777777777778 0.03808033385498174 0.05740740740740741
1 0.5565988523735003 0.600925925925926 0.025039123630672927 0.06666666666666667
1 0.08555033907146584 0.32407407407407407 0.0396452790818988 0.05555555555555555
1 0.7665623369848722 0.8212962962962963 0.027125717266562335 0.06666666666666667
0 0.16353677621283255 0.4615740740740741 0.030777256129368807 0.053703703703703705
0 0.48513302034428796 0.43425925925925923 0.046948356807511735 0.046296296296296294
1 0.1961398017736046 0.700462962962963 0.02764736567553469 0.06481481481481481
0 0.06885758998435054 0.4324074074074074 0.037037037037037035 0.06296296296296296
1 0.1554512258737611 0.6680555555555555 0.025039123630672927 0.05740740740740741
1 0.33776734480959836 0.1625 0.03547209181011998 0.05555555555555555
0 0.301773604590506 0.475 0.03234220135628586 0.05185185185185185
0 0.5419926969222744 0.5037037037037037 0.04538341158059468 0.040740740740740744
1 0.10328638497652583 0.7069444444444445 0.0297339593114241 0.06481481481481481
1 0.16379760041731872 0.6041666666666666 0.027125717266562335 0.06018518518518518
0 0.5751173708920188 0.4300925925925926 0.046426708398539386 0.04814814814814815
1 0.4019300991131977 0.6421296296296296 0.023474178403755867 0.0712962962962963
1 0.07563901930099114 0.23194444444444445 0.030777256129368807 0.05740740740740741
1 0.4603547209181012 0.6990740740740741 0.024517475221700575 0.06574074074074074
1 0.9501825769431403 0.725925925925926 0.03390714658320292 0.06388888888888888
1 0.3648930620761607 0.6351851851851852 0.028690662493479395 0.06481481481481481
1 0.6927490871152843 0.8537037037037037 0.0198226395409494 0.07592592592592592
1 0.26577986437141365 0.7782407407407408 0.02190923317683881 0.05648148148148148
1 0.08581116327595201 0.06296296296296296 0.029212310902451747 0.05462962962962963
1 0.9585289514866979 0.812037037037037 0.02138758476786646 0.06481481481481481
0 0.2811684924360981 0.3337962962962963 0.04747000521648409 0.06481481481481481
1 0.8750652060511216 0.674537037037037 0.025039123630672927 0.0787037037037037
1 0.37532603025560773 0.8439814814814814 0.01617110067814293 0.053703703703703705
1 0.1883150756390193 0.8134259259259259 0.027125717266562335 0.06388888888888888
1 0.4997391757955138 0.762962962962963 0.022430881585811163 0.058333333333333334
1 0.9019300991131977 0.6162037037037037 0.030777256129368807 0.06759259259259259
1 0.31038080333854984 0.5833333333333334 0.028169014084507043 0.046296296296296294
1 0.31038080333854984 0.7976851851851852 0.017214397496087636 0.05185185185185185
1 0.8471570161711007 0.850462962962963 0.027125717266562335 0.05740740740740741
1 0.3171622326551904 0.7439814814814815 0.018257694314032343 0.06666666666666667
1 0.4470526864893062 0.27870370370370373 0.03025560772039645 0.05555555555555555
1 0.495565988523735 0.3282407407407407 0.03338549817423057 0.05092592592592592
0 0.8035993740219093 0.4009259259259259 0.048513302034428794 0.058333333333333334
1 0.7553468961919666 0.7379629629629629 0.029212310902451747 0.06481481481481481
1 0.7553468961919666 0.6125 0.02190923317683881 0.06388888888888888
1 0.5195618153364632 0.22592592592592592 0.029212310902451747 0.06481481481481481
1 0.6338028169014085 0.8652777777777778 0.024517475221700575 0.06944444444444445
1 0.3570683359415754 0.6921296296296297 0.0198226395409494 0.05462962962962963
1 0.37167449139280123 0.2462962962962963 0.028169014084507043 0.05462962962962963
1 0.3226395409494001 0.08148148148148149 0.03182055294731351 0.06111111111111111
1 0.7407407407407407 0.8013888888888889 0.01617110067814293 0.05925925925925926
1 0.9747000521648409 0.5819444444444445 0.03755868544600939 0.07407407407407407
1 0.6416275430359938 0.7356481481481482 0.025039123630672927 0.05740740740740741
0 0.788471570161711 0.4564814814814815 0.05268648930620762 0.053703703703703705
1 0.41027647365675535 0.7282407407407407 0.013041210224308816 0.03425925925925926
1 0.7996870109546166 0.687962962962963 0.019300991131977047 0.04537037037037037
1 0.7334376630151278 0.6365740740740741 0.017214397496087636 0.04351851851851852
1 0.07642149191444966 0.7467592592592592 0.022430881585811163 0.06111111111111111
1 0.8695878977569118 0.7375 0.017214397496087636 0.05462962962962963
1 0.5699008868022952 0.6912037037037037 0.023474178403755867 0.05740740740740741
1 0.22509128847157017 0.8134259259259259 0.01564945226917058 0.046296296296296294
1 0.7081377151799687 0.6842592592592592 0.023995826812728223 0.04722222222222222
1 0.5015649452269171 0.1259259259259259 0.02556077203964528 0.053703703703703705
1 0.9447052686489307 0.9351851851851852 0.01617110067814293 0.06759259259259259
1 0.8067292644757433 0.7865740740740741 0.020865936358894107 0.05185185185185185
1 0.5980699008868023 0.1726851851851852 0.02608242044861763 0.062037037037037036
1 0.9872196139801773 0.6509259259259259 0.02556077203964528 0.05092592592592592
1 0.8236828377673449 0.9643518518518519 0.017214397496087636 0.046296296296296294
1 0.7501304121022431 0.22685185185185186 0.023995826812728223 0.04814814814814815
1 0.9222743870631195 0.11574074074074074 0.03495044340114763 0.05462962962962963
1 0.8974960876369327 0.18009259259259258 0.02138758476786646 0.040740740740740744
1 0.02269170579029734 0.8004629629629629 0.02138758476786646 0.03611111111111111
1 0.2931664058424622 0.020833333333333332 0.01773604590505999 0.03981481481481482
1 0.7503912363067292 0.12037037037037036 0.02138758476786646 0.05277777777777778
0 0.6609285341679708 0.4722222222222222 0.0505998956703182 0.05462962962962963