1 0.5003477656059816 0.8981481481481481 0.030429490523387198 0.07716049382716042
0 0.5185546875 0.449383544921875 0.04803466796875 0.04823722839355469
0 0.406982421875 0.464984130859375 0.05194091796875 0.04452667236328125
1 0.2734375 0.282977294921875 0.026702880859375 0.060506439208984374
0 0.21630859375 0.508319091796875 0.0301513671875 0.052435302734375
1 0.50830078125 0.370947265625 0.0232391357421875 0.05806884765625
1 0.17626953125 0.3102783203125 0.02691650390625 0.059423065185546874
0 0.85400390625 0.607989501953125 0.033599853515625 0.0582855224609375
1 0.7216796875 0.40994873046875 0.020721435546875 0.06489410400390624
1 0.74462890625 0.459783935546875 0.0321044921875 0.060398101806640625
1 0.8359375 0.4231658935546875 0.0305023193359375 0.07811126708984376
1 0.1014404296875 0.3234954833984375 0.02215576171875 0.0513519287109375
1 0.358642578125 0.2905609130859375 0.017578125 0.06852340698242188
1 0.92431640625 0.42728271484375 0.033477783203125 0.06451492309570313
1 0.20556640625 0.3464630126953125 0.023651123046875 0.0665191650390625
1 0.06585693359375 0.2251251220703125 0.029876708984375 0.06343154907226563
0 0.29248046875 0.722393798828125 0.050048828125 0.055902099609375
1 0.533203125 0.2979278564453125 0.0232391357421875 0.05538749694824219
1 0.03021240234375 0.3553466796875 0.037384033203125 0.08499069213867187
1 0.955078125 0.2964111328125 0.031982421875 0.07047348022460938
1 0.865234375 0.3694305419921875 0.0276336669921875 0.06299819946289062
1 0.6259765625 0.3572967529296875 0.0274810791015625 0.04712677001953125
1 0.6748046875 0.3213287353515625 0.023773193359375 0.06749420166015625
1 0.2078857421875 0.2407257080078125 0.0200958251953125 0.06727752685546876
1 0.583984375 0.20941619873046874 0.0181884765625 0.0626190185546875
1 0.9873046875 0.20269927978515626 0.0252685546875 0.06603164672851562
1 0.6875 0.2641265869140625 0.02655029296875 0.06429824829101563
1 0.295166015625 0.18644866943359376 0.0278472900390625 0.06841506958007812
1 0.63525390625 0.287310791015625 0.0194549560546875 0.06310653686523438
1 0.6630859375 0.09203262329101562 0.0162811279296875 0.06440658569335937
1 0.70263671875 0.3390960693359375 0.01229095458984375 0.027382278442382814
1 0.65966796875 0.95943603515625 0.022369384765625 0.05192070007324219
0 0.219970703125 0.836798095703125 0.033721923828125 0.0561187744140625
1 0.7509765625 0.38134765625 0.0245208740234375 0.059748077392578126
1 0.90771484375 0.274310302734375 0.0261993408203125 0.06343154907226563
0 0.16259765625 0.6673583984375 0.051361083984375 0.06516494750976562
1 0.75146484375 0.239642333984375 0.021331787109375 0.06272735595703124
1 0.336669921875 0.2593597412109375 0.0207672119140625 0.048968505859375
1 0.24072265625 0.20161590576171876 0.0294189453125 0.04886016845703125
0 0.939453125 0.744927978515625 0.037322998046875 0.05687713623046875
1 0.90771484375 0.925634765625 0.0257568359375 0.0522186279296875
1 0.82275390625 0.28861083984375 0.0279541015625 0.060506439208984374
1 0.74951171875 0.17626495361328126 0.0271759033203125 0.031688690185546875
1 0.7119140625 0.12209625244140625 0.026458740234375 0.06451492309570313
1 0.64404296875 0.2298919677734375 0.021820068359375 0.05774383544921875
1 0.62744140625 0.1133209228515625 0.0150146484375 0.06440658569335937
1 0.6875 0.12967987060546876 0.0258026123046875 0.061914825439453126
1 0.8623046875 0.227508544921875 0.0240478515625 0.06142730712890625
1 0.0970458984375 0.2398590087890625 0.0221099853515625 0.055062484741210935
1 0.08831787109375 0.027896881103515625 0.0266571044921875 0.050566482543945315
1 0.6005859375 0.2892608642578125 0.0156707763671875 0.04823722839355469
1 0.66162109375 0.1666229248046875 0.01302337646484375 0.030496978759765626
1 0.865234375 0.870599365234375 0.03955078125 0.06180648803710938
0 0.95556640625 0.10297470092773438 0.0306243896484375 0.0682525634765625
1 0.96240234375 0.22068328857421876 0.0200653076171875 0.05538749694824219
1 0.2069091796875 0.19099884033203124 0.014556884765625 0.03567008972167969
0 0.202392578125 0.98370361328125 0.024139404296875 0.03130950927734375
1 0.03173828125 0.2363922119140625 0.021575927734375 0.050674819946289064
1 0.96337890625 0.8753662109375 0.038909912109375 0.07610702514648438
1 0.161865234375 0.18287353515625 0.020172119140625 0.045122528076171876