0 0.5508607198748043 0.5476851851851852 0.04747000521648409 0.044444444444444446
0 0.4788732394366197 0.47824074074074074 0.0297339593114241 0.06388888888888888
1 0.25169535732916015 0.6236111111111111 0.028169014084507043 0.06111111111111111
1 0.6768388106416275 0.3972222222222222 0.019300991131977047 0.06944444444444445
1 0.887584767866458 0.9263888888888889 0.03025560772039645 0.062037037037037036
1 0.7177882107459572 0.18564814814814815 0.024517475221700575 0.062037037037037036
1 0.14919144496609285 0.3675925925925926 0.03025560772039645 0.05092592592592592
0 0.4209702660406886 0.4888888888888889 0.04538341158059468 0.04722222222222222
0 0.47861241523213355 0.6597222222222222 0.05216484089723526 0.05555555555555555
1 0.24021909233176839 0.662962962962963 0.026604068857589983 0.06944444444444445
1 0.5571205007824727 0.4027777777777778 0.027125717266562335 0.06574074074074074
0 0.6830985915492958 0.5185185185185185 0.050078247261345854 0.05185185185185185
1 0.6314553990610329 0.39305555555555555 0.026604068857589983 0.07685185185185185
1 0.7391757955138237 0.2722222222222222 0.028169014084507043 0.07037037037037037
1 0.10954616588419405 0.3675925925925926 0.03390714658320292 0.05925925925925926
0 0.3401147626499739 0.5902777777777778 0.05216484089723526 0.05277777777777778
1 0.752999478351591 0.15 0.0198226395409494 0.062037037037037036
1 0.6011997913406364 0.5995370370370371 0.02556077203964528 0.07037037037037037
1 0.6544079290558164 0.30185185185185187 0.023474178403755867 0.06481481481481481
1 0.6220657276995305 0.2263888888888889 0.01773604590505999 0.06296296296296296
1 0.4953051643192488 0.3277777777777778 0.022430881585811163 0.08333333333333333
1 0.5247782994261867 0.4 0.017214397496087636 0.06944444444444445
1 0.5083463745435577 0.23657407407407408 0.02138758476786646 0.07407407407407407
1 0.9092331768388107 0.32407407407407407 0.020865936358894107 0.06574074074074074
1 0.8622848200312989 0.3111111111111111 0.03547209181011998 0.06666666666666667
1 0.34533124673969745 0.3990740740740741 0.03234220135628586 0.07037037037037037
1 0.37063119457485655 0.36574074074074076 0.026604068857589983 0.05648148148148148
0 0.41679707876890976 0.5990740740740741 0.038601982263954095 0.05648148148148148
1 0.45096504955659883 0.7912037037037037 0.02138758476786646 0.06388888888888888
0 0.4254042775169536 0.5314814814814814 0.05216484089723526 0.046296296296296294
1 0.16145018257694313 0.3101851851851852 0.027125717266562335 0.058333333333333334
1 0.4470526864893062 0.7523148148148148 0.023474178403755867 0.05925925925925926
1 0.6142410015649452 0.34675925925925927 0.023474178403755867 0.06759259259259259
1 0.8286384976525821 0.34074074074074073 0.022430881585811163 0.05185185185185185
1 0.06990088680229525 0.3287037037037037 0.03442879499217527 0.06574074074074074
1 0.5928534167970788 0.2916666666666667 0.027125717266562335 0.06666666666666667
1 0.3129890453834116 0.32685185185185184 0.022952529994783515 0.06296296296296296
1 0.4757433489827856 0.41805555555555557 0.028169014084507043 0.06666666666666667
1 0.9165362545644236 0.2162037037037037 0.03025560772039645 0.06388888888888888
1 0.8140323422013563 0.1412037037037037 0.022952529994783515 0.0712962962962963
1 0.6630151278038602 0.34953703703703703 0.024517475221700575 0.06111111111111111
1 0.8873239436619719 0.2625 0.023995826812728223 0.05925925925925926
0 0.27673448095983305 0.4842592592592593 0.054773082942097026 0.046296296296296294
1 0.3922796035472092 0.29814814814814816 0.017214397496087636 0.06018518518518518
0 0.7081377151799687 0.6759259259259259 0.0297339593114241 0.053703703703703705
1 0.8672404799165363 0.3907407407407407 0.025039123630672927 0.06388888888888888
1 0.5127803860198227 0.6037037037037037 0.02138758476786646 0.05740740740740741
1 0.5610328638497653 0.22083333333333333 0.0198226395409494 0.07037037037037037
1 0.979394887845592 0.29074074074074074 0.028690662493479395 0.07037037037037037
1 0.8802816901408451 0.22824074074074074 0.028690662493479395 0.05555555555555555
1 0.8857589984350548 0.3574074074074074 0.023995826812728223 0.05925925925925926
1 0.5552947313510693 0.3365740740740741 0.029212310902451747 0.06666666666666667
1 0.1309337506520605 0.22314814814814815 0.02556077203964528 0.06481481481481481
1 0.7918622848200313 0.4638888888888889 0.019300991131977047 0.049074074074074076
1 0.3111632759520083 0.17407407407407408 0.023995826812728223 0.06296296296296296
1 0.06155451225873761 0.24722222222222223 0.03338549817423057 0.05092592592592592
1 0.8935837245696401 0.8671296296296296 0.029212310902451747 0.06018518518518518
1 0.13510693792383932 0.9111111111111111 0.029212310902451747 0.053703703703703705
0 0.01643192488262911 0.4486111111111111 0.03234220135628586 0.06388888888888888
1 0.6635367762128326 0.0824074074074074 0.02190923317683881 0.06111111111111111
1 0.6904016692749088 0.2935185185185185 0.02764736567553469 0.05925925925925926
1 0.7031820552947313 0.8925925925925926 0.040166927490871154 0.05648148148148148
0 0.9736567553468962 0.2625 0.0505998956703182 0.05
1 0.02112676056338028 0.2337962962962963 0.03182055294731351 0.07407407407407407
1 0.37871674491392804 0.24259259259259258 0.018779342723004695 0.05185185185185185
1 0.6846635367762128 0.18009259259259258 0.02190923317683881 0.06018518518518518
1 0.9574856546687532 0.05092592592592592 0.01617110067814293 0.0712962962962963
1 0.5785080855503391 0.2759259259259259 0.023995826812728223 0.053703703703703705
1 0.0936358894105373 0.8379629629629629 0.04747000521648409 0.058333333333333334
0 0.5263432446531038 0.7222222222222222 0.044861763171622326 0.07777777777777778
1 0.9063641105894628 0.9013888888888889 0.023995826812728223 0.05277777777777778
1 0.6797078768909754 0.13564814814814816 0.020865936358894107 0.05277777777777778
1 0.1958789775691184 0.22037037037037038 0.027125717266562335 0.06296296296296296
1 0.8998435054773083 0.8111111111111111 0.026604068857589983 0.041666666666666664
1 0.352112676056338 0.24675925925925926 0.022430881585811163 0.041666666666666664
1 0.2506520605112154 0.18564814814814815 0.022952529994783515 0.06851851851851852
1 0.22952529994783516 0.26435185185185184 0.022430881585811163 0.05925925925925926
1 0.8988002086593636 0.29768518518518516 0.02138758476786646 0.05740740740740741
1 0.8265519040166928 0.21342592592592594 0.023474178403755867 0.06851851851851852
1 0.051643192488262914 0.17962962962962964 0.019300991131977047 0.04351851851851852
1 0.6278038601982264 0.12268518518518519 0.02034428794992175 0.05185185185185185
0 0.9747000521648409 0.08472222222222223 0.03390714658320292 0.06666666666666667
1 0.21857068335941576 0.17962962962962964 0.022430881585811163 0.05462962962962963
1 0.6019822639540949 0.18564814814814815 0.017214397496087636 0.062037037037037036
1 0.4019300991131977 0.9462962962962963 0.03025560772039645 0.0712962962962963
1 0.5083463745435577 0.06712962962962964 0.02190923317683881 0.05092592592592592
1 0.8881064162754304 0.7472222222222222 0.03129890453834116 0.03888888888888889
1 0.25925925925925924 0.9791666666666666 0.025039123630672927 0.03888888888888889
1 0.7524778299426187 0.9800925925925926 0.023995826812728223 0.037037037037037035