0 0.7582159624413145 0.4375 0.030777256129368807 0.05925925925925926
0 0.5315597287428273 0.449537037037037 0.05581637976004173 0.05277777777777778
0 0.6658841940532081 0.4583333333333333 0.05268648930620762 0.04537037037037037
1 0.3711528429838289 0.6037037037037037 0.018257694314032343 0.06759259259259259
1 0.38184663536776214 0.8074074074074075 0.018257694314032343 0.0712962962962963
1 0.8985393844548775 0.175 0.03808033385498174 0.06018518518518518
0 0.881585811163276 0.5222222222222223 0.05268648930620762 0.04259259259259259
1 0.847678664580073 0.3189814814814815 0.0396452790818988 0.0712962962962963
1 0.43114241001564946 0.6453703703703704 0.027125717266562335 0.06666666666666667
1 0.8411580594679187 0.7129629629629629 0.02764736567553469 0.06388888888888888
1 0.10146061554512259 0.8495370370370371 0.02608242044861763 0.062037037037037036
1 0.7511737089201878 0.7101851851851851 0.027125717266562335 0.06851851851851852
1 0.5910276473656755 0.07175925925925926 0.023995826812728223 0.062037037037037036
1 0.3174230568596766 0.8671296296296296 0.022952529994783515 0.07222222222222222
1 0.5795513823682837 0.6518518518518519 0.020865936358894107 0.06666666666666667
1 0.5897235263432447 0.16435185185185186 0.03599374021909233 0.05555555555555555
1 0.5286906624934794 0.587037037037037 0.03129890453834116 0.07037037037037037
1 0.017475221700573813 0.7648148148148148 0.026604068857589983 0.0712962962962963
1 0.6384976525821596 0.712037037037037 0.02764736567553469 0.06481481481481481
0 0.06885758998435054 0.4444444444444444 0.05529473135106938 0.04259259259259259
1 0.05920709441836203 0.6532407407407408 0.025039123630672927 0.06851851851851852
1 0.18753260302556077 0.8273148148148148 0.023995826812728223 0.06481481481481481
1 0.543035993740219 0.6541666666666667 0.023474178403755867 0.062037037037037036
1 0.9783515910276473 0.637962962962963 0.036515388628064686 0.06574074074074074
1 0.18544600938967137 0.10462962962962963 0.02764736567553469 0.08518518518518518
1 0.9702660406885759 0.5708333333333333 0.029212310902451747 0.05185185185185185
0 0.24074074074074073 0.38842592592592595 0.05112154407929056 0.053703703703703705
1 0.16562336984872197 0.6467592592592593 0.02190923317683881 0.06111111111111111
1 0.22117892540427753 0.6523148148148148 0.02608242044861763 0.06296296296296296
1 0.18596765779864372 0.7509259259259259 0.028169014084507043 0.06481481481481481
1 0.8615023474178404 0.06759259259259259 0.027125717266562335 0.06111111111111111
1 0.038601982263954095 0.5731481481481482 0.02608242044861763 0.0712962962962963
0 0.14501825769431403 0.39537037037037037 0.056859676577986434 0.05740740740740741
1 0.4859154929577465 0.7 0.02764736567553469 0.06388888888888888
1 0.7540427751695358 0.8050925925925926 0.025039123630672927 0.062037037037037036
0 0.33437663015127805 0.41388888888888886 0.046426708398539386 0.05092592592592592
0 0.16458007303077726 0.5208333333333334 0.03025560772039645 0.049074074074074076
1 0.20552947313510694 0.5800925925925926 0.023995826812728223 0.06666666666666667
1 0.7717788210745957 0.6152777777777778 0.029212310902451747 0.06574074074074074
1 0.923056859676578 0.825462962962963 0.026604068857589983 0.06481481481481481
1 0.35941575378195095 0.6893518518518519 0.01773604590505999 0.06851851851851852
0 0.9752217005738133 0.475 0.04747000521648409 0.05925925925925926
1 0.4872196139801774 0.2962962962962963 0.027125717266562335 0.05740740740740741
1 0.6314553990610329 0.5912037037037037 0.028169014084507043 0.05462962962962963
0 0.04747000521648409 0.39490740740740743 0.04903495044340115 0.05277777777777778
1 0.7824726134585289 0.7657407407407407 0.022430881585811163 0.07407407407407407
1 0.8648930620761607 0.7532407407407408 0.022952529994783515 0.05925925925925926
1 0.3369848721961398 0.1837962962962963 0.022952529994783515 0.06666666666666667
1 0.43453312467396976 0.1361111111111111 0.028169014084507043 0.05
1 0.14945226917057902 0.700925925925926 0.02556077203964528 0.053703703703703705
1 0.6100678142931664 0.3106481481481482 0.03547209181011998 0.05092592592592592
1 0.45618153364632236 0.7763888888888889 0.022430881585811163 0.058333333333333334
1 0.2509128847157016 0.8564814814814815 0.014084507042253521 0.062037037037037036
1 0.14397496087636932 0.7916666666666666 0.019300991131977047 0.046296296296296294
1 0.4217527386541471 0.24814814814814815 0.036515388628064686 0.058333333333333334
1 0.5565988523735003 0.25 0.025039123630672927 0.05462962962962963
1 0.18701095461658843 0.21388888888888888 0.03442879499217527 0.08888888888888889
1 0.046426708398539386 0.18333333333333332 0.028169014084507043 0.05648148148148148
1 0.9893062076160668 0.8027777777777778 0.02138758476786646 0.05740740740740741
1 0.4316640584246218 0.35138888888888886 0.03442879499217527 0.053703703703703705
1 0.8429838288993219 0.8143518518518519 0.018257694314032343 0.05740740740740741
1 0.5401669274908711 0.7439814814814815 0.015127803860198226 0.06388888888888888
0 0.04538341158059468 0.9162037037037037 0.03286384976525822 0.06666666666666667
1 0.6460615545122588 0.8023148148148148 0.01773604590505999 0.05092592592592592
1 0.23865414710485133 0.7291666666666666 0.03234220135628586 0.04259259259259259
1 0.08502869066249348 0.7490740740740741 0.02764736567553469 0.05925925925925926
1 0.06285863328116849 0.9486111111111111 0.01773604590505999 0.06944444444444445
1 0.9853938445487741 0.7134259259259259 0.028690662493479395 0.07407407407407407
1 0.692227438706312 0.774074074074074 0.023474178403755867 0.05185185185185185
1 0.9903495044340115 0.26296296296296295 0.018779342723004695 0.05555555555555555
1 0.3114241001564945 0.7347222222222223 0.023474178403755867 0.049074074074074076
1 0.015127803860198226 0.09444444444444444 0.0297339593114241 0.024074074074074074
1 0.5936358894105372 0.7625 0.02138758476786646 0.05555555555555555
1 0.6171100678142931 0.7787037037037037 0.017214397496087636 0.04537037037037037
1 0.7274387063119457 0.8236111111111111 0.01617110067814293 0.05185185185185185
0 0.9107981220657277 0.36018518518518516 0.058424621804903494 0.041666666666666664