0 0.18994140625 0.516119384765625 0.0504150390625 0.04704551696777344
0 0.72021484375 0.580255126953125 0.0546875 0.04980812072753906
0 0.4052734375 0.48101806640625 0.05072021484375 0.04040985107421875
0 0.15771484375 0.68555908203125 0.0526123046875 0.07399444580078125
1 0.62890625 0.94036865234375 0.0246124267578125 0.060506439208984374
1 0.8203125 0.15654754638671875 0.0285491943359375 0.058935546875
0 0.11474609375 0.540386962890625 0.051544189453125 0.050187301635742185
1 0.84716796875 0.773529052734375 0.032470703125 0.05806884765625
1 0.228515625 0.751861572265625 0.026763916015625 0.0647857666015625
1 0.701171875 0.3828643798828125 0.0190582275390625 0.06418991088867188
1 0.01983642578125 0.94556884765625 0.038604736328125 0.06007308959960937
1 0.54296875 0.2511260986328125 0.0240936279296875 0.06852340698242188
1 0.43310546875 0.558154296875 0.027587890625 0.0834197998046875
1 0.318603515625 0.584588623046875 0.03179931640625 0.06359405517578125
1 0.01242828369140625 0.54688720703125 0.02386474609375 0.058935546875
1 0.62060546875 0.3694305419921875 0.0254669189453125 0.05731048583984375
1 0.355712890625 0.34927978515625 0.0299224853515625 0.06906509399414062
1 0.233154296875 0.705059814453125 0.023651123046875 0.06500244140625
1 0.64794921875 0.83896484375 0.0269622802734375 0.059748077392578126
1 0.822265625 0.408648681640625 0.0325927734375 0.0656524658203125
1 0.69482421875 0.306378173828125 0.02606201171875 0.06613998413085938
0 0.05059814453125 0.4524169921875 0.0297088623046875 0.05384368896484375
0 0.84375 0.559454345703125 0.0521240234375 0.059964752197265624
1 0.47705078125 0.3863311767578125 0.0237274169921875 0.06440658569335937
1 0.623046875 0.3135284423828125 0.0225830078125 0.05384368896484375
1 0.658203125 0.329779052734375 0.021453857421875 0.05796051025390625
1 0.861328125 0.841998291015625 0.0330810546875 0.059423065185546874
1 0.8798828125 0.3854644775390625 0.02691650390625 0.06749420166015625
1 0.84619140625 0.3018280029296875 0.0245208740234375 0.06841506958007812
0 0.50537109375 0.627923583984375 0.049407958984375 0.04409332275390625
1 0.96630859375 0.316778564453125 0.03143310546875 0.06689834594726562
1 0.7724609375 0.3854644775390625 0.0268096923828125 0.062023162841796875
1 0.42919921875 0.38221435546875 0.0302734375 0.06538162231445313
1 0.398193359375 0.272576904296875 0.024658203125 0.06635665893554688
1 0.489501953125 0.2606597900390625 0.0252685546875 0.07090682983398437
1 0.09515380859375 0.3117950439453125 0.035491943359375 0.0569854736328125
1 0.68603515625 0.2589263916015625 0.025421142578125 0.060506439208984374
1 0.90625 0.3143951416015625 0.0289764404296875 0.06489410400390624
0 0.06585693359375 0.413848876953125 0.05072021484375 0.04504127502441406
1 0.943359375 0.2823272705078125 0.035614013671875 0.06321487426757813
1 0.9248046875 0.362713623046875 0.033203125 0.06121063232421875
1 0.88037109375 0.163372802734375 0.0188751220703125 0.060398101806640625
1 0.1619873046875 0.3135284423828125 0.03424072265625 0.055902099609375
1 0.77001953125 0.2714935302734375 0.0209197998046875 0.06548995971679687
1 0.24072265625 0.354046630859375 0.030731201171875 0.059964752197265624
1 0.32275390625 0.360546875 0.0311431884765625 0.06440658569335937
1 0.9716796875 0.402581787109375 0.0305023193359375 0.05143318176269531
1 0.57666015625 0.4270660400390625 0.025665283203125 0.04823722839355469
1 0.3095703125 0.27301025390625 0.0209197998046875 0.06765670776367187
0 0.07421875 0.497052001953125 0.0567626953125 0.0574188232421875
1 0.41845703125 0.3295623779296875 0.019195556640625 0.06689834594726562
1 0.87060546875 0.96290283203125 0.0272216796875 0.05311241149902344
1 0.818359375 0.2238250732421875 0.0185089111328125 0.060506439208984374
1 0.283935546875 0.3681304931640625 0.0268096923828125 0.05839385986328125
1 0.66015625 0.246575927734375 0.0238189697265625 0.07117767333984375
1 0.86181640625 0.2376922607421875 0.025665283203125 0.06272735595703124
1 0.263671875 0.19847412109375 0.02484130859375 0.060506439208984374
0 0.77294921875 0.2463592529296875 0.04840087890625 0.04054527282714844
1 0.93017578125 0.14571380615234375 0.028594970703125 0.06099395751953125
1 0.673828125 0.3588134765625 0.022247314453125 0.05752716064453125
1 0.3779296875 0.8476318359375 0.036163330078125 0.06099395751953125
1 0.71875 0.2012908935546875 0.019378662109375 0.061102294921875
1 0.462646484375 0.3122283935546875 0.0271148681640625 0.06727752685546876
1 0.43896484375 0.28427734375 0.0239105224609375 0.06879425048828125
1 0.043365478515625 0.22967529296875 0.0280609130859375 0.06944427490234376
1 0.6533203125 0.875799560546875 0.02880859375 0.0556854248046875
1 0.158203125 0.262176513671875 0.02886962890625 0.050566482543945315
1 0.3759765625 0.731494140625 0.01971435546875 0.044689178466796875
1 0.07879638671875 0.348846435546875 0.033599853515625 0.0647857666015625
1 0.96728515625 0.2415924072265625 0.022796630859375 0.068035888671875
1 0.1494140625 0.1991241455078125 0.0233306884765625 0.05476455688476563
1 0.64990234375 0.078436279296875 0.014007568359375 0.06099395751953125
1 0.322021484375 0.2337921142578125 0.0222930908203125 0.06310653686523438
1 0.63427734375 0.20161590576171876 0.0191192626953125 0.0639190673828125
1 0.386474609375 0.2541595458984375 0.0191650390625 0.05322074890136719
1 0.27587890625 0.3325958251953125 0.0218658447265625 0.0483184814453125
1 0.83447265625 0.3646636962890625 0.0194244384765625 0.04336204528808594
1 0.9863929748535156 0.9007911964699075 0.02721405029296875 0.054439544677734375
1 0.96142578125 0.0561187744140625 0.0173797607421875 0.06689834594726562
1 0.642578125 0.763128662109375 0.03656005859375 0.0816864013671875
0 0.53271484375 0.494451904296875 0.0504150390625 0.04211616516113281
1 0.1849365234375 0.2251251220703125 0.0197906494140625 0.05362701416015625
1 0.1361083984375 0.244842529296875 0.02886962890625 0.04300994873046875
1 0.09600830078125 0.244842529296875 0.0276336669921875 0.046422576904296874
1 0.51123046875 0.95596923828125 0.03314208984375 0.043091201782226564
1 0.8994140625 0.21526641845703126 0.02288818359375 0.041980743408203125
1 0.2059326171875 0.1354217529296875 0.0150146484375 0.052435302734375
1 0.7978515625 0.3455963134765625 0.0233306884765625 0.04300994873046875
1 0.64306640625 0.14809722900390626 0.0163421630859375 0.05322074890136719
1 0.0300445556640625 0.24527587890625 0.017913818359375 0.0513519287109375
1 0.07080078125 0.17593994140625 0.0248870849609375 0.04108695983886719
0 0.9765625 0.0903533935546875 0.0310211181640625 0.06624832153320312
1 0.276611328125 0.2964111328125 0.0225830078125 0.047939300537109375
1 0.6845703125 0.9759033203125 0.0302734375 0.032853317260742185