0 0.5972874282733438 0.3731481481481482 0.03234220135628586 0.05925925925925926
0 0.431924882629108 0.4287037037037037 0.05268648930620762 0.04351851851851852
1 0.7793427230046949 0.6712962962962963 0.03338549817423057 0.075
0 0.6919666145018257 0.43796296296296294 0.02764736567553469 0.05925925925925926
0 0.40688575899843504 0.5078703703703704 0.04277516953573292 0.05555555555555555
1 0.5404277516953573 0.2722222222222222 0.022430881585811163 0.062037037037037036
0 0.892018779342723 0.41574074074074074 0.05738132498695879 0.046296296296296294
1 0.5824204486176318 0.5546296296296296 0.0297339593114241 0.06481481481481481
1 0.7157016171100679 0.6921296296296297 0.02138758476786646 0.06944444444444445
0 0.5015649452269171 0.475462962962963 0.04434011476264997 0.044444444444444446
1 0.5816379760041732 0.7050925925925926 0.028169014084507043 0.06296296296296296
1 0.6572769953051644 0.700925925925926 0.02608242044861763 0.06481481481481481
1 0.0440792905581638 0.663425925925926 0.03182055294731351 0.0712962962962963
1 0.760302556077204 0.6953703703703704 0.0198226395409494 0.06296296296296296
1 0.019300991131977047 0.711574074074074 0.03599374021909233 0.062037037037037036
1 0.9418362023995827 0.5875 0.03286384976525822 0.07222222222222222
1 0.9809598330725091 0.687962962962963 0.023995826812728223 0.05925925925925926
1 0.08633281168492436 0.7324074074074074 0.03234220135628586 0.06574074074074074
1 0.44966092853416795 0.6532407407407408 0.02764736567553469 0.07037037037037037
0 0.057902973395931145 0.524074074074074 0.027125717266562335 0.06388888888888888
1 0.6113719353155973 0.7384259259259259 0.016692749087115284 0.06666666666666667
1 0.2863849765258216 0.6625 0.0297339593114241 0.06296296296296296
1 0.8375065206051121 0.8263888888888888 0.028169014084507043 0.06666666666666667
1 0.9595722483046427 0.7763888888888889 0.02190923317683881 0.06018518518518518
1 0.10772039645279081 0.6458333333333334 0.03495044340114763 0.07037037037037037
1 0.8302034428794992 0.07592592592592592 0.0297339593114241 0.05925925925925926
1 0.5318205529473136 0.8115740740740741 0.023474178403755867 0.06944444444444445
1 0.5331246739697444 0.7305555555555555 0.017214397496087636 0.06388888888888888
1 0.2962962962962963 0.5731481481481482 0.019300991131977047 0.06388888888888888
1 0.8836724047991653 0.837037037037037 0.02190923317683881 0.06481481481481481
1 0.12962962962962962 0.6949074074074074 0.03234220135628586 0.06111111111111111
1 0.6768388106416275 0.8814814814814815 0.018779342723004695 0.06759259259259259
1 0.22978612415232133 0.7240740740740741 0.03025560772039645 0.07037037037037037
1 0.9418362023995827 0.6828703703703703 0.028690662493479395 0.06574074074074074
1 0.6074595722483046 0.625462962962963 0.022430881585811163 0.05462962962962963
1 0.16692749087115286 0.7458333333333333 0.030777256129368807 0.06481481481481481
1 0.6343244653103808 0.7615740740740741 0.023474178403755867 0.05277777777777778
1 0.42123109024517474 0.1337962962962963 0.02556077203964528 0.05185185185185185
1 0.7050078247261345 0.812037037037037 0.01773604590505999 0.062037037037037036
1 0.9282733437663016 0.8226851851851852 0.0198226395409494 0.06666666666666667
1 0.5975482524778299 0.8046296296296296 0.017214397496087636 0.05740740740740741
1 0.202660406885759 0.15231481481481482 0.036515388628064686 0.053703703703703705
1 0.3933229003651539 0.725925925925926 0.024517475221700575 0.05277777777777778
1 0.1562336984872196 0.06666666666666667 0.03286384976525822 0.06111111111111111
1 0.9405320813771518 0.7157407407407408 0.02556077203964528 0.06296296296296296
0 0.9778299426186751 0.6402777777777777 0.04434011476264997 0.05555555555555555
1 0.8482003129890454 0.7523148148148148 0.02190923317683881 0.06944444444444445
1 0.2237871674491393 0.18055555555555555 0.028690662493479395 0.058333333333333334
1 0.20892018779342722 0.21203703703703702 0.023995826812728223 0.044444444444444446