0 0.91015625 0.3934461805555556 0.05389404296875 0.05221896701388889
0 0.311767578125 0.5086805555555556 0.052703857421875 0.048665364583333336
0 0.2900390625 0.6701388888888888 0.05242919921875 0.04307725694444445
0 0.216796875 0.5985243055555556 0.052825927734375 0.044596354166666664
0 0.2054443359375 0.5282118055555556 0.0413818359375 0.056640625
0 0.251953125 0.3151041666666667 0.048492431640625 0.048014322916666664
0 0.242919921875 0.7209201388888888 0.045196533203125 0.05211046006944445
0 0.23193359375 0.38671875 0.049591064453125 0.037272135416666664
0 0.06304931640625 0.3220486111111111 0.04168701171875 0.04172092013888889
0 0.9287109375 0.4769965277777778 0.046630859375 0.06439887152777778
0 0.26513671875 0.4359809027777778 0.040374755859375 0.0681423611111111
0 0.341552734375 0.5989583333333334 0.03533935546875 0.03976779513888889
0 0.09686279296875 0.4691840277777778 0.0279083251953125 0.058159722222222224
0 0.96630859375 0.330078125 0.0274810791015625 0.055365668402777776
0 0.035675048828125 0.8038194444444444 0.060760498046875 0.048583984375
0 0.9228515625 0.3515625 0.0271759033203125 0.046956380208333336