0 0.80322265625 0.5477430555555556 0.051849365234375 0.04196506076388889
0 0.26513671875 0.55078125 0.053985595703125 0.036566840277777776
0 0.61572265625 0.4181857638888889 0.04595947265625 0.03968641493055555
0 0.80517578125 0.7612847222222222 0.056121826171875 0.041015625
0 0.6533203125 0.5611979166666666 0.04638671875 0.050944010416666664
0 0.421142578125 0.4403211805555556 0.050048828125 0.040473090277777776
0 0.433837890625 0.6032986111111112 0.05072021484375 0.04250759548611111
0 0.8466796875 0.3031684027777778 0.050994873046875 0.046332465277777776
0 0.491455078125 0.5091145833333334 0.05108642578125 0.041069878472222224
0 0.93896484375 0.3739149305555556 0.048492431640625 0.043267144097222224
0 0.71142578125 0.7860243055555556 0.0526123046875 0.048583984375
0 0.50927734375 0.3307291666666667 0.043609619140625 0.04334852430555555
0 0.27978515625 0.3680555555555556 0.048126220703125 0.04383680555555555
0 0.72021484375 0.8546006944444444 0.05889892578125 0.054009331597222224
0 0.5634765625 0.2975260416666667 0.04132080078125 0.04115125868055555
0 0.2293701171875 0.7921006944444444 0.05242919921875 0.05881076388888889
0 0.3603515625 0.7834201388888888 0.0567626953125 0.0537109375
0 0.7099609375 0.7200520833333334 0.034698486328125 0.051025390625
0 0.537109375 0.6085069444444444 0.048675537109375 0.037353515625
0 0.595703125 0.6870659722222222 0.046630859375 0.039469401041666664
0 0.509765625 0.7204861111111112 0.0592041015625 0.04812282986111111
0 0.966796875 0.7638888888888888 0.05072021484375 0.046223958333333336
0 0.50830078125 0.4016927083333333 0.04400634765625 0.044759114583333336