0 0.3140625 0.5537037037037037 0.04791666666666667 0.04351851851851852
0 0.16692708333333334 0.5046296296296297 0.04895833333333333 0.046296296296296294
0 0.6229166666666667 0.5231481481481481 0.0484375 0.04351851851851852
0 0.46770833333333334 0.6398148148148148 0.0453125 0.040740740740740744
0 0.3109375 0.4550925925925926 0.0484375 0.04814814814814815
0 0.23229166666666667 0.35555555555555557 0.049479166666666664 0.046296296296296294
0 0.15911458333333334 0.586574074074074 0.03854166666666667 0.04259259259259259
0 0.31588541666666664 0.6541666666666667 0.0453125 0.04537037037037037
0 0.40625 0.5824074074074074 0.0421875 0.041666666666666664
0 0.7755208333333333 0.6388888888888888 0.04791666666666667 0.05092592592592592
0 0.47604166666666664 0.5375 0.04791666666666667 0.041666666666666664
0 0.7377604166666667 0.6768518518518518 0.043229166666666666 0.03148148148148148
0 0.45078125 0.3055555555555556 0.058854166666666666 0.05092592592592592
0 0.9856770833333334 0.6583333333333333 0.027604166666666666 0.06018518518518518
0 0.5598958333333334 0.04583333333333333 0.052083333333333336 0.07037037037037037