0 0.5541666666666667 0.5138888888888888 0.051041666666666666 0.044444444444444446
0 0.11145833333333334 0.6092592592592593 0.0453125 0.044444444444444446
0 0.71796875 0.5162037037037037 0.05260416666666667 0.03981481481481482
0 0.3927083333333333 0.6675925925925926 0.043229166666666666 0.044444444444444446
0 0.6546875 0.412962962962963 0.030729166666666665 0.05185185185185185
0 0.28619791666666666 0.6643518518518519 0.04583333333333333 0.046296296296296294
0 0.40182291666666664 0.6162037037037037 0.046875 0.04722222222222222
0 0.8932291666666666 0.5810185185185185 0.0484375 0.040740740740740744
0 0.5752604166666667 0.6282407407407408 0.044270833333333336 0.04259259259259259
0 0.020572916666666666 0.5592592592592592 0.04114583333333333 0.05
0 0.6208333333333333 0.5699074074074074 0.04635416666666667 0.037037037037037035
0 0.21380208333333334 0.4861111111111111 0.04583333333333333 0.04814814814814815
0 0.37213541666666666 0.1 0.029166666666666667 0.053703703703703705
0 0.06822916666666666 0.4930555555555556 0.046875 0.04351851851851852
0 0.98125 0.44212962962962965 0.035416666666666666 0.058333333333333334
0 0.44088541666666664 0.8555555555555555 0.0171875 0.062037037037037036