0 0.13880208333333333 0.5041666666666667 0.0484375 0.05925925925925926
0 0.0875 0.6606481481481481 0.04739583333333333 0.044444444444444446
0 0.19010416666666666 0.6259259259259259 0.046875 0.046296296296296294
0 0.5049479166666667 0.3912037037037037 0.04375 0.062037037037037036
0 0.35651041666666666 0.6037037037037037 0.046875 0.05555555555555555
0 0.7294270833333333 0.41898148148148145 0.04791666666666667 0.05092592592592592
1 0.71484375 0.7041666666666667 0.021875 0.07037037037037037
0 0.8533854166666667 0.5504629629629629 0.04479166666666667 0.05648148148148148
0 0.7109375 0.6171296296296296 0.04739583333333333 0.05277777777777778
0 0.3078125 0.36712962962962964 0.05416666666666667 0.04722222222222222
0 0.5044270833333333 0.5736111111111111 0.040625 0.06296296296296296
0 0.04114583333333333 0.7148148148148148 0.04895833333333333 0.03888888888888889
0 0.6802083333333333 0.5273148148148148 0.043229166666666666 0.040740740740740744
0 0.9744791666666667 0.34305555555555556 0.051041666666666666 0.046296296296296294
0 0.7216145833333333 0.33611111111111114 0.052083333333333336 0.053703703703703705
0 0.7807291666666667 0.5064814814814815 0.041666666666666664 0.05277777777777778
0 0.34348958333333335 0.6986111111111111 0.035416666666666666 0.046296296296296294