1 0.78955078125 0.234442138671875 0.0282745361328125 0.04869766235351562
0 0.172119140625 0.543853759765625 0.033477783203125 0.06576080322265625
1 0.498779296875 0.42294921875 0.0252227783203125 0.0693359375
1 0.439208984375 0.720660400390625 0.0299224853515625 0.0626190185546875
0 0.400634765625 0.60755615234375 0.03143310546875 0.06429824829101563
1 0.57568359375 0.384381103515625 0.0263519287109375 0.07697372436523438
0 0.44775390625 0.515252685546875 0.02630615234375 0.06018142700195313
0 0.194580078125 0.479718017578125 0.05194091796875 0.04504127502441406
0 0.2509765625 0.52088623046875 0.050048828125 0.04504127502441406
1 0.0509033203125 0.2979278564453125 0.0313720703125 0.061914825439453126
1 0.63427734375 0.3126617431640625 0.021697998046875 0.06765670776367187
1 0.2125244140625 0.328045654296875 0.0271148681640625 0.07009429931640625
1 0.8857421875 0.2233917236328125 0.0284881591796875 0.062835693359375
1 0.671875 0.327178955078125 0.0208892822265625 0.063702392578125
1 0.321044921875 0.864532470703125 0.034942626953125 0.052435302734375
1 0.93212890625 0.848931884765625 0.05023193359375 0.07486114501953126
1 0.93310546875 0.2714935302734375 0.0263519287109375 0.06321487426757813
1 0.5830078125 0.2894775390625 0.0200653076171875 0.06451492309570313
0 0.89794921875 0.360980224609375 0.05059814453125 0.04712677001953125
1 0.5322265625 0.24354248046875 0.022369384765625 0.06451492309570313
1 0.01495361328125 0.2615264892578125 0.029815673828125 0.0656524658203125
1 0.9814453125 0.4108154296875 0.0303802490234375 0.0903533935546875
1 0.94091796875 0.1542724609375 0.021575927734375 0.0712860107421875
1 0.8642578125 0.2790771484375 0.0321044921875 0.07074432373046875
1 0.85498046875 0.4006317138671875 0.0316162109375 0.076702880859375
0 0.92041015625 0.6153564453125 0.058441162109375 0.05154151916503906
0 0.64453125 0.526953125 0.048492431640625 0.05403327941894531
1 0.327880859375 0.2641265869140625 0.0184326171875 0.0587188720703125
1 0.28564453125 0.20269927978515626 0.0156707763671875 0.051731109619140625
1 0.12066650390625 0.8372314453125 0.03314208984375 0.059964752197265624
1 0.64013671875 0.18124847412109374 0.0214080810546875 0.06321487426757813
1 0.1583251953125 0.2706268310546875 0.02337646484375 0.07291107177734375
1 0.57421875 0.2268585205078125 0.019561767578125 0.0535186767578125
1 0.509765625 0.287744140625 0.02069091796875 0.07074432373046875
1 0.8203125 0.14679718017578125 0.0238189697265625 0.06852340698242188
1 0.2125244140625 0.4092987060546875 0.0147857666015625 0.034478378295898435
1 0.06109619140625 0.92650146484375 0.0439453125 0.05882720947265625
1 0.388427734375 0.3414794921875 0.03179931640625 0.0695526123046875
1 0.8525390625 0.18189849853515624 0.0269622802734375 0.06576080322265625
1 0.70556640625 0.3276123046875 0.034027099609375 0.08092803955078125
1 0.095703125 0.2450592041015625 0.0218658447265625 0.06613998413085938
1 0.72021484375 0.91090087890625 0.0369873046875 0.05904388427734375
1 0.155517578125 0.19879913330078125 0.0293121337890625 0.05414161682128906
1 0.461669921875 0.27647705078125 0.022369384765625 0.0868865966796875
1 0.14345331246739695 0.8040123456790123 0.03129890453834116 0.0586419753086419