0 0.6197183098591549 0.37083333333333335 0.03286384976525822 0.06296296296296296
0 0.7206572769953051 0.4337962962962963 0.029212310902451747 0.05925925925925926
0 0.45983307250912886 0.42685185185185187 0.050078247261345854 0.046296296296296294
0 0.5268648930620762 0.4837962962962963 0.03182055294731351 0.05462962962962963
1 0.788471570161711 0.6685185185185185 0.03547209181011998 0.0787037037037037
1 0.5560772039645279 0.2722222222222222 0.02764736567553469 0.062037037037037036
0 0.9256651017214398 0.42407407407407405 0.03442879499217527 0.06388888888888888
1 0.5425143453312468 0.7046296296296296 0.026604068857589983 0.062037037037037036
0 0.431924882629108 0.49166666666666664 0.053208137715179966 0.04259259259259259
1 0.7686489306207616 0.6953703703703704 0.02764736567553469 0.06296296296296296
1 0.029473135106937925 0.711574074074074 0.03495044340114763 0.06296296296296296
0 0.08294209702660407 0.5152777777777777 0.0495565988523735 0.044444444444444446
1 0.7117892540427752 0.8101851851851852 0.02138758476786646 0.06018518518518518
1 0.7222222222222222 0.6912037037037037 0.028169014084507043 0.06944444444444445
1 0.051382368283776736 0.663425925925926 0.03234220135628586 0.06111111111111111
1 0.8881064162754304 0.8398148148148148 0.0297339593114241 0.07222222222222222
1 0.1178925404277517 0.6342592592592593 0.03390714658320292 0.06388888888888888
1 0.3080333854981742 0.5708333333333333 0.029212310902451747 0.06666666666666667
1 0.2939488784559207 0.663425925925926 0.029212310902451747 0.06388888888888888
1 0.5972874282733438 0.5560185185185185 0.016692749087115284 0.06481481481481481
1 0.8583724569640062 0.7518518518518519 0.038601982263954095 0.07685185185185185
1 0.9332290036515388 0.8203703703703704 0.0297339593114241 0.06574074074074074
1 0.09885237350026083 0.7291666666666666 0.03912363067292645 0.062037037037037036
1 0.9546165884194053 0.5888888888888889 0.028690662493479395 0.07407407407407407
1 0.6197183098591549 0.7356481481481482 0.028690662493479395 0.06388888888888888
1 0.8505477308294209 0.812962962962963 0.027125717266562335 0.07407407407407407
1 0.6669274908711529 0.7013888888888888 0.02034428794992175 0.07037037037037037
1 0.9864371413667188 0.6851851851851852 0.024517475221700575 0.062037037037037036
1 0.431924882629108 0.13148148148148148 0.036515388628064686 0.05185185185185185
1 0.20761606677099634 0.15138888888888888 0.0297339593114241 0.06018518518518518
1 0.22170057381324987 0.7796296296296297 0.02190923317683881 0.0712962962962963
1 0.17083985393844547 0.06898148148148148 0.040166927490871154 0.058333333333333334
1 0.6064162754303599 0.8064814814814815 0.022952529994783515 0.06666666666666667
1 0.9624413145539906 0.7726851851851851 0.03182055294731351 0.06111111111111111
1 0.9478351591027647 0.7129629629629629 0.030777256129368807 0.06759259259259259
1 0.5889410537297861 0.7277777777777777 0.023474178403755867 0.06851851851851852
1 0.39723526343244653 0.7212962962962963 0.026604068857589983 0.049074074074074076
1 0.8403755868544601 0.07592592592592592 0.03025560772039645 0.05740740740740741
1 0.6812728221178925 0.875 0.026604068857589983 0.06666666666666667
1 0.6152842983828899 0.6027777777777777 0.02190923317683881 0.05740740740740741
1 0.543035993740219 0.8111111111111111 0.014606155451225874 0.06759259259259259
1 0.16614501825769432 0.7324074074074074 0.028690662493479395 0.07314814814814814
1 0.13406364110589464 0.6953703703703704 0.02608242044861763 0.062037037037037036
1 0.6395409494001043 0.7611111111111111 0.02034428794992175 0.05277777777777778
1 0.15466875326030255 0.7675925925925926 0.01564945226917058 0.05
1 0.23187271778821075 0.17962962962962964 0.03286384976525822 0.06111111111111111
1 0.023735002608242045 0.7212962962962963 0.018779342723004695 0.03425925925925926
1 0.5404277516953573 0.7393518518518518 0.014606155451225874 0.027777777777777776
0 0.9827856025039123 0.6240740740740741 0.03234220135628586 0.04537037037037037
1 0.6137193531559729 0.6296296296296297 0.02138758476786646 0.03425925925925926
1 0.21622326551904017 0.20416666666666666 0.024517475221700575 0.06296296296296296
1 0.4590505998956703 0.6402777777777777 0.020865936358894107 0.06481481481481481