0 0.13671875 0.5148148148148148 0.05572916666666667 0.04259259259259259
0 0.5088541666666667 0.6731481481481482 0.03854166666666667 0.040740740740740744
0 0.8223958333333333 0.6435185185185185 0.04791666666666667 0.046296296296296294
0 0.12578125 0.41944444444444445 0.03177083333333333 0.049074074074074076
0 0.67578125 0.625 0.044270833333333336 0.04537037037037037
0 0.3734375 0.6291666666666667 0.04791666666666667 0.044444444444444446
0 0.8416666666666667 0.5407407407407407 0.05 0.041666666666666664
0 0.23385416666666667 0.05138888888888889 0.057291666666666664 0.07962962962962963
0 0.17786458333333333 0.6388888888888888 0.046875 0.044444444444444446
0 0.7489583333333333 0.5731481481481482 0.04583333333333333 0.04722222222222222
0 0.8598958333333333 0.4597222222222222 0.052083333333333336 0.04537037037037037
0 0.94765625 0.3574074074074074 0.034895833333333334 0.05277777777777778
0 0.9799479166666667 0.575462962962963 0.03854166666666667 0.046296296296296294
0 0.6841145833333333 0.524537037037037 0.04583333333333333 0.04259259259259259
0 0.12760416666666666 0.5796296296296296 0.050520833333333334 0.041666666666666664
0 0.8223958333333333 0.27361111111111114 0.057291666666666664 0.06481481481481481
0 0.4119791666666667 0.6847222222222222 0.024479166666666666 0.03981481481481482
0 0.540625 0.5231481481481481 0.03854166666666667 0.05555555555555555
0 0.5567708333333333 0.8435185185185186 0.018229166666666668 0.04259259259259259