0 0.43991156259509206 0.4738413116078317 0.04328379318457528 0.06110229492187508
1 0.5791015625 0.3750640869140625 0.024749755859375 0.0574188232421875
0 0.37939453125 0.535186767578125 0.052825927734375 0.045203781127929686
1 0.378173828125 0.91610107421875 0.034942626953125 0.0574188232421875
1 0.6162109375 0.152972412109375 0.01560211181640625 0.06180648803710938
1 0.438232421875 0.3616302490234375 0.0207977294921875 0.06451492309570313
1 0.68994140625 0.3189453125 0.02801513671875 0.06310653686523438
1 0.7294921875 0.4062652587890625 0.0284423828125 0.054954147338867186
1 0.880859375 0.32154541015625 0.03125 0.072369384765625
1 0.244384765625 0.291644287109375 0.0257110595703125 0.06429824829101563
1 0.0953369140625 0.8684326171875 0.04217529296875 0.05384368896484375
1 0.158447265625 0.3763641357421875 0.03515625 0.06310653686523438
1 0.68896484375 0.2064910888671875 0.024383544921875 0.06700668334960938
1 0.358154296875 0.79996337890625 0.0234222412109375 0.05633544921875
1 0.97119140625 0.20367431640625 0.033538818359375 0.07166519165039062
1 0.7783203125 0.4296661376953125 0.0310821533203125 0.06689834594726562
1 0.15576171875 0.2684600830078125 0.026153564453125 0.06662750244140625
1 0.345703125 0.85196533203125 0.0248870849609375 0.05731048583984375
1 0.77490234375 0.2909942626953125 0.027069091796875 0.0682525634765625
1 0.29443359375 0.3741973876953125 0.02508544921875 0.068035888671875
1 0.51806640625 0.2964111328125 0.0201416015625 0.047939300537109375
1 0.3857421875 0.822064208984375 0.0333251953125 0.054439544677734375
1 0.197021484375 0.3412628173828125 0.0242767333984375 0.06700668334960938
1 0.6826171875 0.2844940185546875 0.01898193359375 0.05644378662109375
0 0.463623046875 0.55208740234375 0.053009033203125 0.04384956359863281
1 0.07354736328125 0.21656646728515624 0.02484130859375 0.06321487426757813
1 0.18505859375 0.64482421875 0.02691650390625 0.05796051025390625
1 0.8134765625 0.307244873046875 0.0304412841796875 0.06624832153320312
1 0.10107421875 0.3026947021484375 0.0282135009765625 0.06711502075195312
1 0.02886962890625 0.285577392578125 0.0289306640625 0.0504852294921875
1 0.5703125 0.2788604736328125 0.0278472900390625 0.06180648803710938
1 0.62841796875 0.8961669921875 0.02532958984375 0.0513519287109375
1 0.38134765625 0.2779937744140625 0.0216522216796875 0.05839385986328125
1 0.93701171875 0.3767974853515625 0.0287017822265625 0.03499298095703125
1 0.8310546875 0.2080078125 0.02838134765625 0.06527328491210938
1 0.96142578125 0.302911376953125 0.01763916015625 0.0461517333984375
1 0.74169921875 0.295111083984375 0.028594970703125 0.06971511840820313
1 0.7763671875 0.770928955078125 0.0255126953125 0.06343154907226563
1 0.517578125 0.19879913330078125 0.024658203125 0.05213737487792969
1 0.55029296875 0.12144622802734376 0.0191650390625 0.07946548461914063
1 0.029754638671875 0.2409423828125 0.0323486328125 0.0613189697265625
1 0.46044921875 0.41514892578125 0.015899658203125 0.060506439208984374
1 0.288330078125 0.3137451171875 0.0271759033203125 0.0587188720703125
1 0.387451171875 0.256976318359375 0.019989013671875 0.05839385986328125
1 0.73779296875 0.205841064453125 0.0177154541015625 0.06077728271484375
1 0.302734375 0.27301025390625 0.0235137939453125 0.061914825439453126
1 0.84326171875 0.16283111572265624 0.0177154541015625 0.062835693359375
0 0.064208984375 0.461517333984375 0.05242919921875 0.07036514282226562
1 0.1802978515625 0.2957611083984375 0.0279541015625 0.0569854736328125
1 0.3486328125 0.2316253662109375 0.01525115966796875 0.05622711181640625
0 0.8977165825780296 0.5383791323061341 0.06421244950776236 0.05362701416015634