1 0.20422535211267606 0.33796296296296297 0.03495044340114763 0.05740740740740741
1 0.30438184663536777 0.37962962962962965 0.03234220135628586 0.05925925925925926
0 0.1906624934793949 0.5148148148148148 0.028690662493479395 0.06111111111111111
0 0.12232655190401669 0.5745370370370371 0.047991653625456446 0.046296296296296294
0 0.34976525821596244 0.5643518518518519 0.047991653625456446 0.04537037037037037
0 0.26160667709963487 0.4398148148148148 0.0495565988523735 0.04814814814814815
0 0.9668753260302556 0.6537037037037037 0.05581637976004173 0.04259259259259259
1 0.04720918101199791 0.35185185185185186 0.03129890453834116 0.049074074074074076
1 0.9760041731872717 0.30416666666666664 0.03286384976525822 0.05648148148148148
0 0.5219092331768388 0.5143518518518518 0.028169014084507043 0.06111111111111111
1 0.4152321335419927 0.29398148148148145 0.023474178403755867 0.062037037037037036
1 0.3129890453834116 0.26481481481481484 0.03025560772039645 0.06666666666666667
1 0.16614501825769432 0.662962962962963 0.03025560772039645 0.05740740740740741
1 0.06624934793948878 0.16712962962962963 0.03599374021909233 0.06481481481481481
0 0.7021387584767866 0.47638888888888886 0.0505998956703182 0.04814814814814815
0 0.6087636932707355 0.43472222222222223 0.04434011476264997 0.049074074074074076
0 0.8012519561815337 0.449537037037037 0.06103286384976526 0.04814814814814815
0 0.6830985915492958 0.4050925925925926 0.0297339593114241 0.06388888888888888
1 0.6752738654147105 0.7662037037037037 0.022952529994783515 0.06388888888888888
0 0.22483046426708397 0.5560185185185185 0.026604068857589983 0.05185185185185185
1 0.806207616066771 0.12407407407407407 0.037037037037037035 0.062037037037037036
1 0.564945226917058 0.6337962962962963 0.018779342723004695 0.05555555555555555
0 0.2949921752738654 0.48842592592592593 0.028169014084507043 0.06296296296296296
1 0.9491392801251957 0.7037037037037037 0.03182055294731351 0.06944444444444445
0 0.9629629629629629 0.4708333333333333 0.06155451225873761 0.05
1 0.54434011476265 0.7662037037037037 0.022952529994783515 0.06666666666666667
0 0.4061032863849765 0.4736111111111111 0.04903495044340115 0.046296296296296294
1 0.7044861763171623 0.7527777777777778 0.02138758476786646 0.058333333333333334
1 0.5172143974960877 0.7231481481481481 0.024517475221700575 0.06111111111111111
1 0.7665623369848722 0.25601851851851853 0.03234220135628586 0.05092592592592592
1 0.3414188836724048 0.2972222222222222 0.028690662493479395 0.06111111111111111
0 0.5727699530516432 0.3731481481481482 0.05372978612415232 0.049074074074074076
1 0.13484611371935315 0.7194444444444444 0.0297339593114241 0.058333333333333334
1 0.8755868544600939 0.799537037037037 0.023995826812728223 0.06481481481481481
1 0.05112154407929056 0.6597222222222222 0.03286384976525822 0.04537037037037037
1 0.6517996870109546 0.5902777777777778 0.02190923317683881 0.06574074074074074
1 0.06651017214397496 0.3212962962962963 0.03547209181011998 0.058333333333333334
1 0.20005216484089725 0.7851851851851852 0.02138758476786646 0.044444444444444446
1 0.4525299947835159 0.7013888888888888 0.028169014084507043 0.05185185185185185
1 0.22900365153886282 0.6518518518518519 0.028690662493479395 0.06574074074074074
1 0.07955138236828378 0.3685185185185185 0.02608242044861763 0.05185185185185185
1 0.2665623369848722 0.21064814814814814 0.022430881585811163 0.053703703703703705
1 0.7715179968701096 0.6824074074074075 0.028690662493479395 0.06759259259259259
1 0.3617631716223266 0.6180555555555556 0.03025560772039645 0.058333333333333334
1 0.6019822639540949 0.6291666666666667 0.017214397496087636 0.08055555555555556
1 0.4029733959311424 0.7388888888888889 0.016692749087115284 0.06111111111111111
1 0.33124673969744395 0.774074074074074 0.019300991131977047 0.06759259259259259
1 0.2334376630151278 0.7939814814814815 0.023995826812728223 0.053703703703703705
1 0.7665623369848722 0.8763888888888889 0.018779342723004695 0.06666666666666667
1 0.23291601460615546 0.09166666666666666 0.03495044340114763 0.06388888888888888
1 0.6718831507563902 0.10925925925925926 0.01773604590505999 0.04814814814814815
1 0.32785602503912364 0.6949074074074074 0.022430881585811163 0.05555555555555555
1 0.2037037037037037 0.7217592592592592 0.028169014084507043 0.06481481481481481
1 0.37845592070944184 0.7310185185185185 0.017214397496087636 0.06296296296296296
1 0.7217005738132499 0.7277777777777777 0.02608242044861763 0.06574074074074074
1 0.9027125717266562 0.8657407407407407 0.01773604590505999 0.06018518518518518
1 0.7456964006259781 0.9273148148148148 0.02608242044861763 0.06574074074074074
1 0.347678664580073 0.6671296296296296 0.015127803860198226 0.05555555555555555
1 0.6846635367762128 0.8356481481481481 0.0198226395409494 0.05555555555555555
1 0.3072509128847157 0.8032407407407407 0.02190923317683881 0.06388888888888888
1 0.0714658320292123 0.8175925925925925 0.028690662493479395 0.05555555555555555
1 0.07798643714136672 0.23425925925925925 0.03025560772039645 0.06574074074074074
1 0.42592592592592593 0.18564814814814815 0.026604068857589983 0.05740740740740741
1 0.4767866458007303 0.1175925925925926 0.03338549817423057 0.058333333333333334
1 0.44105372978612417 0.07546296296296297 0.023995826812728223 0.058333333333333334
1 0.806207616066771 0.8675925925925926 0.022952529994783515 0.058333333333333334
1 0.8375065206051121 0.7560185185185185 0.029212310902451747 0.06851851851851852
1 0.8223787167449139 0.8305555555555556 0.02556077203964528 0.05462962962962963
1 0.8080333854981743 0.6407407407407407 0.029212310902451747 0.040740740740740744
1 0.07172665623369849 0.7523148148148148 0.025039123630672927 0.058333333333333334
1 0.29760041731872716 0.7375 0.02190923317683881 0.04537037037037037
1 0.7451747522170057 0.8393518518518519 0.018779342723004695 0.06574074074074074
1 0.5745957224830465 0.812037037037037 0.01564945226917058 0.04537037037037037
1 0.7016171100678142 0.55 0.020865936358894107 0.06481481481481481
1 0.8163797600417319 0.5731481481481482 0.018257694314032343 0.04537037037037037
1 0.672926447574335 0.29583333333333334 0.03338549817423057 0.05277777777777778
1 0.023735002608242045 0.7412037037037037 0.026604068857589983 0.05648148148148148
1 0.4984350547730829 0.787962962962963 0.020865936358894107 0.05555555555555555
1 0.015388628064684403 0.5064814814814815 0.03025560772039645 0.0787037037037037
0 0.806207616066771 0.5143518518518518 0.05268648930620762 0.049074074074074076
1 0.7743870631194575 0.8097222222222222 0.025039123630672927 0.06296296296296296
1 0.800208659363589 0.8981481481481481 0.01773604590505999 0.053703703703703705
1 0.015127803860198226 0.20462962962962963 0.0297339593114241 0.058333333333333334
1 0.9720918101199791 0.5574074074074075 0.04329681794470527 0.08148148148148149
1 0.2681272822117893 0.8342592592592593 0.02190923317683881 0.049074074074074076
1 0.7323943661971831 0.6888888888888889 0.03234220135628586 0.06851851851851852
1 0.6875326030255607 0.6930555555555555 0.029212310902451747 0.07037037037037037
1 0.6776212832550861 0.8050925925925926 0.016692749087115284 0.046296296296296294
1 0.6661450182576943 0.14907407407407408 0.03390714658320292 0.05462962962962963
1 0.6045905059989567 0.7101851851851851 0.02034428794992175 0.06111111111111111
1 0.94679186228482 0.7703703703703704 0.023995826812728223 0.05462962962962963
1 0.672926447574335 0.2523148148148148 0.013562858633281168 0.03611111111111111
1 0.41836202399582684 0.7703703703703704 0.016692749087115284 0.062037037037037036
1 0.8471570161711007 0.8513888888888889 0.023474178403755867 0.05555555555555555
1 0.8028169014084507 0.674537037037037 0.02034428794992175 0.040740740740740744
1 0.14136671883150756 0.7569444444444444 0.024517475221700575 0.053703703703703705
1 0.8072509128847157 0.5995370370370371 0.0198226395409494 0.049074074074074076
1 0.09885237350026083 0.8537037037037037 0.02556077203964528 0.04537037037037037
1 0.33776734480959836 0.33611111111111114 0.022952529994783515 0.03425925925925926
1 0.1090245174752217 0.8013888888888889 0.02556077203964528 0.05092592592592592
1 0.01486697965571205 0.7875 0.0297339593114241 0.06296296296296296
1 0.9501825769431403 0.8143518518518519 0.03129890453834116 0.041666666666666664
1 0.06598852373500261 0.4101851851851852 0.03442879499217527 0.05092592592592592
1 0.8051643192488263 0.7092592592592593 0.03182055294731351 0.040740740740740744