1 0.91162109375 0.3200286865234375 0.03125 0.06332321166992187
1 0.472900390625 0.31461181640625 0.025665283203125 0.06700668334960938
1 0.5498046875 0.3741973876953125 0.018402099609375 0.06749420166015625
1 0.3076171875 0.31461181640625 0.028656005859375 0.06402740478515626
0 0.458740234375 0.594122314453125 0.0297088623046875 0.0572021484375
1 0.5478515625 0.3031280517578125 0.0179901123046875 0.06548995971679687
1 0.86962890625 0.3910980224609375 0.0293731689453125 0.08022384643554688
1 0.7216796875 0.3967315673828125 0.019561767578125 0.04626007080078125
1 0.8779296875 0.50875244140625 0.03179931640625 0.07074432373046875
1 0.541015625 0.94296875 0.0207672119140625 0.0572021484375
1 0.3544921875 0.407781982421875 0.0224609375 0.06749420166015625
1 0.67724609375 0.360980224609375 0.02288818359375 0.062023162841796875
1 0.57373046875 0.3364959716796875 0.019378662109375 0.062835693359375
1 0.63525390625 0.2983612060546875 0.0181884765625 0.05644378662109375
1 0.85986328125 0.471484375 0.0265045166015625 0.06223983764648437
1 0.7099609375 0.3078948974609375 0.02630615234375 0.0591522216796875
1 0.349365234375 0.3382293701171875 0.0240478515625 0.06299819946289062
0 0.89697265625 0.58935546875 0.0496826171875 0.04598922729492187
1 0.65673828125 0.226641845703125 0.023773193359375 0.06624832153320312
1 0.19189453125 0.9585693359375 0.042083740234375 0.062131500244140624
0 0.68115234375 0.6500244140625 0.050323486328125 0.04934768676757813
0 0.6064453125 0.578955078125 0.0310211181640625 0.0565521240234375
1 0.62939453125 0.386114501953125 0.01512908935546875 0.029007339477539064
0 0.28125 0.66302490234375 0.047698974609375 0.06321487426757813
0 0.08819580078125 0.620123291015625 0.047943115234375 0.06180648803710938
0 0.771484375 0.51915283203125 0.030670166015625 0.05538749694824219
1 0.7412109375 0.19208221435546874 0.024993896484375 0.054954147338867186
1 0.2269287109375 0.34754638671875 0.0287628173828125 0.0656524658203125
0 0.97705078125 0.592822265625 0.042816162109375 0.0556854248046875
1 0.2213134765625 0.38394775390625 0.0225830078125 0.06624832153320312
1 0.97021484375 0.40128173828125 0.03314208984375 0.06673583984375
1 0.69091796875 0.92130126953125 0.0310211181640625 0.05527915954589844
1 0.72021484375 0.4298828125 0.0290374755859375 0.06467742919921875
1 0.716796875 0.282110595703125 0.0227203369140625 0.06467742919921875
1 0.9306640625 0.2086578369140625 0.03131103515625 0.0578521728515625
1 0.38427734375 0.300311279296875 0.02655029296875 0.06467742919921875
0 0.260498046875 0.488385009765625 0.0293731689453125 0.0686859130859375
1 0.75244140625 0.2610931396484375 0.0228424072265625 0.07811126708984376
1 0.5908203125 0.26607666015625 0.0227203369140625 0.06007308959960937
1 0.1114501953125 0.2853607177734375 0.0272216796875 0.08851165771484375
1 0.09979248046875 0.32847900390625 0.0266571044921875 0.05817718505859375
1 0.880859375 0.2080078125 0.0247039794921875 0.0522186279296875
1 0.70068359375 0.2251251220703125 0.0266571044921875 0.06852340698242188
0 0.25341796875 0.523052978515625 0.05072021484375 0.04384956359863281
1 0.182373046875 0.3590301513671875 0.0302734375 0.060289764404296876
1 0.83154296875 0.33021240234375 0.0390625 0.09549942016601562
1 0.890625 0.2342254638671875 0.025909423828125 0.06402740478515626
1 0.1688232421875 0.3191619873046875 0.0293731689453125 0.062835693359375
1 0.152099609375 0.2476593017578125 0.026763916015625 0.06381072998046874
1 0.2493896484375 0.2792938232421875 0.02606201171875 0.06917343139648438
1 0.197021484375 0.2645599365234375 0.0292510986328125 0.07009429931640625
0 0.93359375 0.65089111328125 0.042816162109375 0.05251655578613281
0 0.74462890625 0.583721923828125 0.05419921875 0.04886016845703125
1 0.043212890625 0.2966278076171875 0.023101806640625 0.059748077392578126
1 0.17138671875 0.285577392578125 0.021209716796875 0.06418991088867188
1 0.7197265625 0.881866455078125 0.0212860107421875 0.05384368896484375
1 0.8388671875 0.96463623046875 0.030792236328125 0.05904388427734375
1 0.6326849988821821 0.7824074074074077 0.019375512333258797 0.054232804232804216
1 0.5052537446903645 0.3703703703703704 0.014904240256352865 0.06878306878306883
1 0.028690662493479388 0.3882275132275134 0.030553692525523517 0.08068783068783077
1 0.06756591796875 0.356646728515625 0.03594970703125 0.0626190185546875
1 0.02685546875 0.3460296630859375 0.031982421875 0.051622772216796876
1 0.01262664794921875 0.4396331787109375 0.0251312255859375 0.05622711181640625