0 0.24074074074074073 0.5435185185185185 0.029212310902451747 0.053703703703703705
0 0.4535732916014606 0.6199074074074075 0.046426708398539386 0.05092592592592592
1 0.4047991653625456 0.425 0.022430881585811163 0.06759259259259259
0 0.6043296817944706 0.449537037037037 0.04434011476264997 0.062037037037037036
1 0.3403755868544601 0.799074074074074 0.02138758476786646 0.05462962962962963
1 0.5965049556598853 0.28194444444444444 0.026604068857589983 0.06018518518518518
1 0.4081898800208659 0.19953703703703704 0.022430881585811163 0.06574074074074074
1 0.2378716744913928 0.6342592592592593 0.03234220135628586 0.06759259259259259
1 0.40375586854460094 0.32407407407407407 0.018257694314032343 0.05648148148148148
1 0.4384454877412624 0.26990740740740743 0.022952529994783515 0.05648148148148148
1 0.3779342723004695 0.25787037037037036 0.024517475221700575 0.06111111111111111
1 0.48148148148148145 0.362962962962963 0.030777256129368807 0.06388888888888888
1 0.32629107981220656 0.1259259259259259 0.02034428794992175 0.06388888888888888
1 0.4306207616066771 0.38842592592592595 0.022430881585811163 0.075
0 0.20970266040688576 0.5972222222222222 0.05529473135106938 0.04814814814814815
0 0.21883150756390193 0.7328703703703704 0.05894627021387585 0.05092592592592592
1 0.8069900886802295 0.3189814814814815 0.019300991131977047 0.062037037037037036
1 0.98226395409494 0.37083333333333335 0.03442879499217527 0.06944444444444445
1 0.7141366718831508 0.2074074074074074 0.025039123630672927 0.06111111111111111
1 0.352112676056338 0.1087962962962963 0.02608242044861763 0.06666666666666667
1 0.33776734480959836 0.8439814814814814 0.022430881585811163 0.058333333333333334
1 0.6585811163275952 0.8523148148148149 0.0406885758998435 0.05555555555555555
1 0.12050078247261346 0.30833333333333335 0.03442879499217527 0.06944444444444445
0 0.0396452790818988 0.5712962962962963 0.05581637976004173 0.04537037037037037
1 0.2686489306207616 0.2537037037037037 0.026604068857589983 0.05925925925925926
1 0.687793427230047 0.3912037037037037 0.024517475221700575 0.05648148148148148
1 0.2498695878977569 0.44351851851851853 0.03129890453834116 0.058333333333333334
1 0.06885758998435054 0.30833333333333335 0.03390714658320292 0.06759259259259259
1 0.788471570161711 0.3578703703703704 0.02608242044861763 0.06481481481481481
1 0.9248826291079812 0.17592592592592593 0.023474178403755867 0.05092592592592592
0 0.3544600938967136 0.5351851851851852 0.047991653625456446 0.04351851851851852
1 0.18309859154929578 0.42268518518518516 0.03025560772039645 0.06944444444444445
1 0.297339593114241 0.3912037037037037 0.022430881585811163 0.05462962962962963
1 0.15466875326030255 0.3611111111111111 0.03286384976525822 0.06111111111111111
1 0.3286384976525822 0.3287037037037037 0.0198226395409494 0.06296296296296296
1 0.28325508607198746 0.21712962962962962 0.02034428794992175 0.04537037037037037
1 0.13484611371935315 0.21203703703703702 0.02190923317683881 0.06759259259259259
1 0.30568596765779865 0.6481481481481481 0.029212310902451747 0.05925925925925926
1 0.21100678142931664 0.44907407407407407 0.02608242044861763 0.06296296296296296
1 0.02634324465310381 0.19166666666666668 0.03495044340114763 0.08796296296296297
1 0.2715179968701095 0.13194444444444445 0.02138758476786646 0.05648148148148148
1 0.32472613458528954 0.26064814814814813 0.02190923317683881 0.05740740740740741
1 0.3510693792383933 0.20694444444444443 0.025039123630672927 0.06666666666666667
1 0.5049556598852374 0.6763888888888889 0.029212310902451747 0.09351851851851851
0 0.04381846635367762 0.637962962962963 0.0605112154407929 0.06018518518518518
1 0.12649973917579552 0.6833333333333333 0.05112154407929056 0.05740740740740741
1 0.8304642670839854 0.7981481481481482 0.03547209181011998 0.06111111111111111
1 0.8315075639019301 0.19444444444444445 0.02034428794992175 0.05185185185185185
1 0.0396452790818988 0.12824074074074074 0.02608242044861763 0.06296296296296296
1 0.7652582159624414 0.274537037037037 0.0297339593114241 0.06111111111111111
1 0.8069900886802295 0.25462962962962965 0.023474178403755867 0.06944444444444445
1 0.634585289514867 0.2564814814814815 0.02608242044861763 0.05185185185185185
1 0.6476264997391757 0.3365740740740741 0.02764736567553469 0.06111111111111111
1 0.10302556077203964 0.20555555555555555 0.022952529994783515 0.06574074074074074
1 0.17188315075639019 0.33425925925925926 0.029212310902451747 0.07037037037037037
1 0.9113197704747 0.7421296296296296 0.04225352112676056 0.07037037037037037
1 0.486697965571205 0.2324074074074074 0.01564945226917058 0.05740740740740741
1 0.6987480438184663 0.25601851851851853 0.03025560772039645 0.058333333333333334
1 0.38184663536776214 0.08009259259259259 0.011997913406364111 0.06018518518518518
1 0.1992696922274387 0.1865740740740741 0.022430881585811163 0.062037037037037036
1 0.8338549817423057 0.22870370370370371 0.022430881585811163 0.06296296296296296
1 0.14006259780907668 0.40324074074074073 0.02138758476786646 0.07037037037037037
0 0.19248826291079812 0.5287037037037037 0.04225352112676056 0.05185185185185185
1 0.2949921752738654 0.47638888888888886 0.02556077203964528 0.05740740740740741
1 0.9214919144496609 0.2953703703703704 0.026604068857589983 0.06018518518518518
1 0.04773082942097027 0.059722222222222225 0.01617110067814293 0.06666666666666667
1 0.755868544600939 0.20324074074074075 0.026604068857589983 0.06111111111111111
1 0.013302034428794992 0.4828703703703704 0.023474178403755867 0.03888888888888889
1 0.8109024517475222 0.6361111111111111 0.024517475221700575 0.05740740740740741
0 0.32133541992696923 0.5032407407407408 0.028169014084507043 0.05
1 0.16118935837245696 0.7731481481481481 0.036515388628064686 0.07314814814814814
1 0.20500782472613457 0.300462962962963 0.027125717266562335 0.06851851851851852
1 0.22561293688054251 0.325 0.028690662493479395 0.06388888888888888
1 0.8153364632237872 0.6754629629629629 0.03338549817423057 0.053703703703703705
1 0.20605112154407929 0.36944444444444446 0.025039123630672927 0.06574074074074074
1 0.9687010954616588 0.18796296296296297 0.0198226395409494 0.03981481481481482
1 0.9830464267083986 0.22083333333333333 0.03234220135628586 0.07037037037037037
1 0.5565988523735003 0.2972222222222222 0.019300991131977047 0.04351851851851852
1 0.7279603547209181 0.3537037037037037 0.028169014084507043 0.053703703703703705
1 0.16249347939488784 0.2722222222222222 0.023474178403755867 0.03425925925925926
1 0.4713093375065206 0.2814814814814815 0.014606155451225874 0.04351851851851852
1 0.5086071987480438 0.9629629629629629 0.03390714658320292 0.05277777777777778
1 0.2423056859676578 0.2967592592592593 0.022952529994783515 0.05185185185185185
1 0.18648930620761606 0.13472222222222222 0.01773604590505999 0.05092592592592592
1 0.6617110067814294 0.29398148148148145 0.022430881585811163 0.03981481481481482
1 0.2597809076682316 0.35833333333333334 0.022952529994783515 0.09074074074074075
1 0.14267083985393844 0.15694444444444444 0.02764736567553469 0.08055555555555556
1 0.6486697965571205 0.4078703703703704 0.017214397496087636 0.03611111111111111
0 0.23395931142410015 0.21296296296296297 0.02034428794992175 0.05555555555555555