1 0.051382368283776736 0.9324074074074075 0.01617110067814293 0.07037037037037037
1 0.6653625456442358 0.6203703703703703 0.019300991131977047 0.06481481481481481
0 0.49061032863849763 0.44166666666666665 0.0505998956703182 0.044444444444444446
0 0.3148148148148148 0.462037037037037 0.028169014084507043 0.05
1 0.14945226917057902 0.2967592592592593 0.0297339593114241 0.07962962962962963
1 0.62415232133542 0.20925925925925926 0.027125717266562335 0.06759259259259259
1 0.03234220135628586 0.6092592592592593 0.03286384976525822 0.07685185185185185
1 0.1465832029212311 0.700462962962963 0.03286384976525822 0.07407407407407407
0 0.5396452790818989 0.3787037037037037 0.05216484089723526 0.040740740740740744
1 0.07955138236828378 0.65 0.026604068857589983 0.06388888888888888
1 0.7816901408450704 0.31157407407407406 0.028169014084507043 0.062037037037037036
0 0.6499739175795514 0.48564814814814816 0.0505998956703182 0.044444444444444446
1 0.044861763171622326 0.11481481481481481 0.0396452790818988 0.05648148148148148
0 0.6489306207616067 0.43194444444444446 0.046426708398539386 0.04814814814814815
1 0.8591549295774648 0.26481481481481484 0.041731872717788214 0.05648148148148148
0 0.30907668231611896 0.38981481481481484 0.057902973395931145 0.04814814814814815
1 0.6267605633802817 0.6643518518518519 0.022952529994783515 0.06018518518518518
1 0.09963484611371935 0.7509259259259259 0.03129890453834116 0.06851851851851852
1 0.7104851330203443 0.2388888888888889 0.03390714658320292 0.07037037037037037
1 0.30359937402190923 0.2152777777777778 0.02764736567553469 0.062037037037037036
1 0.6940532081377152 0.6546296296296297 0.028169014084507043 0.0712962962962963
1 0.4522691705790297 0.624537037037037 0.022430881585811163 0.06296296296296296
0 0.10198226395409495 0.41435185185185186 0.03129890453834116 0.06388888888888888
1 0.8821074595722483 0.21296296296296297 0.03129890453834116 0.06111111111111111
1 0.2631716223265519 0.5930555555555556 0.03129890453834116 0.06574074074074074
1 0.433489827856025 0.6555555555555556 0.014606155451225874 0.06481481481481481
1 0.13380281690140844 0.13518518518518519 0.03495044340114763 0.05740740740740741
1 0.3140323422013563 0.7453703703703703 0.019300991131977047 0.062037037037037036
1 0.058163797600417316 0.8384259259259259 0.024517475221700575 0.06851851851851852
1 0.7994261867501304 0.5717592592592593 0.029212310902451747 0.06111111111111111
1 0.22274387063119458 0.8166666666666667 0.016692749087115284 0.07037037037037037
1 0.9016692749087115 0.6046296296296296 0.0297339593114241 0.05277777777777778
1 0.8022952529994783 0.6472222222222223 0.03234220135628586 0.06666666666666667
0 0.687793427230047 0.5444444444444444 0.051643192488262914 0.046296296296296294
0 0.3555033907146583 0.5143518518518518 0.04538341158059468 0.04259259259259259
0 0.9856546687532604 0.4597222222222222 0.028690662493479395 0.06111111111111111
1 0.5151278038601982 0.7425925925925926 0.02138758476786646 0.05277777777777778
1 0.38810641627543035 0.8273148148148148 0.01617110067814293 0.06296296296296296
1 0.7149191444966093 0.1310185185185185 0.03495044340114763 0.05185185185185185
1 0.23630672926447574 0.7731481481481481 0.0198226395409494 0.06666666666666667
1 0.9747000521648409 0.10555555555555556 0.04590505998956703 0.06388888888888888
1 0.027386541471048513 0.7361111111111112 0.022952529994783515 0.06666666666666667
1 0.49113197704747 0.6611111111111111 0.019300991131977047 0.07222222222222222
1 0.9024517475221701 0.7773148148148148 0.019300991131977047 0.05185185185185185
1 0.3208137715179969 0.5888888888888889 0.03129890453834116 0.06296296296296296
1 0.4447052686489306 0.12314814814814815 0.028690662493479395 0.07407407407407407
1 0.14606155451225875 0.20833333333333334 0.024517475221700575 0.06481481481481481
1 0.3471570161711007 0.6412037037037037 0.02608242044861763 0.07407407407407407
1 0.18466353677621283 0.10740740740740741 0.03495044340114763 0.05185185185185185
1 0.7078768909754826 0.7620370370370371 0.023474178403755867 0.06481481481481481
1 0.049817423056859676 0.7800925925925926 0.030777256129368807 0.0712962962962963
1 0.12363067292644757 0.5680555555555555 0.025039123630672927 0.06388888888888888
1 0.46531038080333853 0.2162037037037037 0.03025560772039645 0.08703703703703704
1 0.7524778299426187 0.7069444444444445 0.023474178403755867 0.06759259259259259
1 0.7167449139280125 0.7092592592592593 0.022952529994783515 0.06574074074074074
1 0.8406364110589463 0.6439814814814815 0.030777256129368807 0.062037037037037036
0 0.46531038080333853 0.538425925925926 0.04590505998956703 0.041666666666666664
1 0.32472613458528954 0.8569444444444444 0.025039123630672927 0.05555555555555555
1 0.47861241523213355 0.7055555555555556 0.01773604590505999 0.05462962962962963
1 0.856546687532603 0.7449074074074075 0.03338549817423057 0.06851851851851852
0 0.49113197704747 0.5027777777777778 0.05581637976004173 0.05092592592592592
1 0.7655190401669275 0.7342592592592593 0.017214397496087636 0.05462962962962963
1 0.022430881585811163 0.7976851851851852 0.023474178403755867 0.05740740740740741
1 0.6121544079290558 0.7444444444444445 0.023995826812728223 0.07407407407407407
1 0.9045383411580594 0.3074074074074074 0.022430881585811163 0.04259259259259259
1 0.6695357329160146 0.7092592592592593 0.03442879499217527 0.07222222222222222
1 0.38967136150234744 0.7148148148148148 0.018257694314032343 0.05462962962962963
1 0.9812206572769953 0.7583333333333333 0.030777256129368807 0.058333333333333334
1 0.3252477829942619 0.6805555555555556 0.022952529994783515 0.062037037037037036
1 0.7639540949400104 0.6356481481481482 0.028169014084507043 0.04722222222222222
1 0.6562336984872196 0.7574074074074074 0.016692749087115284 0.04537037037037037
1 0.7386541471048513 0.3449074074074074 0.03495044340114763 0.04722222222222222
1 0.4287949921752739 0.7791666666666667 0.020865936358894107 0.06018518518518518
1 0.7704747000521649 0.7722222222222223 0.015127803860198226 0.03611111111111111
1 0.010172143974960876 0.6736111111111112 0.019300991131977047 0.06851851851851852
1 0.8544600938967136 0.7870370370370371 0.0198226395409494 0.03981481481481482
1 0.1729264475743349 0.9634259259259259 0.014606155451225874 0.05
1 0.9885237350026083 0.7032407407407407 0.022430881585811163 0.05648148148148148
1 0.838810641627543 0.6833333333333333 0.018257694314032343 0.04259259259259259
1 0.2764736567553469 0.01898148148148148 0.02190923317683881 0.03796296296296296
1 0.22170057381324987 0.6703703703703704 0.03234220135628586 0.04722222222222222
1 0.47522170057381324 0.5888888888888889 0.019300991131977047 0.05
1 0.7425665101721439 0.9263888888888889 0.012519561815336464 0.03148148148148148
1 0.31533646322378717 0.12129629629629629 0.030777256129368807 0.0712962962962963
1 0.4825247782994262 0.7476851851851852 0.029212310902451747 0.03981481481481482
1 0.6246739697443923 0.8351851851851851 0.01564945226917058 0.041666666666666664
1 0.7438706311945749 0.8064814814814815 0.01617110067814293 0.041666666666666664