0 0.21614583333333334 0.5055555555555555 0.04583333333333333 0.049074074074074076
1 0.61328125 0.7537037037037037 0.027083333333333334 0.062037037037037036
0 0.3111979166666667 0.4888888888888889 0.05416666666666667 0.044444444444444446
0 0.40078125 0.5314814814814814 0.0484375 0.044444444444444446
0 0.8947916666666667 0.5152777777777777 0.0453125 0.06388888888888888
0 0.12838541666666667 0.6268518518518519 0.051041666666666666 0.040740740740740744
0 0.07083333333333333 0.4439814814814815 0.05520833333333333 0.03888888888888889
0 0.12239583333333333 0.5407407407407407 0.027083333333333334 0.05740740740740741
1 0.9833333333333333 0.6546296296296297 0.03333333333333333 0.06296296296296296
0 0.2109375 0.6791666666666667 0.04583333333333333 0.044444444444444446
0 0.959375 0.44212962962962965 0.051041666666666666 0.049074074074074076
0 0.20963541666666666 0.32731481481481484 0.046875 0.041666666666666664
0 0.8052083333333333 0.4134259259259259 0.050520833333333334 0.041666666666666664
0 0.38307291666666665 0.5884259259259259 0.028645833333333332 0.058333333333333334
0 0.5333333333333333 0.5800925925925926 0.04791666666666667 0.05
0 0.08541666666666667 0.2212962962962963 0.05260416666666667 0.06574074074074074
0 0.2598958333333333 0.24259259259259258 0.05 0.07314814814814814
1 0.9486979166666667 0.7013888888888888 0.03229166666666667 0.07685185185185185
1 0.71328125 0.7212962962962963 0.025520833333333333 0.06018518518518518
0 0.6026041666666667 0.18194444444444444 0.04895833333333333 0.053703703703703705
0 0.509375 0.2523148148148148 0.052083333333333336 0.05462962962962963
0 0.25078125 0.4050925925925926 0.05572916666666667 0.05462962962962963
1 0.31354166666666666 0.6865740740740741 0.016666666666666666 0.044444444444444446
1 0.22838541666666667 0.7472222222222222 0.03125 0.0712962962962963