0 0.41041666666666665 0.21574074074074073 0.0546875 0.04537037037037037
0 0.5044270833333333 0.6518518518518519 0.0375 0.07222222222222222
0 0.6611979166666667 0.4310185185185185 0.0515625 0.044444444444444446
0 0.5880208333333333 0.5634259259259259 0.04739583333333333 0.044444444444444446
0 0.25078125 0.5583333333333333 0.04895833333333333 0.04351851851851852
0 0.04765625 0.3611111111111111 0.04583333333333333 0.06574074074074074
0 0.9247395833333333 0.38842592592592595 0.05364583333333333 0.05092592592592592
0 0.68125 0.6037037037037037 0.0484375 0.049074074074074076
0 0.5088541666666667 0.44722222222222224 0.0296875 0.05740740740740741
0 0.4002604166666667 0.5662037037037037 0.04791666666666667 0.044444444444444446
0 0.275 0.4064814814814815 0.04895833333333333 0.041666666666666664
0 0.31640625 0.6722222222222223 0.046875 0.044444444444444446
0 0.3307291666666667 0.4912037037037037 0.0421875 0.06851851851851852