0 0.248046875 0.5338541666666666 0.0548095703125 0.03908962673611111
0 0.1810302734375 0.3240017361111111 0.048126220703125 0.03955078125
0 0.56396484375 0.3387586805555556 0.044097900390625 0.03908962673611111
0 0.1181640625 0.4251302083333333 0.050506591796875 0.04039171006944445
0 0.273193359375 0.4618055555555556 0.049407958984375 0.040771484375
0 0.66845703125 0.4409722222222222 0.0521240234375 0.04299587673611111
0 0.904296875 0.8667534722222222 0.052337646484375 0.056315104166666664
0 0.693359375 0.5434027777777778 0.0333251953125 0.052408854166666664
0 0.497314453125 0.3884548611111111 0.04248046875 0.038655598958333336
0 0.5498046875 0.5733506944444444 0.051849365234375 0.04758029513888889
0 0.12274169921875 0.5824652777777778 0.053314208984375 0.09320746527777778
0 0.54296875 0.4743923611111111 0.04681396484375 0.04831271701388889
0 0.7734375 0.6423611111111112 0.0482177734375 0.05251736111111111