0 0.84716796875 0.4244791666666667 0.050048828125 0.06331380208333333
0 0.6044921875 0.4765625 0.0472412109375 0.04226345486111111
0 0.80419921875 0.5234375 0.047088623046875 0.05935329861111111
0 0.8623046875 0.6532118055555556 0.052520751953125 0.04676649305555555
0 0.8701171875 0.5724826388888888 0.05126953125 0.04250759548611111
1 0.52392578125 0.16395399305555555 0.0153045654296875 0.05555555555555555
0 0.92529296875 0.3389756944444444 0.049224853515625 0.04885525173611111
0 0.63671875 0.3882378472222222 0.048492431640625 0.04147677951388889
0 0.81494140625 0.2905815972222222 0.046722412109375 0.04299587673611111
0 0.1446533203125 0.2970920138888889 0.046722412109375 0.043755425347222224
0 0.58642578125 0.6901041666666666 0.03436279296875 0.06488715277777778
1 0.51220703125 0.1644965277777778 0.01142120361328125 0.04747178819444445
0 0.25048828125 0.3851996527777778 0.043212890625 0.04543728298611111
0 0.441162109375 0.4457465277777778 0.042388916015625 0.04359266493055555
0 0.41455078125 0.3791232638888889 0.043701171875 0.047119140625
0 0.90283203125 0.7400173611111112 0.051666259765625 0.04342990451388889
0 0.43212890625 0.3133680555555556 0.043609619140625 0.03586154513888889
0 0.01116180419921875 0.3502604166666667 0.0218658447265625 0.03993055555555555