0 0.9551382368283776 0.42314814814814816 0.038601982263954095 0.06111111111111111
0 0.827073552425665 0.42685185185185187 0.028169014084507043 0.05185185185185185
0 0.8051643192488263 0.48148148148148145 0.056338028169014086 0.05462962962962963
1 0.559207094418362 0.10555555555555556 0.03129890453834116 0.05648148148148148
1 0.6768388106416275 0.7074074074074074 0.023995826812728223 0.05925925925925926
1 0.5448617631716224 0.6157407407407407 0.028169014084507043 0.06944444444444445
1 0.6512780386019823 0.7583333333333333 0.02138758476786646 0.06759259259259259
1 0.7738654147104851 0.225 0.03547209181011998 0.06111111111111111
0 0.6400625978090767 0.5097222222222222 0.04381846635367762 0.04351851851851852
1 0.8408972352634324 0.5574074074074075 0.027125717266562335 0.07037037037037037
1 0.310641627543036 0.12037037037037036 0.02764736567553469 0.05740740740740741
1 0.9144496609285342 0.5800925925925926 0.023474178403755867 0.07222222222222222
1 0.08476786645800731 0.45092592592592595 0.03755868544600939 0.062037037037037036
0 0.5552947313510693 0.4759259259259259 0.030777256129368807 0.05740740740740741
1 0.9713093375065206 0.8490740740740741 0.024517475221700575 0.06296296296296296
1 0.5785080855503391 0.6625 0.027125717266562335 0.05462962962962963
1 0.6416275430359938 0.8527777777777777 0.02138758476786646 0.06851851851851852
1 0.945226917057903 0.874537037037037 0.028169014084507043 0.06388888888888888
1 0.693792383933229 0.5680555555555555 0.03129890453834116 0.06574074074074074
1 0.6697965571205008 0.6189814814814815 0.016692749087115284 0.06296296296296296
1 0.7201356285863328 0.3296296296296296 0.023995826812728223 0.05925925925925926
1 0.10693792383933229 0.6652777777777777 0.037037037037037035 0.06481481481481481
1 0.7076160667709963 0.6481481481481481 0.02138758476786646 0.05277777777777778
1 0.7608242044861763 0.8421296296296297 0.023995826812728223 0.06666666666666667
1 0.4890453834115806 0.6231481481481481 0.02608242044861763 0.06666666666666667
1 0.5952008346374543 0.2462962962962963 0.0297339593114241 0.06018518518518518
1 0.7138758476786646 0.1310185185185185 0.030777256129368807 0.05555555555555555
1 0.42670839853938447 0.6648148148148149 0.025039123630672927 0.05740740740740741
1 0.5571205007824727 0.15324074074074073 0.03234220135628586 0.05648148148148148
1 0.022430881585811163 0.7407407407407407 0.038601982263954095 0.06759259259259259
1 0.7240479916536254 0.9023148148148148 0.02034428794992175 0.06481481481481481
1 0.08346374543557643 0.7671296296296296 0.026604068857589983 0.06481481481481481
1 0.9799165362545644 0.6782407407407407 0.03129890453834116 0.06388888888888888
1 0.45096504955659883 0.712037037037037 0.025039123630672927 0.06759259259259259
0 0.5453834115805947 0.7800925925925926 0.044861763171622326 0.044444444444444446
1 0.940792905581638 0.6722222222222223 0.03442879499217527 0.06666666666666667
1 0.6533646322378717 0.32592592592592595 0.027125717266562335 0.06481481481481481
1 0.3982785602503912 0.7037037037037037 0.023474178403755867 0.06388888888888888
0 0.46270213875847677 0.399537037037037 0.04590505998956703 0.06851851851851852
1 0.8051643192488263 0.015277777777777777 0.024517475221700575 0.030555555555555555
1 0.5912884715701617 0.2824074074074074 0.022952529994783515 0.05555555555555555
1 0.37245696400625977 0.21203703703703702 0.029212310902451747 0.06388888888888888
1 0.9439227960354721 0.06666666666666667 0.03390714658320292 0.03981481481481482
1 0.6019822639540949 0.9074074074074074 0.016692749087115284 0.058333333333333334
1 0.9334898278560251 0.8055555555555556 0.027125717266562335 0.07592592592592592
1 0.9439227960354721 0.7430555555555556 0.03234220135628586 0.06388888888888888
1 0.18153364632237873 0.6481481481481481 0.03338549817423057 0.07037037037037037
1 0.09415753781950965 0.3162037037037037 0.022952529994783515 0.05277777777777778
1 0.7279603547209181 0.775 0.02138758476786646 0.06018518518518518
1 0.6971830985915493 0.7694444444444445 0.018257694314032343 0.062037037037037036
1 0.383150756390193 0.7328703703703704 0.02608242044861763 0.05740740740740741
1 0.587376108502869 0.21064814814814814 0.03338549817423057 0.05555555555555555
1 0.986697965571205 0.8060185185185185 0.026604068857589983 0.06018518518518518
1 0.3635889410537298 0.14722222222222223 0.02190923317683881 0.06574074074074074
1 0.6395409494001043 0.6726851851851852 0.019300991131977047 0.06388888888888888
1 0.8617631716223265 0.6712962962962963 0.03182055294731351 0.06018518518518518
1 0.5785080855503391 0.7467592592592592 0.024517475221700575 0.06481481481481481
1 0.34507042253521125 0.6703703703703704 0.03025560772039645 0.06111111111111111
1 0.2368283776734481 0.649074074074074 0.03234220135628586 0.06388888888888888
1 0.8085550339071466 0.8560185185185185 0.028169014084507043 0.0712962962962963
1 0.12076160667709963 0.7236111111111111 0.029212310902451747 0.058333333333333334
1 0.46426708398539385 0.7486111111111111 0.01773604590505999 0.062037037037037036
1 0.23056859676577987 0.462037037037037 0.022430881585811163 0.04814814814814815
1 0.2224830464267084 0.06574074074074074 0.030777256129368807 0.049074074074074076
1 0.6215440792905582 0.8055555555555556 0.01773604590505999 0.06111111111111111
1 0.33854981742305684 0.037037037037037035 0.026604068857589983 0.04259259259259259
1 0.9642670839853938 0.950925925925926 0.017214397496087636 0.07222222222222222
1 0.5247782994261867 0.08194444444444444 0.03234220135628586 0.046296296296296294
1 0.7939488784559207 0.7356481481481482 0.027125717266562335 0.062037037037037036
1 0.3664580073030777 0.3347222222222222 0.022952529994783515 0.05
1 0.30438184663536777 0.8648148148148148 0.0297339593114241 0.09722222222222222
1 0.5331246739697444 0.7666666666666667 0.013041210224308816 0.053703703703703705
1 0.03234220135628586 0.8282407407407407 0.03234220135628586 0.06018518518518518
1 0.8802816901408451 0.7430555555555556 0.023995826812728223 0.05185185185185185
1 0.10015649452269171 0.7953703703703704 0.022952529994783515 0.06296296296296296
1 0.8124673969744393 0.8037037037037037 0.027125717266562335 0.07314814814814814
1 0.02269170579029734 0.6782407407407407 0.03495044340114763 0.06574074074074074
1 0.9613980177360459 0.7101851851851851 0.023474178403755867 0.06481481481481481
1 0.5469483568075117 0.7078703703703704 0.026604068857589983 0.04537037037037037
1 0.7569118414188837 0.6819444444444445 0.028690662493479395 0.05277777777777778
1 0.3536776212832551 0.28379629629629627 0.02190923317683881 0.04722222222222222
1 0.21987480438184664 0.7388888888888889 0.022430881585811163 0.06574074074074074
1 0.8886280646844027 0.5930555555555556 0.029212310902451747 0.046296296296296294
1 0.7490871152842984 0.037037037037037035 0.022952529994783515 0.05648148148148148
1 0.30333854981742303 0.7810185185185186 0.028169014084507043 0.07222222222222222
1 0.2039645279081899 0.8652777777777778 0.018779342723004695 0.05277777777777778
1 0.3938445487741262 0.8337962962962963 0.020865936358894107 0.11666666666666667
1 0.11450182576943141 0.8143518518518519 0.03442879499217527 0.062037037037037036
1 0.008868022952529996 0.8893518518518518 0.01564945226917058 0.06574074074074074
1 0.18988002086593636 0.7208333333333333 0.03286384976525822 0.06481481481481481
1 0.25482524778299426 0.7819444444444444 0.028169014084507043 0.07407407407407407
1 0.22978612415232133 0.8134259259259259 0.019300991131977047 0.049074074074074076
1 0.14919144496609285 0.7717592592592593 0.023474178403755867 0.05648148148148148
1 0.5174752217005738 0.32546296296296295 0.03495044340114763 0.0712962962962963
1 0.19092331768388107 0.8263888888888888 0.02608242044861763 0.058333333333333334
1 0.979394887845592 0.5884259259259259 0.03234220135628586 0.07777777777777778