1 0.04913330078125 0.3789642333984375 0.0280609130859375 0.063702392578125
1 0.8383021654230942 0.2774933184265459 0.031876504114749106 0.08918755748284556
0 0.2445068359375 0.77049560546875 0.053985595703125 0.04227867126464844
1 0.23239685872759705 0.3391197729363013 0.040028059888555886 0.08201817507466322
1 0.216552734375 0.2671600341796875 0.0293121337890625 0.04401206970214844
0 0.206298828125 0.510052490234375 0.05224609375 0.04980812072753906
1 0.77734375 0.2411590576171875 0.03033447265625 0.04766845703125
0 0.5849609375 0.454583740234375 0.048309326171875 0.04812889099121094
1 0.7197265625 0.3126617431640625 0.01971435546875 0.0699859619140625
1 0.0460205078125 0.2675933837890625 0.03302001953125 0.06467742919921875
0 0.11025159292706468 0.7834960937500001 0.05610588625794114 0.06131896972656238
0 0.46533203125 0.587188720703125 0.054595947265625 0.04886016845703125
1 0.01611328125 0.3434295654296875 0.0322265625 0.07020263671875
0 0.51904296875 0.50875244140625 0.052032470703125 0.046422576904296874
1 0.1165771484375 0.3581634521484375 0.0310211181640625 0.06321487426757813
1 0.275634765625 0.405615234375 0.022674560546875 0.06343154907226563
1 0.36328125 0.3200286865234375 0.0188751220703125 0.06310653686523438
1 0.91748046875 0.4127655029296875 0.035614013671875 0.06548995971679687
1 0.12176513671875 0.25914306640625 0.027801513671875 0.0686859130859375
1 0.60107421875 0.1510223388671875 0.01666259765625 0.06429824829101563
1 0.5751953125 0.353179931640625 0.0272216796875 0.06121063232421875
1 0.3876953125 0.3499298095703125 0.02691650390625 0.063702392578125
1 0.84228515625 0.3607635498046875 0.035400390625 0.0656524658203125
1 0.58203125 0.2979278564453125 0.0302734375 0.050756072998046874
1 0.07171630859375 0.341046142578125 0.037200927734375 0.06538162231445313
1 0.6572265625 0.20020751953125 0.0184326171875 0.06635665893554688
0 0.8359375 0.497052001953125 0.03753662109375 0.05546875
1 0.453857421875 0.282977294921875 0.01507568359375 0.05806884765625
0 0.496826171875 0.655657958984375 0.054595947265625 0.045122528076171876
0 0.5185546875 0.46715087890625 0.045013427734375 0.0457183837890625
1 0.79638671875 0.360980224609375 0.0285491943359375 0.06343154907226563
1 0.52734375 0.3260955810546875 0.0289764404296875 0.06402740478515626
1 0.48095703125 0.3109283447265625 0.0271759033203125 0.06841506958007812
1 0.607421875 0.23314208984375 0.016021728515625 0.06548995971679687
1 0.496826171875 0.245709228515625 0.021575927734375 0.044689178466796875
1 0.178466796875 0.387847900390625 0.03143310546875 0.06180648803710938
1 0.77978515625 0.3282623291015625 0.0246124267578125 0.05963973999023438
0 0.560546875 0.731060791015625 0.052825927734375 0.048047637939453124
1 0.483642578125 0.37874755859375 0.0207977294921875 0.0673858642578125
1 0.94873046875 0.93516845703125 0.03277587890625 0.06272735595703124
1 0.91552734375 0.243109130859375 0.03265380859375 0.06776504516601563
1 0.4404296875 0.343646240234375 0.025665283203125 0.06673583984375
1 0.63720703125 0.4166656494140625 0.0235595703125 0.06906509399414062
1 0.298828125 0.299444580078125 0.019561767578125 0.07074432373046875
1 0.269287109375 0.283843994140625 0.0219879150390625 0.0574188232421875
1 0.91943359375 0.305511474609375 0.030670166015625 0.06700668334960938
1 0.09808349609375 0.2888275146484375 0.023651123046875 0.05817718505859375
0 0.33984375 0.60408935546875 0.05511474609375 0.04661216735839844
0 0.1607666015625 0.612322998046875 0.045684814453125 0.05465621948242187
1 0.75927734375 0.398248291015625 0.0272216796875 0.09463272094726563
1 0.95751953125 0.2597930908203125 0.03179931640625 0.06077728271484375
1 0.0863037109375 0.2576263427734375 0.0209197998046875 0.04157447814941406
1 0.53955078125 0.22089996337890624 0.015716552734375 0.0574188232421875
1 0.7998046875 0.9516357421875 0.0276336669921875 0.05476455688476563
0 0.62939453125 0.604522705078125 0.0460205078125 0.06538162231445313
1 0.9453125 0.861932373046875 0.035736083984375 0.05476455688476563
1 0.90869140625 0.775262451171875 0.0341796875 0.05143318176269531
1 0.481689453125 0.96983642578125 0.0313720703125 0.054547882080078124
1 0.9833526611328125 0.4417999267578125 0.033294677734375 0.09203262329101562
1 0.896484375 0.10687484741210937 0.0225067138671875 0.06765670776367187
1 0.96923828125 0.89443359375 0.033905029296875 0.05517082214355469
0 0.8349609375 0.68382568359375 0.060302734375 0.07036514282226562
1 0.82958984375 0.55035400390625 0.032470703125 0.06180648803710938
1 0.85302734375 0.19164886474609374 0.01554107666015625 0.03734931945800781