1 0.65673828125 0.3490631103515625 0.02203369140625 0.0686859130859375
1 0.91455078125 0.417315673828125 0.034942626953125 0.0682525634765625
1 0.0709228515625 0.3633636474609375 0.039642333984375 0.06429824829101563
0 0.309814453125 0.46541748046875 0.03021240234375 0.06727752685546876
1 0.3310546875 0.825531005859375 0.0251312255859375 0.05926055908203125
1 0.9638671875 0.395648193359375 0.03594970703125 0.06359405517578125
1 0.87353515625 0.3830810546875 0.0283355712890625 0.07101516723632813
1 0.9736328125 0.17193145751953126 0.0257110595703125 0.06251068115234375
1 0.6845703125 0.19706573486328124 0.0244293212890625 0.06635665893554688
0 0.1163330078125 0.52261962890625 0.0316162109375 0.062835693359375
1 0.52001953125 0.343212890625 0.0219879150390625 0.06635665893554688
1 0.476806640625 0.4257659912109375 0.026153564453125 0.06689834594726562
1 0.05126953125 0.8649658203125 0.03790283203125 0.05953140258789062
0 0.56591796875 0.5148193359375 0.050048828125 0.03889312744140625
0 0.09234619140625 0.4593505859375 0.051177978515625 0.04444541931152344
0 0.16748046875 0.4088653564453125 0.029876708984375 0.06576080322265625
0 0.5244140625 0.59195556640625 0.0311431884765625 0.05633544921875
1 0.6533203125 0.4261993408203125 0.020172119140625 0.0556854248046875
1 0.42626953125 0.3117950439453125 0.0197906494140625 0.06343154907226563
1 0.58349609375 0.3707305908203125 0.02447509765625 0.06700668334960938
1 0.25341796875 0.633990478515625 0.0293731689453125 0.06018142700195313
1 0.9560546875 0.04284744262695313 0.016845703125 0.07036514282226562
0 0.34375 0.56248779296875 0.050048828125 0.04276618957519531
1 0.82275390625 0.2478759765625 0.026702880859375 0.07182769775390625
1 0.159912109375 0.847198486328125 0.03228759765625 0.05579376220703125
1 0.8134765625 0.142138671875 0.020721435546875 0.07247772216796874
1 0.157470703125 0.754461669921875 0.0287017822265625 0.05251655578613281
0 0.62890625 0.55035400390625 0.044097900390625 0.06121063232421875
1 0.68896484375 0.12166290283203125 0.024658203125 0.06852340698242188
1 0.6953125 0.28341064453125 0.0287017822265625 0.07567367553710938
1 0.8994140625 0.6708251953125 0.038177490234375 0.06451492309570313
1 0.2235107421875 0.3013946533203125 0.019500732421875 0.0606689453125
1 0.53125 0.688592529296875 0.0284423828125 0.05774383544921875
1 0.486328125 0.842864990234375 0.0209197998046875 0.05861053466796875
0 0.216064453125 0.52781982421875 0.04931640625 0.04650382995605469
1 0.62939453125 0.32327880859375 0.0252685546875 0.06538162231445313
1 0.2113037109375 0.13466339111328124 0.0169219970703125 0.0606689453125
1 0.31640625 0.2324920654296875 0.0255584716796875 0.07399444580078125
1 0.66455078125 0.26954345703125 0.0231475830078125 0.06402740478515626
1 0.181396484375 0.237908935546875 0.0271148681640625 0.06099395751953125
1 0.7900390625 0.20367431640625 0.0282745361328125 0.06251068115234375
1 0.564453125 0.21504974365234375 0.0300445556640625 0.0738861083984375
1 0.9873046875 0.2316253662109375 0.0238189697265625 0.060506439208984374
1 0.759765625 0.878399658203125 0.032470703125 0.05709381103515625
1 0.2049560546875 0.2080078125 0.025909423828125 0.05424995422363281
1 0.5166015625 0.269976806640625 0.0273284912109375 0.06272735595703124
1 0.9384765625 0.2532928466796875 0.028656005859375 0.059423065185546874
1 0.2880859375 0.18254852294921875 0.0161590576171875 0.059423065185546874
1 0.92333984375 0.15134735107421876 0.0239105224609375 0.06299819946289062
1 0.197265625 0.835931396484375 0.033477783203125 0.0457183837890625
1 0.288330078125 0.3633636474609375 0.0278472900390625 0.06169815063476562
1 0.2939453125 0.66649169921875 0.03167724609375 0.05687713623046875
1 0.8681640625 0.222308349609375 0.0218658447265625 0.07101516723632813
1 0.287353515625 0.3078948974609375 0.0282135009765625 0.061589813232421874
1 0.76513671875 0.14181365966796874 0.019561767578125 0.06240234375
1 0.7255859375 0.313311767578125 0.0276947021484375 0.04607048034667969
1 0.8701171875 0.2896942138671875 0.0278472900390625 0.0522186279296875
1 0.607421875 0.2047576904296875 0.02484130859375 0.05839385986328125
1 0.06695556640625 0.761395263671875 0.027008056640625 0.06018142700195313
1 0.08282470703125 0.2896942138671875 0.0300445556640625 0.0537353515625
1 0.876953125 0.14571380615234375 0.020843505859375 0.06359405517578125
1 0.73779296875 0.17041473388671874 0.0186920166015625 0.06402740478515626
1 0.96044921875 0.305511474609375 0.03125 0.06765670776367187
1 0.42041015625 0.4001983642578125 0.02484130859375 0.0357513427734375
1 0.27490234375 0.271710205078125 0.019989013671875 0.05926055908203125
1 0.6767578125 0.404315185546875 0.017852783203125 0.024294662475585937
1 0.0394287109375 0.2030242919921875 0.016021728515625 0.05476455688476563
1 0.12420654296875 0.3152618408203125 0.0245208740234375 0.05817718505859375
1 0.1737060546875 0.16629791259765625 0.017852783203125 0.05213737487792969
1 0.6435546875 0.230108642578125 0.0216217041015625 0.07361526489257812
1 0.114990234375 0.2511260986328125 0.033477783203125 0.052922821044921874
1 0.91015625 0.2201416015625 0.02685546875 0.08109054565429688
1 0.472412109375 0.20053253173828126 0.0164642333984375 0.04766845703125
1 0.478271484375 0.2411590576171875 0.018341064453125 0.045203781127929686
1 0.7548828125 0.967236328125 0.0299224853515625 0.04923934936523437
1 0.591796875 0.2688934326171875 0.0189361572265625 0.0556854248046875
1 0.312255859375 0.1588226318359375 0.01363372802734375 0.03994941711425781
1 0.01519012451171875 0.2363922119140625 0.028167724609375 0.060398101806640625