1 0.76708984375 0.4986979166666667 0.0261077880859375 0.0798611111111111
0 0.2095947265625 0.5963541666666666 0.040771484375 0.05848524305555555
0 0.1500244140625 0.3784722222222222 0.05291748046875 0.04342990451388889
0 0.73583984375 0.4123263888888889 0.04486083984375 0.043267144097222224
0 0.433349609375 0.423828125 0.036163330078125 0.06787109375
0 0.71533203125 0.3704427083333333 0.04400634765625 0.040690104166666664
0 0.320068359375 0.34375 0.048492431640625 0.037055121527777776
0 0.9560546875 0.4092881944444444 0.0537109375 0.046223958333333336
0 0.21240234375 0.2621527777777778 0.04876708984375 0.036919487847222224
0 0.77099609375 0.4639756944444444 0.050048828125 0.04031032986111111
0 0.415283203125 0.2699652777777778 0.040679931640625 0.03662109375
0 0.07611083984375 0.4769965277777778 0.0328369140625 0.045708550347222224
0 0.1263427734375 0.5464409722222222 0.0276947021484375 0.05113389756944445
0 0.81884765625 0.6775173611111112 0.0285491943359375 0.056640625
1 0.787202380952381 0.5000000000000001 0.02232142857142859 0.06878306878306872