1 0.36384976525821594 0.09074074074074075 0.03338549817423057 0.06481481481481481
1 0.21570161711006783 0.07361111111111111 0.030777256129368807 0.05740740740740741
1 0.8993218570683359 0.7384259259259259 0.03025560772039645 0.05648148148148148
1 0.7472613458528952 0.6314814814814815 0.02556077203964528 0.06018518518518518
0 0.7793427230046949 0.45740740740740743 0.056338028169014086 0.04537037037037037
1 0.8701095461658842 0.7694444444444445 0.023474178403755867 0.05740740740740741
1 0.48278560250391234 0.6194444444444445 0.02190923317683881 0.07407407407407407
1 0.2553468961919666 0.2537037037037037 0.036515388628064686 0.05462962962962963
0 0.45174752217005737 0.49074074074074076 0.047991653625456446 0.04259259259259259
1 0.8604590505998957 0.7129629629629629 0.027125717266562335 0.06111111111111111
1 0.056598852373500264 0.2537037037037037 0.036515388628064686 0.05648148148148148
1 0.2334376630151278 0.18703703703703703 0.024517475221700575 0.05925925925925926
0 0.8802816901408451 0.5523148148148148 0.04903495044340115 0.04537037037037037
0 0.4726134585289515 0.6888888888888889 0.04381846635367762 0.03611111111111111
1 0.9825247782994262 0.7620370370370371 0.0297339593114241 0.06944444444444445
1 0.6838810641627543 0.7439814814814815 0.024517475221700575 0.053703703703703705
1 0.11319770474700053 0.27175925925925926 0.027125717266562335 0.06574074074074074
1 0.8169014084507042 0.7328703703703704 0.018779342723004695 0.044444444444444446
1 0.8779342723004695 0.6060185185185185 0.027125717266562335 0.05555555555555555
1 0.7952529994783516 0.6657407407407407 0.019300991131977047 0.05277777777777778
1 0.5333854981742305 0.6703703703703704 0.018257694314032343 0.06296296296296296
1 0.7934272300469484 0.12546296296296297 0.0297339593114241 0.06944444444444445
1 0.7970787689097548 0.7564814814814815 0.020865936358894107 0.06388888888888888
1 0.7232655190401669 0.749537037037037 0.022430881585811163 0.05277777777777778
1 0.758998435054773 0.1912037037037037 0.03182055294731351 0.05648148148148148
1 0.923056859676578 0.6458333333333334 0.03442879499217527 0.05925925925925926
1 0.6546687532603026 0.7453703703703703 0.022952529994783515 0.05925925925925926
1 0.6011997913406364 0.7648148148148148 0.017214397496087636 0.05740740740740741
0 0.9384454877412624 0.46620370370370373 0.05529473135106938 0.03981481481481482
1 0.18753260302556077 0.31157407407407406 0.030777256129368807 0.06111111111111111
1 0.7081377151799687 0.6532407407407408 0.023995826812728223 0.05648148148148148
1 0.37741262389149716 0.6041666666666666 0.022430881585811163 0.06851851851851852
1 0.12363067292644757 0.5541666666666667 0.028690662493479395 0.04814814814814815
1 0.8364632237871674 0.1925925925925926 0.03182055294731351 0.05277777777777778
1 0.896452790818988 0.7921296296296296 0.022430881585811163 0.06018518518518518
1 0.2699530516431925 0.5407407407407407 0.03025560772039645 0.05092592592592592
1 0.4507042253521127 0.34953703703703703 0.02034428794992175 0.05925925925925926
1 0.28325508607198746 0.6990740740740741 0.0198226395409494 0.05648148148148148
1 0.4966092853416797 0.7402777777777778 0.017214397496087636 0.06388888888888888
1 0.5722483046426708 0.6152777777777778 0.017214397496087636 0.05185185185185185
1 0.8341158059467919 0.7800925925925926 0.02556077203964528 0.053703703703703705
1 0.9061032863849765 0.7 0.02556077203964528 0.07222222222222222
1 0.07668231611893583 0.07962962962962963 0.023995826812728223 0.05925925925925926
1 0.7605633802816901 0.8050925925925926 0.01773604590505999 0.05462962962962963
1 0.4042775169535733 0.7282407407407407 0.01564945226917058 0.07037037037037037
1 0.6379760041731872 0.649074074074074 0.01617110067814293 0.05
1 0.6864893062076161 0.2037037037037037 0.027125717266562335 0.041666666666666664
1 0.24308815858111632 0.7074074074074074 0.018257694314032343 0.06759259259259259
1 0.400886802295253 0.6430555555555556 0.022430881585811163 0.06666666666666667
1 0.7814293166405842 0.2412037037037037 0.03025560772039645 0.06111111111111111
1 0.45957224830464266 0.7875 0.022430881585811163 0.058333333333333334
1 0.25639019300991134 0.7425925925925926 0.018779342723004695 0.046296296296296294
1 0.1914449660928534 0.350462962962963 0.02608242044861763 0.058333333333333334
1 0.31872717788210747 0.8199074074074074 0.01617110067814293 0.06018518518518518
1 0.4457485654668753 0.3814814814814815 0.022952529994783515 0.05648148148148148
1 0.18205529473135107 0.8611111111111112 0.019300991131977047 0.06388888888888888
1 0.1465832029212311 0.7180555555555556 0.0198226395409494 0.049074074074074076
1 0.0738132498695879 0.8185185185185185 0.03286384976525822 0.0712962962962963
1 0.0639019300991132 0.6902777777777778 0.02138758476786646 0.06296296296296296
1 0.9410537297861241 0.8069444444444445 0.028690662493479395 0.05740740740740741
1 0.10198226395409495 0.6981481481481482 0.024517475221700575 0.044444444444444446
1 0.12493479394887845 0.6449074074074074 0.029212310902451747 0.05925925925925926
1 0.297339593114241 0.8777777777777778 0.01564945226917058 0.06481481481481481
1 0.5714658320292123 0.7768518518518519 0.01773604590505999 0.05555555555555555
1 0.15675534689619197 0.638425925925926 0.02190923317683881 0.07407407407407407
1 0.04538341158059468 0.5555555555555556 0.03286384976525822 0.06018518518518518
1 0.017214397496087636 0.7680555555555556 0.028690662493479395 0.05277777777777778
1 0.9898278560250391 0.7138888888888889 0.02034428794992175 0.05648148148148148
1 0.7908189880020866 0.7912037037037037 0.01773604590505999 0.06296296296296296
1 0.6202399582681273 0.34305555555555556 0.025039123630672927 0.06481481481481481
1 0.39149713093375066 0.7768518518518519 0.015127803860198226 0.062037037037037036
1 0.03260302556077204 0.8430555555555556 0.022952529994783515 0.07222222222222222
1 0.6622326551904016 0.6712962962962963 0.016692749087115284 0.037037037037037035
1 0.33776734480959836 0.662962962962963 0.015127803860198226 0.07222222222222222
1 0.07850808555033907 0.12222222222222222 0.026604068857589983 0.05277777777777778
1 0.5800730307772561 0.6513888888888889 0.0297339593114241 0.04259259259259259