1 0.18984375 0.2601851851851852 0.027083333333333334 0.07407407407407407
0 0.86484375 0.5148148148148148 0.053125 0.041666666666666664
0 0.33359375 0.4810185185185185 0.05 0.046296296296296294
0 0.7364583333333333 0.45231481481481484 0.05677083333333333 0.04722222222222222
0 0.24661458333333333 0.7787037037037037 0.0453125 0.04722222222222222
0 0.64453125 0.4824074074074074 0.051041666666666666 0.03981481481481482
0 0.6796875 0.6712962962962963 0.044270833333333336 0.041666666666666664
0 0.5885416666666666 0.6092592592592593 0.046875 0.03981481481481482
0 0.88359375 0.6671296296296296 0.04635416666666667 0.03981481481481482
0 0.8625 0.5990740740740741 0.051041666666666666 0.037037037037037035
0 0.0484375 0.48935185185185187 0.049479166666666664 0.041666666666666664
0 0.13098958333333333 0.31574074074074077 0.04635416666666667 0.062037037037037036
0 0.07421875 0.6166666666666667 0.028125 0.06296296296296296
0 0.9453125 0.7050925925925926 0.05 0.026851851851851852
0 0.7005208333333334 0.11481481481481481 0.036458333333333336 0.05555555555555555
1 0.17161458333333332 0.25972222222222224 0.0203125 0.07037037037037037