1 0.93115234375 0.8875 0.03839111328125 0.05806884765625
0 0.8544921875 0.542987060546875 0.058135986328125 0.0513519287109375
1 0.61474609375 0.454150390625 0.0261077880859375 0.05963973999023438
1 0.63037109375 0.863232421875 0.037322998046875 0.05963973999023438
0 0.3447265625 0.554254150390625 0.052032470703125 0.08109054565429688
1 0.19189453125 0.3477630615234375 0.0311431884765625 0.0578521728515625
1 0.908203125 0.3707305908203125 0.03277587890625 0.06711502075195312
1 0.5966796875 0.3156951904296875 0.017181396484375 0.06142730712890625
1 0.6494140625 0.3815643310546875 0.0261993408203125 0.06099395751953125
1 0.0792236328125 0.839398193359375 0.034027099609375 0.0574188232421875
1 0.431640625 0.38568115234375 0.021331787109375 0.06402740478515626
1 0.82568359375 0.47755126953125 0.0293731689453125 0.05414161682128906
1 0.70849609375 0.2441925048828125 0.0202178955078125 0.07155685424804688
1 0.7421875 0.11407928466796875 0.0173797607421875 0.06099395751953125
1 0.6787109375 0.4114654541015625 0.0225830078125 0.06852340698242188
1 0.83740234375 0.294244384765625 0.0292510986328125 0.06467742919921875
0 0.75634765625 0.705926513671875 0.051361083984375 0.041899490356445315
1 0.461669921875 0.4105987548828125 0.018798828125 0.0656524658203125
1 0.435791015625 0.3022613525390625 0.0302734375 0.06538162231445313
0 0.50244140625 0.5737548828125 0.047515869140625 0.040247344970703126
1 0.962890625 0.3830810546875 0.027008056640625 0.05839385986328125
1 0.916015625 0.449383544921875 0.0345458984375 0.07859878540039063
0 0.9658203125 0.579388427734375 0.057281494140625 0.048968505859375
0 0.93798828125 0.711126708984375 0.05499267578125 0.045203781127929686
0 0.5048828125 0.523919677734375 0.048126220703125 0.04563713073730469
1 0.67919921875 0.1995574951171875 0.0182342529296875 0.07209854125976563
1 0.71337890625 0.3692138671875 0.018157958984375 0.05882720947265625
1 0.6171875 0.757928466796875 0.0235137939453125 0.0572021484375
1 0.07806396484375 0.3135284423828125 0.031494140625 0.06240234375
1 0.4814453125 0.2721435546875 0.0310821533203125 0.06749420166015625
1 0.7705078125 0.2944610595703125 0.02044677734375 0.06007308959960937
1 0.86767578125 0.270843505859375 0.0212860107421875 0.06603164672851562
1 0.0129241943359375 0.30941162109375 0.0251312255859375 0.07193603515625
1 0.07720947265625 0.2350921630859375 0.025665283203125 0.05796051025390625
1 0.59423828125 0.853265380859375 0.0276947021484375 0.05154151916503906
1 0.57470703125 0.352313232421875 0.0197601318359375 0.06099395751953125
1 0.6474609375 0.18807373046875 0.0180511474609375 0.06099395751953125
1 0.5673828125 0.2870941162109375 0.0223236083984375 0.06099395751953125
1 0.751953125 0.1854736328125 0.0200958251953125 0.07247772216796874
1 0.61767578125 0.2064910888671875 0.0225830078125 0.06121063232421875
1 0.33251953125 0.2827606201171875 0.0272674560546875 0.07372360229492188
1 0.8935546875 0.2654266357421875 0.0271148681640625 0.0613189697265625
1 0.84033203125 0.3980316162109375 0.033721923828125 0.07513198852539063
1 0.0184326171875 0.24180908203125 0.03326416015625 0.05796051025390625
1 0.280517578125 0.1716064453125 0.0228424072265625 0.0613189697265625
1 0.2998046875 0.2974945068359375 0.030853271484375 0.04157447814941406
1 0.92333984375 0.1354217529296875 0.0218658447265625 0.0574188232421875
1 0.2454833984375 0.276910400390625 0.026153564453125 0.05527915954589844
1 0.63232421875 0.96983642578125 0.0292510986328125 0.057635498046875
1 0.5068359375 0.3581634521484375 0.01422882080078125 0.05362701416015625
1 0.1224365234375 0.223175048828125 0.027801513671875 0.05192070007324219
1 0.83447265625 0.190673828125 0.018341064453125 0.05202903747558594
1 0.1688232421875 0.2090911865234375 0.0318603515625 0.06852340698242188
1 0.50341796875 0.812530517578125 0.03521728515625 0.09149093627929687
1 0.9326171875 0.29554443359375 0.027008056640625 0.05322074890136719
1 0.201171875 0.19511566162109376 0.02337646484375 0.06765670776367187
0 0.12188720703125 0.53302001953125 0.047882080078125 0.05926055908203125