0 0.3658854166666667 0.5990740740740741 0.04791666666666667 0.03888888888888889
0 0.17213541666666668 0.5666666666666667 0.05260416666666667 0.03981481481481482
0 0.31015625 0.6805555555555556 0.04739583333333333 0.03981481481481482
0 0.47760416666666666 0.30277777777777776 0.051041666666666666 0.040740740740740744
0 0.5328125 0.4537037037037037 0.0515625 0.044444444444444446
0 0.2557291666666667 0.6185185185185185 0.04635416666666667 0.044444444444444446
0 0.38307291666666665 0.4439814814814815 0.05 0.046296296296296294
0 0.7817708333333333 0.524537037037037 0.04635416666666667 0.04351851851851852
0 0.9135416666666667 0.33101851851851855 0.050520833333333334 0.04259259259259259
0 0.5596354166666667 0.7041666666666667 0.046875 0.04351851851851852
0 0.4864583333333333 0.20925925925925926 0.05625 0.041666666666666664
0 0.31354166666666666 0.31851851851851853 0.05 0.041666666666666664
0 0.7484375 0.6356481481481482 0.0453125 0.046296296296296294
0 0.022135416666666668 0.6537037037037037 0.04375 0.046296296296296294
0 0.67421875 0.3074074074074074 0.034375 0.05185185185185185
0 0.9575520833333333 0.16064814814814815 0.0515625 0.058333333333333334
0 0.1859375 0.41759259259259257 0.052083333333333336 0.03888888888888889
0 0.12369791666666667 0.22083333333333333 0.05677083333333333 0.05555555555555555
0 0.26458333333333334 0.5055555555555555 0.0546875 0.041666666666666664
0 0.2833333333333333 0.4013888888888889 0.04895833333333333 0.040740740740740744
0 0.4901041666666667 0.16018518518518518 0.058333333333333334 0.05277777777777778
0 0.36692708333333335 0.24537037037037038 0.04010416666666667 0.03796296296296296
0 0.9481770833333333 0.5305555555555556 0.050520833333333334 0.044444444444444446
0 0.037760416666666664 0.34629629629629627 0.0546875 0.041666666666666664
0 0.9317708333333333 0.45416666666666666 0.049479166666666664 0.044444444444444446