0 0.5620761606677099 0.5050925925925925 0.05216484089723526 0.046296296296296294
1 0.652321335419927 0.8337962962962963 0.013562858633281168 0.062037037037037036
1 0.7621283255086072 0.5856481481481481 0.026604068857589983 0.05740740740740741
0 0.4775691184141888 0.45740740740740743 0.037037037037037035 0.06018518518518518
1 0.9214919144496609 0.6694444444444444 0.037037037037037035 0.06666666666666667
1 0.20839853938445488 0.6134259259259259 0.029212310902451747 0.06296296296296296
1 0.20031298904538342 0.725462962962963 0.02608242044861763 0.07037037037037037
1 0.4316640584246218 0.0787037037037037 0.03390714658320292 0.05740740740740741
1 0.1411058946270214 0.12268518518518519 0.03547209181011998 0.053703703703703705
0 0.5693792383933229 0.44814814814814813 0.05112154407929056 0.044444444444444446
1 0.1178925404277517 0.7777777777777778 0.027125717266562335 0.06296296296296296
1 0.28377673448095986 0.6958333333333333 0.028169014084507043 0.06481481481481481
1 0.7300469483568075 0.6689814814814815 0.0297339593114241 0.06574074074074074
1 0.2334376630151278 0.337037037037037 0.02608242044861763 0.05740740740740741
1 0.5010432968179447 0.5791666666666667 0.015127803860198226 0.06481481481481481
1 0.013562858633281168 0.6912037037037037 0.026604068857589983 0.06574074074074074
1 0.8539384454877412 0.6967592592592593 0.029212310902451747 0.06296296296296296
1 0.8262910798122066 0.5791666666666667 0.03286384976525822 0.06759259259259259
1 0.6113719353155973 0.6986111111111111 0.02608242044861763 0.06111111111111111
1 0.2357850808555034 0.6532407407407408 0.025039123630672927 0.06759259259259259
1 0.33124673969744395 0.6763888888888889 0.026604068857589983 0.06666666666666667
1 0.42644757433489827 0.18101851851851852 0.030777256129368807 0.05092592592592592
1 0.14501825769431403 0.6865740740740741 0.022952529994783515 0.06574074074074074
1 0.7201356285863328 0.7027777777777777 0.0297339593114241 0.06018518518518518
1 0.06677099634846113 0.7078703703703704 0.0297339593114241 0.05185185185185185
1 0.8119457485654669 0.7055555555555556 0.028690662493479395 0.06574074074074074
1 0.8633281168492436 0.7925925925925926 0.02034428794992175 0.06296296296296296
1 0.3857589984350548 0.1398148148148148 0.019300991131977047 0.06574074074074074
0 0.16379760041731872 0.5449074074074074 0.0505998956703182 0.075
1 0.1664058424621805 0.8087962962962963 0.023474178403755867 0.06296296296296296
1 0.3935837245696401 0.19166666666666668 0.025039123630672927 0.05462962962962963
1 0.5498174230568597 0.6986111111111111 0.020865936358894107 0.049074074074074076
1 0.9760041731872717 0.612037037037037 0.0297339593114241 0.03333333333333333
1 0.5057381324986959 0.549537037037037 0.018779342723004695 0.06018518518518518
1 0.557642149191445 0.7939814814814815 0.02034428794992175 0.06111111111111111
1 0.3395931142410016 0.6166666666666667 0.022430881585811163 0.06574074074074074
1 0.6064162754303599 0.6449074074074074 0.029212310902451747 0.07407407407407407
1 0.8852373500260824 0.8356481481481481 0.02034428794992175 0.06666666666666667
1 0.07068335941575378 0.7537037037037037 0.0297339593114241 0.06296296296296296
1 0.8382889932185706 0.21481481481481482 0.027125717266562335 0.06296296296296296
1 0.4188836724047992 0.7194444444444444 0.02608242044861763 0.06388888888888888
1 0.7266562336984872 0.7893518518518519 0.026604068857589983 0.06666666666666667
1 0.6781429316640585 0.09583333333333334 0.02138758476786646 0.05277777777777778
1 0.4209702660406886 0.7564814814814815 0.011997913406364111 0.037037037037037035
1 0.7811684924360981 0.687037037037037 0.025039123630672927 0.0787037037037037
1 0.47730829420970267 0.6305555555555555 0.018779342723004695 0.06388888888888888
1 0.33776734480959836 0.7277777777777777 0.017214397496087636 0.04814814814814815
1 0.7944705268648931 0.7296296296296296 0.01564945226917058 0.05185185185185185