0 0.487060546875 0.3155381944444444 0.045257568359375 0.04258897569444445
0 0.07196044921875 0.5208333333333334 0.05389404296875 0.04578993055555555
0 0.495849609375 0.4483506944444444 0.04931640625 0.042046440972222224
0 0.82568359375 0.361328125 0.047515869140625 0.041069878472222224
0 0.73583984375 0.4338107638888889 0.0496826171875 0.04188368055555555
0 0.97216796875 0.6150173611111112 0.0504150390625 0.040852864583333336
0 0.030670166015625 0.4372829861111111 0.0230712890625 0.062337239583333336
0 0.1826171875 0.2834201388888889 0.046539306640625 0.052001953125
0 0.58544921875 0.3901909722222222 0.04345703125 0.042046440972222224
0 0.444091796875 0.5677083333333334 0.035064697265625 0.058268229166666664
0 0.364013671875 0.9322916666666666 0.056121826171875 0.06879340277777778
0 0.54296875 0.1431206597222222 0.0165252685546875 0.046061197916666664
0 0.009124755859375 0.3285590277777778 0.018096923828125 0.04942491319444445