0 0.7104851330203443 0.45 0.030777256129368807 0.06018518518518518
0 0.11815336463223787 0.4703703703703704 0.03129890453834116 0.053703703703703705
0 0.5135628586332812 0.6268518518518519 0.057902973395931145 0.07222222222222222
1 0.05868544600938967 0.3490740740740741 0.03286384976525822 0.06388888888888888
1 0.528169014084507 0.35185185185185186 0.03129890453834116 0.09259259259259259
0 0.23395931142410015 0.4652777777777778 0.0505998956703182 0.05092592592592592
1 0.05033907146583203 0.17453703703703705 0.03234220135628586 0.062037037037037036
0 0.9812206572769953 0.5430555555555555 0.03390714658320292 0.05462962962962963
0 0.8740219092331768 0.5370370370370371 0.03129890453834116 0.0712962962962963
1 0.36437141366718834 0.3050925925925926 0.02608242044861763 0.058333333333333334
0 0.9436619718309859 0.45092592592592595 0.05425143453312467 0.041666666666666664
1 0.1752738654147105 0.3611111111111111 0.02190923317683881 0.06851851851851852
0 0.45174752217005737 0.4981481481481482 0.05112154407929056 0.05092592592592592
1 0.7809076682316118 0.3768518518518518 0.03182055294731351 0.06574074074074074
1 0.3599374021909233 0.22592592592592592 0.02138758476786646 0.06111111111111111
0 0.7230046948356808 0.3365740740740741 0.028169014084507043 0.06296296296296296
1 0.4731351069379238 0.32175925925925924 0.020865936358894107 0.062037037037037036
1 0.26708398539384454 0.31527777777777777 0.030777256129368807 0.06388888888888888
1 0.6048513302034428 0.4222222222222222 0.03338549817423057 0.05925925925925926
1 0.7916014606155451 0.21342592592592594 0.03129890453834116 0.04814814814814815
1 0.02686489306207616 0.24953703703703703 0.03129890453834116 0.06481481481481481
1 0.21778821074595722 0.30972222222222223 0.022430881585811163 0.06759259259259259
1 0.9478351591027647 0.2967592592592593 0.03234220135628586 0.058333333333333334
1 0.25821596244131456 0.19768518518518519 0.02034428794992175 0.07962962962962963
1 0.29786124152321336 0.16620370370370371 0.022430881585811163 0.06574074074074074
1 0.09467918622848201 0.2273148148148148 0.028169014084507043 0.06296296296296296
1 0.667188315075639 0.37453703703703706 0.02190923317683881 0.05648148148148148
1 0.1431924882629108 0.22824074074074074 0.019300991131977047 0.06388888888888888
1 0.4522691705790297 0.38333333333333336 0.02608242044861763 0.04814814814814815
1 0.7123109024517476 0.20601851851851852 0.024517475221700575 0.06111111111111111
1 0.7477829942618675 0.2796296296296296 0.02556077203964528 0.062037037037037036
1 0.49061032863849763 0.2212962962962963 0.026604068857589983 0.06759259259259259
1 0.5438184663536776 0.2587962962962963 0.018257694314032343 0.06481481481481481
1 0.6700573813249869 0.24953703703703703 0.020865936358894107 0.053703703703703705
1 0.852112676056338 0.3055555555555556 0.026604068857589983 0.062037037037037036
1 0.30125195618153366 0.08611111111111111 0.02190923317683881 0.06574074074074074
0 0.22065727699530516 0.6787037037037037 0.05216484089723526 0.05092592592592592
1 0.3568075117370892 0.924537037037037 0.037037037037037035 0.06018518518518518
1 0.18205529473135107 0.21851851851851853 0.02138758476786646 0.06851851851851852
1 0.2279603547209181 0.25416666666666665 0.028169014084507043 0.058333333333333334
1 0.5957224830464267 0.8777777777777778 0.03547209181011998 0.07777777777777778
1 0.8359415753781951 0.825 0.05581637976004173 0.07314814814814814
1 0.6087636932707355 0.3398148148148148 0.025039123630672927 0.06296296296296296
1 0.949660928534168 0.22824074074074074 0.03755868544600939 0.06851851851851852
1 0.3974960876369327 0.2611111111111111 0.02608242044861763 0.058333333333333334
0 0.03390714658320292 0.6810185185185185 0.06781429316640585 0.06388888888888888
1 0.5247782994261867 0.06342592592592593 0.020865936358894107 0.06851851851851852
1 0.44235785080855505 0.8842592592592593 0.02556077203964528 0.06296296296296296
0 0.04877412623891497 0.0912037037037037 0.030777256129368807 0.06759259259259259
1 0.4217527386541471 0.2712962962962963 0.018779342723004695 0.04814814814814815
1 0.43114241001564946 0.1925925925925926 0.018257694314032343 0.053703703703703705
1 0.193792383933229 0.8814814814814815 0.03390714658320292 0.04259259259259259
1 0.7323943661971831 0.15555555555555556 0.02138758476786646 0.06666666666666667
1 0.4175795513823683 0.3449074074074074 0.018257694314032343 0.04351851851851852
1 0.800208659363589 0.17222222222222222 0.01564945226917058 0.04537037037037037
1 0.49765258215962443 0.06666666666666667 0.018779342723004695 0.05648148148148148
1 0.6750130412102243 0.30972222222222223 0.018257694314032343 0.040740740740740744
1 0.6171100678142931 0.24259259259259258 0.017214397496087636 0.05092592592592592
1 0.17370892018779344 0.17824074074074073 0.011476264997391758 0.025925925925925925
1 0.10198226395409495 0.17731481481481481 0.0099113197704747 0.018518518518518517
1 0.06546687532603025 0.05787037037037037 0.01617110067814293 0.06944444444444445
1 0.2279603547209181 0.21203703703703702 0.030777256129368807 0.03888888888888889
1 0.9642670839853938 0.2162037037037037 0.01564945226917058 0.03425925925925926