0 0.24169921875 0.56248779296875 0.0305633544921875 0.05882720947265625
0 0.468505859375 0.55035400390625 0.05560302734375 0.052814483642578125
0 0.334228515625 0.54168701171875 0.052825927734375 0.04555587768554688
1 0.62890625 0.3962982177734375 0.018157958984375 0.06787338256835937
1 0.6181640625 0.1924072265625 0.0181884765625 0.07117767333984375
1 0.1015625 0.82509765625 0.03802490234375 0.06007308959960937
0 0.118408203125 0.477984619140625 0.0526123046875 0.0426849365234375
1 0.15234375 0.6812255859375 0.03948974609375 0.0712860107421875
1 0.56884765625 0.3546966552734375 0.0273284912109375 0.06700668334960938
1 0.1588134765625 0.2870941162109375 0.02752685546875 0.06359405517578125
1 0.8984375 0.15026397705078126 0.0262603759765625 0.06169815063476562
1 0.2489013671875 0.289910888671875 0.0269622802734375 0.0682525634765625
1 0.408935546875 0.92823486328125 0.02386474609375 0.061589813232421874
1 0.6826171875 0.13271331787109375 0.0227203369140625 0.07220687866210937
1 0.42041015625 0.347979736328125 0.020965576171875 0.06624832153320312
1 0.410400390625 0.835498046875 0.035888671875 0.05601043701171875
1 0.471435546875 0.412982177734375 0.03131103515625 0.0699859619140625
1 0.982421875 0.235308837890625 0.0264129638671875 0.07117767333984375
1 0.361572265625 0.288177490234375 0.0276947021484375 0.06440658569335937
0 0.93115234375 0.55555419921875 0.055206298828125 0.042441177368164065
1 0.94091796875 0.3468963623046875 0.0250396728515625 0.068902587890625
1 0.8125 0.17258148193359374 0.0240936279296875 0.06500244140625
1 0.45703125 0.34581298828125 0.0235137939453125 0.06223983764648437
1 0.0216217041015625 0.3620635986328125 0.03662109375 0.0656524658203125
1 0.814453125 0.89530029296875 0.0276336669921875 0.08509902954101563
1 0.0297088623046875 0.4292327880859375 0.0290374755859375 0.05192070007324219
0 0.75927734375 0.611456298828125 0.05126953125 0.053437423706054685
1 0.83447265625 0.3533966064453125 0.0216522216796875 0.0613189697265625
1 0.77880859375 0.34754638671875 0.0262603759765625 0.06299819946289062
1 0.81396484375 0.2489593505859375 0.0282135009765625 0.06440658569335937
1 0.1385498046875 0.932568359375 0.0273284912109375 0.06121063232421875
1 0.96142578125 0.4270660400390625 0.02630615234375 0.07090682983398437
0 0.85498046875 0.604522705078125 0.056640625 0.05731048583984375
1 0.51416015625 0.2998779296875 0.027587890625 0.06359405517578125
1 0.245849609375 0.19511566162109376 0.0252685546875 0.06240234375
0 0.66552734375 0.585888671875 0.046539306640625 0.050566482543945315
0 0.83544921875 0.47928466796875 0.0304412841796875 0.049049758911132814
1 0.79443359375 0.419915771484375 0.0238189697265625 0.06673583984375
1 0.228271484375 0.3845977783203125 0.029083251953125 0.0656524658203125
1 0.07684326171875 0.17474822998046874 0.02685546875 0.06527328491210938
1 0.640625 0.3104949951171875 0.0177154541015625 0.06852340698242188
0 0.0248870849609375 0.5252197265625 0.047607421875 0.05926055908203125
1 0.5126953125 0.703759765625 0.0269622802734375 0.0578521728515625
1 0.36865234375 0.408648681640625 0.028106689453125 0.054547882080078124
0 0.95263671875 0.6049560546875 0.0489501953125 0.05232696533203125
1 0.2176513671875 0.234442138671875 0.0226287841796875 0.07426528930664063
1 0.135009765625 0.246575927734375 0.0231475830078125 0.05963973999023438
1 0.6630859375 0.8164306640625 0.02276611328125 0.06624832153320312
1 0.5654296875 0.863665771484375 0.0279083251953125 0.049997711181640626
1 0.8505859375 0.2992279052734375 0.0257110595703125 0.053329086303710936
1 0.389892578125 0.689459228515625 0.035614013671875 0.05113525390625
1 0.5439453125 0.2238250732421875 0.0225067138671875 0.05839385986328125
1 0.7490234375 0.1436553955078125 0.0139007568359375 0.061589813232421874
1 0.85595703125 0.20833282470703124 0.0191650390625 0.04590797424316406
1 0.578125 0.751861572265625 0.036285400390625 0.058502197265625
1 0.443359375 0.750128173828125 0.0248870849609375 0.054358291625976565
1 0.81298828125 0.78609619140625 0.03436279296875 0.08932418823242187
1 0.95361328125 0.816864013671875 0.0282745361328125 0.0565521240234375
1 0.010608673095703125 0.19706573486328124 0.02121734619140625 0.05731048583984375
1 0.568359375 0.648724365234375 0.03424072265625 0.0537353515625
1 0.1571044921875 0.1854736328125 0.0182952880859375 0.0569854736328125
1 0.4599609375 0.2558929443359375 0.0150146484375 0.06343154907226563
0 0.95458984375 0.08401565551757813 0.0330810546875 0.06689834594726562
1 0.35400390625 0.1978240966796875 0.017852783203125 0.05086441040039062
1 0.76123046875 0.2706268310546875 0.03216552734375 0.04292869567871094
1 0.9150390625 0.2511260986328125 0.027587890625 0.0591522216796875
1 0.93701171875 0.05143318176269531 0.017578125 0.0693359375
1 0.01473236083984375 0.286444091796875 0.02886962890625 0.07426528930664063
1 0.307861328125 0.225775146484375 0.02337646484375 0.05192070007324219
1 0.00955963134765625 0.737127685546875 0.0187225341796875 0.05546875
1 0.6884765625 0.2654266357421875 0.0232391357421875 0.049049758911132814
1 0.98486328125 0.90570068359375 0.0295867919921875 0.024294662475585937
1 0.406494140625 0.2376922607421875 0.0214080810546875 0.05557708740234375
1 0.3828125 0.221441650390625 0.017242431640625 0.04496002197265625
1 0.2724609375 0.17626495361328126 0.016021728515625 0.05202903747558594
0 0.0891149365327769 0.6396604938271604 0.05825073900191273 0.041666666666666664