1 0.8348958333333333 0.7800925925925926 0.022395833333333334 0.06481481481481481
0 0.45651041666666664 0.5356481481481481 0.0546875 0.046296296296296294
0 0.89609375 0.5416666666666666 0.05520833333333333 0.05
0 0.2794270833333333 0.32407407407407407 0.04583333333333333 0.044444444444444446
0 0.30052083333333335 0.4740740740740741 0.050520833333333334 0.044444444444444446
0 0.4453125 0.3388888888888889 0.04479166666666667 0.046296296296296294
0 0.31744791666666666 0.3962962962962963 0.0484375 0.03611111111111111
0 0.1734375 0.28888888888888886 0.044270833333333336 0.03981481481481482
0 0.56484375 0.3819444444444444 0.04479166666666667 0.04537037037037037
0 0.459375 0.8898148148148148 0.05677083333333333 0.053703703703703705
0 0.54296875 0.5013888888888889 0.029166666666666667 0.06018518518518518
0 0.853125 0.2125 0.04635416666666667 0.05277777777777778
0 0.7197916666666667 0.6990740740740741 0.043229166666666666 0.06666666666666667
0 0.5747395833333333 0.11157407407407408 0.019791666666666666 0.06944444444444445
1 0.8239583333333333 0.7592592592592593 0.022916666666666665 0.06851851851851852