1 0.81982421875 0.4105987548828125 0.0289764404296875 0.06971511840820313
1 0.10577392578125 0.7193603515625 0.04217529296875 0.06635665893554688
1 0.88037109375 0.696392822265625 0.033905029296875 0.0582855224609375
1 0.045013427734375 0.348846435546875 0.035675048828125 0.06251068115234375
1 0.9619140625 0.033422088623046874 0.0171051025390625 0.06624832153320312
0 0.275146484375 0.4662841796875 0.030670166015625 0.0606689453125
0 0.09136962890625 0.433349609375 0.033599853515625 0.05731048583984375
0 0.8291015625 0.531719970703125 0.053009033203125 0.041330718994140626
1 0.60986328125 0.601922607421875 0.0202178955078125 0.061914825439453126
1 0.5439453125 0.75662841796875 0.0264129638671875 0.05322074890136719
1 0.92236328125 0.397381591796875 0.0245208740234375 0.060398101806640625
1 0.9814453125 0.40128173828125 0.0282135009765625 0.06917343139648438
0 0.7392578125 0.489251708984375 0.03131103515625 0.05839385986328125
1 0.3857421875 0.225775146484375 0.027740478515625 0.054358291625976565
1 0.3056640625 0.814697265625 0.03216552734375 0.07610702514648438
1 0.420654296875 0.9065673828125 0.0225372314453125 0.05644378662109375
1 0.6513671875 0.193707275390625 0.021209716796875 0.062131500244140624
0 0.408447265625 0.4766845703125 0.05499267578125 0.0448516845703125
1 0.42529296875 0.260009765625 0.0221099853515625 0.062835693359375
0 0.86767578125 0.59542236328125 0.0567626953125 0.043768310546875
1 0.81103515625 0.857598876953125 0.03173828125 0.06240234375
0 0.97314453125 0.62142333984375 0.033905029296875 0.061589813232421874
1 0.7646484375 0.3403961181640625 0.0239105224609375 0.06099395751953125
1 0.666015625 0.334112548828125 0.01751708984375 0.07361526489257812
1 0.67138671875 0.812530517578125 0.0252685546875 0.05861053466796875
1 0.609375 0.2506927490234375 0.0282135009765625 0.06576080322265625
1 0.70361328125 0.159906005859375 0.0206451416015625 0.05861053466796875
1 0.6318359375 0.2996612548828125 0.0247039794921875 0.06381072998046874
1 0.1165771484375 0.294677734375 0.030853271484375 0.0613189697265625
1 0.0125732421875 0.70462646484375 0.024993896484375 0.06500244140625
1 0.463134765625 0.793896484375 0.02203369140625 0.05579376220703125
1 0.275146484375 0.3512298583984375 0.02655029296875 0.07264022827148438
1 0.55224609375 0.19403228759765626 0.015838623046875 0.06576080322265625
1 0.88134765625 0.2996612548828125 0.029815673828125 0.06841506958007812
1 0.326904296875 0.2888275146484375 0.02630615234375 0.06223983764648437
1 0.85107421875 0.3559967041015625 0.0232391357421875 0.0606689453125
0 0.06805419921875 0.50701904296875 0.055511474609375 0.04328079223632812
1 0.8115234375 0.3414794921875 0.02886962890625 0.068902587890625
1 0.53271484375 0.3130950927734375 0.0215301513671875 0.04988937377929688
1 0.72265625 0.09203262329101562 0.021240234375 0.062131500244140624
1 0.453125 0.3876312255859375 0.0278472900390625 0.059748077392578126
1 0.0154876708984375 0.25220947265625 0.0289306640625 0.06917343139648438
0 0.362548828125 0.549920654296875 0.04534912109375 0.061914825439453126
1 0.269775390625 0.724127197265625 0.0287628173828125 0.05202903747558594
1 0.301025390625 0.20443267822265626 0.022979736328125 0.050756072998046874
1 0.97705078125 0.2216583251953125 0.027740478515625 0.06787338256835937
1 0.94091796875 0.267376708984375 0.028106689453125 0.07318191528320313
1 0.13818359375 0.19338226318359375 0.0173797607421875 0.05752716064453125
1 0.7294921875 0.2108245849609375 0.017852783203125 0.060289764404296876
1 0.60888671875 0.6916259765625 0.02532958984375 0.06516494750976562
1 0.42333984375 0.3620635986328125 0.03143310546875 0.062131500244140624
1 0.348876953125 0.032799148559570314 0.0144500732421875 0.047397613525390625
1 0.5048828125 0.2220916748046875 0.019500732421875 0.06121063232421875
1 0.07696533203125 0.24874267578125 0.0292510986328125 0.0587188720703125
1 0.6123046875 0.38568115234375 0.0272216796875 0.05709381103515625
1 0.294189453125 0.2582763671875 0.019866943359375 0.05311241149902344
1 0.251220703125 0.3031280517578125 0.0266571044921875 0.05384368896484375
1 0.01519012451171875 0.789129638671875 0.0294189453125 0.054547882080078124
1 0.90087890625 0.233575439453125 0.0251312255859375 0.07459030151367188
1 0.39501953125 0.79129638671875 0.038909912109375 0.07193603515625
1 0.76416015625 0.27647705078125 0.0305633544921875 0.068902587890625
1 0.52587890625 0.828564453125 0.0216217041015625 0.04547462463378906
1 0.400390625 0.3208953857421875 0.0161590576171875 0.0561187744140625
1 0.2420654296875 0.2671600341796875 0.019012451171875 0.037132644653320314
1 0.86767578125 0.2155914306640625 0.0276336669921875 0.055902099609375
1 0.162353515625 0.249609375 0.0260009765625 0.031688690185546875
1 0.90869140625 0.3317291259765625 0.024139404296875 0.0686859130859375
1 0.79443359375 0.20551605224609376 0.0280609130859375 0.0587188720703125
1 0.8037109375 0.2875274658203125 0.024658203125 0.05644378662109375
1 0.93212890625 0.3330291748046875 0.0202178955078125 0.04124946594238281
0 0.9775390625 0.06624832153320312 0.030670166015625 0.068035888671875