1 0.5425143453312468 0.375 0.028690662493479395 0.062037037037037036
1 0.2994261867501304 0.6837962962962963 0.028690662493479395 0.06759259259259259
1 0.35837245696400627 0.7907407407407407 0.025039123630672927 0.06574074074074074
0 0.0639019300991132 0.6564814814814814 0.05894627021387585 0.04537037037037037
1 0.37689097548252476 0.9254629629629629 0.030777256129368807 0.05925925925925926
0 0.3930620761606677 0.5648148148148148 0.047991653625456446 0.044444444444444446
0 0.19979134063641105 0.6041666666666666 0.0594679186228482 0.04722222222222222
1 0.4809598330725091 0.32546296296296295 0.018779342723004695 0.08055555555555556
1 0.4603547209181012 0.2152777777777778 0.01564945226917058 0.05185185185185185
1 0.2569118414188837 0.7972222222222223 0.03442879499217527 0.06018518518518518
1 0.16562336984872197 0.736574074074074 0.030777256129368807 0.05462962962962963
0 0.3270735524256651 0.5111111111111111 0.03808033385498174 0.05740740740740741
1 0.16692749087115286 0.41712962962962963 0.03234220135628586 0.06666666666666667
1 0.5938967136150235 0.6347222222222222 0.027125717266562335 0.05925925925925926
1 0.6726656233698487 0.3023148148148148 0.0297339593114241 0.06481481481481481
1 0.3612415232133542 0.6518518518518519 0.028690662493479395 0.0824074074074074
1 0.017996870109546165 0.8643518518518518 0.03547209181011998 0.06388888888888888
1 0.945226917057903 0.8671296296296296 0.03182055294731351 0.06666666666666667
1 0.0693792383933229 0.924537037037037 0.03912363067292645 0.06296296296296296
1 0.9160146061554513 0.3523148148148148 0.028690662493479395 0.058333333333333334
1 0.6220657276995305 0.30416666666666664 0.027125717266562335 0.07592592592592592
1 0.4287949921752739 0.28564814814814815 0.027125717266562335 0.062037037037037036
1 0.8442879499217527 0.7722222222222223 0.02190923317683881 0.04814814814814815
1 0.38471570161711005 0.7273148148148149 0.03234220135628586 0.05648148148148148
1 0.5383411580594679 0.3226851851851852 0.023474178403755867 0.06111111111111111
1 0.3729786124152321 0.2810185185185185 0.018257694314032343 0.06481481481481481
1 0.2524778299426187 0.6986111111111111 0.03442879499217527 0.05277777777777778
1 0.6930099113197705 0.20601851851851852 0.027125717266562335 0.05462962962962963
1 0.8262910798122066 0.3300925925925926 0.023995826812728223 0.05648148148148148
1 0.29786124152321336 0.1050925925925926 0.015127803860198226 0.06296296296296296
1 0.6374543557642149 0.36064814814814816 0.022952529994783515 0.046296296296296294
1 0.11319770474700053 0.4847222222222222 0.026604068857589983 0.06481481481481481
1 0.9282733437663016 0.7546296296296297 0.03338549817423057 0.07222222222222222
1 0.010172143974960876 0.5597222222222222 0.02034428794992175 0.05555555555555555
1 0.8568075117370892 0.24537037037037038 0.023474178403755867 0.053703703703703705
1 0.9561815336463224 0.337037037037037 0.0297339593114241 0.05925925925925926
1 0.6377151799687011 0.2462962962962963 0.0198226395409494 0.05462962962962963
1 0.2524778299426187 0.14027777777777778 0.026604068857589983 0.0787037037037037
1 0.41992696922274386 0.4398148148148148 0.027125717266562335 0.049074074074074076
1 0.940792905581638 0.24861111111111112 0.028169014084507043 0.05555555555555555
1 0.9431403234220136 0.28564814814814815 0.029212310902451747 0.05925925925925926
1 0.37167449139280123 0.975 0.0297339593114241 0.046296296296296294
1 0.2081377151799687 0.1486111111111111 0.02034428794992175 0.0712962962962963
1 0.7874282733437663 0.23703703703703705 0.022430881585811163 0.05555555555555555
1 0.2728221178925404 0.37824074074074077 0.028690662493479395 0.06388888888888888
1 0.10745957224830464 0.7472222222222222 0.029212310902451747 0.05740740740740741
1 0.7660406885758998 0.6476851851851851 0.029212310902451747 0.06296296296296296
1 0.038601982263954095 0.1597222222222222 0.03129890453834116 0.06944444444444445
1 0.24569640062597808 0.8907407407407407 0.022430881585811163 0.05555555555555555
1 0.495565988523735 0.8875 0.03390714658320292 0.06851851851851852
1 0.7274387063119457 0.23194444444444445 0.024517475221700575 0.053703703703703705
1 0.15779864371413668 0.28564814814814815 0.026604068857589983 0.049074074074074076
1 0.02190923317683881 0.4583333333333333 0.037037037037037035 0.06481481481481481
1 0.03573291601460615 0.33101851851851855 0.0297339593114241 0.07685185185185185
1 0.26421491914449663 0.3402777777777778 0.026604068857589983 0.08055555555555556
1 0.8069900886802295 0.3023148148148148 0.020865936358894107 0.04722222222222222
1 0.14606155451225875 0.18287037037037038 0.025039123630672927 0.062037037037037036
1 0.9457485654668754 0.8046296296296296 0.03338549817423057 0.058333333333333334
1 0.2994261867501304 0.41574074074074074 0.028690662493479395 0.049074074074074076
1 0.724830464267084 0.36342592592592593 0.029212310902451747 0.05
1 0.7668231611893583 0.3175925925925926 0.022430881585811163 0.05462962962962963
1 0.08946270213875848 0.2523148148148148 0.018779342723004695 0.05740740740740741
1 0.9374021909233177 0.21666666666666667 0.027125717266562335 0.06018518518518518
1 0.22117892540427753 0.2611111111111111 0.019300991131977047 0.06111111111111111
1 0.3236828377673448 0.3282407407407407 0.018257694314032343 0.06574074074074074
1 0.12832550860719874 0.2412037037037037 0.022430881585811163 0.06481481481481481
1 0.011737089201877934 0.3861111111111111 0.0198226395409494 0.040740740740740744
1 0.23056859676577987 0.325 0.02764736567553469 0.06574074074074074
1 0.1904016692749087 0.30972222222222223 0.022430881585811163 0.05277777777777778
1 0.3998435054773083 0.2439814814814815 0.023474178403755867 0.04259259259259259
1 0.2436098069900887 0.27685185185185185 0.02034428794992175 0.05
1 0.8304642670839854 0.2152777777777778 0.02138758476786646 0.05462962962962963
1 0.10459050599895671 0.8097222222222222 0.026604068857589983 0.062037037037037036
1 0.9627021387584768 0.8356481481481481 0.036515388628064686 0.05
1 0.21231090245174752 0.4115740740740741 0.018257694314032343 0.06111111111111111
1 0.41705790297339596 0.27546296296296297 0.02190923317683881 0.053703703703703705
1 0.08633281168492436 0.17731481481481481 0.022430881585811163 0.046296296296296294
1 0.10302556077203964 0.7787037037037037 0.03338549817423057 0.05648148148148148
1 0.9634846113719353 0.20879629629629629 0.02190923317683881 0.04351851851851852
1 0.24569640062597808 0.8412037037037037 0.02034428794992175 0.04814814814814815
1 0.2939488784559207 0.18703703703703703 0.026604068857589983 0.06666666666666667
1 0.8661971830985915 0.2810185185185185 0.018257694314032343 0.030555555555555555
1 0.28377673448095986 0.2569444444444444 0.023995826812728223 0.06851851851851852
1 0.23056859676577987 0.39490740740740743 0.02138758476786646 0.062037037037037036
1 0.11424100156494522 0.32546296296296295 0.02556077203964528 0.06944444444444445
1 0.9491392801251957 0.7277777777777777 0.03547209181011998 0.05740740740740741
1 0.22848200312989045 0.4375 0.03547209181011998 0.06296296296296296