1 0.804642670839854 0.13240740740740742 0.036515388628064686 0.06018518518518518
1 0.6137193531559729 0.5458333333333333 0.022430881585811163 0.06574074074074074
1 0.3622848200312989 0.6412037037037037 0.028169014084507043 0.058333333333333334
0 0.5219092331768388 0.48564814814814816 0.04538341158059468 0.04722222222222222
1 0.14632237871674492 0.7087962962962963 0.025039123630672927 0.05925925925925926
1 0.48278560250391234 0.6523148148148148 0.026604068857589983 0.05
1 0.0605112154407929 0.6643518518518519 0.029212310902451747 0.05740740740740741
1 0.2323943661971831 0.6712962962962963 0.029212310902451747 0.062037037037037036
1 0.8247261345852895 0.5018518518518519 0.03025560772039645 0.06111111111111111
1 0.2167449139280125 0.7583333333333333 0.018257694314032343 0.05277777777777778
1 0.5380803338549818 0.6574074074074074 0.024517475221700575 0.06481481481481481
0 0.10850286906624934 0.6175925925925926 0.048513302034428794 0.03888888888888889
1 0.6948356807511737 0.1361111111111111 0.03547209181011998 0.05740740740740741
1 0.9199269692227439 0.662962962962963 0.030777256129368807 0.06759259259259259
1 0.07068335941575378 0.17824074074074073 0.03808033385498174 0.05555555555555555
1 0.87584767866458 0.5430555555555555 0.03599374021909233 0.06574074074074074
0 0.08633281168492436 0.5421296296296296 0.0495565988523735 0.05740740740740741
1 0.8148148148148148 0.8064814814814815 0.028169014084507043 0.05185185185185185
1 0.7563901930099113 0.08287037037037037 0.02608242044861763 0.05555555555555555
1 0.7099634846113719 0.725 0.019300991131977047 0.058333333333333334
0 0.37871674491392804 0.4638888888888889 0.05112154407929056 0.044444444444444446
1 0.28351591027647366 0.8203703703703704 0.0198226395409494 0.07037037037037037
1 0.1011997913406364 0.7564814814814815 0.022952529994783515 0.05740740740740741
1 0.7279603547209181 0.6328703703703704 0.030777256129368807 0.06018518518518518
1 0.6165884194053208 0.6759259259259259 0.0198226395409494 0.06388888888888888
1 0.8275952008346374 0.6231481481481481 0.022430881585811163 0.06018518518518518
1 0.6763171622326551 0.7606481481481482 0.017214397496087636 0.06018518518518518
1 0.306207616066771 0.125 0.022430881585811163 0.05740740740740741
1 0.19300991131977047 0.8189814814814815 0.015127803860198226 0.062037037037037036
1 0.5722483046426708 0.8907407407407407 0.013562858633281168 0.06018518518518518
1 0.7923839332290037 0.22962962962962963 0.028690662493479395 0.06388888888888888
1 0.7983828899321858 0.575 0.027125717266562335 0.06666666666666667
1 0.8348982785602503 0.7277777777777777 0.026604068857589983 0.06759259259259259
1 0.6205007824726134 0.6162037037037037 0.023474178403755867 0.07037037037037037
1 0.5179968701095462 0.6912037037037037 0.02138758476786646 0.06574074074074074
1 0.8755868544600939 0.8032407407407407 0.024517475221700575 0.07592592592592592
1 0.6846635367762128 0.5856481481481481 0.02190923317683881 0.05092592592592592
1 0.037037037037037035 0.023148148148148147 0.02764736567553469 0.04259259259259259
1 0.4736567553468962 0.737037037037037 0.0198226395409494 0.05648148148148148
1 0.6392801251956182 0.7712962962962963 0.01773604590505999 0.06296296296296296
1 0.7686489306207616 0.6273148148148148 0.0297339593114241 0.06296296296296296
1 0.8510693792383933 0.5930555555555556 0.02764736567553469 0.06296296296296296
1 0.5477308294209703 0.7550925925925925 0.027125717266562335 0.05555555555555555
1 0.9752217005738133 0.762962962962963 0.02764736567553469 0.06018518518518518
1 0.9149713093375065 0.8703703703703703 0.030777256129368807 0.06018518518518518
1 0.7793427230046949 0.7953703703703704 0.02190923317683881 0.05462962962962963
0 0.3382889932185707 0.30833333333333335 0.048513302034428794 0.05740740740740741
1 0.5941575378195096 0.8875 0.020865936358894107 0.06481481481481481
1 0.7501304121022431 0.7791666666666667 0.019300991131977047 0.058333333333333334
0 0.9379238393322901 0.44027777777777777 0.0505998956703182 0.04722222222222222
1 0.6830985915492958 0.2851851851851852 0.028690662493479395 0.053703703703703705
1 0.7895148669796557 0.7263888888888889 0.028169014084507043 0.049074074074074076
1 0.40271257172665625 0.7041666666666667 0.013562858633281168 0.04814814814814815
0 0.5516431924882629 0.3055555555555556 0.05112154407929056 0.062037037037037036
0 0.935054773082942 0.38935185185185184 0.04538341158059468 0.058333333333333334
0 0.8038601982263954 0.37407407407407406 0.053208137715179966 0.06296296296296296