1 0.95263671875 0.048399734497070315 0.017303466796875 0.07117767333984375
1 0.845703125 0.3230621337890625 0.0287628173828125 0.06787338256835937
1 0.14697265625 0.669091796875 0.0305633544921875 0.0578521728515625
0 0.359619140625 0.521319580078125 0.0531005859375 0.047939300537109375
1 0.264892578125 0.360546875 0.0225830078125 0.0695526123046875
1 0.06939697265625 0.7072265625 0.03656005859375 0.05622711181640625
1 0.890625 0.34581298828125 0.0280609130859375 0.0693359375
0 0.471923828125 0.44808349609375 0.03985595703125 0.05202903747558594
0 0.677734375 0.548187255859375 0.049774169921875 0.048047637939453124
1 0.6357421875 0.770928955078125 0.0296478271484375 0.05752716064453125
0 0.473388671875 0.54168701171875 0.05059814453125 0.042061996459960935
1 0.83447265625 0.22447509765625 0.0279541015625 0.06402740478515626
1 0.308837890625 0.7574951171875 0.0305023193359375 0.06169815063476562
1 0.22119140625 0.745361328125 0.035491943359375 0.06814422607421874
1 0.460693359375 0.3902313232421875 0.0228424072265625 0.06440658569335937
0 0.5322265625 0.56942138671875 0.0489501953125 0.047858047485351565
0 0.0560302734375 0.461517333984375 0.050048828125 0.04823722839355469
1 0.79638671875 0.2749603271484375 0.0221099853515625 0.07962799072265625
1 0.035400390625 0.364447021484375 0.034088134765625 0.05882720947265625
0 0.305908203125 0.416448974609375 0.05108642578125 0.0400848388671875
1 0.66650390625 0.382647705078125 0.029754638671875 0.06776504516601563
1 0.045867919921875 0.76702880859375 0.03839111328125 0.06240234375
1 0.9423828125 0.2996612548828125 0.0256195068359375 0.07220687866210937
1 0.78662109375 0.8268310546875 0.0279083251953125 0.05774383544921875
0 0.876953125 0.614923095703125 0.05865478515625 0.05644378662109375
1 0.88525390625 0.1406219482421875 0.0238189697265625 0.065869140625
1 0.01769256591796875 0.795196533203125 0.0353851318359375 0.06018142700195313
0 0.94140625 0.542120361328125 0.059661865234375 0.04536628723144531
1 0.1314697265625 0.4036651611328125 0.035552978515625 0.06613998413085938
1 0.2147216796875 0.841131591796875 0.03314208984375 0.0496185302734375
1 0.489990234375 0.852398681640625 0.0284423828125 0.07074432373046875
1 0.478759765625 0.3425628662109375 0.019195556640625 0.06489410400390624
0 0.207275390625 0.4974853515625 0.049407958984375 0.04504127502441406
1 0.68603515625 0.2316253662109375 0.0257110595703125 0.06018142700195313
1 0.591796875 0.3377960205078125 0.0230712890625 0.07209854125976563
1 0.61083984375 0.2697601318359375 0.0217437744140625 0.077569580078125
0 0.2281494140625 0.597589111328125 0.055419921875 0.04777679443359375
0 0.35205078125 0.47755126953125 0.055816650390625 0.046422576904296874
1 0.80517578125 0.397381591796875 0.028594970703125 0.07886962890625
1 0.336669921875 0.2532928466796875 0.0164642333984375 0.04886016845703125
1 0.87939453125 0.8580322265625 0.034942626953125 0.05861053466796875
1 0.305419921875 0.3152618408203125 0.0234222412109375 0.06381072998046874
1 0.78662109375 0.759228515625 0.02508544921875 0.06007308959960937
1 0.9775390625 0.37528076171875 0.03314208984375 0.05904388427734375
1 0.708984375 0.20551605224609376 0.0230712890625 0.06418991088867188
1 0.88525390625 0.20616607666015624 0.0276947021484375 0.07036514282226562
1 0.052520751953125 0.2844940185546875 0.04132080078125 0.06169815063476562
1 0.174560546875 0.3070281982421875 0.027374267578125 0.0587188720703125
1 0.2939453125 0.2132080078125 0.0209197998046875 0.0587188720703125
1 0.5048828125 0.3204620361328125 0.0169830322265625 0.06635665893554688
1 0.09722900390625 0.3345458984375 0.03521728515625 0.06624832153320312
1 0.6162109375 0.385247802734375 0.0309600830078125 0.06402740478515626
1 0.97998046875 0.2493927001953125 0.026153564453125 0.07914047241210938
1 0.9072265625 0.2385589599609375 0.025909423828125 0.062835693359375
1 0.2027587890625 0.659991455078125 0.0274810791015625 0.04292869567871094
1 0.64599609375 0.93516845703125 0.019866943359375 0.05839385986328125
1 0.90869140625 0.18059844970703126 0.0200958251953125 0.06299819946289062
1 0.71484375 0.34061279296875 0.01763916015625 0.046774673461914065
1 0.74560546875 0.867132568359375 0.0266571044921875 0.04972686767578125
1 0.63330078125 0.2236083984375 0.022796630859375 0.057635498046875
1 0.08587646484375 0.21786651611328126 0.0323486328125 0.07859878540039063
1 0.0413818359375 0.20226593017578126 0.0230712890625 0.0613189697265625
1 0.2413330078125 0.3191619873046875 0.027008056640625 0.06299819946289062
0 0.2099609375 0.550787353515625 0.042572021484375 0.047235107421875
1 0.202392578125 0.159906005859375 0.024749755859375 0.05251655578613281
1 0.468994140625 0.745361328125 0.0284423828125 0.05094566345214844
1 0.26953125 0.250909423828125 0.027740478515625 0.06402740478515626
1 0.235595703125 0.21374969482421874 0.0287017822265625 0.06440658569335937
1 0.1754150390625 0.248309326171875 0.0164642333984375 0.04712677001953125
1 0.78955078125 0.653924560546875 0.0247039794921875 0.05546875
1 0.5078125 0.04886016845703125 0.0190887451171875 0.0613189697265625
1 0.0244293212890625 0.666058349609375 0.029754638671875 0.048589324951171874
1 0.136962890625 0.3241455078125 0.0345458984375 0.06077728271484375
1 0.61865234375 0.12361297607421876 0.0200958251953125 0.06879425048828125
1 0.83056640625 0.021234130859375 0.0147857666015625 0.041168212890625
1 0.5537109375 0.25567626953125 0.0167236328125 0.0574188232421875
1 0.465576171875 0.27041015625 0.017181396484375 0.0587188720703125
1 0.43798828125 0.3102783203125 0.0189361572265625 0.05861053466796875
1 0.08868408203125 0.13834686279296876 0.0203399658203125 0.07193603515625
1 0.175537109375 0.1341217041015625 0.0225372314453125 0.07009429931640625
0 0.9697265625 0.08022384643554688 0.0309600830078125 0.0656524658203125
1 0.435791015625 0.2303253173828125 0.02801513671875 0.060506439208984374
1 0.009708404541015625 0.634857177734375 0.01941680908203125 0.05154151916503906
1 0.46044921875 0.2285919189453125 0.0302734375 0.03799934387207031