0 0.20104166666666667 0.5199074074074074 0.05 0.03981481481481482
1 0.8197916666666667 0.24212962962962964 0.0265625 0.0787037037037037
0 0.34088541666666666 0.4537037037037037 0.05572916666666667 0.03981481481481482
0 0.47213541666666664 0.6171296296296296 0.04479166666666667 0.04814814814814815
0 0.10286458333333333 0.7129629629629629 0.0484375 0.03888888888888889
0 0.18515625 0.6694444444444444 0.04635416666666667 0.041666666666666664
0 0.97265625 0.6069444444444444 0.053125 0.044444444444444446
0 0.21015625 0.600462962962963 0.05 0.03981481481481482
0 0.75546875 0.4740740740740741 0.050520833333333334 0.05
0 0.43125 0.49583333333333335 0.028645833333333332 0.058333333333333334
0 0.36666666666666664 0.1111111111111111 0.0609375 0.05277777777777778
0 0.371875 0.6611111111111111 0.04479166666666667 0.032407407407407406
0 0.7934895833333333 0.7828703703703703 0.044270833333333336 0.05277777777777778
1 0.8411458333333334 0.23425925925925925 0.027604166666666666 0.0824074074074074
0 0.8140625 0.3143518518518518 0.0578125 0.062037037037037036