0 0.529296875 0.5707465277777778 0.049224853515625 0.045355902777777776
0 0.456787109375 0.6223958333333334 0.049224853515625 0.040690104166666664
0 0.40234375 0.4377170138888889 0.04345703125 0.06331380208333333
0 0.78271484375 0.6145833333333334 0.049774169921875 0.04147677951388889
0 0.451416015625 0.3741319444444444 0.047607421875 0.04527452256944445
0 0.61181640625 0.3611111111111111 0.04400634765625 0.042670355902777776
0 0.38427734375 0.33984375 0.0455322265625 0.039008246527777776
0 0.9658203125 0.376953125 0.047088623046875 0.04416232638888889
0 0.64892578125 0.5776909722222222 0.050994873046875 0.043999565972222224
0 0.53173828125 0.306640625 0.046905517578125 0.038655598958333336
0 0.75830078125 0.4155815972222222 0.04046630859375 0.05504014756944445
0 0.646484375 0.5225694444444444 0.048126220703125 0.044840494791666664
0 0.9814605712890625 0.4839409722222222 0.037078857421875 0.04578993055555555
0 0.775390625 0.2849392361111111 0.04559326171875 0.04283311631944445
0 0.5556640625 0.4320746527777778 0.048583984375 0.040852864583333336
0 0.481689453125 0.7717013888888888 0.053985595703125 0.042914496527777776
0 0.459228515625 0.5282118055555556 0.03759765625 0.06401909722222222
0 0.9208984375 0.71484375 0.05718994140625 0.05381944444444445
0 0.5398065476190479 0.6640211640211642 0.048363095238095254 0.0608465608465608
0 0.6008184523809526 0.4814814814814817 0.05133928571428577 0.05820105820105823