0 0.55224609375 0.3821614583333333 0.04681396484375 0.041015625
0 0.258544921875 0.4216579861111111 0.0537109375 0.04052734375
0 0.8978097098214287 0.525607638888889 0.04953438895089294 0.06027560763888889
0 0.1395263671875 0.5473090277777778 0.05633544921875 0.061197916666666664
0 0.465087890625 0.4631076388888889 0.04840087890625 0.05984157986111111
1 0.810546875 0.2977430555555556 0.0310821533203125 0.07709418402777778
0 0.93310546875 0.7482638888888888 0.040985107421875 0.061089409722222224
0 0.66650390625 0.75390625 0.054107666015625 0.040852864583333336
0 0.75927734375 0.4409722222222222 0.044342041015625 0.04147677951388889
1 0.9501953125 0.28125 0.0312042236328125 0.06624348958333333
0 0.362060546875 0.3433159722222222 0.033538818359375 0.059624565972222224
0 0.30615234375 0.3778211805555556 0.045013427734375 0.048665364583333336
0 0.9814453125 0.6636284722222222 0.03424072265625 0.06510416666666667
1 0.70947265625 0.263671875 0.021575927734375 0.06190321180555555
1 0.34326171875 0.2786458333333333 0.022369384765625 0.07508680555555555
0 0.9871177673339844 0.5707465277777778 0.02576446533203125 0.04587131076388889