1 0.6178925404277517 0.2574074074074074 0.025039123630672927 0.05462962962962963
1 0.22561293688054251 0.8347222222222223 0.027125717266562335 0.058333333333333334
0 0.43896713615023475 0.5171296296296296 0.029212310902451747 0.0712962962962963
1 0.22170057381324987 0.3458333333333333 0.0297339593114241 0.07222222222222222
1 0.4791340636411059 0.36574074074074076 0.017214397496087636 0.06481481481481481
0 0.8231611893583725 0.5472222222222223 0.05112154407929056 0.046296296296296294
1 0.04773082942097027 0.43703703703703706 0.028690662493479395 0.06666666666666667
0 0.8693270735524257 0.5027777777777778 0.054773082942097026 0.04351851851851852
1 0.4507042253521127 0.7708333333333334 0.019300991131977047 0.05185185185185185
1 0.2968179447052686 0.2601851851851852 0.023474178403755867 0.07222222222222222
1 0.5315597287428273 0.2337962962962963 0.019300991131977047 0.058333333333333334
0 0.696661450182577 0.5324074074074074 0.054773082942097026 0.04814814814814815
1 0.04303599374021909 0.03796296296296296 0.016692749087115284 0.06944444444444445
1 0.9590505998956703 0.3648148148148148 0.03808033385498174 0.07592592592592592
1 0.33881064162754304 0.7893518518518519 0.02556077203964528 0.05277777777777778
0 0.6291079812206573 0.4925925925925926 0.0297339593114241 0.05925925925925926
1 0.260302556077204 0.30324074074074076 0.02190923317683881 0.06944444444444445
1 0.4681794470526865 0.9203703703703704 0.03286384976525822 0.05925925925925926
1 0.8468961919666145 0.35 0.02764736567553469 0.06759259259259259
1 0.8839332290036516 0.8097222222222222 0.03442879499217527 0.05
0 0.3223787167449139 0.49212962962962964 0.026604068857589983 0.053703703703703705
1 0.4624413145539906 0.34074074074074073 0.02556077203964528 0.06851851851851852
1 0.08581116327595201 0.8787037037037037 0.03755868544600939 0.06296296296296296
1 0.6301512780386019 0.7537037037037037 0.0297339593114241 0.08148148148148149
1 0.9608763693270735 0.6611111111111111 0.036515388628064686 0.05925925925925926
1 0.504434011476265 0.3296296296296296 0.018779342723004695 0.06018518518518518
1 0.43453312467396976 0.3726851851851852 0.02034428794992175 0.06111111111111111
1 0.7832550860719875 0.29907407407407405 0.03234220135628586 0.062037037037037036
1 0.6009389671361502 0.8296296296296296 0.02556077203964528 0.07314814814814814
1 0.03234220135628586 0.31342592592592594 0.03495044340114763 0.06944444444444445
0 0.7793427230046949 0.40185185185185185 0.026604068857589983 0.05092592592592592
1 0.25586854460093894 0.19907407407407407 0.025039123630672927 0.062037037037037036
1 0.7936880542514345 0.7319444444444444 0.03442879499217527 0.06574074074074074
1 0.07955138236828378 0.30324074074074076 0.0297339593114241 0.0712962962962963
1 0.5858111632759521 0.29444444444444445 0.02138758476786646 0.06666666666666667
1 0.30412102243088157 0.7268518518518519 0.02190923317683881 0.06481481481481481
1 0.44679186228482004 0.2050925925925926 0.020865936358894107 0.07592592592592592
0 0.8766301512780386 0.4587962962962963 0.056338028169014086 0.04259259259259259
1 0.6178925404277517 0.32175925925925924 0.028169014084507043 0.06111111111111111
1 0.779603547209181 0.19398148148148148 0.023474178403755867 0.062037037037037036
1 0.9280125195618153 0.32546296296296295 0.026604068857589983 0.05648148148148148
1 0.3002086593635889 0.6148148148148148 0.020865936358894107 0.04722222222222222
1 0.8917579551382369 0.7277777777777777 0.02764736567553469 0.07314814814814814
1 0.9580073030777256 0.2953703703703704 0.028169014084507043 0.06296296296296296
1 0.013302034428794992 0.7189814814814814 0.02556077203964528 0.062037037037037036
1 0.3789775691184142 0.31527777777777777 0.028169014084507043 0.04814814814814815
1 0.8896713615023474 0.2962962962962963 0.02556077203964528 0.05740740740740741
1 0.2535211267605634 0.5662037037037037 0.02608242044861763 0.06296296296296296
1 0.6332811684924361 0.36666666666666664 0.019300991131977047 0.07222222222222222
1 0.4014084507042254 0.2212962962962963 0.01773604590505999 0.06018518518518518
1 0.9019300991131977 0.25046296296296294 0.024517475221700575 0.053703703703703705
1 0.48278560250391234 0.2712962962962963 0.027125717266562335 0.0712962962962963
1 0.8497652582159625 0.2537037037037037 0.024517475221700575 0.062037037037037036
1 0.8262910798122066 0.21805555555555556 0.03495044340114763 0.07037037037037037
1 0.13041210224308816 0.35185185185185186 0.029212310902451747 0.05740740740740741
1 0.288471570161711 0.37546296296296294 0.019300991131977047 0.07685185185185185
1 0.9241001564945227 0.6050925925925926 0.03495044340114763 0.04814814814814815
1 0.1958789775691184 0.16574074074074074 0.02034428794992175 0.05925925925925926
1 0.18518518518518517 0.2222222222222222 0.02190923317683881 0.06111111111111111
1 0.9134063641105895 0.20324074074074075 0.02034428794992175 0.05740740740740741
1 0.4966092853416797 0.8078703703703703 0.03442879499217527 0.06481481481481481
1 0.014084507042253521 0.22592592592592592 0.02556077203964528 0.08055555555555556
1 0.3667188315075639 0.8458333333333333 0.03338549817423057 0.04351851851851852
1 0.058163797600417316 0.2222222222222222 0.020865936358894107 0.05092592592592592
1 0.9893062076160668 0.3148148148148148 0.02138758476786646 0.06296296296296296
1 0.1484089723526343 0.2851851851851852 0.028690662493479395 0.06481481481481481
1 0.3568075117370892 0.1587962962962963 0.022430881585811163 0.06481481481481481
1 0.48930620761606675 0.175 0.023474178403755867 0.06666666666666667
1 0.04773082942097027 0.3685185185185185 0.0297339593114241 0.06111111111111111
1 0.6591027647365676 0.28055555555555556 0.02034428794992175 0.04537037037037037
1 0.11189358372456965 0.29768518518518516 0.03390714658320292 0.05555555555555555
1 0.651017214397496 0.31712962962962965 0.022952529994783515 0.05462962962962963
1 0.11711006781429317 0.21435185185185185 0.028169014084507043 0.06111111111111111
1 0.7490871152842984 0.24675925925925926 0.020865936358894107 0.03148148148148148
0 0.013302034428794992 0.5212962962962963 0.02556077203964528 0.040740740740740744