1 0.9541015625 0.04344329833984375 0.0163421630859375 0.07036514282226562
1 0.43896484375 0.3815643310546875 0.0276336669921875 0.0647857666015625
0 0.304443359375 0.500518798828125 0.03192138671875 0.06299819946289062
1 0.8515625 0.85023193359375 0.03656005859375 0.05465621948242187
0 0.873046875 0.53128662109375 0.05975341796875 0.0504852294921875
1 0.48974609375 0.046883010864257814 0.018798828125 0.07361526489257812
1 0.10614013671875 0.391314697265625 0.0333251953125 0.06613998413085938
1 0.58935546875 0.2649932861328125 0.0213623046875 0.076702880859375
1 0.61572265625 0.7678955078125 0.029205322265625 0.06180648803710938
1 0.859375 0.340179443359375 0.033538818359375 0.06944427490234376
0 0.401123046875 0.53995361328125 0.051361083984375 0.0400848388671875
1 0.016021728515625 0.3438629150390625 0.03131103515625 0.07193603515625
1 0.61865234375 0.92823486328125 0.019195556640625 0.054358291625976565
1 0.9521484375 0.367913818359375 0.0321044921875 0.06007308959960937
1 0.020599365234375 0.757928466796875 0.038543701171875 0.05817718505859375
1 0.763671875 0.645257568359375 0.030853271484375 0.06077728271484375
0 0.474853515625 0.562054443359375 0.0509033203125 0.04669342041015625
0 0.796875 0.574188232421875 0.0295867919921875 0.0693359375
1 0.04217529296875 0.6985595703125 0.036895751953125 0.0574188232421875
1 0.12127685546875 0.662158203125 0.03533935546875 0.06077728271484375
1 0.60888671875 0.3403961181640625 0.01751708984375 0.06402740478515626
0 0.15185546875 0.49661865234375 0.051177978515625 0.04401206970214844
0 0.5986328125 0.537786865234375 0.053802490234375 0.044770431518554685
1 0.19189453125 0.74189453125 0.037109375 0.0647857666015625
1 0.75634765625 0.818597412109375 0.0211181640625 0.05622711181640625
0 0.129150390625 0.57635498046875 0.03179931640625 0.054439544677734375
1 0.982421875 0.8892333984375 0.034698486328125 0.055902099609375
0 0.218017578125 0.4110321044921875 0.0305633544921875 0.049049758911132814
1 0.0263519287109375 0.27474365234375 0.041229248046875 0.0656524658203125
1 0.1483154296875 0.3447296142578125 0.03228759765625 0.05322074890136719
1 0.1900634765625 0.8337646484375 0.037384033203125 0.0537353515625
1 0.482666015625 0.3135284423828125 0.0200958251953125 0.06814422607421874
1 0.6630859375 0.2238250732421875 0.02386474609375 0.0639190673828125
1 0.470458984375 0.847198486328125 0.029815673828125 0.07090682983398437
1 0.6435546875 0.377880859375 0.0236968994140625 0.06169815063476562
1 0.82080078125 0.3174285888671875 0.0254669189453125 0.0682525634765625
1 0.2822265625 0.74102783203125 0.0248870849609375 0.06440658569335937
1 0.7705078125 0.2686767578125 0.0228424072265625 0.07567367553710938
1 0.81298828125 0.2147247314453125 0.023651123046875 0.0639190673828125
1 0.76171875 0.748828125 0.0222015380859375 0.06527328491210938
1 0.2386474609375 0.3568634033203125 0.0310821533203125 0.063702392578125
1 0.95849609375 0.222308349609375 0.02276611328125 0.049049758911132814
0 0.4091796875 0.445050048828125 0.05224609375 0.04669342041015625
1 0.68798828125 0.19879913330078125 0.0248870849609375 0.06538162231445313
0 0.29638671875 0.453717041015625 0.0280609130859375 0.05154151916503906
1 0.218017578125 0.3208953857421875 0.024658203125 0.0665191650390625
1 0.281494140625 0.308978271484375 0.0191650390625 0.063702392578125
1 0.71337890625 0.85716552734375 0.030670166015625 0.04536628723144531
1 0.98779296875 0.303778076171875 0.0242767333984375 0.06700668334960938
1 0.447021484375 0.77222900390625 0.02423095703125 0.05817718505859375
1 0.86474609375 0.1293548583984375 0.021697998046875 0.07556533813476562
1 0.56396484375 0.3421295166015625 0.0251312255859375 0.06359405517578125
1 0.31396484375 0.2415924072265625 0.0230255126953125 0.05904388427734375
1 0.52978515625 0.247442626953125 0.02276611328125 0.062131500244140624
1 0.88037109375 0.2324920654296875 0.03167724609375 0.06332321166992187
1 0.6142578125 0.22046661376953125 0.0223236083984375 0.05579376220703125
1 0.68896484375 0.335845947265625 0.017852783203125 0.041168212890625
1 0.275146484375 0.20269927978515626 0.0225830078125 0.06467742919921875
1 0.444091796875 0.2634765625 0.0209197998046875 0.05882720947265625
0 0.15185546875 0.544720458984375 0.051666259765625 0.039705657958984376
1 0.174072265625 0.646990966796875 0.0232391357421875 0.047316360473632815
1 0.07977294921875 0.3208953857421875 0.033660888671875 0.06429824829101563
1 0.7822265625 0.401715087890625 0.030792236328125 0.06018142700195313
1 0.0633544921875 0.214508056640625 0.029541015625 0.07610702514648438
1 0.11065673828125 0.3102783203125 0.0265045166015625 0.0608856201171875
1 0.95654296875 0.3018280029296875 0.03155517578125 0.059423065185546874
1 0.207275390625 0.2623931884765625 0.0238189697265625 0.0565521240234375
1 0.1676025390625 0.2641265869140625 0.0258026123046875 0.0613189697265625
1 0.0191192626953125 0.1943572998046875 0.02691650390625 0.06516494750976562
1 0.92236328125 0.29554443359375 0.0251312255859375 0.07166519165039062
1 0.41015625 0.308111572265625 0.025177001953125 0.0639190673828125
1 0.3056640625 0.15243072509765626 0.0206451416015625 0.06516494750976562
1 0.2430419921875 0.2372589111328125 0.0213623046875 0.07144851684570312
1 0.1510009765625 0.21244964599609376 0.0210418701171875 0.058935546875
1 0.5927734375 0.08509902954101563 0.01512908935546875 0.04444541931152344
1 0.21240234375 0.2121246337890625 0.0257110595703125 0.05633544921875
1 0.411865234375 0.20334930419921876 0.02880859375 0.08417816162109375
1 0.431884765625 0.3455963134765625 0.018341064453125 0.0461517333984375
0 0.96875 0.07264022827148438 0.0310821533203125 0.07036514282226562
1 0.86083984375 0.20226593017578126 0.0260009765625 0.06007308959960937