0 0.33697916666666666 0.3907407407407407 0.04739583333333333 0.04351851851851852
1 0.15 0.29305555555555557 0.0296875 0.07314814814814814
0 0.609375 0.42592592592592593 0.049479166666666664 0.041666666666666664
0 0.42239583333333336 0.46805555555555556 0.04895833333333333 0.04722222222222222
0 0.6434895833333333 0.5657407407407408 0.05520833333333333 0.03981481481481482
1 0.2557291666666667 0.2625 0.0265625 0.06574074074074074
0 0.12552083333333333 0.42777777777777776 0.042708333333333334 0.05555555555555555
0 0.53125 0.35555555555555557 0.040625 0.06574074074074074
0 0.17421875 0.7611111111111111 0.05625 0.04722222222222222
1 0.010416666666666666 0.2791666666666667 0.020833333333333332 0.06481481481481481
0 0.578125 0.37546296296296294 0.04895833333333333 0.06851851851851852