0 0.27535583873612046 0.6044973544973548 0.0663238691407706 0.06349206349206359
0 0.181640625 0.773095703125 0.05450439453125 0.0448516845703125
0 0.172607421875 0.529986572265625 0.054412841796875 0.05414161682128906
0 0.54638671875 0.45501708984375 0.0482177734375 0.04669342041015625
0 0.05572509765625 0.796063232421875 0.057281494140625 0.04300994873046875
0 0.44287109375 0.65782470703125 0.05645751953125 0.048508071899414064
0 0.42678339277563526 0.5845205155629963 0.05645751953125 0.047939300537109375
0 0.509765625 0.734527587890625 0.05450439453125 0.05538749694824219
0 0.480712890625 0.466717529296875 0.050323486328125 0.043524551391601565
0 0.4755859375 0.512652587890625 0.0535888671875 0.04669342041015625
0 0.5808927639913556 0.6044973544973548 0.05440047693568817 0.06613756613756615
0 0.7783203125 0.68209228515625 0.060089111328125 0.06814422607421874
0 0.0994873046875 0.61622314453125 0.04986572265625 0.05403327941894531
0 0.7806095834264849 0.5482804232804235 0.049929204858782356 0.05158730158730154
0 0.7891795215738879 0.4966931216931219 0.058126536999776386 0.06746031746031748
1 0.15723973470452343 0.3902116402116404 0.02980848051270585 0.06349206349206347
1 0.10125732421875 0.3629302978515625 0.03326416015625 0.06440658569335937
1 0.0295867919921875 0.3815643310546875 0.029876708984375 0.0673858642578125
1 0.424560546875 0.3447296142578125 0.029083251953125 0.06749420166015625
1 0.6181640625 0.4166656494140625 0.027435302734375 0.062835693359375
1 0.258544921875 0.40994873046875 0.0309600830078125 0.062023162841796875
1 0.0537109375 0.3464630126953125 0.0369873046875 0.072369384765625
1 0.8935546875 0.4131988525390625 0.035888671875 0.0656524658203125
1 0.10858154296875 0.26434326171875 0.02801513671875 0.059423065185546874
1 0.467529296875 0.3902313232421875 0.0305633544921875 0.06635665893554688
1 0.73974609375 0.4019317626953125 0.03173828125 0.0894866943359375
1 0.8291015625 0.362713623046875 0.0241851806640625 0.06765670776367187
1 0.37353515625 0.3520965576171875 0.0248870849609375 0.06381072998046874
1 0.76171875 0.3247955322265625 0.0300445556640625 0.07009429931640625
1 0.346435546875 0.319378662109375 0.02276611328125 0.06402740478515626
1 0.58935546875 0.2342254638671875 0.02203369140625 0.06776504516601563
1 0.50732421875 0.3269622802734375 0.026611328125 0.06429824829101563
1 0.943359375 0.2710601806640625 0.03704833984375 0.07870712280273437
1 0.21847444803368826 0.34256386731667504 0.04799067912793607 0.08406782200727507
1 0.70654296875 0.31634521484375 0.0194549560546875 0.0673858642578125
1 0.6435546875 0.204107666015625 0.0227203369140625 0.05709381103515625
1 0.970703125 0.453717041015625 0.033966064453125 0.07318191528320313
1 0.0810546875 0.2918609619140625 0.0233306884765625 0.060398101806640625
1 0.55908203125 0.3590301513671875 0.017242431640625 0.05666046142578125
1 0.765625 0.25516446229642026 0.027526855468749934 0.0795228261796256
1 0.440185546875 0.289910888671875 0.0222930908203125 0.0483184814453125
1 0.8868022952529996 0.7837301587301588 0.041731872717788214 0.06746031746031748
1 0.7841796875 0.9516357421875 0.0209197998046875 0.059748077392578126
1 0.94775390625 0.90050048828125 0.041229248046875 0.059964752197265624
1 0.9277889559579702 0.8617724867724871 0.03577017661524709 0.06216931216931214
1 0.9303971980028319 0.9470899470899473 0.0380058126537 0.06878306878306872
1 0.26380505253744696 0.36772486772486773 0.023846784410164665 0.05026455026455031
1 0.285400390625 0.3018280029296875 0.0213623046875 0.0656524658203125
1 0.251953125 0.2779937744140625 0.021575927734375 0.06007308959960937
1 0.2061778858189648 0.2671269815434855 0.0240020751953125 0.0535186767578125
1 0.03271484375 0.2602264404296875 0.0265045166015625 0.062835693359375
1 0.4638671875 0.3104949951171875 0.0225830078125 0.06418991088867188
1 0.83544921875 0.21613311767578125 0.01983642578125 0.05384368896484375
1 0.33056640625 0.18644866943359376 0.0230255126953125 0.036022186279296875
1 0.8271484374999999 0.2811654388589203 0.021911621093750066 0.09083532101262816
1 0.5693419777926821 0.3108465608465609 0.028318056487070538 0.0714285714285714
1 0.89697265625 0.2402923583984375 0.034423828125 0.07074432373046875
1 0.90966796875 0.19099884033203124 0.0153045654296875 0.037647247314453125
1 0.58984375 0.15048065185546874 0.0154876708984375 0.05926055908203125
1 0.8974609375 0.10882492065429687 0.021087646484375 0.0712860107421875
1 0.45383411580594685 0.9702380952380955 0.03129890453834116 0.05423280423280432