0 0.5958333333333333 0.6050925925925926 0.04635416666666667 0.044444444444444446
1 0.40859375 0.7291666666666666 0.025 0.06111111111111111
0 0.66953125 0.5314814814814814 0.04739583333333333 0.041666666666666664
0 0.5526041666666667 0.36435185185185187 0.053125 0.04351851851851852
0 0.3372395833333333 0.6324074074074074 0.042708333333333334 0.05092592592592592
0 0.7098958333333333 0.4041666666666667 0.050520833333333334 0.06759259259259259
0 0.74453125 0.5731481481481482 0.046875 0.03981481481481482
0 0.6270833333333333 0.45092592592592595 0.0484375 0.04351851851851852
0 0.9848958333333333 0.41574074074074074 0.0296875 0.07314814814814814
0 0.7635416666666667 0.6902777777777778 0.043229166666666666 0.04814814814814815
0 0.17760416666666667 0.6087962962962963 0.04791666666666667 0.06666666666666667
0 0.9216145833333333 0.6037037037037037 0.05 0.046296296296296294
1 0.4088541666666667 0.6986111111111111 0.0203125 0.0712962962962963