0 0.07291666666666667 0.5319444444444444 0.053125 0.03981481481481482
0 0.27760416666666665 0.36527777777777776 0.05364583333333333 0.03796296296296296
0 0.371875 0.6592592592592592 0.04895833333333333 0.037037037037037035
0 0.3078125 0.5351851851851852 0.050520833333333334 0.044444444444444446
0 0.10260416666666666 0.6703703703703704 0.05 0.04259259259259259
0 0.23619791666666667 0.5907407407407408 0.04895833333333333 0.041666666666666664
0 0.43072916666666666 0.42407407407407405 0.04739583333333333 0.06481481481481481
0 0.43463541666666666 0.6060185185185185 0.04895833333333333 0.041666666666666664
0 0.52890625 0.5925925925925926 0.046875 0.04537037037037037
0 0.4200520833333333 0.549537037037037 0.049479166666666664 0.044444444444444446
0 0.015885416666666666 0.6597222222222222 0.025 0.05648148148148148
0 0.5497395833333333 0.850462962962963 0.016145833333333335 0.04351851851851852
0 0.6473958333333333 0.3384259259259259 0.051041666666666666 0.04814814814814815