0 0.7519561815336463 0.5814814814814815 0.03234220135628586 0.05740740740740741
1 0.5678142931664059 0.7773148148148148 0.023474178403755867 0.05555555555555555
0 0.6278038601982264 0.5800925925925926 0.04590505998956703 0.044444444444444446
1 0.7895148669796557 0.7314814814814815 0.03495044340114763 0.05462962962962963
1 0.42566510172143973 0.8583333333333333 0.03599374021909233 0.06574074074074074
1 0.547470005216484 0.26944444444444443 0.01773604590505999 0.06296296296296296
1 0.9629629629629629 0.19444444444444445 0.03129890453834116 0.06481481481481481
1 0.8813249869587898 0.8564814814814815 0.0396452790818988 0.06296296296296296
1 0.35002608242044864 0.35694444444444445 0.025039123630672927 0.06759259259259259
1 0.596244131455399 0.6560185185185186 0.01773604590505999 0.06759259259259259
0 0.4840897235263432 0.5564814814814815 0.048513302034428794 0.03981481481481482
1 0.5672926447574335 0.32685185185185184 0.026604068857589983 0.06759259259259259
1 0.39775691184141887 0.22870370370370371 0.023474178403755867 0.05277777777777778
0 0.8774126238914971 0.5981481481481481 0.056859676577986434 0.04537037037037037
1 0.7344809598330725 0.712037037037037 0.02034428794992175 0.06111111111111111
1 0.37219613980177363 0.30833333333333335 0.018257694314032343 0.06296296296296296
1 0.12649973917579552 0.23333333333333334 0.020865936358894107 0.05648148148148148
0 0.34167970787689095 0.5120370370370371 0.05112154407929056 0.04537037037037037
0 0.7313510693792384 0.6509259259259259 0.053208137715179966 0.05
1 0.5386019822639541 0.7074074074074074 0.03286384976525822 0.053703703703703705
1 0.4843505477308294 0.4222222222222222 0.018779342723004695 0.049074074074074076
1 0.8035993740219093 0.9083333333333333 0.037037037037037035 0.06296296296296296
1 0.5928534167970788 0.39444444444444443 0.02608242044861763 0.046296296296296294
1 0.979394887845592 0.7046296296296296 0.03025560772039645 0.08148148148148149
1 0.6314553990610329 0.6828703703703703 0.03390714658320292 0.05092592592592592
0 0.38914971309337504 0.46805555555555556 0.04329681794470527 0.053703703703703705
1 0.13954094940010434 0.6347222222222222 0.03442879499217527 0.062037037037037036
1 0.7245696400625978 0.40370370370370373 0.022430881585811163 0.07037037037037037
1 0.19014084507042253 0.22962962962962963 0.018779342723004695 0.05555555555555555
0 0.8672404799165363 0.6569444444444444 0.048513302034428794 0.058333333333333334
1 0.8901930099113198 0.9578703703703704 0.03495044340114763 0.05648148148148148
1 0.2634324465310381 0.3537037037037037 0.027125717266562335 0.04537037037037037
1 0.43401147626499736 0.3148148148148148 0.02190923317683881 0.0787037037037037
1 0.6489306207616067 0.825925925925926 0.028169014084507043 0.06111111111111111
1 0.7889932185706834 0.487962962962963 0.028169014084507043 0.06388888888888888
1 0.3192488262910798 0.6046296296296296 0.029212310902451747 0.06111111111111111
1 0.9853938445487741 0.3921296296296296 0.028690662493479395 0.06388888888888888
1 0.8794992175273866 0.2652777777777778 0.0198226395409494 0.06111111111111111
1 0.7519561815336463 0.2625 0.02556077203964528 0.053703703703703705
1 0.2949921752738654 0.29768518518518516 0.028169014084507043 0.07314814814814814
1 0.9027125717266562 0.42083333333333334 0.03025560772039645 0.044444444444444446
1 0.5312989045383412 0.6055555555555555 0.018779342723004695 0.05740740740740741
1 0.2378716744913928 0.2777777777777778 0.023474178403755867 0.06666666666666667
1 0.22483046426708397 0.19212962962962962 0.019300991131977047 0.058333333333333334
1 0.7597809076682316 0.1625 0.029212310902451747 0.06296296296296296
1 0.5323422013562858 0.6486111111111111 0.019300991131977047 0.06574074074074074
1 0.0649452269170579 0.7518518518518519 0.03286384976525822 0.04537037037037037
1 0.8672404799165363 0.44537037037037036 0.03234220135628586 0.06111111111111111
1 0.5140845070422535 0.22962962962962963 0.0198226395409494 0.05092592592592592
1 0.2720396452790819 0.22546296296296298 0.02190923317683881 0.06481481481481481
1 0.6489306207616067 0.862037037037037 0.02556077203964528 0.05462962962962963
1 0.09441836202399582 0.3226851851851852 0.028169014084507043 0.06481481481481481
1 0.2365675534689619 0.17407407407407408 0.02190923317683881 0.05277777777777778
1 0.31533646322378717 0.6370370370370371 0.03025560772039645 0.05462962962962963
1 0.5268648930620762 0.9273148148148148 0.03182055294731351 0.05462962962962963
1 0.5005216484089724 0.26435185185185184 0.022430881585811163 0.05185185185185185
1 0.6528429838288993 0.37546296296296294 0.022430881585811163 0.06111111111111111
1 0.052947313510693796 0.25462962962962965 0.026604068857589983 0.06759259259259259
0 0.8907146583202922 0.5550925925925926 0.0605112154407929 0.041666666666666664
1 0.17031820552947313 0.3638888888888889 0.023995826812728223 0.049074074074074076
1 0.15440792905581638 0.2847222222222222 0.019300991131977047 0.04814814814814815
1 0.6439749608763693 0.7912037037037037 0.0297339593114241 0.06018518518518518
1 0.7962962962962963 0.7625 0.027125717266562335 0.05092592592592592
1 0.9741784037558685 0.37037037037037035 0.03755868544600939 0.062037037037037036
1 0.8841940532081377 0.5333333333333333 0.029212310902451747 0.041666666666666664
1 0.7918622848200313 0.22037037037037038 0.022952529994783515 0.06388888888888888
1 0.6757955138236829 0.4013888888888889 0.018779342723004695 0.05648148148148148
1 0.9663536776212832 0.23194444444444445 0.027125717266562335 0.049074074074074076
1 0.940792905581638 0.3435185185185185 0.02034428794992175 0.037037037037037035
1 0.6507563901930099 0.3143518518518518 0.0198226395409494 0.05925925925925926
1 0.6382368283776735 0.13425925925925927 0.022952529994783515 0.05462962962962963
1 0.6703182055294732 0.23657407407407408 0.024517475221700575 0.08055555555555556
1 0.10093896713615023 0.22916666666666666 0.028169014084507043 0.06388888888888888
1 0.8721961398017736 0.38472222222222224 0.023474178403755867 0.04537037037037037
1 0.6309337506520605 0.25555555555555554 0.02138758476786646 0.04537037037037037
1 0.7923839332290037 0.7916666666666666 0.023995826812728223 0.06296296296296296
1 0.6348461137193532 0.7162037037037037 0.02138758476786646 0.03333333333333333
1 0.6191966614501826 0.34120370370370373 0.02190923317683881 0.07037037037037037
1 0.8735002608242045 0.1550925925925926 0.024517475221700575 0.07222222222222222
1 0.4953051643192488 0.4023148148148148 0.014606155451225874 0.05462962962962963
1 0.8685446009389671 0.4777777777777778 0.0297339593114241 0.05555555555555555
1 0.6640584246218049 0.4166666666666667 0.020865936358894107 0.062037037037037036
1 0.9254042775169535 0.3638888888888889 0.018779342723004695 0.06666666666666667
1 0.5234741784037559 0.9791666666666666 0.03182055294731351 0.03888888888888889
1 0.6870109546165885 0.1300925925925926 0.029212310902451747 0.07037037037037037
1 0.5425143453312468 0.06805555555555555 0.011997913406364111 0.05740740740740741
1 0.9799165362545644 0.287962962962963 0.03442879499217527 0.06481481481481481
1 0.8202921231090246 0.20555555555555555 0.024517475221700575 0.06296296296296296
1 0.8716744913928013 0.2986111111111111 0.02034428794992175 0.05092592592592592
1 0.8197704747000522 0.1388888888888889 0.026604068857589983 0.05555555555555555
0 0.31011997913406364 0.27870370370370373 0.03495044340114763 0.03796296296296296
1 0.6846635367762128 0.32685185185185184 0.028690662493479395 0.06018518518518518
1 0.3442879499217527 0.2439814814814815 0.026604068857589983 0.06759259259259259
1 0.7149191444966093 0.27685185185185185 0.02608242044861763 0.05277777777777778
1 0.4900886802295253 0.2810185185185185 0.018779342723004695 0.05185185185185185
1 0.6533646322378717 0.3347222222222222 0.02034428794992175 0.06111111111111111
1 0.7905581637976005 0.31574074074074077 0.023474178403755867 0.075