0 0.20344287949921752 0.624537037037037 0.05268648930620762 0.04722222222222222
1 0.34820031298904536 0.5402777777777777 0.030777256129368807 0.08148148148148149
1 0.22483046426708397 0.5643518518518519 0.02764736567553469 0.05648148148148148
0 0.0683359415753782 0.4361111111111111 0.04903495044340115 0.046296296296296294
1 0.12649973917579552 0.7087962962962963 0.0297339593114241 0.06481481481481481
0 0.3291601460615545 0.47314814814814815 0.056338028169014086 0.044444444444444446
1 0.6943140323422013 0.3925925925925926 0.02138758476786646 0.058333333333333334
1 0.8690662493479395 0.6981481481481482 0.03182055294731351 0.06018518518518518
1 0.3458528951486698 0.2740740740740741 0.022430881585811163 0.07037037037037037
1 0.8080333854981743 0.3509259259259259 0.03182055294731351 0.06481481481481481
1 0.5717266562336984 0.2625 0.028690662493479395 0.05555555555555555
1 0.5083463745435577 0.3296296296296296 0.02034428794992175 0.06574074074074074
1 0.7339593114241002 0.12129629629629629 0.0198226395409494 0.05740740740740741
1 0.6630151278038602 0.36712962962962964 0.02556077203964528 0.06388888888888888
1 0.7446531038080334 0.40324074074074073 0.023995826812728223 0.06944444444444445
1 0.8453312467396974 0.1337962962962963 0.022430881585811163 0.06296296296296296
1 0.5980699008868023 0.2916666666666667 0.01773604590505999 0.06666666666666667
0 0.6807511737089202 0.2263888888888889 0.044861763171622326 0.05185185185185185
1 0.9105372978612415 0.44814814814814813 0.023474178403755867 0.06666666666666667
1 0.5273865414710485 0.28564814814814815 0.02764736567553469 0.06296296296296296
1 0.2652582159624413 0.2800925925925926 0.0198226395409494 0.053703703703703705
1 0.1298904538341158 0.663425925925926 0.03025560772039645 0.062037037037037036
1 0.5782472613458529 0.3490740740740741 0.023474178403755867 0.058333333333333334
1 0.7446531038080334 0.9152777777777777 0.03390714658320292 0.08333333333333333
1 0.5586854460093896 0.3712962962962963 0.023995826812728223 0.06759259259259259
1 0.9355764214919144 0.7138888888888889 0.028169014084507043 0.06666666666666667
1 0.5005216484089724 0.924074074074074 0.024517475221700575 0.058333333333333334
1 0.7670839853938446 0.2222222222222222 0.027125717266562335 0.06944444444444445
1 0.6353677621283255 0.16574074074074074 0.015127803860198226 0.06296296296296296
1 0.2104851330203443 0.3300925925925926 0.03286384976525822 0.06296296296296296
1 0.806207616066771 0.2953703703703704 0.02764736567553469 0.06481481481481481
0 0.18466353677621283 0.46620370370370373 0.0297339593114241 0.05462962962962963
1 0.8505477308294209 0.3023148148148148 0.02556077203964528 0.06759259259259259
1 0.6747522170057382 0.2675925925925926 0.02556077203964528 0.06296296296296296
1 0.9540949400104329 0.29305555555555557 0.027125717266562335 0.06944444444444445
1 0.7157016171100679 0.16435185185185186 0.01564945226917058 0.06111111111111111
1 0.16692749087115286 0.337037037037037 0.025039123630672927 0.06388888888888888
1 0.7412623891497131 0.2763888888888889 0.016692749087115284 0.062037037037037036
1 0.9820031298904538 0.17824074074074073 0.026604068857589983 0.08333333333333333
1 0.11971830985915492 0.35185185185185186 0.026604068857589983 0.05555555555555555
1 0.25795513823682836 0.3425925925925926 0.028690662493479395 0.06574074074074074
1 0.554773082942097 0.3050925925925926 0.02034428794992175 0.046296296296296294
1 0.7537819509650495 0.7689814814814815 0.023474178403755867 0.05092592592592592
1 0.8784559207094418 0.8944444444444445 0.03599374021909233 0.05185185185185185
1 0.39932185706833595 0.9541666666666667 0.023995826812728223 0.04351851851851852
1 0.7318727177882107 0.3560185185185185 0.020865936358894107 0.053703703703703705
1 0.532603025560772 0.8263888888888888 0.03286384976525822 0.05740740740740741
1 0.25925925925925924 0.7125 0.02556077203964528 0.046296296296296294
1 0.7832550860719875 0.1537037037037037 0.018779342723004695 0.06574074074074074
1 0.7535211267605634 0.8273148148148148 0.024517475221700575 0.06296296296296296
1 0.37219613980177363 0.26157407407407407 0.018779342723004695 0.05462962962962963
1 0.04747000521648409 0.3148148148148148 0.03495044340114763 0.06481481481481481
1 0.8677621283255086 0.4115740740740741 0.022952529994783515 0.06574074074074074
1 0.9233176838810642 0.17962962962962964 0.029212310902451747 0.06481481481481481
1 0.22196139801773604 0.25972222222222224 0.028690662493479395 0.06481481481481481
1 0.22117892540427753 0.8134259259259259 0.0297339593114241 0.05925925925925926
1 0.532603025560772 0.8861111111111111 0.02034428794992175 0.05925925925925926
1 0.3826291079812207 0.3726851851851852 0.01617110067814293 0.05092592592592592
1 0.3685446009389671 0.2023148148148148 0.024517475221700575 0.053703703703703705
0 0.95565988523735 0.5462962962962963 0.058424621804903494 0.05648148148148148
1 0.33202921231090243 0.36203703703703705 0.028169014084507043 0.06759259259259259
1 0.383150756390193 0.31805555555555554 0.02034428794992175 0.05
1 0.3941053729786124 0.23842592592592593 0.023474178403755867 0.06388888888888888
1 0.952529994783516 0.22361111111111112 0.02034428794992175 0.0712962962962963
0 0.843244653103808 0.5898148148148148 0.05216484089723526 0.05277777777777778
1 0.058424621804903494 0.18009259259259258 0.025039123630672927 0.062037037037037036
1 0.3174230568596766 0.31805555555555554 0.022430881585811163 0.06666666666666667
1 0.699791340636411 0.3453703703703704 0.01773604590505999 0.05
1 0.09024517475221701 0.2212962962962963 0.022952529994783515 0.05648148148148148
1 0.47835159102764735 0.4125 0.02556077203964528 0.03981481481481482
1 0.17136150234741784 0.19074074074074074 0.023474178403755867 0.06018518518518518
1 0.5284298382889933 0.7620370370370371 0.03390714658320292 0.05
0 0.4559207094418362 0.4875 0.044861763171622326 0.053703703703703705
1 0.3075117370892019 0.2574074074074074 0.020865936358894107 0.06296296296296296
1 0.9087115284298383 0.34444444444444444 0.03129890453834116 0.046296296296296294
1 0.45200834637454357 0.24351851851851852 0.02764736567553469 0.05925925925925926
1 0.04590505998956703 0.23842592592592593 0.026604068857589983 0.04537037037037037
1 0.8701095461658842 0.23981481481481481 0.0198226395409494 0.058333333333333334
1 0.9629629629629629 0.05324074074074074 0.017214397496087636 0.06944444444444445
1 0.3161189358372457 0.17962962962962964 0.025039123630672927 0.07037037037037037
1 0.699791340636411 0.9282407407407407 0.03755868544600939 0.09907407407407408
1 0.2908189880020866 0.2337962962962963 0.014084507042253521 0.05462962962962963
1 0.5380803338549818 0.7111111111111111 0.0198226395409494 0.046296296296296294
1 0.17214397496087636 0.2773148148148148 0.022952529994783515 0.04722222222222222
1 0.9900886802295253 0.7912037037037037 0.0198226395409494 0.044444444444444446
1 0.7044861763171623 0.6912037037037037 0.03442879499217527 0.07777777777777778
1 0.350547730829421 0.5148148148148148 0.01773604590505999 0.03888888888888889
1 0.2368283776734481 0.21388888888888888 0.024517475221700575 0.06388888888888888
0 0.9791340636411059 0.08564814814814815 0.030777256129368807 0.06759259259259259
1 0.9306207616066771 0.2638888888888889 0.01773604590505999 0.041666666666666664
1 0.2506520605112154 0.19722222222222222 0.026604068857589983 0.06851851851851852