1 0.06427001953125 0.3414794921875 0.0274810791015625 0.05687713623046875
0 0.2239990234375 0.52781982421875 0.049041748046875 0.039191055297851565
0 0.52880859375 0.516119384765625 0.047149658203125 0.04980812072753906
1 0.96240234375 0.3876312255859375 0.027374267578125 0.06381072998046874
0 0.2286376953125 0.470184326171875 0.028656005859375 0.04877891540527344
1 0.873046875 0.529119873046875 0.03326416015625 0.0712860107421875
1 0.546875 0.3590301513671875 0.0252227783203125 0.0613189697265625
1 0.89697265625 0.3889312744140625 0.03131103515625 0.0656524658203125
1 0.50341796875 0.86236572265625 0.038116455078125 0.05963973999023438
1 0.1953125 0.3195953369140625 0.03143310546875 0.04823722839355469
0 0.6103515625 0.5598876953125 0.04486083984375 0.04436416625976562
1 0.5751953125 0.445050048828125 0.017913818359375 0.07047348022460938
1 0.6201171875 0.2385589599609375 0.0254669189453125 0.07220687866210937
1 0.81201171875 0.803863525390625 0.024566650390625 0.06418991088867188
1 0.66357421875 0.1787567138671875 0.019378662109375 0.0647857666015625
1 0.318603515625 0.3759307861328125 0.017303466796875 0.0656524658203125
1 0.467529296875 0.3382293701171875 0.0226287841796875 0.06576080322265625
1 0.47265625 0.445050048828125 0.030914306640625 0.06516494750976562
0 0.64306640625 0.627923583984375 0.049041748046875 0.046341323852539064
1 0.787109375 0.36661376953125 0.029876708984375 0.062131500244140624
1 0.62890625 0.3590301513671875 0.023773193359375 0.0656524658203125
1 0.63134765625 0.098370361328125 0.015777587890625 0.07020263671875
1 0.8369140625 0.3880645751953125 0.0227203369140625 0.058502197265625
1 0.90185546875 0.756195068359375 0.03460693359375 0.05622711181640625
1 0.494384765625 0.717626953125 0.0261993408203125 0.0537353515625
1 0.79736328125 0.451116943359375 0.03216552734375 0.08526153564453125
1 0.380126953125 0.33541259765625 0.025665283203125 0.05557708740234375
1 0.477294921875 0.822064208984375 0.0220794677734375 0.05579376220703125
1 0.379150390625 0.777862548828125 0.0297088623046875 0.054358291625976565
1 0.06732177734375 0.22068328857421876 0.02801513671875 0.054872894287109376
1 0.79150390625 0.87623291015625 0.037384033203125 0.05546875
1 0.73291015625 0.370947265625 0.0201416015625 0.08417816162109375
1 0.13916015625 0.265643310546875 0.0258026123046875 0.054358291625976565
1 0.9462890625 0.91956787109375 0.0304412841796875 0.051622772216796876
1 0.3466796875 0.4036651611328125 0.0259552001953125 0.06467742919921875
1 0.31201171875 0.28427734375 0.0225830078125 0.06852340698242188
1 0.912109375 0.16803131103515626 0.0305633544921875 0.06440658569335937
1 0.6982421875 0.244842529296875 0.01142120361328125 0.03084907531738281
1 0.66650390625 0.2857940673828125 0.0197601318359375 0.06381072998046874
1 0.2286376953125 0.2966278076171875 0.0254669189453125 0.06223983764648437
1 0.9736328125 0.724993896484375 0.03643798828125 0.048968505859375
1 0.8017578125 0.2519927978515625 0.021942138671875 0.058502197265625
1 0.7490234375 0.304644775390625 0.0171051025390625 0.062023162841796875
1 0.85595703125 0.9412353515625 0.034881591796875 0.06142730712890625
1 0.3603515625 0.2385589599609375 0.0204925537109375 0.06467742919921875
1 0.0230255126953125 0.21894989013671876 0.022369384765625 0.05213737487792969
1 0.478271484375 0.245709228515625 0.021209716796875 0.050566482543945315
1 0.82568359375 0.3143951416015625 0.0255126953125 0.06142730712890625
1 0.2890625 0.2303253173828125 0.0214080810546875 0.04980812072753906
1 0.93603515625 0.835498046875 0.034881591796875 0.04328079223632812
1 0.446533203125 0.9724365234375 0.0289764404296875 0.052435302734375
0 0.9716796875 0.629656982421875 0.057708740234375 0.06018142700195313
1 0.9541015625 0.20053253173828126 0.024139404296875 0.054358291625976565
1 0.361572265625 0.167706298828125 0.0129241943359375 0.04436416625976562
1 0.1871337890625 0.165972900390625 0.0170440673828125 0.05322074890136719
1 0.73828125 0.16629791259765625 0.0255584716796875 0.06689834594726562
1 0.95654296875 0.3005279541015625 0.0310211181640625 0.04942893981933594
1 0.58154296875 0.21244964599609376 0.0161590576171875 0.05476455688476563
1 0.240478515625 0.21764984130859374 0.0209197998046875 0.05424995422363281
1 0.703125 0.473651123046875 0.0263519287109375 0.03910980224609375
1 0.6953125 0.11797943115234374 0.0136871337890625 0.060506439208984374
1 0.7744140625 0.786962890625 0.0244293212890625 0.04328079223632812
1 0.2021484375 0.9845703125 0.02886962890625 0.02922401428222656
0 0.9501953125 0.09869537353515626 0.03314208984375 0.06879425048828125
1 0.046722412109375 0.213641357421875 0.0184326171875 0.04300994873046875