0 0.7462180490349505 0.5763888888888888 0.05268648930620762 0.0712962962962963
0 0.5292123109024518 0.5101851851851852 0.0495565988523735 0.041666666666666664
1 0.03468961919666145 0.36712962962962964 0.03025560772039645 0.06296296296296296
0 0.6014606155451225 0.6180555555555556 0.05425143453312467 0.04259259259259259
0 0.672926447574335 0.4722222222222222 0.03182055294731351 0.06481481481481481
1 0.9165362545644236 0.3736111111111111 0.025039123630672927 0.06574074074074074
1 0.06781429316640585 0.23472222222222222 0.03286384976525822 0.06851851851851852
1 0.9820031298904538 0.3699074074074074 0.03182055294731351 0.06944444444444445
1 0.3763693270735524 0.38472222222222224 0.024517475221700575 0.06944444444444445
1 0.8925404277516954 0.3282407407407407 0.02764736567553469 0.06296296296296296
1 0.15492957746478872 0.19537037037037036 0.018257694314032343 0.06759259259259259
1 0.7759520083463746 0.30416666666666664 0.028690662493479395 0.06018518518518518
1 0.5712050078247262 0.37546296296296294 0.028690662493479395 0.06574074074074074
1 0.6992696922274387 0.1726851851851852 0.018257694314032343 0.07777777777777778
1 0.7670839853938446 0.2212962962962963 0.022430881585811163 0.062037037037037036
1 0.95565988523735 0.23935185185185184 0.03338549817423057 0.06666666666666667
1 0.8403755868544601 0.9101851851851852 0.040166927490871154 0.06111111111111111
1 0.14136671883150756 0.31805555555555554 0.03025560772039645 0.06388888888888888
1 0.4079290558163798 0.32083333333333336 0.027125717266562335 0.05555555555555555
0 0.12415232133541992 0.45 0.0495565988523735 0.06666666666666667
1 0.5667709963484612 0.09907407407407408 0.018257694314032343 0.06666666666666667
1 0.8348982785602503 0.18009259259259258 0.026604068857589983 0.06481481481481481
1 0.46765779864371415 0.3143518518518518 0.0198226395409494 0.040740740740740744
1 0.9160146061554513 0.25601851851851853 0.028169014084507043 0.053703703703703705
1 0.7037037037037037 0.29907407407407405 0.023995826812728223 0.062037037037037036
1 0.8051643192488263 0.12453703703703704 0.018257694314032343 0.06388888888888888
0 0.9796557120500783 0.5412037037037037 0.0406885758998435 0.049074074074074076
1 0.19353155972874284 0.2796296296296296 0.024517475221700575 0.06296296296296296
1 0.09076682316118936 0.2986111111111111 0.03338549817423057 0.058333333333333334
1 0.9877412623891497 0.2375 0.023474178403755867 0.05740740740740741
1 0.7373500260824204 0.8962962962962963 0.03182055294731351 0.06296296296296296
1 0.2876890975482525 0.3421296296296296 0.029212310902451747 0.053703703703703705
1 0.532603025560772 0.3388888888888889 0.02190923317683881 0.062037037037037036
1 0.8622848200312989 0.22175925925925927 0.030777256129368807 0.075
1 0.3268127282211789 0.8199074074074074 0.04747000521648409 0.07777777777777778
1 0.6431924882629108 0.22083333333333333 0.02138758476786646 0.058333333333333334
1 0.730829420970266 0.31157407407407406 0.03025560772039645 0.04537037037037037
1 0.5712050078247262 0.9046296296296297 0.022952529994783515 0.075
1 0.5151278038601982 0.23796296296296296 0.015127803860198226 0.062037037037037036
1 0.6244131455399061 0.3680555555555556 0.018779342723004695 0.062037037037037036
1 0.7193531559728743 0.4111111111111111 0.029212310902451747 0.049074074074074076
1 0.346113719353156 0.2162037037037037 0.03182055294731351 0.06759259259259259
1 0.5972874282733438 0.21481481481481482 0.022430881585811163 0.05648148148148148
1 0.5761606677099634 0.2810185185185185 0.019300991131977047 0.06296296296296296
1 0.4887845592070944 0.3726851851851852 0.027125717266562335 0.04351851851851852
1 0.3886280646844027 0.2833333333333333 0.017214397496087636 0.06851851851851852
1 0.008607198748043818 0.2671296296296296 0.017214397496087636 0.06851851851851852
1 0.6045905059989567 0.10138888888888889 0.012519561815336464 0.0824074074074074
1 0.6504955659885238 0.29814814814814816 0.01773604590505999 0.05092592592592592
0 0.29603547209181014 0.5921296296296297 0.04434011476264997 0.06481481481481481
1 0.9345331246739698 0.055092592592592596 0.01617110067814293 0.07037037037037037
1 0.7177882107459572 0.2162037037037037 0.022430881585811163 0.06296296296296296
0 0.9507042253521126 0.08657407407407407 0.03025560772039645 0.06759259259259259
1 0.6249347939488784 0.26666666666666666 0.022430881585811163 0.06018518518518518
1 0.9160146061554513 0.21388888888888888 0.03390714658320292 0.037037037037037035
1 0.5665101721439749 0.2111111111111111 0.025039123630672927 0.03611111111111111
1 0.9765258215962441 0.30324074074074076 0.0198226395409494 0.03425925925925926
1 0.4694835680751174 0.2337962962962963 0.022952529994783515 0.049074074074074076
1 0.6948356807511737 0.26435185185185184 0.012519561815336464 0.028703703703703703
1 0.10589462702138759 0.018518518518518517 0.018779342723004695 0.037037037037037035
1 0.6181533646322379 0.325 0.03234220135628586 0.04537037037037037
1 0.15936358894105374 0.2814814814814815 0.010432968179447054 0.022222222222222223
1 0.9950443401147626 0.19074074074074074 0.0099113197704747 0.05