0 0.7819509650495566 0.4666666666666667 0.05425143453312467 0.046296296296296294
0 0.5858111632759521 0.46805555555555556 0.047991653625456446 0.04351851851851852
0 0.7814293166405842 0.5796296296296296 0.056338028169014086 0.04351851851851852
1 0.12754303599374023 0.37175925925925923 0.03390714658320292 0.07222222222222222
1 0.7300469483568075 0.38287037037037036 0.03495044340114763 0.07037037037037037
1 0.31690140845070425 0.2310185185185185 0.02556077203964528 0.06111111111111111
0 0.13041210224308816 0.4773148148148148 0.03182055294731351 0.05925925925925926
1 0.7464788732394366 0.21435185185185185 0.028690662493479395 0.04537037037037037
1 0.10067814293166406 0.22962962962962963 0.028169014084507043 0.062037037037037036
1 0.04434011476264997 0.22685185185185186 0.028690662493479395 0.062037037037037036
0 0.6768388106416275 0.5625 0.051643192488262914 0.044444444444444446
1 0.15779864371413668 0.31157407407407406 0.0297339593114241 0.06111111111111111
1 0.13954094940010434 0.22870370370370371 0.028169014084507043 0.06666666666666667
1 0.6304121022430882 0.30185185185185187 0.02034428794992175 0.046296296296296294
1 0.8098591549295775 0.31851851851851853 0.028169014084507043 0.06759259259259259
1 0.7832550860719875 0.8217592592592593 0.04590505998956703 0.07222222222222222
1 0.24856546687532602 0.17037037037037037 0.022430881585811163 0.07222222222222222
1 0.3129890453834116 0.3050925925925926 0.0198226395409494 0.06111111111111111
1 0.6178925404277517 0.3712962962962963 0.03129890453834116 0.06018518518518518
1 0.17866458007303077 0.25416666666666665 0.023995826812728223 0.06111111111111111
1 0.2149191444966093 0.32037037037037036 0.026604068857589983 0.06296296296296296
0 0.30229525299947835 0.5125 0.03234220135628586 0.06296296296296296
1 0.4760041731872718 0.34953703703703703 0.022952529994783515 0.06296296296296296
1 0.07120500782472614 0.19074074074074074 0.025039123630672927 0.05925925925925926
1 0.504434011476265 0.2708333333333333 0.024517475221700575 0.06759259259259259
1 0.3828899321857068 0.27314814814814814 0.020865936358894107 0.05462962962962963
1 0.21283255086071987 0.1935185185185185 0.017214397496087636 0.07222222222222222
1 0.387584767866458 0.18009259259259258 0.020865936358894107 0.07314814814814814
1 0.5492957746478874 0.3597222222222222 0.025039123630672927 0.062037037037037036
1 0.44835680751173707 0.22916666666666666 0.0198226395409494 0.05925925925925926
1 0.9024517475221701 0.29305555555555557 0.02608242044861763 0.05925925925925926
1 0.4110589462702139 0.31157407407407406 0.027125717266562335 0.06666666666666667
0 0.6825769431403235 0.3490740740740741 0.047991653625456446 0.041666666666666664
1 0.2665623369848722 0.09814814814814815 0.022952529994783515 0.06574074074074074
1 0.36724047991653624 0.34953703703703703 0.019300991131977047 0.05
1 0.37689097548252476 0.8944444444444445 0.02190923317683881 0.06018518518518518
1 0.7013562858633281 0.28425925925925927 0.023474178403755867 0.05462962962962963
1 0.396452790818988 0.3902777777777778 0.01564945226917058 0.04351851851851852
1 0.29003651538862807 0.9185185185185185 0.029212310902451747 0.06111111111111111
0 0.023474178403755867 0.48148148148148145 0.046426708398539386 0.05648148148148148
0 0.04773082942097027 0.0912037037037037 0.03129890453834116 0.06851851851851852
1 0.35498174230568597 0.26435185185185184 0.022430881585811163 0.06018518518518518
1 0.45174752217005737 0.3050925925925926 0.01564945226917058 0.04814814814814815
1 0.543035993740219 0.8773148148148148 0.03808033385498174 0.0787037037037037
1 0.12754303599374023 0.899537037037037 0.02764736567553469 0.05277777777777778
1 0.0649452269170579 0.05740740740740741 0.01564945226917058 0.06944444444444445
1 0.3612415232133542 0.20833333333333334 0.014084507042253521 0.049074074074074076
1 0.6223265519040166 0.25277777777777777 0.02556077203964528 0.049074074074074076
1 0.4658320292123109 0.19953703703703704 0.01773604590505999 0.06018518518518518
1 0.9123630672926447 0.23842592592592593 0.013562858633281168 0.02962962962962963
1 0.9261867501304121 0.18796296296296297 0.01617110067814293 0.04259259259259259
0 0.2905581637976004 0.6560185185185186 0.06207616066770996 0.07685185185185185
1 0.6927490871152843 0.24305555555555555 0.010954616588419406 0.023148148148148147