0 0.8304642670839854 0.5615740740740741 0.05738132498695879 0.049074074074074076
0 0.6382368283776735 0.5046296296296297 0.02764736567553469 0.06481481481481481
1 0.7099634846113719 0.42685185185185187 0.029212310902451747 0.06759259259259259
1 0.6987480438184663 0.3523148148148148 0.027125717266562335 0.05277777777777778
1 0.8208137715179968 0.2652777777777778 0.022430881585811163 0.062037037037037036
1 0.6718831507563902 0.20833333333333334 0.019300991131977047 0.06759259259259259
1 0.6697965571205008 0.40925925925925927 0.02556077203964528 0.06388888888888888
1 0.4128847157016171 0.4041666666666667 0.027125717266562335 0.05740740740740741
0 0.9024517475221701 0.5787037037037037 0.03182055294731351 0.04722222222222222
0 0.8985393844548775 0.6425925925925926 0.057902973395931145 0.05092592592592592
1 0.7660406885758998 0.8518518518518519 0.027125717266562335 0.062037037037037036
1 0.7621283255086072 0.14166666666666666 0.018779342723004695 0.06574074074074074
1 0.9517475221700574 0.21944444444444444 0.029212310902451747 0.05925925925925926
0 0.9418362023995827 0.8972222222222223 0.05738132498695879 0.062037037037037036
1 0.8492436098069901 0.6546296296296297 0.03338549817423057 0.09259259259259259
1 0.1374543557642149 0.3736111111111111 0.03599374021909233 0.06759259259259259
1 0.2347417840375587 0.17824074074074073 0.01617110067814293 0.05092592592592592
0 0.9723526343244653 0.7013888888888888 0.05529473135106938 0.04537037037037037
1 0.4890453834115806 0.2972222222222222 0.022430881585811163 0.05092592592592592
1 0.9843505477308294 0.225 0.028690662493479395 0.06296296296296296
1 0.47078768909754826 0.8680555555555556 0.03442879499217527 0.05462962962962963
1 0.8148148148148148 0.15555555555555556 0.02138758476786646 0.06666666666666667
1 0.6064162754303599 0.7078703703703704 0.03599374021909233 0.06574074074074074
1 0.9483568075117371 0.4064814814814815 0.03338549817423057 0.06574074074074074
1 0.6103286384976526 0.1597222222222222 0.018257694314032343 0.06759259259259259
1 0.9141888367240479 0.33101851851851855 0.028690662493479395 0.06944444444444445
1 0.6069379238393323 0.34120370370370373 0.027125717266562335 0.06944444444444445
1 0.7918622848200313 0.22916666666666666 0.024517475221700575 0.049074074074074076
0 0.9447052686489307 0.5791666666666667 0.04903495044340115 0.04722222222222222
1 0.7543035993740219 0.3388888888888889 0.03182055294731351 0.062037037037037036
1 0.7519561815336463 0.2777777777777778 0.025039123630672927 0.05648148148148148
1 0.6064162754303599 0.2375 0.023474178403755867 0.07222222222222222
1 0.8348982785602503 0.38472222222222224 0.023474178403755867 0.06388888888888888
1 0.8745435576421492 0.46064814814814814 0.03286384976525822 0.08333333333333333
1 0.39123630672926446 0.25416666666666665 0.02034428794992175 0.06296296296296296
1 0.1794470526864893 0.30648148148148147 0.025039123630672927 0.06481481481481481
1 0.9809598330725091 0.33425925925925926 0.028169014084507043 0.07314814814814814
0 0.8813249869587898 0.5337962962962963 0.0495565988523735 0.053703703703703705
1 0.328377673448096 0.37916666666666665 0.03547209181011998 0.06666666666666667
1 0.5761606677099634 0.2023148148148148 0.02034428794992175 0.058333333333333334
1 0.8828899321857069 0.19537037037037036 0.029212310902451747 0.06018518518518518
1 0.8174230568596765 0.4791666666666667 0.03442879499217527 0.09259259259259259
1 0.7806468440271257 0.6472222222222223 0.03025560772039645 0.058333333333333334
1 0.9154929577464789 0.42685185185185187 0.02764736567553469 0.06574074074074074
1 0.6215440792905582 0.2986111111111111 0.022430881585811163 0.03981481481481482
1 0.4475743348982786 0.2611111111111111 0.020865936358894107 0.05185185185185185
1 0.9394887845592071 0.36157407407407405 0.030777256129368807 0.05740740740740741
1 0.2918622848200313 0.32314814814814813 0.03025560772039645 0.06388888888888888
1 0.2728221178925404 0.2013888888888889 0.017214397496087636 0.05555555555555555
1 0.8862806468440271 0.37962962962962965 0.03129890453834116 0.06481481481481481
1 0.10224308815858112 0.22407407407407406 0.02556077203964528 0.06666666666666667
1 0.3620239958268127 0.35185185185185186 0.020865936358894107 0.06481481481481481
1 0.08476786645800731 0.8412037037037037 0.03129890453834116 0.05555555555555555
1 0.43453312467396976 0.3333333333333333 0.024517475221700575 0.04722222222222222
1 0.26134585289514867 0.8157407407407408 0.03338549817423057 0.062037037037037036
1 0.7172665623369848 0.2449074074074074 0.01773604590505999 0.049074074074074076
1 0.9141888367240479 0.4703703703703704 0.02556077203964528 0.06666666666666667
1 0.8690662493479395 0.3282407407407407 0.026604068857589983 0.058333333333333334
1 0.8487219613980177 0.21203703703703702 0.020865936358894107 0.05
1 0.6225873761085029 0.37453703703703706 0.025039123630672927 0.06481481481481481
1 0.051643192488262914 0.3509259259259259 0.03234220135628586 0.06851851851851852
1 0.27699530516431925 0.2638888888888889 0.02138758476786646 0.06759259259259259
1 0.6468440271257173 0.2861111111111111 0.016692749087115284 0.04814814814814815
1 0.9820031298904538 0.2828703703703704 0.026604068857589983 0.062037037037037036
1 0.690923317683881 0.0875 0.02556077203964528 0.07685185185185185
1 0.9491392801251957 0.16944444444444445 0.027125717266562335 0.07222222222222222
1 0.951225873761085 0.055092592592592596 0.016692749087115284 0.07037037037037037
1 0.012258737610850287 0.1912037037037037 0.023474178403755867 0.08611111111111111
1 0.8487219613980177 0.2949074074074074 0.0198226395409494 0.049074074074074076
1 0.31690140845070425 0.27037037037037037 0.020865936358894107 0.05740740740740741
1 0.477829942618675 0.9384259259259259 0.02138758476786646 0.05648148148148148
1 0.48643714136671884 0.05925925925925926 0.01564945226917058 0.06018518518518518
1 0.7284820031298904 0.2101851851851852 0.018779342723004695 0.06018518518518518
1 0.21439749608763695 0.6152777777777778 0.03442879499217527 0.06388888888888888
1 0.810641627543036 0.42407407407407405 0.027125717266562335 0.05925925925925926
1 0.19718309859154928 0.17222222222222222 0.028169014084507043 0.07037037037037037
1 0.8954094940010433 0.29583333333333334 0.02556077203964528 0.07037037037037037
1 0.5213875847678665 0.3074074074074074 0.02190923317683881 0.04722222222222222
1 0.24934793948878456 0.22962962962962963 0.024517475221700575 0.06944444444444445
1 0.4241001564945227 0.30787037037037035 0.024517475221700575 0.05092592592592592
1 0.29029733959311427 0.649074074074074 0.029212310902451747 0.06111111111111111
1 0.6098069900886802 0.9699074074074074 0.026604068857589983 0.05462962962962963
1 0.04929577464788732 0.2462962962962963 0.03547209181011998 0.06111111111111111
1 0.4903495044340115 0.22083333333333333 0.018257694314032343 0.04814814814814815
1 0.01486697965571205 0.33194444444444443 0.028690662493479395 0.06759259259259259
0 0.967396974439228 0.08842592592592592 0.030777256129368807 0.06481481481481481
1 0.06155451225873761 0.6643518518518519 0.0396452790818988 0.062037037037037036
1 0.33750652060511216 0.22361111111111112 0.017214397496087636 0.032407407407407406