0 0.477783203125 0.458050537109375 0.0255584716796875 0.05579376220703125
1 0.69580078125 0.846331787109375 0.0316162109375 0.06662750244140625
1 0.6318359375 0.336712646484375 0.023651123046875 0.059856414794921875
0 0.7109375 0.54168701171875 0.0537109375 0.04980812072753906
1 0.60107421875 0.39434814453125 0.0255126953125 0.06879425048828125
1 0.6328125 0.42294921875 0.0293121337890625 0.07009429931640625
1 0.1783447265625 0.16803131103515626 0.0177764892578125 0.06180648803710938
1 0.7646484375 0.25567626953125 0.0199127197265625 0.05817718505859375
1 0.343017578125 0.3919647216796875 0.0230255126953125 0.06077728271484375
0 0.8505859375 0.55208740234375 0.057281494140625 0.050187301635742185
1 0.69873046875 0.2619598388671875 0.0201416015625 0.05839385986328125
1 0.697265625 0.3343292236328125 0.0266571044921875 0.06440658569335937
1 0.69189453125 0.80343017578125 0.027435302734375 0.06007308959960937
1 0.332763671875 0.253076171875 0.020843505859375 0.06299819946289062
1 0.2047119140625 0.1943572998046875 0.017303466796875 0.05557708740234375
1 0.54248046875 0.3520965576171875 0.034698486328125 0.08672409057617188
0 0.85009765625 0.722393798828125 0.05975341796875 0.04812889099121094
1 0.5322265625 0.670391845703125 0.033203125 0.05839385986328125
1 0.05780029296875 0.370947265625 0.0369873046875 0.07469863891601562
1 0.093994140625 0.162506103515625 0.0192413330078125 0.061589813232421874
1 0.7392578125 0.218408203125 0.0208892822265625 0.04590797424316406
1 0.72265625 0.64395751953125 0.026702880859375 0.05666046142578125
1 0.042572021484375 0.22068328857421876 0.03643798828125 0.0730194091796875
1 0.828125 0.451116943359375 0.0285491943359375 0.06310653686523438
1 0.51611328125 0.19879913330078125 0.0154876708984375 0.06332321166992187
1 0.884765625 0.4032318115234375 0.034027099609375 0.06841506958007812
1 0.86083984375 0.3282623291015625 0.0245208740234375 0.06787338256835937
1 0.76953125 0.37874755859375 0.027587890625 0.06538162231445313
1 0.79638671875 0.4235992431640625 0.0273284912109375 0.060506439208984374
1 0.436767578125 0.274310302734375 0.0240478515625 0.07334442138671875
1 0.654296875 0.256976318359375 0.015716552734375 0.06359405517578125
0 0.67626953125 0.705926513671875 0.038604736328125 0.06689834594726562
1 0.1165771484375 0.294677734375 0.03155517578125 0.05904388427734375
1 0.25537109375 0.3611968994140625 0.030670166015625 0.060398101806640625
1 0.8515625 0.4248992919921875 0.0234222412109375 0.0608856201171875
1 0.90087890625 0.3286956787109375 0.0313720703125 0.0613189697265625
1 0.9521484375 0.0537353515625 0.015899658203125 0.06982345581054687
1 0.273193359375 0.20367431640625 0.0206451416015625 0.0682525634765625
1 0.6748046875 0.11023330688476562 0.01666259765625 0.06787338256835937
1 0.87890625 0.3577301025390625 0.0255126953125 0.061589813232421874
1 0.060089111328125 0.1774566650390625 0.0254669189453125 0.051622772216796876
1 0.9697265625 0.2970611572265625 0.028167724609375 0.09002838134765626
1 0.7373046875 0.3975982666015625 0.026153564453125 0.060506439208984374
1 0.92431640625 0.207574462890625 0.027374267578125 0.06527328491210938
1 0.3837890625 0.846331787109375 0.0282745361328125 0.05622711181640625
1 0.364013671875 0.2888275146484375 0.0261993408203125 0.06516494750976562
1 0.1280517578125 0.69422607421875 0.0328369140625 0.06624832153320312
0 0.814453125 0.55555419921875 0.027801513671875 0.044174575805664064
1 0.83203125 0.601055908203125 0.0287017822265625 0.05037689208984375
1 0.75732421875 0.13444671630859376 0.0218658447265625 0.061914825439453126
1 0.195556640625 0.805596923828125 0.0310821533203125 0.05926055908203125
1 0.76904296875 0.330645751953125 0.0262603759765625 0.051622772216796876
1 0.89306640625 0.21764984130859374 0.025177001953125 0.06673583984375
1 0.3017578125 0.3477630615234375 0.022369384765625 0.06689834594726562
1 0.7939453125 0.20833282470703124 0.0197601318359375 0.04607048034667969
1 0.705078125 0.12751312255859376 0.01467132568359375 0.06841506958007812
0 0.95458984375 0.6638916015625 0.0504150390625 0.0535186767578125
1 0.91943359375 0.302911376953125 0.025421142578125 0.05926055908203125
1 0.79052734375 0.647857666015625 0.0287017822265625 0.07264022827148438
1 0.2626953125 0.2721435546875 0.021484375 0.0613189697265625
1 0.6171875 0.1991241455078125 0.0160980224609375 0.06711502075195312
1 0.229248046875 0.3178619384765625 0.029205322265625 0.05251655578613281
1 0.78759765625 0.29554443359375 0.0263519287109375 0.05465621948242187
1 0.82958984375 0.18514862060546874 0.021331787109375 0.0606689453125
1 0.89111328125 0.15459747314453126 0.019683837890625 0.057635498046875
1 0.018829345703125 0.837664794921875 0.033538818359375 0.059423065185546874
1 0.4033203125 0.2376922607421875 0.021575927734375 0.0816864013671875
1 0.2265625 0.263909912109375 0.0266571044921875 0.0561187744140625
1 0.67529296875 0.2255584716796875 0.020965576171875 0.05384368896484375
1 0.82763671875 0.2922943115234375 0.0210418701171875 0.06576080322265625
1 0.84130859375 0.135638427734375 0.01395416259765625 0.05029563903808594
1 0.376708984375 0.3321624755859375 0.02191162109375 0.045122528076171876
1 0.193359375 0.22880859375 0.0252685546875 0.06527328491210938
1 0.56005859375 0.28687744140625 0.0276336669921875 0.043524551391601565
1 0.46728515625 0.2996612548828125 0.0209197998046875 0.0418182373046875
1 0.86669921875 0.267376708984375 0.0224609375 0.038730621337890625
1 0.640625 0.0816864013671875 0.019866943359375 0.07144851684570312
1 0.2208251953125 0.6708251953125 0.034423828125 0.06121063232421875
1 0.82275390625 0.3689971923828125 0.0296478271484375 0.06332321166992187
1 0.7412109375 0.480584716796875 0.0294189453125 0.04923934936523437
0 0.96923828125 0.08786163330078126 0.033538818359375 0.06749420166015625
0 0.755859375 0.523486328125 0.041534423828125 0.05633544921875
1 0.60400390625 0.365313720703125 0.0177764892578125 0.040247344970703126
1 0.2218017578125 0.627490234375 0.0214080810546875 0.0418182373046875