0 0.35205078125 0.5651041666666666 0.052703857421875 0.043511284722222224
0 0.6474609375 0.5403645833333334 0.048309326171875 0.043755425347222224
0 0.464111328125 0.4956597222222222 0.047332763671875 0.043999565972222224
0 0.8623046875 0.6584201388888888 0.054107666015625 0.04739040798611111
0 0.7900390625 0.4461805555555556 0.049041748046875 0.04408094618055555
0 0.9443359375 0.453125 0.050994873046875 0.042914496527777776
0 0.240966796875 0.3687065972222222 0.050048828125 0.04503038194444445
0 0.98291015625 0.4010416666666667 0.03277587890625 0.04188368055555555
0 0.436279296875 0.4075520833333333 0.033203125 0.05064561631944445
0 0.31884765625 0.3151041666666667 0.040252685546875 0.040608723958333336
0 0.55224609375 0.5047743055555556 0.043701171875 0.055989583333333336
0 0.42236328125 0.3233506944444444 0.03338623046875 0.033935546875
0 0.55810546875 0.1518012152777778 0.0240478515625 0.07112630208333333