0 0.36083984375 0.523919677734375 0.0521240234375 0.043091201782226564
0 0.290771484375 0.559454345703125 0.05389404296875 0.04319953918457031
0 0.55322265625 0.53822021484375 0.027069091796875 0.06180648803710938
0 0.286865234375 0.4853515625 0.0299835205078125 0.068035888671875
0 0.75439453125 0.54775390625 0.0282745361328125 0.07101516723632813
1 0.89599609375 0.4071319580078125 0.0278472900390625 0.06906509399414062
1 0.9765625 0.85369873046875 0.042236328125 0.07399444580078125
0 0.9326171875 0.3620635986328125 0.052520751953125 0.046883010864257814
0 0.487060546875 0.617523193359375 0.0318603515625 0.059856414794921875
1 0.6728515625 0.3087615966796875 0.0207672119140625 0.068035888671875
1 0.95458984375 0.2489593505859375 0.03167724609375 0.0574188232421875
1 0.489990234375 0.20194091796875 0.0214080810546875 0.06765670776367187
1 0.7099609375 0.3187286376953125 0.022796630859375 0.0626190185546875
1 0.04638671875 0.2645599365234375 0.034027099609375 0.06310653686523438
1 0.2469482421875 0.3330291748046875 0.03314208984375 0.065869140625
1 0.08477783203125 0.30074462890625 0.03125 0.059856414794921875
1 0.53466796875 0.431182861328125 0.0237274169921875 0.06548995971679687
1 0.41845703125 0.3520965576171875 0.0203399658203125 0.0535186767578125
1 0.81396484375 0.243975830078125 0.0333251953125 0.07556533813476562
1 0.96240234375 0.27734375 0.0262603759765625 0.05538749694824219
1 0.59912109375 0.2350921630859375 0.02423095703125 0.05322074890136719
1 0.369384765625 0.865399169921875 0.027435302734375 0.05362701416015625
1 0.6357421875 0.11451263427734375 0.0226287841796875 0.06576080322265625
1 0.7392578125 0.3269622802734375 0.03424072265625 0.07697372436523438
1 0.1904296875 0.274310302734375 0.0283355712890625 0.06440658569335937
1 0.059539794921875 0.3551300048828125 0.03790283203125 0.08184890747070313
1 0.251220703125 0.4257659912109375 0.0189056396484375 0.0587188720703125
1 0.53955078125 0.28341064453125 0.02630615234375 0.08607406616210937
1 0.357666015625 0.26954345703125 0.0293731689453125 0.05311241149902344
1 0.92041015625 0.223175048828125 0.021484375 0.062131500244140624
1 0.80615234375 0.184173583984375 0.029876708984375 0.07155685424804688
1 0.9033203125 0.3221954345703125 0.0247039794921875 0.0686859130859375
1 0.88916015625 0.17843170166015626 0.021087646484375 0.0673858642578125
1 0.6708984375 0.18449859619140624 0.01751708984375 0.059964752197265624
1 0.9423828125 0.30247802734375 0.0202484130859375 0.051731109619140625
1 0.1229248046875 0.2675933837890625 0.0312042236328125 0.07009429931640625
1 0.15869140625 0.841131591796875 0.036346435546875 0.051839447021484374
1 0.100341796875 0.9308349609375 0.033966064453125 0.05963973999023438
1 0.8486328125 0.15546417236328125 0.0268096923828125 0.07047348022460938
1 0.77197265625 0.9169677734375 0.02337646484375 0.0561187744140625
1 0.97607421875 0.15243072509765626 0.03271484375 0.0673858642578125
1 0.1788330078125 0.801263427734375 0.042022705078125 0.08184890747070313
1 0.56689453125 0.2545928955078125 0.0156707763671875 0.058502197265625
1 0.90185546875 0.28167724609375 0.0243377685546875 0.062131500244140624
1 0.2462158203125 0.39088134765625 0.019012451171875 0.045122528076171876
1 0.5849609375 0.3724639892578125 0.02801513671875 0.05232696533203125
1 0.483154296875 0.72196044921875 0.02337646484375 0.06240234375
1 0.49267578125 0.28861083984375 0.021240234375 0.06359405517578125
1 0.59814453125 0.394781494140625 0.0260009765625 0.06332321166992187