0 0.6000991131977048 0.5494907407407408 0.046995305164319254 0.04385185185185185
0 0.9013667188315077 0.5650833333333333 0.033265519040166926 0.05633333333333334
0 0.8115232133541993 0.5260833333333333 0.05419926969222744 0.04669444444444444
0 0.5981429316640585 0.4948888888888889 0.048398539384454875 0.04786111111111111
1 0.43896713615023475 0.36574999999999996 0.03167970787689097 0.0635925925925926
1 0.26196139801773605 0.6859907407407407 0.03102243088158581 0.05644444444444444
1 0.9272456964006259 0.45587962962962963 0.026197183098591547 0.061314814814814815
0 0.28881585811163274 0.5655185185185185 0.043515910276473654 0.063
0 0.7246113719353156 0.5616203703703704 0.05243088158581117 0.05143518518518518
1 0.7324204486176317 0.15264814814814817 0.021773604590506 0.0702037037037037
1 0.15319770474700053 0.3423425925925926 0.036165884194053206 0.06711111111111112
1 0.46630672926447575 0.8671296296296296 0.02937402190923318 0.05413888888888889
1 0.15588419405320814 0.5100555555555556 0.03179968701095462 0.09067592592592594
1 0.20959311424100158 0.8415648148148148 0.037537819509650495 0.06239814814814815
1 0.8920918101199792 0.43703703703703706 0.02958789775691184 0.06673148148148147
1 0.7124047991653626 0.2446296296296296 0.026411058946270216 0.06549074074074074
0 0.4846165884194053 0.4615185185185185 0.04534689619196662 0.04555555555555556
1 0.7963849765258216 0.2366111111111111 0.021575378195096504 0.054435185185185184
1 0.383547209181012 0.3620648148148148 0.022034428794992178 0.06602777777777778
0 0.3291027647365675 0.47062037037037036 0.030213875847678665 0.05763888888888889
1 0.5683568075117371 0.24050925925925926 0.021575378195096504 0.062129629629629625
1 0.9067396974439228 0.34775925925925927 0.02758998435054773 0.059750000000000004
1 0.9462910798122065 0.36119444444444443 0.035216484089723527 0.062129629629629625
1 0.5624986958789775 0.35794444444444445 0.02854981742305686 0.06332407407407407
1 0.6523422013562858 0.7518611111111111 0.03271257172665623 0.06343518518518519
1 0.3735367762128326 0.2823240740740741 0.027005738132498697 0.0702037037037037
1 0.2792957746478873 0.7761296296296296 0.03015127803860198 0.0635925925925926
1 0.022889932185706834 0.3254444444444445 0.03500260824204486 0.06749074074074074
1 0.8085915492957746 0.42012962962962963 0.029707876890975485 0.07497222222222222
1 0.2736828377673448 0.6331203703703704 0.03102243088158581 0.0686851851851852
1 0.8911111111111111 0.29857407407407405 0.02924882629107981 0.06343518518518519
1 0.866697965571205 0.7691944444444445 0.03130933750652061 0.05311111111111111
1 0.3413093375065206 0.32869444444444446 0.022535211267605635 0.06202777777777777
1 0.6806624934793949 0.12339814814814816 0.016343244653103807 0.06841666666666667
1 0.7768544600938967 0.30312962962962964 0.02937402190923318 0.05752777777777778
1 0.9096661450182577 0.17594444444444446 0.022889932185706834 0.0734537037037037
0 0.9731455399061033 0.6907592592592593 0.05370892018779343 0.05
1 0.5527334376630151 0.30486111111111114 0.01994261867501304 0.06018518518518518
1 0.09368805425143453 0.34125925925925926 0.0328377673448096 0.06824999999999999
1 0.5400365153886281 0.6309537037037036 0.021163275952008346 0.05774074074074074
1 0.9589827856025038 0.16543518518518519 0.023865414710485134 0.06099074074074075
1 0.9335941575378195 0.21862037037037038 0.03015127803860198 0.05882407407407408
1 0.8979499217527386 0.14939814814814814 0.025039123630672927 0.06787037037037037
1 0.6132811684924362 0.6253240740740741 0.01692227438706312 0.06262037037037037
1 0.9614241001564945 0.12144444444444444 0.022295252999478352 0.06332407407407407
1 0.6557642149191445 0.1991203703703704 0.01738132498695879 0.06332407407407407
1 0.8745122587376108 0.26975925925925925 0.023865414710485134 0.06066666666666666
1 0.12213354199269692 0.9117685185185186 0.032044861763171624 0.06662962962962962
1 0.6181637976004173 0.2171111111111111 0.016661450182576944 0.065
1 0.8803703703703704 0.13292592592592592 0.021653625456442355 0.06982407407407407
1 0.4313980177360459 0.9048333333333334 0.028701095461658842 0.055796296296296295
1 0.5844705268648931 0.29294444444444445 0.017777777777777778 0.06169444444444444
1 0.03125195618153365 0.18319444444444444 0.032044861763171624 0.06814814814814814
1 0.49950965049556595 0.754462962962963 0.028810641627543033 0.06018518518518518
1 0.8520500782472614 0.2363888888888889 0.029478351591027647 0.06402777777777778
1 0.23559728742827335 0.2922962962962963 0.025174752217005738 0.06527777777777778
1 0.5014658320292122 0.23552777777777778 0.022978612415232132 0.06700925925925927
1 0.250245174752217 0.2600092592592593 0.024047991653625457 0.06283333333333334
1 0.4091810119979134 0.32804629629629634 0.024564423578508087 0.060287037037037035
1 0.6245122587376108 0.31504629629629627 0.02262910798122066 0.07567592592592592
1 0.4985341679707877 0.32089814814814815 0.027480438184663537 0.05720370370370371
1 0.2243661971830986 0.20335185185185187 0.02752738654147105 0.06749074074074074
1 0.012629107981220657 0.5338888888888889 0.024752217005738136 0.060888888888888895
1 0.5864267083985394 0.40735185185185185 0.017104851330203442 0.06814814814814814
1 0.22461137193531558 0.9741666666666666 0.03390714658320292 0.05056481481481481
1 0.8486332811684923 0.1756111111111111 0.026458007303077725 0.07681481481481481
1 0.9663067292644758 0.0457962962962963 0.01652582159624413 0.06749074074074074
1 0.3146948356807512 0.28427777777777774 0.024475743348982785 0.06402777777777778
1 0.46582159624413144 0.28774074074074074 0.02795513823682838 0.05322222222222222
1 0.30810641627543034 0.14441666666666667 0.018049034950443403 0.07697222222222222
1 0.23974439227960354 0.37419444444444444 0.024752217005738136 0.04777777777777778
1 0.13659885237350028 0.2515555555555556 0.028868022952529996 0.065
1 0.034757433489827856 0.28600925925925924 0.041778821074595726 0.06602777777777778
1 0.854491392801252 0.9074351851851852 0.03338549817423057 0.042194444444444444
1 0.01119979134063641 0.21949074074074076 0.021486697965571205 0.06099074074074075
1 0.09686489306207616 0.2747407407407408 0.03869587897756912 0.06998148148148148
1 0.23376630151278038 0.13033333333333333 0.02508607198748044 0.08341666666666667
1 0.06817423056859677 0.18005555555555555 0.039796557120500786 0.07784259259259259
1 0.9174804381846635 0.27907407407407403 0.017777777777777778 0.05
1 0.5092749087115284 0.7241296296296296 0.02958789775691184 0.05942592592592593
1 0.5019509650495566 0.035944444444444446 0.022154407929055816 0.06077777777777778
1 0.46362545644235786 0.8138333333333334 0.02369848721961398 0.06527777777777778
1 0.6767553468961919 0.2998796296296296 0.024428794992175273 0.05589814814814815
1 0.9858372456964006 0.2816759259259259 0.025800730307772562 0.045907407407407404
1 0.693359415753782 0.9238981481481481 0.034486176317162234 0.05322222222222222
1 0.07586854460093896 0.2927314814814815 0.027803860198226393 0.05861111111111111
1 0.17443922796035471 0.2216574074074074 0.029874804381846636 0.05963888888888889
1 0.3757329160146061 0.23574074074074072 0.029207094418362025 0.06066666666666666
1 0.2680646844027126 0.8237962962962964 0.020292123109024517 0.05487037037037037
1 0.6601564945226917 0.07827777777777778 0.019055816379760043 0.058722222222222224
1 0.621095461658842 0.8432962962962963 0.026765779864371415 0.05839814814814815
1 0.9750965049556599 0.3546944444444444 0.019087115284298385 0.036648148148148145
1 0.543943661971831 0.20649074074074072 0.02615545122587376 0.03778703703703704
1 0.6406259780907668 0.9308333333333333 0.03056338028169014 0.057416666666666664
1 0.7397443922796035 0.44245370370370374 0.014501825769431403 0.03642592592592593
1 0.8784194053208138 0.4088611111111111 0.030333854981742306 0.0686851851851852
1 0.9541001564945227 0.31504629629629627 0.01525299947835159 0.043444444444444445
1 0.3679186228482003 0.21363888888888888 0.015305164319248827 0.04236111111111111
1 0.19189358372456966 0.11624999999999999 0.026259780907668232 0.054546296296296294
1 0.12347417840375587 0.1602314814814815 0.02801773604590506 0.051138888888888887
1 0.30078247261345853 0.24354629629629626 0.021940532081377154 0.048240740740740744
1 0.4215597287428273 0.6770833333333334 0.02543035993740219 0.05787037037037037
1 0.6318466353677621 0.14757407407407408 0.014345331246739697 0.07291666666666667