1 0.403076171875 0.289910888671875 0.029144287109375 0.05666046142578125
0 0.07342529296875 0.497918701171875 0.05224609375 0.0418182373046875
0 0.7568359375 0.471917724609375 0.05511474609375 0.047858047485351565
1 0.72998046875 0.3893646240234375 0.029815673828125 0.07567367553710938
1 0.10284423828125 0.31201171875 0.039947509765625 0.06321487426757813
0 0.5888671875 0.6014892578125 0.0548095703125 0.05557708740234375
0 0.80419921875 0.362713623046875 0.049957275390625 0.043768310546875
1 0.367431640625 0.3876312255859375 0.0202178955078125 0.06310653686523438
1 0.08038330078125 0.621856689453125 0.035491943359375 0.072369384765625
1 0.74658203125 0.2047576904296875 0.0197601318359375 0.06142730712890625
0 0.982421875 0.536920166015625 0.034759521484375 0.05622711181640625
0 0.27978515625 0.470184326171875 0.053192138671875 0.04393081665039063
1 0.354736328125 0.279510498046875 0.0283355712890625 0.05817718505859375
1 0.92041015625 0.3785308837890625 0.034759521484375 0.07090682983398437
1 0.984375 0.2966278076171875 0.0292510986328125 0.06548995971679687
1 0.93994140625 0.240509033203125 0.02691650390625 0.06121063232421875
1 0.2783203125 0.702459716796875 0.038543701171875 0.0626190185546875
1 0.98583984375 0.16109771728515626 0.0257568359375 0.08369064331054688
1 0.6875 0.22880859375 0.029205322265625 0.046422576904296874
1 0.486328125 0.3702972412109375 0.0233306884765625 0.07415695190429687
1 0.297119140625 0.3356292724609375 0.030670166015625 0.07036514282226562
1 0.68701171875 0.1570892333984375 0.0202178955078125 0.0665191650390625
1 0.81591796875 0.145172119140625 0.018157958984375 0.07415695190429687
0 0.9658203125 0.651324462890625 0.059417724609375 0.04607048034667969
1 0.1707763671875 0.858465576171875 0.038970947265625 0.054358291625976565
1 0.52197265625 0.309844970703125 0.027435302734375 0.06500244140625
0 0.59423828125 0.502252197265625 0.044677734375 0.06240234375
1 0.09967041015625 0.412115478515625 0.0240936279296875 0.06169815063476562
1 0.471923828125 0.288177490234375 0.017578125 0.06359405517578125
1 0.1837158203125 0.16954803466796875 0.02752685546875 0.05262489318847656
1 0.88037109375 0.3598968505859375 0.0323486328125 0.06359405517578125
1 0.7841796875 0.22880859375 0.018798828125 0.06272735595703124
1 0.79248046875 0.841998291015625 0.03460693359375 0.07513198852539063
1 0.88916015625 0.2541595458984375 0.024658203125 0.05926055908203125
1 0.2314453125 0.2541595458984375 0.019989013671875 0.05262489318847656
1 0.85107421875 0.4136322021484375 0.0244293212890625 0.06787338256835937
1 0.7685546875 0.31287841796875 0.02880859375 0.0834197998046875
1 0.83056640625 0.270843505859375 0.02691650390625 0.07220687866210937
1 0.0247039794921875 0.78349609375 0.042022705078125 0.07989883422851562
1 0.486083984375 0.22100830078125 0.01433563232421875 0.05362701416015625
1 0.9482421875 0.16304779052734375 0.0214080810546875 0.06662750244140625
1 0.08660888671875 0.045122528076171876 0.0218658447265625 0.05465621948242187
1 0.7294921875 0.13953857421875 0.021575927734375 0.06527328491210938
0 0.57470703125 0.84156494140625 0.052703857421875 0.0673858642578125
1 0.060638427734375 0.2654266357421875 0.027008056640625 0.06711502075195312
1 0.5908203125 0.317645263671875 0.0305633544921875 0.0693359375
1 0.06707763671875 0.20194091796875 0.03277587890625 0.06272735595703124
0 0.5712050078247262 0.5378086419753085 0.05738132498695879 0.06635802469135799