1 0.1246337890625 0.3317291259765625 0.034820556640625 0.05904388427734375
1 0.80419921875 0.3616302490234375 0.02752685546875 0.06500244140625
1 0.313720703125 0.377880859375 0.02886962890625 0.052733230590820315
0 0.263427734375 0.3360626220703125 0.0296478271484375 0.06527328491210938
0 0.412353515625 0.62142333984375 0.060760498046875 0.07459030151367188
1 0.252197265625 0.255242919921875 0.0274810791015625 0.06700668334960938
1 0.98388671875 0.2329254150390625 0.0263519287109375 0.06635665893554688
0 0.84814453125 0.471917724609375 0.029876708984375 0.05403327941894531
1 0.1949462890625 0.2112579345703125 0.02947998046875 0.04766845703125
0 0.70263671875 0.670391845703125 0.046478271484375 0.05202903747558594
1 0.03582763671875 0.2940277099609375 0.029876708984375 0.06223983764648437
1 0.62109375 0.308111572265625 0.02044677734375 0.06321487426757813
1 0.68505859375 0.16543121337890626 0.018096923828125 0.0639190673828125
1 0.56591796875 0.347113037109375 0.025665283203125 0.04319953918457031
0 0.246337890625 0.4524169921875 0.03515625 0.0693359375
1 0.72802734375 0.19034881591796876 0.020294189453125 0.08401565551757813
1 0.71728515625 0.3126617431640625 0.0254669189453125 0.06251068115234375
1 0.58740234375 0.25567626953125 0.0231475830078125 0.06841506958007812
1 0.377685546875 0.36748046875 0.022674560546875 0.05861053466796875
1 0.9345703125 0.1731231689453125 0.03173828125 0.06814422607421874
1 0.84033203125 0.227508544921875 0.0250396728515625 0.06500244140625
1 0.50927734375 0.3282623291015625 0.025909423828125 0.07361526489257812
1 0.76171875 0.3083282470703125 0.0192413330078125 0.06321487426757813
0 0.73486328125 0.46368408203125 0.0509033203125 0.04758720397949219
1 0.31689453125 0.2493927001953125 0.02801513671875 0.05709381103515625
0 0.8896484375 0.67169189453125 0.06842041015625 0.06613998413085938
1 0.62646484375 0.225341796875 0.026763916015625 0.06613998413085938
1 0.4814453125 0.2606597900390625 0.0200958251953125 0.04704551696777344
1 0.56591796875 0.27647705078125 0.0210113525390625 0.0574188232421875
0 0.053009033203125 0.528253173828125 0.039794921875 0.0695526123046875
1 0.1988525390625 0.3460296630859375 0.03302001953125 0.0695526123046875
1 0.88623046875 0.2270751953125 0.03143310546875 0.06749420166015625
1 0.91796875 0.3499298095703125 0.035064697265625 0.06944427490234376
1 0.69091796875 0.08466567993164062 0.01395416259765625 0.06516494750976562
1 0.7998046875 0.21743316650390626 0.02886962890625 0.0693359375
1 0.443115234375 0.2658599853515625 0.0228424072265625 0.04934768676757813
1 0.4609375 0.3620635986328125 0.0211181640625 0.068035888671875
1 0.1849365234375 0.1774566650390625 0.012725830078125 0.041980743408203125
1 0.75927734375 0.2537261962890625 0.0261993408203125 0.054954147338867186
1 0.145751953125 0.824664306640625 0.04681396484375 0.07654037475585937
1 0.53955078125 0.88316650390625 0.01837158203125 0.06240234375
0 0.5094766127629975 0.49537037037037035 0.05564249695705105 0.06790123456790127
1 0.308349609375 0.3126617431640625 0.0211181640625 0.0582855224609375