0 0.2515625 0.4759259259259259 0.0515625 0.04259259259259259
0 0.41119791666666666 0.5930555555555556 0.05 0.04259259259259259
0 0.17161458333333332 0.3194444444444444 0.04635416666666667 0.03425925925925926
0 0.44895833333333335 0.6606481481481481 0.0515625 0.044444444444444446
0 0.5020833333333333 0.3236111111111111 0.04375 0.05277777777777778
0 0.17916666666666667 0.8490740740740741 0.05520833333333333 0.05925925925925926
0 0.017447916666666667 0.3662037037037037 0.034375 0.0712962962962963
0 0.53359375 0.5120370370370371 0.046875 0.07407407407407407
0 0.34765625 0.3861111111111111 0.04739583333333333 0.04259259259259259
0 0.43255208333333334 0.7449074074074075 0.0390625 0.05277777777777778
0 0.37838541666666664 0.5254629629629629 0.0421875 0.06018518518518518
0 0.017708333333333333 0.4671296296296296 0.03333333333333333 0.07037037037037037
0 0.43723958333333335 0.43703703703703706 0.03958333333333333 0.06759259259259259
0 0.5291666666666667 0.5939814814814814 0.0359375 0.03888888888888889
0 0.42083333333333334 0.3125 0.035416666666666666 0.04351851851851852