1 0.026702880859375 0.3590301513671875 0.033843994140625 0.06169815063476562
1 0.953125 0.046964263916015624 0.0165863037109375 0.07036514282226562
1 0.62646484375 0.2047576904296875 0.022247314453125 0.06673583984375
1 0.880859375 0.344512939453125 0.03167724609375 0.06662750244140625
1 0.8408203125 0.3200286865234375 0.0240936279296875 0.07155685424804688
1 0.463134765625 0.762261962890625 0.024749755859375 0.08141555786132812
1 0.77587890625 0.754461669921875 0.0296478271484375 0.06240234375
0 0.658203125 0.537786865234375 0.0276947021484375 0.061102294921875
0 0.51220703125 0.56595458984375 0.052032470703125 0.053437423706054685
1 0.256591796875 0.360546875 0.0284881591796875 0.06689834594726562
1 0.2998046875 0.754461669921875 0.02947998046875 0.06787338256835937
0 0.44970703125 0.540386962890625 0.05224609375 0.04300994873046875
1 0.78466796875 0.2721435546875 0.03131103515625 0.06982345581054687
1 0.482666015625 0.85023193359375 0.0213623046875 0.07540283203125
1 0.042816162109375 0.27647705078125 0.034698486328125 0.06272735595703124
1 0.8291015625 0.22046661376953125 0.0241851806640625 0.065869140625
0 0.332275390625 0.472784423828125 0.055938720703125 0.048968505859375
1 0.12493896484375 0.3975982666015625 0.033966064453125 0.07274856567382812
0 0.341796875 0.5182861328125 0.054412841796875 0.045203781127929686
1 0.775390625 0.821630859375 0.02691650390625 0.0556854248046875
0 0.278076171875 0.416015625 0.051361083984375 0.041411972045898436
1 0.1414794921875 0.666058349609375 0.036834716796875 0.05731048583984375
1 0.658203125 0.3811309814453125 0.0201416015625 0.0673858642578125
1 0.060302734375 0.705059814453125 0.037811279296875 0.054954147338867186
0 0.1883544921875 0.49315185546875 0.05108642578125 0.04536628723144531
1 0.2093505859375 0.742327880859375 0.029144287109375 0.06727752685546876
1 0.6318359375 0.93343505859375 0.029815673828125 0.061914825439453126
1 0.58251953125 0.347113037109375 0.0272674560546875 0.062023162841796875
1 0.036773681640625 0.760528564453125 0.0390625 0.05904388427734375
1 0.8701171875 0.8545654296875 0.0325927734375 0.058502197265625
1 0.6787109375 0.22967529296875 0.0192718505859375 0.059856414794921875
1 0.2998046875 0.3143951416015625 0.0237274169921875 0.06516494750976562
1 0.87744140625 0.1341217041015625 0.0262603759765625 0.07567367553710938
0 0.919921875 0.536920166015625 0.0582275390625 0.047505950927734374
1 0.89697265625 0.2355255126953125 0.029754638671875 0.06332321166992187
1 0.452392578125 0.386114501953125 0.0278472900390625 0.06500244140625
1 0.6240234375 0.3460296630859375 0.020721435546875 0.06879425048828125
0 0.85205078125 0.599755859375 0.0310211181640625 0.07101516723632813
1 0.931640625 0.301611328125 0.03582763671875 0.0712860107421875
0 0.450439453125 0.4524169921875 0.049224853515625 0.04336204528808594
1 0.970703125 0.2324920654296875 0.033203125 0.05601043701171875
1 0.208984375 0.839398193359375 0.0310821533203125 0.050756072998046874
1 0.49755859375 0.3208953857421875 0.027587890625 0.0673858642578125
0 0.0242767333984375 0.44981689453125 0.04779052734375 0.05202903747558594
1 0.59912109375 0.84156494140625 0.030914306640625 0.06917343139648438
1 0.164794921875 0.347113037109375 0.0301513671875 0.05579376220703125
1 0.71728515625 0.16889801025390624 0.02044677734375 0.06689834594726562
1 0.97216796875 0.37354736328125 0.024993896484375 0.060289764404296876
1 0.011508941650390625 0.793463134765625 0.02301788330078125 0.05644378662109375
1 0.62890625 0.76876220703125 0.018157958984375 0.05644378662109375
1 0.035675048828125 0.20367431640625 0.02880859375 0.057635498046875
1 0.17724609375 0.620123291015625 0.033203125 0.050187301635742185
1 0.4296875 0.3096282958984375 0.0222930908203125 0.06223983764648437
1 0.9697265625 0.3065948486328125 0.03656005859375 0.054954147338867186
1 0.2333984375 0.3165618896484375 0.0224151611328125 0.059964752197265624
1 0.54296875 0.2541595458984375 0.0272216796875 0.05882720947265625
0 0.1937255859375 0.5494873046875 0.045867919921875 0.04284744262695313
1 0.017242431640625 0.66475830078125 0.0312042236328125 0.047397613525390625
1 0.77783203125 0.67515869140625 0.0255126953125 0.068902587890625
1 0.287353515625 0.207574462890625 0.023193359375 0.06142730712890625
1 0.125732421875 0.3191619873046875 0.0262603759765625 0.062131500244140624
1 0.732421875 0.86236572265625 0.034698486328125 0.04173698425292969
1 0.60107421875 0.2870941162109375 0.023193359375 0.07047348022460938
1 0.07696533203125 0.2255584716796875 0.0279083251953125 0.0639190673828125
1 0.2587890625 0.2446258544921875 0.0225067138671875 0.06662750244140625
1 0.79931640625 0.3934814453125 0.0301513671875 0.0808197021484375
1 0.26220703125 0.05105400085449219 0.0135345458984375 0.039245223999023436
1 0.09185791015625 0.29901123046875 0.023773193359375 0.0572021484375
1 0.45751953125 0.26781005859375 0.028656005859375 0.05384368896484375
1 0.227294921875 0.204107666015625 0.02484130859375 0.05806884765625
1 0.329833984375 0.248309326171875 0.02685546875 0.05192070007324219
1 0.179931640625 0.26434326171875 0.0225830078125 0.05904388427734375
1 0.1656494140625 0.21396636962890625 0.018585205078125 0.05424995422363281
1 0.489501953125 0.05213737487792969 0.0169219970703125 0.06749420166015625
1 0.83056640625 0.02027263641357422 0.01473236083984375 0.04040985107421875
1 0.197021484375 0.1542724609375 0.0209197998046875 0.044770431518554685
0 0.96923828125 0.0780029296875 0.029541015625 0.0665191650390625
1 0.60986328125 0.11537933349609375 0.0199432373046875 0.06538162231445313
1 0.50927734375 0.19814910888671874 0.012969970703125 0.0561187744140625
1 0.70703125 0.3078948974609375 0.03143310546875 0.04704551696777344