0 0.7231770833333333 0.42824074074074076 0.051041666666666666 0.046296296296296294
0 0.25885416666666666 0.5356481481481481 0.03802083333333333 0.05555555555555555
0 0.23984375 0.6518518518518519 0.044270833333333336 0.05277777777777778
0 0.6088541666666667 0.6805555555555556 0.04479166666666667 0.04259259259259259
0 0.8721354166666667 0.4310185185185185 0.051041666666666666 0.044444444444444446
0 0.51015625 0.5810185185185185 0.04635416666666667 0.044444444444444446
0 0.9752604166666666 0.4986111111111111 0.049479166666666664 0.05277777777777778
0 0.8109375 0.6518518518518519 0.04479166666666667 0.041666666666666664
0 0.15 0.4050925925925926 0.0484375 0.06666666666666667
0 0.8526041666666667 0.5777777777777777 0.04791666666666667 0.05092592592592592
0 0.14479166666666668 0.7083333333333334 0.04635416666666667 0.040740740740740744
0 0.2635416666666667 0.4444444444444444 0.052083333333333336 0.041666666666666664
0 0.11744791666666667 0.5319444444444444 0.0421875 0.06018518518518518