1 0.75830078125 0.3414794921875 0.0323486328125 0.06381072998046874
1 0.712890625 0.95250244140625 0.0311431884765625 0.0496185302734375
1 0.56396484375 0.3720306396484375 0.01678466796875 0.05926055908203125
1 0.7333984375 0.139105224609375 0.0177154541015625 0.0613189697265625
1 0.57861328125 0.296844482421875 0.0210113525390625 0.05817718505859375
1 0.79833984375 0.458050537109375 0.0232391357421875 0.06321487426757813
1 0.7333984375 0.3206787109375 0.032958984375 0.07009429931640625
0 0.390380859375 0.529986572265625 0.0526123046875 0.0409515380859375
1 0.28173828125 0.833331298828125 0.0222015380859375 0.05963973999023438
1 0.89453125 0.2610931396484375 0.0216522216796875 0.0686859130859375
1 0.9140625 0.3620635986328125 0.0278472900390625 0.062023162841796875
1 0.755859375 0.12686309814453126 0.0273284912109375 0.06500244140625
1 0.904296875 0.2857940673828125 0.021820068359375 0.0699859619140625
0 0.1357421875 0.721527099609375 0.052825927734375 0.045122528076171876
1 0.6962890625 0.2320587158203125 0.022674560546875 0.05904388427734375
1 0.76953125 0.4101654052734375 0.0279083251953125 0.06538162231445313
1 0.921875 0.819464111328125 0.038177490234375 0.047316360473632815
1 0.681640625 0.275177001953125 0.018096923828125 0.05579376220703125
0 0.673828125 0.48968505859375 0.0535888671875 0.051839447021484374
1 0.7392578125 0.25914306640625 0.02880859375 0.06467742919921875
1 0.83154296875 0.3607635498046875 0.02484130859375 0.06711502075195312
1 0.96337890625 0.9204345703125 0.03582763671875 0.052922821044921874
1 0.9755859375 0.4227325439453125 0.02886962890625 0.06272735595703124
1 0.0196380615234375 0.89876708984375 0.034759521484375 0.06251068115234375
1 0.70458984375 0.10281219482421874 0.0252227783203125 0.0647857666015625
1 0.7939453125 0.2374755859375 0.025177001953125 0.06180648803710938
1 0.383056640625 0.260009765625 0.0165252685546875 0.05806884765625
1 0.8076171875 0.4248992919921875 0.02655029296875 0.0626190185546875
1 0.64208984375 0.246575927734375 0.017913818359375 0.0647857666015625
1 0.06842041015625 0.9343017578125 0.0374755859375 0.06727752685546876
1 0.66259765625 0.12231292724609374 0.0238189697265625 0.0738861083984375
1 0.155029296875 0.3195953369140625 0.0280609130859375 0.05154151916503906
1 0.07794189453125 0.332379150390625 0.038238525390625 0.053924942016601564
1 0.26123046875 0.2753936767578125 0.0219879150390625 0.061102294921875
1 0.421875 0.2912109375 0.0292510986328125 0.05963973999023438
1 0.223388671875 0.3137451171875 0.0242767333984375 0.062023162841796875
1 0.90869140625 0.2216583251953125 0.01934814453125 0.0565521240234375
1 0.96240234375 0.3767974853515625 0.0316162109375 0.06180648803710938
1 0.283203125 0.20724945068359374 0.0203704833984375 0.06500244140625
1 0.8720703125 0.3109283447265625 0.02423095703125 0.06332321166992187
1 0.403076171875 0.3269622802734375 0.0216217041015625 0.06603164672851562
1 0.290283203125 0.798663330078125 0.0236053466796875 0.05311241149902344
1 0.9892578125 0.2905609130859375 0.0207672119140625 0.06982345581054687
1 0.951171875 0.2801605224609375 0.02691650390625 0.06121063232421875
1 0.62646484375 0.21504974365234375 0.024383544921875 0.0626190185546875
1 0.9345703125 0.86063232421875 0.0302734375 0.05882720947265625
1 0.70361328125 0.17474822998046874 0.017852783203125 0.07637786865234375
1 0.955078125 0.225341796875 0.01861572265625 0.04219741821289062
1 0.25927734375 0.339312744140625 0.0258026123046875 0.05904388427734375
1 0.80419921875 0.3871978759765625 0.021484375 0.05752716064453125
1 0.86767578125 0.27994384765625 0.03143310546875 0.06489410400390624
1 0.04620361328125 0.386981201171875 0.0236968994140625 0.05037689208984375
1 0.249267578125 0.2316253662109375 0.0177154541015625 0.0578521728515625
1 0.64404296875 0.2888275146484375 0.023101806640625 0.06007308959960937
1 0.57568359375 0.90570068359375 0.0310211181640625 0.05546875
1 0.320556640625 0.2823272705078125 0.0171051025390625 0.0639190673828125
1 0.302001953125 0.19988250732421875 0.0231475830078125 0.05384368896484375
1 0.1019287109375 0.264776611328125 0.027435302734375 0.0569854736328125
0 0.52001953125 0.477117919921875 0.048492431640625 0.05414161682128906
1 0.50341796875 0.2121246337890625 0.0225830078125 0.05817718505859375
1 0.1427001953125 0.2407257080078125 0.0233306884765625 0.0613189697265625
1 0.2044677734375 0.17778167724609376 0.0174407958984375 0.055062484741210935
1 0.0284423828125 0.2502593994140625 0.0240936279296875 0.06299819946289062
1 0.59326171875 0.1774566650390625 0.01406097412109375 0.06223983764648437
1 0.1651611328125 0.195440673828125 0.026763916015625 0.05633544921875
1 0.8972352634324465 0.42978395061728386 0.027821248478525434 0.06944444444444445
1 0.6787109375 0.3551300048828125 0.03033447265625 0.0504852294921875
0 0.02521300643366372 0.6504629629629629 0.04694835680751173 0.06944444444444445
0 0.01999652234394018 0.45216049382716045 0.03825421665797252 0.05864197530864206