0 0.6671875 0.4476851851851852 0.05572916666666667 0.04259259259259259
0 0.08645833333333333 0.6958333333333333 0.05 0.04259259259259259
0 0.33984375 0.30833333333333335 0.04479166666666667 0.04537037037037037
0 0.3265625 0.586574074074074 0.046875 0.046296296296296294
0 0.459375 0.487962962962963 0.04791666666666667 0.03888888888888889
0 0.5260416666666666 0.5560185185185185 0.046875 0.041666666666666664
0 0.23645833333333333 0.20555555555555555 0.05416666666666667 0.044444444444444446
0 0.22890625 0.14166666666666666 0.05677083333333333 0.05185185185185185
0 0.5143229166666666 0.3925925925925926 0.0484375 0.044444444444444446
0 0.5893229166666667 0.20787037037037037 0.05520833333333333 0.04814814814814815
0 0.44921875 0.6611111111111111 0.0453125 0.04351851851851852
0 0.13489583333333333 0.4532407407407407 0.05572916666666667 0.046296296296296294
0 0.12291666666666666 0.225 0.05520833333333333 0.041666666666666664
0 0.38046875 0.7013888888888888 0.03802083333333333 0.03888888888888889
0 0.39348958333333334 0.26342592592592595 0.0578125 0.05
0 0.7171875 0.2037037037037037 0.053125 0.05277777777777778
0 0.4359375 0.5944444444444444 0.042708333333333334 0.041666666666666664
0 0.21328125 0.27314814814814814 0.033854166666666664 0.05462962962962963
0 0.9669270833333333 0.3597222222222222 0.05416666666666667 0.04722222222222222
0 0.40729166666666666 0.3875 0.046875 0.041666666666666664
0 0.6658854166666667 0.6324074074074074 0.04635416666666667 0.041666666666666664
0 0.02109375 0.6226851851851852 0.0421875 0.04351851851851852
0 0.98671875 0.4962962962962963 0.0265625 0.05462962962962963
0 0.28411458333333334 0.4287037037037037 0.04895833333333333 0.04814814814814815