0 0.5697916666666667 0.4337962962962963 0.051041666666666666 0.041666666666666664
0 0.23932291666666666 0.5796296296296296 0.0484375 0.04259259259259259
0 0.04453125 0.4476851851851852 0.0546875 0.044444444444444446
0 0.3848958333333333 0.4837962962962963 0.04791666666666667 0.04259259259259259
0 0.44817708333333334 0.5555555555555556 0.04791666666666667 0.04259259259259259
0 0.37734375 0.6467592592592593 0.04375 0.041666666666666664
0 0.6401041666666667 0.1814814814814815 0.0546875 0.046296296296296294
0 0.19583333333333333 0.42453703703703705 0.0515625 0.05462962962962963
0 0.30807291666666664 0.6944444444444444 0.043229166666666666 0.04351851851851852
0 0.32083333333333336 0.3763888888888889 0.04739583333333333 0.03888888888888889
0 0.43359375 0.3861111111111111 0.04635416666666667 0.03796296296296296
0 0.16119791666666666 0.19907407407407407 0.0578125 0.04351851851851852
0 0.15130208333333334 0.13657407407407407 0.06041666666666667 0.05
0 0.5809895833333333 0.6324074074074074 0.0453125 0.044444444444444446
0 0.9510416666666667 0.5648148148148148 0.0546875 0.044444444444444446
0 0.34869791666666666 0.5976851851851852 0.03229166666666667 0.05
0 0.2520833333333333 0.24861111111111112 0.0578125 0.046296296296296294
0 0.9096354166666667 0.49166666666666664 0.040625 0.05277777777777778
0 0.109375 0.25092592592592594 0.04375 0.04722222222222222
0 0.25338541666666664 0.3111111111111111 0.0484375 0.046296296296296294
0 0.019791666666666666 0.20972222222222223 0.03958333333333333 0.03796296296296296
0 0.5153645833333333 0.2050925925925926 0.0515625 0.053703703703703705
0 0.87265625 0.36342592592592593 0.051041666666666666 0.03888888888888889