1 0.5693792383933229 0.8708333333333333 0.03547209181011998 0.05555555555555555
1 0.17188315075639019 0.8412037037037037 0.03442879499217527 0.05555555555555555
1 0.23969744392279604 0.3814814814814815 0.03286384976525822 0.06944444444444445
1 0.17005738132498696 0.17083333333333334 0.01564945226917058 0.04537037037037037
1 0.8969744392279604 0.26944444444444443 0.023995826812728223 0.062037037037037036
1 0.5605112154407929 0.29768518518518516 0.02034428794992175 0.062037037037037036
1 0.08868022952529994 0.6597222222222222 0.04121022430881586 0.06388888888888888
1 0.2652582159624413 0.3125 0.020865936358894107 0.06666666666666667
1 0.06677099634846113 0.6958333333333333 0.037037037037037035 0.062037037037037036
1 0.7005738132498696 0.30787037037037035 0.028690662493479395 0.04537037037037037
1 0.3077725612936881 0.5074074074074074 0.03182055294731351 0.06944444444444445
1 0.8223787167449139 0.3060185185185185 0.029212310902451747 0.06388888888888888
1 0.37219613980177363 0.3351851851851852 0.02138758476786646 0.06481481481481481
1 0.5706833594157538 0.9490740740740741 0.028169014084507043 0.05555555555555555
1 0.6747522170057382 0.2518518518518518 0.027125717266562335 0.06018518518518518
0 0.15153886280646844 0.48703703703703705 0.0505998956703182 0.05
1 0.8072509128847157 0.44675925925925924 0.03547209181011998 0.06851851851851852
1 0.37741262389149716 0.6462962962962963 0.0297339593114241 0.05925925925925926
1 0.8607198748043818 0.23703703703703705 0.023474178403755867 0.046296296296296294
1 0.7099634846113719 0.38287037037037036 0.022430881585811163 0.07407407407407407
1 0.7094418362023995 0.7134259259259259 0.028690662493479395 0.05925925925925926
1 0.8320292123109024 0.33935185185185185 0.02608242044861763 0.06759259259259259
1 0.14006259780907668 0.6680555555555555 0.028690662493479395 0.062037037037037036
1 0.5135628586332812 0.26064814814814813 0.0198226395409494 0.05185185185185185
1 0.9540949400104329 0.19953703703703704 0.02764736567553469 0.05740740740740741
1 0.554773082942097 0.21296296296296297 0.016692749087115284 0.058333333333333334
1 0.440792905581638 0.3574074074074074 0.024517475221700575 0.07037037037037037
1 0.3367240479916536 0.8222222222222222 0.02608242044861763 0.05555555555555555
1 0.4220135628586333 0.39351851851851855 0.03234220135628586 0.05277777777777778
0 0.16353677621283255 0.5638888888888889 0.0495565988523735 0.06574074074074074
1 0.6544079290558164 0.20462962962962963 0.016692749087115284 0.06111111111111111
1 0.6820552947313511 0.16944444444444445 0.023474178403755867 0.06481481481481481
1 0.30672926447574334 0.17731481481481481 0.02138758476786646 0.05462962962962963
1 0.1056338028169014 0.32592592592592595 0.029212310902451747 0.06944444444444445
1 0.9102764736567553 0.3337962962962963 0.027125717266562335 0.05925925925925926
1 0.7918622848200313 0.3680555555555556 0.03129890453834116 0.058333333333333334
1 0.45983307250912886 0.26342592592592595 0.02556077203964528 0.06388888888888888
1 0.9668753260302556 0.3837962962962963 0.03338549817423057 0.06296296296296296
1 0.956964006259781 0.2810185185185185 0.030777256129368807 0.06296296296296296
1 0.08215962441314555 0.3013888888888889 0.02764736567553469 0.05092592592592592
0 0.8468961919666145 0.5587962962962963 0.050078247261345854 0.05925925925925926
1 0.9295774647887324 0.675 0.037037037037037035 0.07407407407407407
1 0.347678664580073 0.2675925925925926 0.022952529994783515 0.0712962962962963
1 0.7503912363067292 0.4203703703703704 0.03025560772039645 0.06666666666666667
1 0.7407407407407407 0.2162037037037037 0.02138758476786646 0.06296296296296296
1 0.951225873761085 0.053703703703703705 0.01617110067814293 0.06944444444444445
1 0.9647887323943662 0.1337962962962963 0.019300991131977047 0.05648148148148148
1 0.8852373500260824 0.18009259259259258 0.02034428794992175 0.06851851851851852
1 0.8974960876369327 0.44351851851851853 0.036515388628064686 0.05555555555555555
1 0.8526343244653104 0.8208333333333333 0.026604068857589983 0.058333333333333334
1 0.3904538341158059 0.2712962962962963 0.02034428794992175 0.06388888888888888
1 0.03025560772039645 0.23703703703703705 0.030777256129368807 0.05925925925925926
1 0.9175795513823682 0.3768518518518518 0.0297339593114241 0.05
1 0.9136671883150757 0.6574074074074074 0.029212310902451747 0.05092592592592592
1 0.9507042253521126 0.3314814814814815 0.03338549817423057 0.05277777777777778
1 0.368283776734481 0.6828703703703703 0.023474178403755867 0.05092592592592592
0 0.9707876890975482 0.562037037037037 0.05425143453312467 0.05740740740740741
1 0.6400625978090767 0.16203703703703703 0.02190923317683881 0.06018518518518518
1 0.1356285863328117 0.3587962962962963 0.03286384976525822 0.06574074074074074
1 0.22483046426708397 0.16712962962962963 0.02190923317683881 0.05648148148148148
1 0.5078247261345853 0.3296296296296296 0.02190923317683881 0.049074074074074076
1 0.17918622848200313 0.2310185185185185 0.028690662493479395 0.07222222222222222
1 0.7923839332290037 0.21388888888888888 0.018779342723004695 0.053703703703703705
1 0.015127803860198226 0.8453703703703703 0.029212310902451747 0.058333333333333334
1 0.5972874282733438 0.1597222222222222 0.01617110067814293 0.046296296296296294
1 0.7876890975482524 0.27314814814814814 0.029212310902451747 0.06018518518518518
1 0.8354199269692227 0.1638888888888889 0.02034428794992175 0.06666666666666667
1 0.7021387584767866 0.9689814814814814 0.02608242044861763 0.05185185185185185
1 0.696661450182577 0.3523148148148148 0.022430881585811163 0.06296296296296296
1 0.5928534167970788 0.31296296296296294 0.023474178403755867 0.046296296296296294
1 0.07772561293688054 0.20879629629629629 0.03182055294731351 0.058333333333333334
1 0.6846635367762128 0.10462962962962963 0.023995826812728223 0.06851851851851852
1 0.19092331768388107 0.14583333333333334 0.01773604590505999 0.04722222222222222
1 0.9848721961398018 0.3351851851851852 0.028169014084507043 0.05740740740740741
1 0.9277516953573292 0.2162037037037037 0.020865936358894107 0.04259259259259259
1 0.9149713093375065 0.5199074074074074 0.037037037037037035 0.058333333333333334
1 0.8573291601460615 0.8601851851851852 0.02764736567553469 0.06111111111111111
1 0.48852373500260826 0.2986111111111111 0.02190923317683881 0.06666666666666667
1 0.5213875847678665 0.40925925925925927 0.025039123630672927 0.03333333333333333
1 0.5667709963484612 0.26666666666666666 0.01617110067814293 0.05
1 0.9788732394366197 0.4726851851851852 0.03442879499217527 0.07962962962962963