0 0.90283203125 0.710693359375 0.040374755859375 0.0695526123046875
1 0.89208984375 0.88836669921875 0.03656005859375 0.05579376220703125
0 0.85205078125 0.46715087890625 0.033660888671875 0.05861053466796875
0 0.92626953125 0.56248779296875 0.06256103515625 0.06467742919921875
1 0.08978271484375 0.7886962890625 0.0391845703125 0.07469863891601562
1 0.389404296875 0.3581634521484375 0.024993896484375 0.059856414794921875
1 0.59228515625 0.4021484375 0.029815673828125 0.06359405517578125
1 0.4091796875 0.301611328125 0.0221099853515625 0.07144851684570312
1 0.98291015625 0.3811309814453125 0.03240966796875 0.068035888671875
0 0.38525390625 0.537786865234375 0.02630615234375 0.060398101806640625
0 0.6845703125 0.570721435546875 0.0472412109375 0.04504127502441406
1 0.95361328125 0.21396636962890625 0.02752685546875 0.06689834594726562
0 0.464599609375 0.57288818359375 0.0439453125 0.05154151916503906
1 0.2802734375 0.73582763671875 0.0318603515625 0.05424995422363281
1 0.578125 0.18839874267578124 0.0230255126953125 0.07318191528320313
0 0.338623046875 0.458050537109375 0.0296478271484375 0.053437423706054685
0 0.1883544921875 0.555120849609375 0.028167724609375 0.06018142700195313
1 0.1856689453125 0.3692138671875 0.0227203369140625 0.06359405517578125
1 0.34716796875 0.649591064453125 0.0252685546875 0.06662750244140625
1 0.54150390625 0.377880859375 0.0311431884765625 0.07144851684570312
1 0.5712890625 0.259576416015625 0.02203369140625 0.068902587890625
1 0.0240936279296875 0.261309814453125 0.036834716796875 0.06402740478515626
0 0.418701171875 0.456317138671875 0.05126953125 0.048047637939453124
1 0.40625 0.2298919677734375 0.0262603759765625 0.06613998413085938
1 0.96533203125 0.1436553955078125 0.0259552001953125 0.07415695190429687
1 0.609375 0.2597930908203125 0.01763916015625 0.06180648803710938
1 0.1727294921875 0.850665283203125 0.039947509765625 0.05796051025390625
1 0.78515625 0.2303253173828125 0.0223236083984375 0.0591522216796875
1 0.671875 0.2132080078125 0.019989013671875 0.06689834594726562
1 0.75830078125 0.334979248046875 0.0225372314453125 0.06538162231445313
1 0.06719970703125 0.334979248046875 0.035552978515625 0.06142730712890625
0 0.5732421875 0.50528564453125 0.0301513671875 0.06603164672851562
1 0.767578125 0.42208251953125 0.02752685546875 0.060398101806640625
1 0.439453125 0.8025634765625 0.0293121337890625 0.06180648803710938
1 0.0293731689453125 0.722393798828125 0.037200927734375 0.08233642578125
1 0.79052734375 0.11602935791015626 0.0207672119140625 0.06776504516601563
1 0.68603515625 0.3663970947265625 0.0265045166015625 0.05839385986328125
1 0.1795654296875 0.75836181640625 0.035614013671875 0.06223983764648437
1 0.6240234375 0.334112548828125 0.020721435546875 0.06018142700195313
1 0.2042236328125 0.3438629150390625 0.0305023193359375 0.054872894287109376
1 0.323486328125 0.2964111328125 0.0302734375 0.05202903747558594
1 0.68017578125 0.2727935791015625 0.02630615234375 0.06402740478515626
1 0.39599609375 0.671258544921875 0.0191192626953125 0.06142730712890625
1 0.58740234375 0.830731201171875 0.0210418701171875 0.05817718505859375
1 0.062103271484375 0.281243896484375 0.031494140625 0.06381072998046874
1 0.283935546875 0.23660888671875 0.02630615234375 0.0591522216796875
0 0.192138671875 0.471484375 0.041839599609375 0.06018142700195313
1 0.640625 0.692059326171875 0.026611328125 0.05538749694824219
1 0.52783203125 0.18059844970703126 0.0170440673828125 0.062835693359375
1 0.1795654296875 0.3065948486328125 0.0243377685546875 0.0578521728515625
1 0.10430908203125 0.2762603759765625 0.027801513671875 0.0591522216796875
1 0.2578125 0.82249755859375 0.02001953125 0.05882720947265625
1 0.289794921875 0.848931884765625 0.0301055908203125 0.05029563903808594
1 0.2088623046875 0.2355255126953125 0.0235595703125 0.05251655578613281
1 0.90283203125 0.15546417236328125 0.031982421875 0.079736328125
1 0.38037109375 0.28427734375 0.0271759033203125 0.0695526123046875
1 0.82568359375 0.16109771728515626 0.0282745361328125 0.06765670776367187
1 0.931640625 0.2409423828125 0.0253753662109375 0.070635986328125
1 0.7353515625 0.2437591552734375 0.01971435546875 0.0626190185546875
1 0.37548828125 0.17940673828125 0.0247039794921875 0.0569854736328125
1 0.11962890625 0.19164886474609374 0.01953125 0.054872894287109376
1 0.9794921875 0.2883941650390625 0.0237274169921875 0.0483184814453125
1 0.64990234375 0.07713623046875 0.0165252685546875 0.06516494750976562
1 0.82177734375 0.307244873046875 0.0212860107421875 0.043605804443359375
0 0.30957570388573724 0.4201324462890624 0.046909993595712976 0.04750595092773431
1 0.295166015625 0.13780517578125 0.0226287841796875 0.04300994873046875
1 0.955078125 0.3195953369140625 0.020294189453125 0.04157447814941406
1 0.5302734375 0.3178619384765625 0.0153656005859375 0.0639190673828125
1 0.7119140625 0.30247802734375 0.022674560546875 0.06538162231445313
1 0.96240234375 0.031688690185546875 0.0182647705078125 0.06332321166992187
1 0.6904296875 0.1887237548828125 0.0187225341796875 0.05557708740234375
1 0.98193359375 0.243975830078125 0.0302734375 0.0457183837890625
1 0.2186279296875 0.28427734375 0.02191162109375 0.049537277221679686
1 0.71533203125 0.401715087890625 0.0200653076171875 0.0626190185546875
1 0.78564453125 0.387847900390625 0.0143890380859375 0.023468589782714842
1 0.2401123046875 0.1423553466796875 0.034698486328125 0.08434066772460938
1 0.08331298828125 0.195440673828125 0.03131103515625 0.03472213745117188
1 0.1964111328125 0.20443267822265626 0.0162200927734375 0.04496002197265625