1 0.4697265625 0.3737640380859375 0.0234222412109375 0.06944427490234376
1 0.2861328125 0.692059326171875 0.0258026123046875 0.05094566345214844
0 0.8759765625 0.529119873046875 0.05389404296875 0.050566482543945315
0 0.7841796875 0.574188232421875 0.053802490234375 0.05213737487792969
0 0.65625 0.561187744140625 0.047607421875 0.04219741821289062
1 0.88916015625 0.77742919921875 0.03643798828125 0.05774383544921875
1 0.17578125 0.5113525390625 0.0282135009765625 0.08184890747070313
1 0.64208984375 0.640924072265625 0.018768310546875 0.060506439208984374
1 0.92431640625 0.4305328369140625 0.027587890625 0.06223983764648437
1 0.9130859375 0.1570892333984375 0.0253753662109375 0.06982345581054687
0 0.5302734375 0.46715087890625 0.050048828125 0.050187301635742185
1 0.41357421875 0.3657470703125 0.0256195068359375 0.06603164672851562
1 0.2978515625 0.835064697265625 0.029205322265625 0.0626190185546875
1 0.1749267578125 0.3449462890625 0.0341796875 0.06451492309570313
0 0.97412109375 0.575921630859375 0.04949951171875 0.0496185302734375
1 0.8720703125 0.1716064453125 0.0312042236328125 0.07784042358398438
0 0.390625 0.48621826171875 0.0318603515625 0.060506439208984374
1 0.2352294921875 0.854998779296875 0.03173828125 0.06310653686523438
1 0.2646484375 0.305511474609375 0.0232391357421875 0.065869140625
0 0.6513671875 0.50355224609375 0.046905517578125 0.0448516845703125
1 0.95166015625 0.451116943359375 0.033966064453125 0.0626190185546875
1 0.122314453125 0.332379150390625 0.033966064453125 0.06099395751953125
1 0.36376953125 0.3312957763671875 0.01971435546875 0.05882720947265625
1 0.244384765625 0.20833282470703124 0.0276947021484375 0.0656524658203125
1 0.49609375 0.871466064453125 0.02838134765625 0.06603164672851562
1 0.51806640625 0.3276123046875 0.0262603759765625 0.0569854736328125
1 0.298095703125 0.77742919921875 0.037261962890625 0.048589324951171874
1 0.029815673828125 0.228375244140625 0.0272674560546875 0.06299819946289062
1 0.7666015625 0.4279327392578125 0.02752685546875 0.0734527587890625
1 0.5244140625 0.76182861328125 0.0296478271484375 0.06402740478515626
1 0.591796875 0.237908935546875 0.0231475830078125 0.08141555786132812
1 0.5224609375 0.2342254638671875 0.0231475830078125 0.06727752685546876
1 0.1512451171875 0.91263427734375 0.03167724609375 0.0712860107421875
1 0.484375 0.279510498046875 0.027069091796875 0.06527328491210938
1 0.97216796875 0.36661376953125 0.0250396728515625 0.062835693359375
1 0.2744140625 0.266510009765625 0.0207672119140625 0.06251068115234375
1 0.91357421875 0.30594482421875 0.0313720703125 0.06765670776367187
1 0.456298828125 0.90743408203125 0.032470703125 0.04988937377929688
1 0.79833984375 0.3135284423828125 0.029754638671875 0.06381072998046874
1 0.576171875 0.637457275390625 0.0257110595703125 0.06332321166992187
0 0.335205078125 0.577655029296875 0.0489501953125 0.072369384765625
1 0.04376220703125 0.3273956298828125 0.0310821533203125 0.0673858642578125
1 0.9287109375 0.35968017578125 0.0261077880859375 0.05926055908203125
1 0.8330078125 0.4248992919921875 0.0287628173828125 0.07567367553710938
1 0.0272216796875 0.5408203125 0.03125 0.06223983764648437
1 0.755859375 0.189373779296875 0.0236968994140625 0.06906509399414062
1 0.9580078125 0.222308349609375 0.03131103515625 0.05953140258789062
1 0.61669921875 0.412115478515625 0.0186920166015625 0.06576080322265625
1 0.338134765625 0.2888275146484375 0.0204925537109375 0.05882720947265625
1 0.748046875 0.12772979736328124 0.0302734375 0.0665191650390625
1 0.60791015625 0.2979278564453125 0.0257110595703125 0.06343154907226563
1 0.701171875 0.1336883544921875 0.01751708984375 0.07144851684570312
1 0.046112060546875 0.1887237548828125 0.0279083251953125 0.06576080322265625
1 0.43212890625 0.3334625244140625 0.0211181640625 0.06359405517578125
1 0.3876953125 0.2340087890625 0.02001953125 0.04823722839355469
1 0.058135986328125 0.294244384765625 0.0325927734375 0.07047348022460938
1 0.9765625 0.1666229248046875 0.025177001953125 0.06332321166992187
1 0.591796875 0.3707305908203125 0.020843505859375 0.06613998413085938
1 0.1639404296875 0.2589263916015625 0.0236968994140625 0.06121063232421875
1 0.392822265625 0.2912109375 0.019012451171875 0.05414161682128906
1 0.56396484375 0.20020751953125 0.028106689453125 0.05601043701171875
1 0.0225372314453125 0.677325439453125 0.0263519287109375 0.049049758911132814
1 0.73486328125 0.250042724609375 0.02447509765625 0.0682525634765625
1 0.5751953125 0.3096282958984375 0.0215301513671875 0.06121063232421875
0 0.491455078125 0.20724945068359374 0.038177490234375 0.04452667236328125
1 0.4892578125 0.814697265625 0.0230712890625 0.054439544677734375
1 0.87646484375 0.91783447265625 0.03607177734375 0.04886016845703125
1 0.333740234375 0.18807373046875 0.0272674560546875 0.07524032592773437
1 0.5341796875 0.72716064453125 0.032958984375 0.0537353515625
1 0.9345703125 0.18189849853515624 0.0224609375 0.06662750244140625
1 0.89990234375 0.13488006591796875 0.0206451416015625 0.06879425048828125
1 0.67626953125 0.2090911865234375 0.018768310546875 0.06749420166015625
1 0.638671875 0.21938323974609375 0.0164642333984375 0.06418991088867188
1 0.67529296875 0.08574905395507812 0.02191162109375 0.061914825439453126
1 0.296875 0.64569091796875 0.029754638671875 0.05037689208984375
1 0.52490234375 0.691192626953125 0.026611328125 0.0504852294921875
1 0.25244140625 0.96983642578125 0.0276336669921875 0.044770431518554685
1 0.875 0.2415924072265625 0.03302001953125 0.059856414794921875
1 0.011127471923828125 0.12567138671875 0.02225494384765625 0.06169815063476562
1 0.64794921875 0.3234954833984375 0.0222015380859375 0.07637786865234375
1 0.68359375 0.75836181640625 0.03521728515625 0.0574188232421875
1 0.2042236328125 0.12144622802734376 0.0232391357421875 0.05143318176269531
1 0.9658203125 0.04650382995605469 0.017181396484375 0.07101516723632813
1 0.255859375 0.15134735107421876 0.0262603759765625 0.04108695983886719
1 0.0975341796875 0.29727783203125 0.0252685546875 0.06180648803710938
1 0.1942138671875 0.2216583251953125 0.0300445556640625 0.0656524658203125
1 0.70166015625 0.3052947998046875 0.0226287841796875 0.05666046142578125
1 0.8798828125 0.347979736328125 0.027801513671875 0.060289764404296876
1 0.89892578125 0.2766937255859375 0.020294189453125 0.05546875
1 0.32470703125 0.25654296875 0.02069091796875 0.05839385986328125
1 0.142578125 0.1713897705078125 0.0242767333984375 0.04766845703125
1 0.93994140625 0.2866607666015625 0.0185394287109375 0.0587188720703125
1 0.0966796875 0.235308837890625 0.018768310546875 0.04336204528808594
1 0.404541015625 0.2476593017578125 0.0179901123046875 0.053437423706054685
1 0.1761474609375 0.18514862060546874 0.021087646484375 0.053329086303710936
1 0.26171875 0.3761474609375 0.0246124267578125 0.04626007080078125
1 0.10614013671875 0.254376220703125 0.0257110595703125 0.04436416625976562
1 0.7236328125 0.94036865234375 0.030792236328125 0.060398101806640625
1 0.11981201171875 0.26954345703125 0.025421142578125 0.054358291625976565
1 0.646484375 0.849798583984375 0.0309600830078125 0.05322074890136719
1 0.51708984375 0.04016609191894531 0.025177001953125 0.0693359375