1 0.28351591027647366 0.33935185185185185 0.03442879499217527 0.06111111111111111
0 0.19718309859154928 0.47638888888888886 0.03338549817423057 0.06018518518518518
0 0.22639540949400105 0.5449074074074074 0.04903495044340115 0.044444444444444446
1 0.9144496609285342 0.3458333333333333 0.02764736567553469 0.08425925925925926
0 0.8560250391236307 0.6564814814814814 0.054773082942097026 0.03981481481481482
0 0.09102764736567553 0.575462962962963 0.0505998956703182 0.040740740740740744
0 0.107981220657277 0.5 0.03129890453834116 0.06666666666666667
0 0.8841940532081377 0.4217592592592593 0.03495044340114763 0.05555555555555555
0 0.37689097548252476 0.46805555555555556 0.050078247261345854 0.046296296296296294
0 0.4188836724047992 0.40046296296296297 0.0495565988523735 0.044444444444444446
0 0.7334376630151278 0.48657407407407405 0.03025560772039645 0.05462962962962963
1 0.6791862284820032 0.5805555555555556 0.020865936358894107 0.053703703703703705
0 0.49113197704747 0.4949074074074074 0.029212310902451747 0.058333333333333334
0 0.7501304121022431 0.40370370370370373 0.05372978612415232 0.04259259259259259
1 0.34820031298904536 0.7129629629629629 0.019300991131977047 0.05277777777777778
1 0.4507042253521127 0.6412037037037037 0.0198226395409494 0.062037037037037036
0 0.0396452790818988 0.449537037037037 0.05372978612415232 0.044444444444444446
1 0.5062597809076682 0.7148148148148148 0.022430881585811163 0.06296296296296296
1 0.6703182055294732 0.7050925925925926 0.020865936358894107 0.062037037037037036
1 0.8179447052686489 0.31712962962962965 0.03495044340114763 0.058333333333333334
1 0.5357329160146062 0.6546296296296297 0.025039123630672927 0.06296296296296296
1 0.07772561293688054 0.33425925925925926 0.03599374021909233 0.05740740740740741
1 0.7143974960876369 0.9208333333333333 0.01617110067814293 0.06296296296296296
1 0.20005216484089725 0.24166666666666667 0.02608242044861763 0.05740740740740741
0 0.39619196661450184 0.5324074074074074 0.04747000521648409 0.049074074074074076
1 0.3148148148148148 0.1875 0.028690662493479395 0.05462962962962963
1 0.6210224308815858 0.7305555555555555 0.027125717266562335 0.06111111111111111
1 0.22561293688054251 0.6152777777777778 0.03025560772039645 0.07037037037037037
1 0.698226395409494 0.737037037037037 0.023995826812728223 0.05462962962962963
0 0.018518518518518517 0.5763888888888888 0.03547209181011998 0.04351851851851852
1 0.6703182055294732 0.1300925925925926 0.03495044340114763 0.05648148148148148
1 0.4204486176317162 0.7268518518518519 0.018257694314032343 0.06111111111111111
1 0.22743870631194574 0.31527777777777777 0.02608242044861763 0.05648148148148148
1 0.026604068857589983 0.7208333333333333 0.03547209181011998 0.05925925925925926
1 0.10850286906624934 0.0875 0.038601982263954095 0.07685185185185185
1 0.12910798122065728 0.687037037037037 0.03025560772039645 0.06481481481481481
1 0.6069379238393323 0.762962962962963 0.018257694314032343 0.06111111111111111
1 0.29107981220657275 0.7666666666666667 0.028690662493479395 0.058333333333333334
1 0.028690662493479395 0.675 0.03547209181011998 0.06759259259259259
1 0.9765258215962441 0.5615740740740741 0.02556077203964528 0.06018518518518518
1 0.843244653103808 0.712037037037037 0.03182055294731351 0.06388888888888888
1 0.5644235785080856 0.7782407407407408 0.022430881585811163 0.06851851851851852
1 0.4846113719353156 0.6662037037037037 0.023474178403755867 0.07407407407407407
1 0.9413145539906104 0.7731481481481481 0.024517475221700575 0.06111111111111111
0 0.6622326551904016 0.38055555555555554 0.04590505998956703 0.07685185185185185
1 0.23265519040166927 0.2777777777777778 0.03286384976525822 0.05462962962962963
1 0.09494001043296818 0.6652777777777777 0.029212310902451747 0.0712962962962963
1 0.2237871674491393 0.6986111111111111 0.028690662493479395 0.05185185185185185
1 0.15805946791862285 0.3699074074074074 0.029212310902451747 0.05462962962962963
1 0.3380281690140845 0.12777777777777777 0.025039123630672927 0.05277777777777778
0 0.7044861763171623 0.32592592592592595 0.05216484089723526 0.04259259259259259
1 0.25952008346374544 0.4356481481481482 0.027125717266562335 0.06481481481481481
1 0.1452790818988002 0.2050925925925926 0.026604068857589983 0.06111111111111111
1 0.10198226395409495 0.749537037037037 0.03286384976525822 0.06388888888888888
1 0.7417840375586855 0.7569444444444444 0.026604068857589983 0.058333333333333334
1 0.6460615545122588 0.7564814814814815 0.019300991131977047 0.05277777777777778
1 0.6327595200834637 0.23287037037037037 0.022952529994783515 0.05
1 0.5318205529473136 0.7875 0.022430881585811163 0.053703703703703705
1 0.702660406885759 0.19537037037037036 0.03025560772039645 0.04814814814814815
1 0.06911841418883673 0.6981481481481482 0.03182055294731351 0.05648148148148148
1 0.2237871674491393 0.6615740740740741 0.03129890453834116 0.06666666666666667
1 0.5644235785080856 0.2439814814814815 0.022952529994783515 0.062037037037037036
1 0.9447052686489307 0.8476851851851852 0.02608242044861763 0.06111111111111111
1 0.6411058946270214 0.7217592592592592 0.022952529994783515 0.06018518518518518
1 0.17162232655190401 0.39814814814814814 0.029212310902451747 0.06111111111111111
1 0.5845070422535211 0.586574074074074 0.019300991131977047 0.053703703703703705
1 0.5620761606677099 0.10648148148148148 0.016692749087115284 0.05092592592592592
1 0.32316118935837246 0.7768518518518519 0.017214397496087636 0.05277777777777778
1 0.3174230568596766 0.05787037037037037 0.030777256129368807 0.05462962962962963
1 0.14814814814814814 0.8009259259259259 0.022430881585811163 0.05277777777777778
1 0.8072509128847157 0.8861111111111111 0.023995826812728223 0.05925925925925926
1 0.6630151278038602 0.9328703703703703 0.019300991131977047 0.06759259259259259
1 0.2962962962962963 0.8134259259259259 0.023995826812728223 0.05555555555555555
0 0.5712050078247262 0.49074074074074076 0.04538341158059468 0.046296296296296294
1 0.8466353677621283 0.7717592592592593 0.0198226395409494 0.05555555555555555
1 0.01069379238393323 0.7944444444444444 0.02138758476786646 0.04722222222222222
1 0.21961398017736045 0.8171296296296297 0.02556077203964528 0.0712962962962963
1 0.695357329160146 0.6189814814814815 0.017214397496087636 0.05555555555555555
1 0.2741262389149713 0.7273148148148149 0.022952529994783515 0.06666666666666667
1 0.04121022430881586 0.7564814814814815 0.030777256129368807 0.053703703703703705
1 0.7816901408450704 0.8101851851851852 0.019300991131977047 0.05555555555555555
1 0.704225352112676 0.6652777777777777 0.01773604590505999 0.044444444444444446
0 0.23369848721961398 0.8217592592592593 0.03755868544600939 0.03796296296296296
1 0.1927490871152843 0.7578703703703704 0.018257694314032343 0.040740740740740744
1 0.8356807511737089 0.5606481481481481 0.03912363067292645 0.07314814814814814
1 0.6752738654147105 0.8722222222222222 0.022430881585811163 0.06944444444444445
0 0.985133020344288 0.375 0.0297339593114241 0.046296296296296294
1 0.5599895670318206 0.5625 0.022430881585811163 0.06851851851851852
1 0.6484089723526343 0.8435185185185186 0.02190923317683881 0.06851851851851852
1 0.9136671883150757 0.6518518518518519 0.02608242044861763 0.037037037037037035
1 0.5571205007824727 0.14953703703703702 0.03442879499217527 0.05277777777777778
1 0.748565466875326 0.8712962962962963 0.022952529994783515 0.05555555555555555
1 0.09467918622848201 0.7939814814814815 0.02034428794992175 0.03981481481481482
1 0.8482003129890454 0.8152777777777778 0.03182055294731351 0.040740740740740744
1 0.9791340636411059 0.03518518518518519 0.041731872717788214 0.06574074074074074
1 0.9731351069379238 0.9444444444444444 0.017214397496087636 0.06944444444444445
1 0.369848721961398 0.7856481481481481 0.014606155451225874 0.02962962962962963
1 0.99113197704747 0.6361111111111111 0.01617110067814293 0.05740740740740741
1 0.5745957224830465 0.6597222222222222 0.029212310902451747 0.044444444444444446
1 0.9071465832029212 0.6231481481481481 0.03234220135628586 0.06018518518518518
1 0.8526343244653104 0.6305555555555555 0.025039123630672927 0.0787037037037037