1 0.1556396484375 0.3243621826171875 0.0252227783203125 0.06451492309570313
0 0.1201171875 0.5044189453125 0.050506591796875 0.043687057495117185
1 0.72607421875 0.4801513671875 0.0271148681640625 0.06099395751953125
0 0.260986328125 0.465850830078125 0.0300445556640625 0.05926055908203125
1 0.7265625 0.407781982421875 0.0271759033203125 0.06343154907226563
0 0.70654296875 0.652191162109375 0.059661865234375 0.05476455688476563
1 0.2783203125 0.3553466796875 0.0240936279296875 0.055902099609375
1 0.71875 0.8684326171875 0.03662109375 0.058935546875
1 0.92822265625 0.40648193359375 0.030853271484375 0.061914825439453126
1 0.75 0.18904876708984375 0.0184326171875 0.05633544921875
0 0.724609375 0.599322509765625 0.052520751953125 0.04915809631347656
1 0.32763671875 0.28861083984375 0.0273284912109375 0.05666046142578125
1 0.4501953125 0.3377960205078125 0.0177764892578125 0.06538162231445313
1 0.7685546875 0.260443115234375 0.02886962890625 0.06321487426757813
1 0.5185546875 0.39434814453125 0.0233306884765625 0.06576080322265625
1 0.6767578125 0.89443359375 0.0247039794921875 0.05124359130859375
1 0.65576171875 0.3607635498046875 0.023193359375 0.061914825439453126
1 0.42529296875 0.30074462890625 0.021087646484375 0.06299819946289062
1 0.10821533203125 0.3087615966796875 0.0256195068359375 0.07020263671875
0 0.462890625 0.564654541015625 0.045684814453125 0.061102294921875
1 0.83056640625 0.13314666748046874 0.02191162109375 0.056768798828125
0 0.73486328125 0.726727294921875 0.05242919921875 0.046883010864257814
1 0.86083984375 0.15048065185546874 0.021331787109375 0.05839385986328125
1 0.04248046875 0.22880859375 0.0279083251953125 0.06814422607421874
1 0.07318115234375 0.2970611572265625 0.029083251953125 0.06418991088867188
1 0.84912109375 0.303778076171875 0.023956298828125 0.055062484741210935
1 0.79345703125 0.462384033203125 0.03436279296875 0.06516494750976562
1 0.71142578125 0.796929931640625 0.03173828125 0.062131500244140624
1 0.68408203125 0.3438629150390625 0.0257110595703125 0.06548995971679687
0 0.8701171875 0.737127685546875 0.05023193359375 0.041411972045898436
1 0.91552734375 0.30421142578125 0.0316162109375 0.06548995971679687
1 0.525390625 0.315911865234375 0.0274810791015625 0.06624832153320312
1 0.6064453125 0.859332275390625 0.0284881591796875 0.0569854736328125
1 0.1490478515625 0.237908935546875 0.0252227783203125 0.05796051025390625
0 0.5380859375 0.701593017578125 0.0482177734375 0.060398101806640625
1 0.6376953125 0.27127685546875 0.0235595703125 0.058935546875
1 0.599609375 0.3876312255859375 0.0215301513671875 0.05476455688476563
1 0.92041015625 0.4905517578125 0.027008056640625 0.05124359130859375
1 0.39990234375 0.347113037109375 0.0161590576171875 0.046341323852539064
1 0.202392578125 0.859765625 0.0343017578125 0.05202903747558594
1 0.274169921875 0.2132080078125 0.0229339599609375 0.0556854248046875
1 0.55322265625 0.3900146484375 0.02044677734375 0.0565521240234375
1 0.8125 0.19338226318359375 0.0226287841796875 0.06982345581054687
1 0.452880859375 0.263909912109375 0.0227203369140625 0.057635498046875
1 0.1910400390625 0.17019805908203126 0.0177154541015625 0.050674819946289064
1 0.8955078125 0.20724945068359374 0.02423095703125 0.05926055908203125
1 0.68896484375 0.223175048828125 0.0167236328125 0.06310653686523438
1 0.9609375 0.2610931396484375 0.03271484375 0.044255828857421874
1 0.9638671875 0.317645263671875 0.0221099853515625 0.062835693359375
1 0.5810546875 0.2652099609375 0.021942138671875 0.05806884765625
1 0.63330078125 0.97503662109375 0.0245208740234375 0.04704551696777344
1 0.2247314453125 0.2097412109375 0.03021240234375 0.047397613525390625
1 0.5771484375 0.2108245849609375 0.0150146484375 0.033747100830078126
1 0.7265625 0.2758270263671875 0.028106689453125 0.05384368896484375
1 0.7177734375 0.1991241455078125 0.0174407958984375 0.054439544677734375
1 0.990234375 0.14701385498046876 0.0192718505859375 0.06765670776367187
0 0.7272648235089549 0.5524691358024691 0.05303425491218922 0.05555555555555555