1 0.5983307250912885 0.6175925925925926 0.03338549817423057 0.05
1 0.44183620239958266 0.8962962962962963 0.03599374021909233 0.06111111111111111
0 0.43557642149191445 0.6083333333333333 0.054773082942097026 0.04537037037037037
1 0.6351069379238393 0.6208333333333333 0.023995826812728223 0.06111111111111111
1 0.6236306729264476 0.6777777777777778 0.03234220135628586 0.04537037037037037
0 0.9640062597809077 0.49166666666666664 0.0495565988523735 0.03981481481481482
1 0.07459572248304643 0.18888888888888888 0.030777256129368807 0.0712962962962963
0 0.01486697965571205 0.5453703703703704 0.0297339593114241 0.06296296296296296
0 0.8988002086593636 0.5277777777777778 0.051643192488262914 0.04351851851851852
1 0.7451747522170057 0.8324074074074074 0.03599374021909233 0.06296296296296296
1 0.10250391236306729 0.38564814814814813 0.03025560772039645 0.06111111111111111
1 0.19640062597809077 0.8791666666666667 0.030777256129368807 0.05555555555555555
1 0.6924882629107981 0.5671296296296297 0.018257694314032343 0.044444444444444446
1 0.5912884715701617 0.7458333333333333 0.023995826812728223 0.06666666666666667
0 0.4287949921752739 0.5453703703703704 0.05112154407929056 0.05
1 0.4076682316118936 0.41805555555555557 0.022952529994783515 0.06666666666666667
1 0.3427230046948357 0.5212962962962963 0.029212310902451747 0.06018518518518518
1 0.3359415753781951 0.8115740740740741 0.03442879499217527 0.05925925925925926
1 0.207094418362024 0.2912037037037037 0.03129890453834116 0.06666666666666667
1 0.08007303077725612 0.3351851851851852 0.023995826812728223 0.06296296296296296
0 0.6911841418883672 0.4912037037037037 0.03182055294731351 0.05277777777777778
1 0.7381324986958789 0.2875 0.02764736567553469 0.06481481481481481
1 0.6812728221178925 0.9041666666666667 0.03442879499217527 0.06018518518518518
0 0.24960876369327073 0.5523148148148148 0.044861763171622326 0.04814814814814815
1 0.03182055294731351 0.4013888888888889 0.03390714658320292 0.06296296296296296
1 0.7378716744913928 0.18101851851851852 0.018257694314032343 0.05740740740740741
1 0.8719353155972874 0.33564814814814814 0.03390714658320292 0.06851851851851852
1 0.8622848200312989 0.5810185185185185 0.02608242044861763 0.06111111111111111
0 0.729264475743349 0.45416666666666666 0.04434011476264997 0.03981481481481482
1 0.7900365153886281 0.24722222222222223 0.02556077203964528 0.06018518518518518
1 0.15388628064684404 0.2574074074074074 0.02034428794992175 0.06759259259259259
1 0.5581637976004173 0.7898148148148149 0.024517475221700575 0.08611111111111111
1 0.6218049034950444 0.23796296296296296 0.02034428794992175 0.05925925925925926
1 0.405320813771518 0.725462962962963 0.028169014084507043 0.06574074074074074
1 0.8821074595722483 0.27546296296296297 0.03025560772039645 0.05925925925925926
1 0.08346374543557643 0.4791666666666667 0.03495044340114763 0.06111111111111111
1 0.34089723526343246 0.48055555555555557 0.022952529994783515 0.05
1 0.041992696922274385 0.3337962962962963 0.028690662493479395 0.04814814814814815
1 0.22274387063119458 0.24305555555555555 0.029212310902451747 0.07037037037037037
1 0.5211267605633803 0.2949074074074074 0.02034428794992175 0.06111111111111111
0 0.018518518518518517 0.6125 0.03495044340114763 0.05185185185185185
1 0.35785080855503393 0.3402777777777778 0.0198226395409494 0.04259259259259259
1 0.3270735524256651 0.24027777777777778 0.02190923317683881 0.06111111111111111
1 0.17579551382368283 0.15925925925925927 0.0297339593114241 0.062037037037037036
1 0.9410537297861241 0.3300925925925926 0.0297339593114241 0.04722222222222222
1 0.6742305685967658 0.2518518518518518 0.02556077203964528 0.05648148148148148
1 0.4966092853416797 0.3578703703703704 0.02764736567553469 0.0712962962962963
1 0.3348982785602504 0.9324074074074075 0.027125717266562335 0.05277777777777778
1 0.17344809598330724 0.8027777777777778 0.030777256129368807 0.07777777777777778
1 0.696661450182577 0.9662037037037037 0.0297339593114241 0.05555555555555555
1 0.6416275430359938 0.31157407407407406 0.018779342723004695 0.06574074074074074
1 0.1664058424621805 0.3263888888888889 0.023995826812728223 0.06018518518518518
1 0.39932185706833595 0.2814814814814815 0.02190923317683881 0.07685185185185185
1 0.2368283776734481 0.6842592592592592 0.030777256129368807 0.07777777777777778
1 0.9744392279603548 0.20601851851851852 0.020865936358894107 0.058333333333333334
1 0.6875326030255607 0.6111111111111112 0.029212310902451747 0.05925925925925926
1 0.9107981220657277 0.21342592592592594 0.028169014084507043 0.06296296296296296
1 0.21439749608763695 0.17546296296296296 0.023474178403755867 0.0787037037037037
1 0.9533124673969744 0.2490740740740741 0.03025560772039645 0.06481481481481481
1 0.30333854981742303 0.09398148148148149 0.02556077203964528 0.07407407407407407
0 0.28169014084507044 0.5925925925925926 0.050078247261345854 0.04814814814814815
1 0.5910276473656755 0.29212962962962963 0.026604068857589983 0.07037037037037037
1 0.30907668231611896 0.9518518518518518 0.037037037037037035 0.06296296296296296
1 0.35002608242044864 0.21944444444444444 0.024517475221700575 0.062037037037037036
1 0.4194053208137715 0.22361111111111112 0.016692749087115284 0.05277777777777778
1 0.5633802816901409 0.33425925925925926 0.02034428794992175 0.05740740740740741
1 0.6632759520083463 0.2064814814814815 0.02034428794992175 0.05555555555555555
1 0.32133541992696923 0.3685185185185185 0.0297339593114241 0.04351851851851852
1 0.36619718309859156 0.13796296296296295 0.01773604590505999 0.06574074074074074
1 0.00782472613458529 0.3416666666666667 0.013562858633281168 0.05185185185185185
1 0.7775169535732916 0.20601851851851852 0.02138758476786646 0.05740740740740741
1 0.8461137193531559 0.21064814814814814 0.023474178403755867 0.05462962962962963
1 0.7003129890453834 0.3726851851851852 0.018779342723004695 0.05462962962962963
1 0.8808033385498174 0.1486111111111111 0.019300991131977047 0.06666666666666667
1 0.4715701617110068 0.6837962962962963 0.018779342723004695 0.05740740740740741
1 0.29107981220657275 0.3236111111111111 0.026604068857589983 0.06666666666666667
1 0.2652582159624413 0.36666666666666664 0.028690662493479395 0.07314814814814814
1 0.5615545122587376 0.8606481481481482 0.03182055294731351 0.062037037037037036
1 0.6147626499739176 0.35509259259259257 0.018779342723004695 0.049074074074074076
1 0.9728742827334377 0.1388888888888889 0.03129890453834116 0.06111111111111111
1 0.3651538862806468 0.25092592592592594 0.014606155451225874 0.05185185185185185
1 0.46739697443922795 0.20879629629629629 0.01773604590505999 0.05277777777777778
1 0.03625456442357851 0.2967592592592593 0.028169014084507043 0.040740740740740744
1 0.5516431924882629 0.3787037037037037 0.020865936358894107 0.05092592592592592
1 0.7120500782472613 0.3347222222222222 0.029212310902451747 0.040740740740740744
0 0.8620239958268128 0.2564814814814815 0.037037037037037035 0.037037037037037035
1 0.7730829420970265 0.15416666666666667 0.02190923317683881 0.05277777777777778
1 0.3599374021909233 0.2962962962962963 0.03025560772039645 0.046296296296296294
1 0.3202921231090245 0.3277777777777778 0.03286384976525822 0.04814814814814815
1 0.015127803860198226 0.07314814814814814 0.01773604590505999 0.07037037037037037
1 0.6231090245174752 0.31851851851851853 0.029212310902451747 0.03333333333333333
0 0.8677621283255086 0.4212962962962963 0.053208137715179966 0.06759259259259259