0 0.7822117892540428 0.46805555555555556 0.056338028169014086 0.05092592592592592
1 0.841679707876891 0.6805555555555556 0.022952529994783515 0.07407407407407407
1 0.40219092331768386 0.6398148148148148 0.02608242044861763 0.06388888888888888
1 0.5362545644235786 0.7263888888888889 0.02764736567553469 0.06574074074074074
1 0.6528429838288993 0.6856481481481481 0.027125717266562335 0.06296296296296296
0 0.2858633281168492 0.4759259259259259 0.04903495044340115 0.05185185185185185
0 0.8813249869587898 0.4212962962962963 0.056338028169014086 0.044444444444444446
0 0.9212310902451748 0.49675925925925923 0.044861763171622326 0.05185185185185185
1 0.940792905581638 0.8027777777777778 0.023995826812728223 0.06574074074074074
1 0.7196139801773604 0.23703703703703705 0.025039123630672927 0.062037037037037036
0 0.37245696400625977 0.45694444444444443 0.044861763171622326 0.06481481481481481
1 0.7339593114241002 0.5587962962962963 0.028690662493479395 0.06851851851851852
1 0.693792383933229 0.5879629629629629 0.027125717266562335 0.058333333333333334
1 0.7754303599374022 0.6916666666666667 0.03025560772039645 0.06666666666666667
1 0.6562336984872196 0.7967592592592593 0.01773604590505999 0.06666666666666667
1 0.1596244131455399 0.6564814814814814 0.022430881585811163 0.06574074074074074
0 0.9376630151278038 0.3111111111111111 0.05425143453312467 0.058333333333333334
1 0.5785080855503391 0.1037037037037037 0.03129890453834116 0.05277777777777778
1 0.797339593114241 0.7925925925925926 0.02608242044861763 0.062037037037037036
1 0.42357850808555036 0.5662037037037037 0.022430881585811163 0.08425925925925926
1 0.11476264997391758 0.7291666666666666 0.03338549817423057 0.06481481481481481
1 0.704225352112676 0.7087962962962963 0.024517475221700575 0.06944444444444445
1 0.34402712571726657 0.7236111111111111 0.023995826812728223 0.06851851851851852
1 0.10745957224830464 0.6305555555555555 0.03599374021909233 0.06296296296296296
1 0.4207094418362024 0.5921296296296297 0.013041210224308816 0.03425925925925926
1 0.3161189358372457 0.7560185185185185 0.0297339593114241 0.05555555555555555
1 0.13928012519561817 0.36157407407407405 0.027125717266562335 0.05648148148148148
1 0.20657276995305165 0.7092592592592593 0.026604068857589983 0.062037037037037036
1 0.9809598330725091 0.8277777777777777 0.0297339593114241 0.08518518518518518
1 0.14188836724047993 0.7032407407407407 0.029212310902451747 0.05925925925925926
1 0.24882629107981222 0.6263888888888889 0.026604068857589983 0.06481481481481481
1 0.5477308294209703 0.6212962962962963 0.028169014084507043 0.05740740740740741
1 0.47861241523213355 0.7314814814814815 0.038601982263954095 0.08611111111111111
1 0.7284820031298904 0.7657407407407407 0.03025560772039645 0.06944444444444445
1 0.9136671883150757 0.6731481481481482 0.025039123630672927 0.09074074074074075
1 0.32420448617631714 0.07453703703703704 0.037037037037037035 0.05925925925925926
1 0.24934793948878456 0.6833333333333333 0.028690662493479395 0.06388888888888888
1 0.903755868544601 0.9217592592592593 0.017214397496087636 0.06944444444444445
1 0.04720918101199791 0.12962962962962962 0.041731872717788214 0.05277777777777778
1 0.2696922274387063 0.7393518518518518 0.02608242044861763 0.06481481481481481
1 0.022952529994783515 0.7865740740740741 0.03547209181011998 0.06296296296296296
1 0.702660406885759 0.7967592592592593 0.018257694314032343 0.05462962962962963
1 0.06025039123630673 0.7018518518518518 0.03025560772039645 0.06574074074074074
1 0.798904538341158 0.8416666666666667 0.020865936358894107 0.06574074074074074
1 0.3468961919666145 0.16898148148148148 0.0297339593114241 0.05555555555555555
0 0.9204486176317163 0.8902777777777777 0.03182055294731351 0.06666666666666667
1 0.3124673969744392 0.1537037037037037 0.03025560772039645 0.05648148148148148
1 0.4788732394366197 0.7962962962962963 0.024517475221700575 0.05740740740740741
1 0.7373500260824204 0.7078703703703704 0.024517475221700575 0.06574074074074074
0 0.31220657276995306 0.5430555555555555 0.041731872717788214 0.05555555555555555