0 0.297119140625 0.4351128472222222 0.04931640625 0.04519314236111111
0 0.458251953125 0.6002604166666666 0.049774169921875 0.03993055555555555
0 0.7158203125 0.3415798611111111 0.043365478515625 0.044921875
0 0.611328125 0.4926215277777778 0.049224853515625 0.044840494791666664
0 0.82763671875 0.3396267361111111 0.046722412109375 0.042670355902777776
0 0.728515625 0.3947482638888889 0.0469970703125 0.049235026041666664
0 0.469482421875 0.5086805555555556 0.05023193359375 0.04383680555555555
0 0.5126953125 0.4398871527777778 0.043609619140625 0.04391818576388889
0 0.28125 0.6258680555555556 0.02630615234375 0.05211046006944445
0 0.55517578125 0.3684895833333333 0.04248046875 0.0478515625
0 0.92724609375 0.52734375 0.046539306640625 0.05392795138888889
0 0.5537109375 0.15733506944444445 0.017913818359375 0.047200520833333336
0 0.396240234375 0.8958333333333334 0.0293121337890625 0.05259874131944445