0 0.15571205007824726 0.487962962962963 0.0406885758998435 0.05462962962962963
0 0.2895148669796557 0.4708333333333333 0.056338028169014086 0.05
1 0.18466353677621283 0.6800925925925926 0.027125717266562335 0.06759259259259259
0 0.12936880542514345 0.31157407407407406 0.058424621804903494 0.04722222222222222
0 0.7756911841418883 0.4708333333333333 0.0505998956703182 0.058333333333333334
0 0.20213875847678664 0.41712962962962963 0.05581637976004173 0.049074074074074076
1 0.2934272300469484 0.5509259259259259 0.03234220135628586 0.06574074074074074
1 0.6197183098591549 0.6425925925925926 0.02190923317683881 0.06759259259259259
0 0.6812728221178925 0.4671296296296296 0.050078247261345854 0.049074074074074076
1 0.9775691184141888 0.12916666666666668 0.04277516953573292 0.05462962962962963
1 0.7050078247261345 0.06388888888888888 0.03286384976525822 0.05555555555555555
0 0.7702138758476786 0.538425925925926 0.05216484089723526 0.03796296296296296
1 0.24752217005738134 0.6884259259259259 0.030777256129368807 0.06481481481481481
1 0.32420448617631714 0.5851851851851851 0.02764736567553469 0.05648148148148148
1 0.3111632759520083 0.24074074074074073 0.02138758476786646 0.05925925925925926
1 0.48487219613980176 0.7384259259259259 0.02190923317683881 0.06944444444444445
1 0.7756911841418883 0.625 0.03442879499217527 0.06481481481481481
1 0.8625456442357851 0.6546296296296297 0.0297339593114241 0.06851851851851852
1 0.3656755346896192 0.7962962962962963 0.022430881585811163 0.06574074074074074
1 0.8821074595722483 0.3592592592592593 0.03495044340114763 0.05092592592592592
1 0.3236828377673448 0.6851851851851852 0.02608242044861763 0.06481481481481481
1 0.9058424621804904 0.7282407407407407 0.028169014084507043 0.06296296296296296
1 0.3755868544600939 0.7087962962962963 0.028690662493479395 0.06296296296296296
1 0.8163797600417319 0.712037037037037 0.02608242044861763 0.06666666666666667
1 0.6004173187271779 0.5560185185185185 0.019300991131977047 0.06481481481481481
1 0.9243609806990088 0.6324074074074074 0.02764736567553469 0.05925925925925926
1 0.2861241523213354 0.7078703703703704 0.028690662493479395 0.06388888888888888
1 0.2889932185706834 0.7625 0.029212310902451747 0.07222222222222222
1 0.46739697443922795 0.6152777777777778 0.02556077203964528 0.037037037037037035
1 0.22065727699530516 0.7925925925925926 0.02556077203964528 0.062037037037037036
1 0.038601982263954095 0.8180555555555555 0.030777256129368807 0.06666666666666667
1 0.22170057381324987 0.8421296296296297 0.018257694314032343 0.06851851851851852
1 0.6958789775691184 0.1912037037037037 0.022430881585811163 0.05462962962962963
1 0.6744913928012519 0.16666666666666666 0.03025560772039645 0.05648148148148148
1 0.6784037558685446 0.7185185185185186 0.0297339593114241 0.06574074074074074
1 0.7738654147104851 0.6847222222222222 0.019300991131977047 0.06296296296296296
1 0.7503912363067292 0.7305555555555555 0.022430881585811163 0.08055555555555556
1 0.4507042253521127 0.10972222222222222 0.023995826812728223 0.05092592592592592
1 0.31690140845070425 0.7976851851851852 0.017214397496087636 0.06111111111111111
1 0.5289514866979655 0.7074074074074074 0.018257694314032343 0.05092592592592592
1 0.059989567031820554 0.7175925925925926 0.022430881585811163 0.03518518518518519
1 0.6030255607720396 0.5907407407407408 0.014606155451225874 0.04537037037037037
1 0.9603547209181011 0.7 0.03547209181011998 0.06296296296296296
1 0.7081377151799687 0.15185185185185185 0.027125717266562335 0.05740740740740741
1 0.8823682837767345 0.7055555555555556 0.020865936358894107 0.05648148148148148
1 0.023474178403755867 0.056018518518518516 0.03390714658320292 0.05925925925925926
1 0.07459572248304643 0.7870370370370371 0.02608242044861763 0.0712962962962963
1 0.0936358894105373 0.9199074074074074 0.01617110067814293 0.0712962962962963
1 0.7694314032342201 0.7490740740740741 0.022430881585811163 0.06851851851851852
1 0.9893062076160668 0.7694444444444445 0.02138758476786646 0.058333333333333334
1 0.11241523213354199 0.6967592592592593 0.01564945226917058 0.05740740740740741
1 0.07563901930099114 0.8101851851851852 0.0198226395409494 0.05462962962962963
1 0.12232655190401669 0.6319444444444444 0.02190923317683881 0.05092592592592592