0 0.6142410015649452 0.4912037037037037 0.037037037037037035 0.05925925925925926
0 0.8184663536776213 0.6986111111111111 0.04277516953573292 0.053703703703703705
1 0.7407407407407407 0.6481481481481481 0.03182055294731351 0.06666666666666667
1 0.5722483046426708 0.32037037037037036 0.023995826812728223 0.05555555555555555
1 0.6747522170057382 0.4736111111111111 0.023474178403755867 0.05555555555555555
1 0.4650495565988524 0.6787037037037037 0.03025560772039645 0.09722222222222222
1 0.5722483046426708 0.2037037037037037 0.018257694314032343 0.05462962962962963
1 0.6507563901930099 0.12962962962962962 0.01564945226917058 0.062037037037037036
0 0.9199269692227439 0.5708333333333333 0.03234220135628586 0.05555555555555555
1 0.49400104329681793 0.3699074074074074 0.03129890453834116 0.05925925925925926
0 0.7576943140323422 0.5958333333333333 0.05738132498695879 0.04814814814814815
0 0.7222222222222222 0.5337962962962963 0.028169014084507043 0.046296296296296294
0 0.7749087115284299 0.5212962962962963 0.03338549817423057 0.05648148148148148
0 0.5996348461137193 0.5305555555555556 0.04903495044340115 0.04537037037037037
1 0.631716223265519 0.8013888888888889 0.02034428794992175 0.06851851851851852
1 0.7373500260824204 0.29814814814814816 0.023995826812728223 0.05555555555555555
0 0.8862806468440271 0.6486111111111111 0.04277516953573292 0.053703703703703705
1 0.3821074595722483 0.2800925925925926 0.026604068857589983 0.06944444444444445
1 0.7222222222222222 0.4439814814814815 0.028690662493479395 0.05648148148148148
1 0.54434011476265 0.39861111111111114 0.018779342723004695 0.06018518518518518
1 0.652321335419927 0.2638888888888889 0.0198226395409494 0.06018518518518518
0 0.33724569640062596 0.45787037037037037 0.051643192488262914 0.03888888888888889
1 0.9066249347939489 0.3074074074074074 0.03182055294731351 0.06759259259259259
1 0.5386019822639541 0.27361111111111114 0.017214397496087636 0.05277777777777778
1 0.9595722483046427 0.1685185185185185 0.022430881585811163 0.06944444444444445
1 0.48643714136671884 0.3300925925925926 0.020865936358894107 0.06388888888888888
1 0.6752738654147105 0.387037037037037 0.02034428794992175 0.05
1 0.7055294731351069 0.1361111111111111 0.02138758476786646 0.07407407407407407
1 0.596244131455399 0.0912037037037037 0.016692749087115284 0.06759259259259259
1 0.7451747522170057 0.21805555555555556 0.02034428794992175 0.06666666666666667
1 0.6703182055294732 0.6462962962962963 0.025039123630672927 0.05648148148148148
1 0.7290036515388628 0.41064814814814815 0.026604068857589983 0.05092592592592592
0 0.45435576421491913 0.5824074074074074 0.04277516953573292 0.049074074074074076
1 0.7613458528951487 0.44166666666666665 0.020865936358894107 0.06574074074074074
1 0.6001564945226917 0.25601851851851853 0.023995826812728223 0.05648148148148148
1 0.9833072509128847 0.24351851851851852 0.027125717266562335 0.07777777777777778
1 0.14345331246739698 0.8027777777777778 0.037037037037037035 0.05740740740740741
1 0.7509128847157016 0.3287037037037037 0.028690662493479395 0.062037037037037036
1 0.28455920709441834 0.3902777777777778 0.023474178403755867 0.05925925925925926
1 0.9300991131977048 0.14629629629629629 0.03442879499217527 0.06851851851851852
0 0.7235263432446531 0.7347222222222223 0.056338028169014086 0.049074074074074076
1 0.15936358894105374 0.6541666666666667 0.03442879499217527 0.1
1 0.4658320292123109 0.2013888888888889 0.02138758476786646 0.062037037037037036
1 0.8354199269692227 0.15833333333333333 0.02764736567553469 0.07037037037037037
1 0.9332290036515388 0.21666666666666667 0.03129890453834116 0.06759259259259259
1 0.25586854460093894 0.20416666666666666 0.020865936358894107 0.0712962962962963
1 0.32472613458528954 0.33425925925925926 0.02556077203964528 0.05555555555555555
1 0.6971830985915493 0.21851851851851853 0.018779342723004695 0.046296296296296294
1 0.8364632237871674 0.40925925925925927 0.020865936358894107 0.06296296296296296
1 0.9522691705790297 0.06157407407407407 0.01617110067814293 0.06851851851851852
1 0.5639019300991132 0.4287037037037037 0.018257694314032343 0.06944444444444445
1 0.8740219092331768 0.20555555555555555 0.024517475221700575 0.06759259259259259
1 0.7138758476786646 0.3800925925925926 0.023474178403755867 0.06481481481481481
1 0.8583724569640062 0.287962962962963 0.027125717266562335 0.06944444444444445
1 0.31194574856546686 0.8597222222222223 0.027125717266562335 0.05648148148148148
1 0.6484089723526343 0.32546296296296295 0.018779342723004695 0.06944444444444445
1 0.8408972352634324 0.21666666666666667 0.02190923317683881 0.06759259259259259
1 0.4650495565988524 0.9699074074074074 0.03286384976525822 0.05
1 0.7842983828899321 0.31342592592592594 0.027125717266562335 0.06759259259259259
1 0.806207616066771 0.3388888888888889 0.028169014084507043 0.06666666666666667
1 0.16953573291601462 0.25601851851851853 0.02556077203964528 0.0712962962962963
1 0.8335941575378195 0.30694444444444446 0.02138758476786646 0.07407407407407407
1 0.09102764736567553 0.1574074074074074 0.02034428794992175 0.08425925925925926
1 0.20839853938445488 0.26944444444444443 0.027125717266562335 0.06296296296296296
1 0.16770996348461137 0.3111111111111111 0.018779342723004695 0.053703703703703705
1 0.7104851330203443 0.25046296296296294 0.02764736567553469 0.05925925925925926
1 0.7128325508607198 0.32407407407407407 0.025039123630672927 0.058333333333333334
1 0.8187271778821075 0.2518518518518518 0.02764736567553469 0.075
1 0.13928012519561817 0.21574074074074073 0.028690662493479395 0.07037037037037037
1 0.7793427230046949 0.1865740740740741 0.022952529994783515 0.06666666666666667
1 0.7968179447052687 0.42083333333333334 0.028169014084507043 0.07685185185185185
1 0.010432968179447054 0.18101851851851852 0.020865936358894107 0.06388888888888888
1 0.7709963484611372 0.3699074074074074 0.02138758476786646 0.06574074074074074
1 0.28169014084507044 0.25833333333333336 0.028169014084507043 0.053703703703703705
1 0.052947313510693796 0.7685185185185185 0.038601982263954095 0.062037037037037036
1 0.33724569640062596 0.924074074074074 0.023474178403755867 0.05185185185185185
1 0.05451225873761085 0.29814814814814816 0.03286384976525822 0.06111111111111111
1 0.05581637976004173 0.1837962962962963 0.024517475221700575 0.03888888888888889
1 0.5464267083985394 0.3648148148148148 0.01773604590505999 0.049074074074074076
1 0.18362023995826812 0.35833333333333334 0.03547209181011998 0.06481481481481481
1 0.5067814293166406 0.28379629629629627 0.017214397496087636 0.03518518518518519
1 0.3281168492436098 0.4152777777777778 0.02138758476786646 0.046296296296296294
1 0.2167449139280125 0.1935185185185185 0.02764736567553469 0.07314814814814814
1 0.9681794470526864 0.48518518518518516 0.03025560772039645 0.037037037037037035
1 0.34533124673969745 0.25092592592592594 0.028169014084507043 0.058333333333333334
1 0.6283255086071987 0.12037037037037036 0.02034428794992175 0.05925925925925926