0 0.7335833333333334 0.471787037037037 0.045385416666666664 0.06559259259259259
0 0.3325208333333334 0.7447962962962963 0.054109375 0.05462962962962963
0 0.11796875 0.4822037037037037 0.05314583333333334 0.07181481481481482
0 0.21166666666666664 0.43766666666666665 0.04463020833333333 0.06807407407407406
0 0.063234375 0.605037037037037 0.058562499999999997 0.043916666666666666
0 0.6255364583333333 0.5717407407407408 0.05304166666666667 0.04911111111111111
0 0.7807604166666666 0.5594629629629629 0.05117708333333334 0.04571296296296296
0 0.24340625 0.411462962962963 0.047421874999999995 0.04443518518518519
1 0.935546875 0.3454907407407407 0.029203125 0.060870370370370366
1 0.6713854166666666 0.2753888888888889 0.021744791666666666 0.06200925925925926
0 0.4704583333333333 0.8224814814814815 0.05194270833333334 0.05547222222222222
0 0.3740572916666667 0.41824074074074075 0.04232291666666667 0.050555555555555555
1 0.17346354166666667 0.27213888888888893 0.024932291666666665 0.04641666666666667
0 0.09155208333333334 0.31337037037037035 0.049776041666666666 0.04218518518518519
1 0.5654322916666668 0.24912962962962965 0.026505208333333332 0.0639074074074074
1 0.24991666666666665 0.29459259259259263 0.038052083333333334 0.08047222222222222
0 0.8911145833333334 0.6875 0.05834895833333333 0.06282407407407407
1 0.900390625 0.30247222222222225 0.030729166666666665 0.0792962962962963
0 0.018083333333333333 0.4843796296296296 0.036161458333333334 0.05330555555555556
0 0.9863125 0.5117222222222222 0.027375 0.05064814814814815
1 0.9438229166666667 0.390212962962963 0.024552083333333332 0.07672222222222222