0 0.6283854166666667 0.6768518518518518 0.041666666666666664 0.04259259259259259
0 0.17369791666666667 0.6541666666666667 0.046875 0.041666666666666664
0 0.22942708333333334 0.5518518518518518 0.022916666666666665 0.05740740740740741
0 0.678125 0.5328703703703703 0.04739583333333333 0.040740740740740744
0 0.3546875 0.4722222222222222 0.029166666666666667 0.06388888888888888
0 0.9018229166666667 0.5601851851851852 0.04895833333333333 0.04259259259259259
0 0.94375 0.6351851851851852 0.04635416666666667 0.041666666666666664
0 0.5557291666666667 0.07314814814814814 0.0546875 0.06388888888888888
0 0.9028645833333333 0.25462962962962965 0.04635416666666667 0.06296296296296296
0 0.73984375 0.6097222222222223 0.04635416666666667 0.04351851851851852
0 0.6791666666666667 0.41203703703703703 0.04479166666666667 0.05462962962962963
0 0.321875 0.7018518518518518 0.04583333333333333 0.053703703703703705