0 0.7685546875 0.523486328125 0.05633544921875 0.048968505859375
0 0.1558837890625 0.51048583984375 0.0517578125 0.044174575805664064
1 0.09808349609375 0.870599365234375 0.0323486328125 0.05882720947265625
0 0.087890625 0.43768310546875 0.05126953125 0.04070777893066406
0 0.2354736328125 0.59368896484375 0.05194091796875 0.0448516845703125
1 0.1236572265625 0.3815643310546875 0.0271759033203125 0.06142730712890625
0 0.8583984375 0.478851318359375 0.054412841796875 0.046341323852539064
1 0.64794921875 0.394781494140625 0.03131103515625 0.06516494750976562
1 0.134033203125 0.248309326171875 0.023773193359375 0.0682525634765625
0 0.8994140625 0.64482421875 0.060516357421875 0.047858047485351565
1 0.98583984375 0.2641265869140625 0.023956298828125 0.060506439208984374
1 0.65771484375 0.904833984375 0.03179931640625 0.07469863891601562
1 0.69580078125 0.3746307373046875 0.0296478271484375 0.0572021484375
1 0.8330078125 0.224908447265625 0.0216217041015625 0.05953140258789062
1 0.06964111328125 0.269110107421875 0.030853271484375 0.0673858642578125
0 0.07342529296875 0.7089599609375 0.05224609375 0.05037689208984375
1 0.97021484375 0.3312957763671875 0.036712646484375 0.06240234375
1 0.92236328125 0.230975341796875 0.0290374755859375 0.06711502075195312
1 0.2130126953125 0.20551605224609376 0.0231475830078125 0.05546875
0 0.2459716796875 0.655224609375 0.030914306640625 0.06613998413085938
1 0.264892578125 0.283843994140625 0.0253753662109375 0.059423065185546874
0 0.325439453125 0.468017578125 0.0241851806640625 0.05094566345214844
1 0.85546875 0.137371826171875 0.0237274169921875 0.06971511840820313
0 0.110107421875 0.59542236328125 0.0300445556640625 0.06343154907226563
1 0.4072265625 0.806463623046875 0.041229248046875 0.07399444580078125
1 0.1622314453125 0.291644287109375 0.030792236328125 0.06538162231445313
1 0.2139892578125 0.3172119140625 0.020721435546875 0.06467742919921875
1 0.599609375 0.3425628662109375 0.018829345703125 0.062835693359375
1 0.9501953125 0.9273681640625 0.033721923828125 0.06121063232421875
1 0.03033447265625 0.342779541015625 0.0279541015625 0.051839447021484374
1 0.8505859375 0.304644775390625 0.0197601318359375 0.0565521240234375
0 0.6201171875 0.621856689453125 0.04595947265625 0.06321487426757813
1 0.033966064453125 0.2480926513671875 0.034881591796875 0.06527328491210938
1 0.46484375 0.360980224609375 0.015899658203125 0.04292869567871094
1 0.36181640625 0.34234619140625 0.0301513671875 0.07713623046875
1 0.83154296875 0.904833984375 0.03338623046875 0.06121063232421875
1 0.68408203125 0.280810546875 0.0258636474609375 0.06321487426757813
1 0.68505859375 0.43594970703125 0.030670166015625 0.062023162841796875
1 0.7109375 0.22100830078125 0.019378662109375 0.06635665893554688
0 0.0200958251953125 0.469317626953125 0.038970947265625 0.0569854736328125
1 0.74853515625 0.2771270751953125 0.01763916015625 0.0569854736328125
1 0.63916015625 0.281243896484375 0.027435302734375 0.06359405517578125
1 0.76025390625 0.17258148193359374 0.0261077880859375 0.07318191528320313
1 0.5458984375 0.32847900390625 0.01490020751953125 0.037213897705078124
1 0.78564453125 0.29727783203125 0.0228424072265625 0.06635665893554688
1 0.5791015625 0.2402923583984375 0.0202484130859375 0.06310653686523438
1 0.63134765625 0.10801239013671875 0.0189056396484375 0.06917343139648438
1 0.80859375 0.4188323974609375 0.0299224853515625 0.0426849365234375
1 0.484619140625 0.29207763671875 0.0191650390625 0.059964752197265624
1 0.6669921875 0.113104248046875 0.0285491943359375 0.07209854125976563