0 0.349365234375 0.4752604166666667 0.047332763671875 0.04503038194444445
0 0.66357421875 0.4448784722222222 0.04779052734375 0.04554578993055555
0 0.7958984375 0.4956597222222222 0.048675537109375 0.04212782118055555
0 0.6640625 0.3485243055555556 0.046539306640625 0.042046440972222224
0 0.73828125 0.6401909722222222 0.049591064453125 0.047200520833333336
0 0.50927734375 0.3578559027777778 0.045684814453125 0.040852864583333336
0 0.236572265625 0.3196614583333333 0.045013427734375 0.040608723958333336
0 0.66162109375 0.5473090277777778 0.04779052734375 0.04885525173611111
0 0.197021484375 0.3617621527777778 0.04840087890625 0.04587131076388889
0 0.501953125 0.6870659722222222 0.058013916015625 0.049506293402777776
0 0.49853515625 0.4592013888888889 0.04840087890625 0.04172092013888889
0 0.82421875 0.4064670138888889 0.0261077880859375 0.05211046006944445
0 0.56787109375 0.4173177083333333 0.04217529296875 0.043267144097222224
0 0.97216796875 0.6028645833333334 0.040313720703125 0.049967447916666664
0 0.47509765625 0.9505208333333334 0.053985595703125 0.07454427083333333
0 0.3310546875 0.3046875 0.03607177734375 0.05422634548611111