1 0.012258737610850287 0.23287037037037037 0.023474178403755867 0.062037037037037036
0 0.24256651017214398 0.4638888888888889 0.029212310902451747 0.05740740740740741
0 0.14553990610328638 0.4740740740740741 0.05425143453312467 0.049074074074074076
1 0.18753260302556077 0.36203703703703705 0.028169014084507043 0.06759259259259259
0 0.7310902451747522 0.4513888888888889 0.027125717266562335 0.06851851851851852
1 0.23135106937923838 0.3087962962962963 0.03025560772039645 0.06481481481481481
1 0.7180490349504434 0.20601851851851852 0.019300991131977047 0.05740740740740741
1 0.8711528429838289 0.3282407407407407 0.026604068857589983 0.062037037037037036
1 0.3051643192488263 0.1675925925925926 0.024517475221700575 0.06481481481481481
1 0.3701095461658842 0.3037037037037037 0.020865936358894107 0.05925925925925926
0 0.9710485133020345 0.45092592592592595 0.053208137715179966 0.041666666666666664
1 0.27256129368805426 0.3143518518518518 0.02138758476786646 0.06666666666666667
0 0.912623891497131 0.5333333333333333 0.03547209181011998 0.0712962962962963
1 0.9580073030777256 0.29259259259259257 0.03025560772039645 0.06388888888888888
1 0.3651538862806468 0.22546296296296298 0.017214397496087636 0.06296296296296296
1 0.15388628064684404 0.22916666666666666 0.028169014084507043 0.06759259259259259
1 0.05216484089723526 0.1712962962962963 0.024517475221700575 0.06481481481481481
1 0.1927490871152843 0.21898148148148147 0.02764736567553469 0.0712962962962963
0 0.4702660406885759 0.49675925925925923 0.03025560772039645 0.06018518518518518
1 0.3051643192488263 0.08564814814814815 0.02190923317683881 0.06574074074074074
0 0.25482524778299426 0.6685185185185185 0.03182055294731351 0.05555555555555555
1 0.48200312989045385 0.32083333333333336 0.020865936358894107 0.05925925925925926
1 0.7986437141366719 0.21342592592592594 0.030777256129368807 0.04722222222222222
1 0.10067814293166406 0.22592592592592592 0.02138758476786646 0.06759259259259259
1 0.618414188836724 0.4162037037037037 0.018257694314032343 0.06481481481481481
1 0.6773604590505999 0.25277777777777777 0.025039123630672927 0.05092592592592592
1 0.7952529994783516 0.3421296296296296 0.022430881585811163 0.05277777777777778
1 0.5302556077203965 0.3625 0.023995826812728223 0.06481481481481481
1 0.952529994783516 0.2263888888888889 0.023995826812728223 0.06851851851851852
1 0.6789254042775169 0.37962962962962965 0.022430881585811163 0.05
0 0.06259780907668232 0.6731481481481482 0.03390714658320292 0.06481481481481481
1 0.4254042775169536 0.34629629629629627 0.020865936358894107 0.05185185185185185
1 0.2827334376630151 0.21435185185185185 0.02138758476786646 0.06851851851851852
1 0.7287428273343767 0.3384259259259259 0.026604068857589983 0.06574074074074074
1 0.46296296296296297 0.38333333333333336 0.01617110067814293 0.04722222222222222
1 0.3646322378716745 0.9263888888888889 0.025039123630672927 0.06388888888888888
1 0.4295774647887324 0.27037037037037037 0.015127803860198226 0.04537037037037037
1 0.40871152842983827 0.2222222222222222 0.02764736567553469 0.07777777777777778
1 0.8466353677621283 0.8231481481481482 0.0495565988523735 0.07407407407407407
1 0.6251956181533647 0.24722222222222223 0.018779342723004695 0.05092592592592592
1 0.44835680751173707 0.8861111111111111 0.03390714658320292 0.06481481481481481
0 0.04929577464788732 0.09074074074074075 0.03025560772039645 0.06851851851851852
1 0.7436098069900887 0.25462962962962965 0.023995826812728223 0.06296296296296296
1 0.5498174230568597 0.26435185185185184 0.01564945226917058 0.06018518518518518
1 0.20318205529473135 0.9152777777777777 0.03286384976525822 0.05740740740740741
1 0.6971830985915493 0.27870370370370373 0.0198226395409494 0.05555555555555555
1 0.6129368805425144 0.3638888888888889 0.018257694314032343 0.04722222222222222
1 0.5002608242044861 0.22083333333333333 0.013562858633281168 0.06388888888888888
1 0.5078247261345853 0.06527777777777778 0.016692749087115284 0.05925925925925926
1 0.5135628586332812 0.30277777777777776 0.017214397496087636 0.04722222222222222
1 0.06442357850808555 0.3449074074074074 0.0198226395409494 0.03888888888888889
1 0.23526343244653103 0.21435185185185185 0.03286384976525822 0.040740740740740744
1 0.10850286906624934 0.17453703703703705 0.011476264997391758 0.022222222222222223
1 0.807772561293688 0.17453703703703705 0.01617110067814293 0.03796296296296296
1 0.6098069900886802 0.8796296296296297 0.03390714658320292 0.08055555555555556
1 0.06546687532603025 0.0587962962962963 0.01564945226917058 0.07037037037037037
0 0.5492957746478874 0.625 0.05894627021387585 0.075
1 0.5289514866979655 0.06620370370370371 0.01564945226917058 0.05648148148148148
0 0.9890453834115805 0.5527777777777778 0.02190923317683881 0.040740740740740744
1 0.03312467396974439 0.24259259259259258 0.01564945226917058 0.026851851851851852