0 0.7177882107459572 0.5027777777777778 0.05268648930620762 0.04351851851851852
1 0.2535211267605634 0.23564814814814813 0.028169014084507043 0.05277777777777778
0 0.5101721439749609 0.4875 0.027125717266562335 0.06666666666666667
0 0.2368283776734481 0.5791666666666667 0.05216484089723526 0.04537037037037037
1 0.46426708398539385 0.37546296296296294 0.0297339593114241 0.07962962962962963
1 0.6319770474700053 0.7106481481481481 0.02138758476786646 0.06481481481481481
1 0.8320292123109024 0.41898148148148145 0.026604068857589983 0.06018518518518518
1 0.8322900365153886 0.3162037037037037 0.036515388628064686 0.06574074074074074
0 0.9551382368283776 0.44675925925925924 0.03025560772039645 0.05925925925925926
0 0.17736045905059988 0.5370370370370371 0.050078247261345854 0.06111111111111111
0 0.1444966092853417 0.3597222222222222 0.05268648930620762 0.046296296296296294
0 0.735263432446531 0.6027777777777777 0.03286384976525822 0.05925925925925926
0 0.041992696922274385 0.48842592592592593 0.056338028169014086 0.04537037037037037
1 0.051382368283776736 0.35694444444444445 0.028169014084507043 0.06574074074074074
1 0.193792383933229 0.39351851851851855 0.023474178403755867 0.075
1 0.5586854460093896 0.3972222222222222 0.01773604590505999 0.0712962962962963
0 0.15832029212310902 0.6291666666666667 0.059989567031820554 0.049074074074074076
0 0.912623891497131 0.5115740740740741 0.05112154407929056 0.044444444444444446
1 0.39123630672926446 0.33194444444444443 0.030777256129368807 0.062037037037037036
1 0.5858111632759521 0.2851851851851852 0.023995826812728223 0.05925925925925926
1 0.3988002086593636 0.18009259259259258 0.024517475221700575 0.06296296296296296
1 0.015127803860198226 0.375 0.03025560772039645 0.07222222222222222
1 0.652321335419927 0.3384259259259259 0.028169014084507043 0.06944444444444445
1 0.7423056859676578 0.8592592592592593 0.04329681794470527 0.053703703703703705
1 0.5185185185185185 0.2263888888888889 0.017214397496087636 0.058333333333333334
1 0.5380803338549818 0.2800925925925926 0.027125717266562335 0.07592592592592592
1 0.3442879499217527 0.31851851851851853 0.03234220135628586 0.07962962962962963
1 0.9546165884194053 0.25601851851851853 0.02764736567553469 0.06759259259259259
1 0.1278038601982264 0.850462962962963 0.04225352112676056 0.07222222222222222
1 0.027908189880020865 0.18796296296296297 0.03129890453834116 0.062037037037037036
1 0.908189880020866 0.7907407407407407 0.04329681794470527 0.07407407407407407
1 0.11632759520083463 0.15231481481481482 0.026604068857589983 0.06666666666666667
1 0.01278038601982264 0.30324074074074076 0.02556077203964528 0.06481481481481481
1 0.15779864371413668 0.22175925925925927 0.02138758476786646 0.062037037037037036
1 0.1914449660928534 0.1875 0.01773604590505999 0.06388888888888888
1 0.7141366718831508 0.25787037037037036 0.02764736567553469 0.05555555555555555
1 0.07720396452790819 0.41388888888888886 0.03338549817423057 0.06759259259259259
1 0.2235263432446531 0.14074074074074075 0.028169014084507043 0.06481481481481481
1 0.46635367762128327 0.21851851851851853 0.014606155451225874 0.05925925925925926
1 0.11919666145018258 0.23981481481481481 0.027125717266562335 0.05925925925925926
1 0.17344809598330724 0.30694444444444446 0.0297339593114241 0.07962962962962963
1 0.8828899321857069 0.26435185185185184 0.028690662493479395 0.075
1 0.04877412623891497 0.2523148148148148 0.023474178403755867 0.062037037037037036
1 0.44235785080855505 0.09351851851851851 0.01564945226917058 0.03888888888888889
1 0.34063641105894626 0.9050925925925926 0.023474178403755867 0.07222222222222222