0 0.35208333333333336 0.5652777777777778 0.05260416666666667 0.04351851851851852
0 0.6473958333333333 0.5402777777777777 0.0484375 0.04351851851851852
0 0.4640625 0.49583333333333335 0.04739583333333333 0.044444444444444446
0 0.8622395833333333 0.6583333333333333 0.05416666666666667 0.04722222222222222
0 0.7901041666666667 0.4462962962962963 0.04895833333333333 0.044444444444444446
0 0.9442708333333333 0.4532407407407407 0.051041666666666666 0.04259259259259259
0 0.24088541666666666 0.3685185185185185 0.05 0.04537037037037037
0 0.9828125 0.4009259259259259 0.0328125 0.041666666666666664
0 0.4361979166666667 0.4074074074074074 0.03333333333333333 0.05092592592592592
0 0.31875 0.31527777777777777 0.04010416666666667 0.040740740740740744
0 0.55234375 0.5046296296296297 0.04375 0.05555555555555555
0 0.42239583333333336 0.32314814814814813 0.03333333333333333 0.03425925925925926
0 0.5580729166666667 0.15185185185185185 0.023958333333333335 0.0712962962962963