1 0.7031820552947313 0.39444444444444443 0.027125717266562335 0.03888888888888889
1 0.956964006259781 0.037037037037037035 0.017214397496087636 0.0712962962962963
0 0.6348461137193532 0.5097222222222222 0.0495565988523735 0.03981481481481482
0 0.3758476786645801 0.48055555555555557 0.050078247261345854 0.046296296296296294
0 0.1541471048513302 0.44814814814814813 0.03129890453834116 0.06296296296296296
1 0.36254564423578506 0.8208333333333333 0.03025560772039645 0.06111111111111111
0 0.2269170579029734 0.412962962962963 0.028690662493479395 0.06388888888888888
1 0.2829942618675013 0.6277777777777778 0.03286384976525822 0.05925925925925926
0 0.18883672404799165 0.525 0.028169014084507043 0.05740740740740741
1 0.7480438184663537 0.3087962962962963 0.02764736567553469 0.04722222222222222
0 0.6943140323422013 0.5462962962962963 0.05581637976004173 0.06666666666666667
1 0.09754825247782994 0.3648148148148148 0.03599374021909233 0.06481481481481481
1 0.9014084507042254 0.3787037037037037 0.029212310902451747 0.07222222222222222
1 0.45122587376108503 0.38425925925925924 0.017214397496087636 0.06851851851851852
1 0.3148148148148148 0.36018518518518516 0.022952529994783515 0.06481481481481481
0 0.6186750130412102 0.6199074074074075 0.03286384976525822 0.06944444444444445
1 0.5078247261345853 0.42314814814814816 0.01617110067814293 0.0712962962962963
1 0.797339593114241 0.8842592592592593 0.02190923317683881 0.05648148148148148
1 0.711528429838289 0.11944444444444445 0.023995826812728223 0.06851851851851852
1 0.3202921231090245 0.6625 0.028169014084507043 0.06111111111111111
1 0.6661450182576943 0.21851851851851853 0.02138758476786646 0.06666666666666667
1 0.07850808555033907 0.8587962962962963 0.03234220135628586 0.053703703703703705
1 0.5010432968179447 0.2625 0.020865936358894107 0.06666666666666667
1 0.18753260302556077 0.8425925925925926 0.036515388628064686 0.05555555555555555
1 0.19222743870631195 0.7490740740740741 0.03755868544600939 0.05925925925925926
1 0.6830985915492958 0.3449074074074074 0.02190923317683881 0.06944444444444445
1 0.9483568075117371 0.41574074074074074 0.0297339593114241 0.06111111111111111
1 0.2634324465310381 0.663425925925926 0.028690662493479395 0.06759259259259259
1 0.5464267083985394 0.3439814814814815 0.018257694314032343 0.06666666666666667
1 0.22430881585811163 0.19305555555555556 0.02138758476786646 0.07685185185185185
1 0.9833072509128847 0.3050925925925926 0.03025560772039645 0.07037037037037037
1 0.6231090245174752 0.40879629629629627 0.03182055294731351 0.05555555555555555
1 0.33907146583202924 0.22824074074074074 0.02608242044861763 0.06944444444444445
0 0.4350547730829421 0.5643518518518519 0.04903495044340115 0.044444444444444446
1 0.3072509128847157 0.17824074074074073 0.02034428794992175 0.06481481481481481
1 0.9311424100156495 0.6648148148148149 0.03755868544600939 0.06018518518518518
1 0.6807511737089202 0.425 0.02764736567553469 0.05648148148148148
1 0.323943661971831 0.30648148148148147 0.03129890453834116 0.06296296296296296
1 0.20579029733959311 0.23472222222222222 0.020865936358894107 0.06388888888888888
1 0.1531038080333855 0.3143518518518518 0.028690662493479395 0.05555555555555555
1 0.5425143453312468 0.2652777777777778 0.025039123630672927 0.062037037037037036
1 0.8985393844548775 0.14722222222222223 0.022430881585811163 0.07314814814814814
0 0.2788210745957225 0.5310185185185186 0.048513302034428794 0.07314814814814814
1 0.702660406885759 0.1986111111111111 0.02608242044861763 0.0712962962962963
1 0.45174752217005737 0.3111111111111111 0.024517475221700575 0.06018518518518518
1 0.887584767866458 0.2162037037037037 0.024517475221700575 0.06851851851851852
1 0.8111632759520083 0.20046296296296295 0.028169014084507043 0.06296296296296296
1 0.5581637976004173 0.6694444444444444 0.024517475221700575 0.08148148148148149
1 0.03155972874282734 0.23287037037037037 0.02608242044861763 0.05925925925925926
1 0.6142410015649452 0.2712962962962963 0.020865936358894107 0.06388888888888888
1 0.7876890975482524 0.9680555555555556 0.023995826812728223 0.05185185185185185
1 0.7133541992696922 0.2949074074074074 0.027125717266562335 0.06296296296296296
1 0.8338549817423057 0.1449074074074074 0.022952529994783515 0.06759259259259259
1 0.015910276473656754 0.7828703703703703 0.03025560772039645 0.075
1 0.10459050599895671 0.30972222222222223 0.02764736567553469 0.05648148148148148
1 0.6293688054251435 0.2 0.022952529994783515 0.062037037037037036
1 0.6439749608763693 0.2949074074074074 0.016692749087115284 0.05462962962962963
1 0.6087636932707355 0.3648148148148148 0.027125717266562335 0.05740740740740741
1 0.09546165884194054 0.7574074074074074 0.02556077203964528 0.06018518518518518
1 0.7845592070944184 0.13564814814814816 0.02034428794992175 0.06388888888888888
1 0.2490871152842984 0.2949074074074074 0.0198226395409494 0.05648148148148148
1 0.8954094940010433 0.2884259259259259 0.028690662493479395 0.04722222222222222
1 0.18701095461658843 0.16435185185185186 0.022430881585811163 0.058333333333333334
0 0.02112676056338028 0.4537037037037037 0.04225352112676056 0.07777777777777778
1 0.5912884715701617 0.19675925925925927 0.0198226395409494 0.05185185185185185
1 0.513302034428795 0.17824074074074073 0.01773604590505999 0.053703703703703705
1 0.9473135106937924 0.14907407407407408 0.023474178403755867 0.06111111111111111
1 0.9629629629629629 0.2462962962962963 0.03286384976525822 0.05462962962962963
1 0.01069379238393323 0.41064814814814815 0.020865936358894107 0.05185185185185185
1 0.13380281690140844 0.18796296296296297 0.022952529994783515 0.046296296296296294
1 0.1366718831507564 0.24675925925925926 0.026604068857589983 0.05
1 0.8495044340114762 0.18194444444444444 0.024517475221700575 0.06574074074074074
1 0.06677099634846113 0.2 0.029212310902451747 0.05277777777777778
1 0.8716744913928013 0.3162037037037037 0.030777256129368807 0.04537037037037037
1 0.989567031820553 0.16898148148148148 0.020865936358894107 0.06388888888888888
1 0.29760041731872716 0.2726851851851852 0.023474178403755867 0.05925925925925926
1 0.9282733437663016 0.2375 0.02034428794992175 0.044444444444444446
1 0.22978612415232133 0.1550925925925926 0.0198226395409494 0.03981481481481482
1 0.22326551904016692 0.8476851851851852 0.03182055294731351 0.049074074074074076
1 0.7587376108502869 0.1675925925925926 0.022430881585811163 0.07407407407407407
1 0.9877412623891497 0.4023148148148148 0.023474178403755867 0.05185185185185185
1 0.01617110067814293 0.19583333333333333 0.03025560772039645 0.037037037037037035