1 0.2805164319248826 0.39131481481481484 0.028440271257172668 0.06625
0 0.30859154929577465 0.5447222222222222 0.028169014084507043 0.0661388888888889
1 0.7622065727699531 0.2773425925925926 0.027115284298382888 0.056768518518518524
1 0.031079812206572768 0.3289166666666667 0.035216484089723527 0.06402777777777778
1 0.8095722483046427 0.35621296296296295 0.02414188836724048 0.07263888888888889
0 0.5473656755346896 0.4411481481481481 0.026854460093896713 0.053731481481481484
0 0.7768544600938967 0.5005185185185185 0.031079812206572768 0.05698148148148148
0 0.7236306729264476 0.6391944444444445 0.05331246739697444 0.04962037037037037
1 0.9731455399061033 0.44981481481481483 0.027115284298382888 0.06971296296296296
0 0.35742305685967657 0.52175 0.051178925404277514 0.045120370370370366
1 0.40234220135628584 0.2925092592592593 0.028810641627543033 0.05527777777777778
1 0.07488784559207094 0.8536944444444444 0.02752738654147105 0.05839814814814815
1 0.6738288993218571 0.21819444444444444 0.019055816379760043 0.061314814814814815
0 0.9609389671361501 0.5867592592592593 0.034757433489827856 0.05687962962962963
1 0.1784663536776213 0.6985555555555556 0.032227438706311944 0.05806481481481481
1 0.44629107981220656 0.3065925925925926 0.019530516431924883 0.06787037037037037
1 0.23779342723004696 0.3414814814814815 0.031554512258737615 0.06982407407407407
1 0.7607407407407407 0.41385185185185186 0.034882629107981226 0.07415740740740741
1 0.4282211789254043 0.36358333333333337 0.023515910276473657 0.07757407407407407
1 0.6264632237871675 0.22902777777777777 0.0296452790818988 0.04661111111111112
1 0.02262910798122066 0.4108148148148148 0.03396452790818988 0.06039814814814815
1 0.7368179447052686 0.13174074074074074 0.02381846635367762 0.06787037037037037
1 0.8720709441836202 0.3029074074074074 0.02236828377673448 0.0635925925925926
1 0.9663067292644758 0.29337962962962966 0.022034428794992178 0.05752777777777778
0 0.039796557120500786 0.4758148148148148 0.05154407929055817 0.04292592592592592
0 0.7397443922796035 0.3570833333333333 0.045957224830464265 0.04831481481481482
1 0.45287949921752735 0.39651851851851855 0.016218049034950444 0.06273148148148149
1 0.6699217527386542 0.13390740740740742 0.02434011476264997 0.0631111111111111
1 0.32983307250912886 0.2873148148148148 0.02170057381324987 0.0722037037037037
1 0.9223630672926448 0.2955462962962963 0.022582159624413144 0.06575925925925925
0 0.23791340636411057 0.7990925925925926 0.045592070944183626 0.07263888888888889
1 0.7182629107981221 0.2348796296296296 0.02571205007824726 0.06191666666666667
0 0.3410641627543036 0.46368518518518514 0.0213302034428795 0.05600925925925926
1 0.17455920709441836 0.2515555555555556 0.030333854981742306 0.05184259259259259
1 0.6416014606155451 0.36942592592592594 0.024047991653625457 0.05763888888888889
1 0.24743870631194573 0.2217685185185185 0.021486697965571205 0.05527777777777778
1 0.6958007303077726 0.3235 0.027631716223265518 0.0631111111111111
1 0.9394522691705791 0.2366111111111111 0.028440271257172668 0.06273148148148149
1 0.8583985393844549 0.4051851851851852 0.03515388628064684 0.07989814814814815
1 0.6323265519040168 0.14008333333333334 0.012968179447052686 0.032907407407407406
1 0.28295774647887323 0.24050925925925926 0.018049034950443403 0.05547222222222222
1 0.46215962441314556 0.8944351851851852 0.037386541471048515 0.057962962962962966
1 0.8969744392279604 0.21819444444444444 0.020490349504434013 0.06250925925925926
1 0.7031246739697444 0.8363611111111111 0.034027125717266564 0.09051851851851853
1 0.878904538341158 0.16250925925925924 0.0213302034428795 0.0635925925925926
0 0.7933333333333333 0.5837222222222221 0.05322900365153887 0.054953703703703706
0 0.8872352634324465 0.7214537037037037 0.054773082942097026 0.07562037037037037
1 0.9531246739697444 0.8987685185185185 0.03970266040688576 0.07784259259259259