0 0.04088541666666667 0.5125 0.042708333333333334 0.05740740740740741
0 0.1875 0.38333333333333336 0.049479166666666664 0.06388888888888888
0 0.11640625 0.6337962962962963 0.0484375 0.046296296296296294
0 0.23567708333333334 0.600462962962963 0.04895833333333333 0.053703703703703705
0 0.87109375 0.350462962962963 0.053125 0.05
0 0.4075520833333333 0.39444444444444443 0.04635416666666667 0.06851851851851852
0 0.015885416666666666 0.6777777777777778 0.03125 0.04351851851851852
0 0.6140625 0.6375 0.040625 0.06018518518518518
0 0.6942708333333333 0.512962962962963 0.040625 0.05277777777777778
0 0.978125 0.6041666666666666 0.0421875 0.05092592592592592
1 0.6875 0.6958333333333333 0.022916666666666665 0.08981481481481482
0 0.26171875 0.7083333333333334 0.04895833333333333 0.05277777777777778
0 0.4278645833333333 0.575 0.03697916666666667 0.06759259259259259
0 0.5979166666666667 0.5388888888888889 0.04583333333333333 0.058333333333333334
0 0.7588541666666667 0.5643518518518519 0.04583333333333333 0.05740740740740741
0 0.6338541666666667 0.3523148148148148 0.04635416666666667 0.062037037037037036
0 0.6598958333333333 0.43287037037037035 0.04791666666666667 0.05185185185185185