0 0.39505208333333336 0.5805555555555556 0.049479166666666664 0.04722222222222222
0 0.3182291666666667 0.6837962962962963 0.044270833333333336 0.04814814814814815
0 0.21901041666666668 0.23425925925925925 0.0546875 0.05555555555555555
0 0.45364583333333336 0.4648148148148148 0.05260416666666667 0.044444444444444446
0 0.9395833333333333 0.5296296296296297 0.0515625 0.046296296296296294
0 0.2950520833333333 0.45740740740740743 0.0484375 0.05740740740740741
0 0.5088541666666667 0.624537037037037 0.043229166666666666 0.06018518518518518
0 0.06380208333333333 0.575 0.050520833333333334 0.04259259259259259
0 0.6846354166666667 0.399537037037037 0.052083333333333336 0.04537037037037037
0 0.20703125 0.575462962962963 0.04635416666666667 0.04537037037037037
0 0.16458333333333333 0.6930555555555555 0.046875 0.04259259259259259
0 0.12473958333333333 0.49074074074074076 0.052083333333333336 0.05277777777777778
0 0.8638020833333333 0.48009259259259257 0.0484375 0.04537037037037037
0 0.04479166666666667 0.43333333333333335 0.049479166666666664 0.05092592592592592