0 0.87060546875 0.55035400390625 0.03125 0.04886016845703125
0 0.91650390625 0.668658447265625 0.06597900390625 0.08369064331054688
1 0.21044921875 0.3260955810546875 0.029083251953125 0.059964752197265624
1 0.33544921875 0.3546966552734375 0.0262603759765625 0.0556854248046875
1 0.7744140625 0.866265869140625 0.03662109375 0.058502197265625
0 0.29299859365490777 0.5128536271460262 0.05516567240174267 0.06681290614752133
1 0.89892578125 0.3130950927734375 0.0279083251953125 0.06516494750976562
0 0.68603515625 0.603656005859375 0.049774169921875 0.06180648803710938
0 0.8583984375 0.614923095703125 0.052337646484375 0.04504127502441406
1 0.50732421875 0.34581298828125 0.0311431884765625 0.062023162841796875
1 0.17236328125 0.30074462890625 0.03240966796875 0.062835693359375
1 0.1209716796875 0.295111083984375 0.029541015625 0.059423065185546874
1 0.7041015625 0.3637969970703125 0.0261077880859375 0.05774383544921875
1 0.791015625 0.492718505859375 0.022674560546875 0.062835693359375
1 0.77197265625 0.420782470703125 0.0301055908203125 0.061914825439453126
1 0.84765625 0.46021728515625 0.034942626953125 0.0682525634765625
1 0.92578125 0.1887237548828125 0.0297088623046875 0.06603164672851562
1 0.5869140625 0.3200286865234375 0.01751708984375 0.06440658569335937
0 0.02532958984375 0.459783935546875 0.05023193359375 0.04336204528808594
1 0.74072265625 0.3629302978515625 0.0216522216796875 0.06272735595703124
1 0.66162109375 0.826397705078125 0.0240478515625 0.05774383544921875
1 0.57080078125 0.40128173828125 0.0253753662109375 0.06776504516601563
1 0.72607421875 0.9100341796875 0.0304412841796875 0.05213737487792969
1 0.1942138671875 0.2415924072265625 0.018646240234375 0.0587188720703125
1 0.853515625 0.1943572998046875 0.025665283203125 0.07486114501953126
1 0.6591796875 0.4062652587890625 0.0258026123046875 0.055902099609375
1 0.033782958984375 0.3364959716796875 0.02655029296875 0.060506439208984374
1 0.76904296875 0.7990966796875 0.0255126953125 0.06121063232421875
1 0.81494140625 0.27474365234375 0.0309600830078125 0.07697372436523438
1 0.63720703125 0.2860107421875 0.02001953125 0.061914825439453126
1 0.79443359375 0.19468231201171876 0.022247314453125 0.055062484741210935
1 0.98046875 0.39434814453125 0.030792236328125 0.07599868774414062
1 0.6865234375 0.305511474609375 0.0230712890625 0.0565521240234375
1 0.459716796875 0.280377197265625 0.022796630859375 0.0582855224609375
0 0.615234375 0.703759765625 0.04400634765625 0.062131500244140624
0 0.410400390625 0.696392822265625 0.052520751953125 0.05796051025390625
1 0.80810546875 0.3750640869140625 0.0210418701171875 0.06310653686523438
1 0.269287109375 0.8649658203125 0.0290374755859375 0.0582855224609375
1 0.4541015625 0.347113037109375 0.0259552001953125 0.047397613525390625
0 0.74365234375 0.73582763671875 0.048126220703125 0.04149322509765625
1 0.97119140625 0.308544921875 0.023101806640625 0.062835693359375
1 0.61669921875 0.2251251220703125 0.0164642333984375 0.0673858642578125
1 0.281982421875 0.19988250732421875 0.024932861328125 0.06982345581054687
1 0.97705078125 0.474517822265625 0.040679931640625 0.10037460327148437
1 0.244384765625 0.217108154296875 0.03582763671875 0.055062484741210935
1 0.0810546875 0.23660888671875 0.0269622802734375 0.06310653686523438
1 0.52294921875 0.2398590087890625 0.027008056640625 0.06787338256835937
1 0.042327880859375 0.810797119140625 0.042022705078125 0.07469863891601562
1 0.376708984375 0.29207763671875 0.0144500732421875 0.05861053466796875
1 0.73095703125 0.22176666259765626 0.017242431640625 0.06299819946289062
1 0.88525390625 0.13704681396484375 0.0292510986328125 0.04886016845703125
1 0.76708984375 0.2745269775390625 0.0274810791015625 0.04980812072753906
1 0.7607421875 0.20269927978515626 0.017303466796875 0.05557708740234375
1 0.493896484375 0.244842529296875 0.0156707763671875 0.05633544921875
1 0.68359375 0.97677001953125 0.022796630859375 0.044607925415039065
0 0.4392862892051381 0.48501330717110325 0.04160532638770022 0.07726866168740362
1 0.5838115110415579 0.45138888888888873 0.014780038254216619 0.06327160493827164