0 0.9536458333333333 0.47824074074074074 0.04895833333333333 0.046296296296296294
0 0.3072916666666667 0.5634259259259259 0.0484375 0.03796296296296296
0 0.5786458333333333 0.39166666666666666 0.041666666666666664 0.04259259259259259
0 0.37213541666666666 0.4305555555555556 0.05 0.04351851851851852
0 0.5682291666666667 0.6199074074074075 0.049479166666666664 0.046296296296296294
0 0.79296875 0.4689814814814815 0.051041666666666666 0.04537037037037037
0 0.25807291666666665 0.5162037037037037 0.04791666666666667 0.04722222222222222
0 0.9161458333333333 0.5555555555555556 0.04895833333333333 0.046296296296296294
0 0.45625 0.5152777777777777 0.052083333333333336 0.041666666666666664
0 0.21666666666666667 0.425 0.0421875 0.06296296296296296
0 0.7963541666666667 0.36712962962962964 0.05 0.041666666666666664
0 0.13776041666666666 0.725925925925926 0.05572916666666667 0.05462962962962963
0 0.22135416666666666 0.6083333333333333 0.0484375 0.041666666666666664
0 0.28463541666666664 0.6685185185185185 0.053125 0.04351851851851852
0 0.3567708333333333 0.4925925925925926 0.049479166666666664 0.04351851851851852
0 0.45234375 0.3597222222222222 0.0453125 0.041666666666666664
0 0.6372395833333333 0.2777777777777778 0.04114583333333333 0.03981481481481482
0 0.4557291666666667 0.5712962962962963 0.05364583333333333 0.041666666666666664
0 0.29010416666666666 0.3449074074074074 0.04010416666666667 0.05925925925925926
0 0.1875 0.3296296296296296 0.04583333333333333 0.03425925925925926
0 0.6463541666666667 0.725925925925926 0.0578125 0.046296296296296294