1 0.8633281168492436 0.8467592592592592 0.025039123630672927 0.0787037037037037
1 0.5766823161189358 0.7537037037037037 0.01773604590505999 0.06481481481481481
1 0.023213354199269693 0.3398148148148148 0.03495044340114763 0.06481481481481481
1 0.8437663015127804 0.2222222222222222 0.03234220135628586 0.05462962962962963
1 0.7284820031298904 0.5995370370370371 0.03129890453834116 0.06388888888888888
1 0.9827856025039123 0.7962962962962963 0.028690662493479395 0.08148148148148149
0 0.6846635367762128 0.42453703703703705 0.04903495044340115 0.046296296296296294
0 0.5738132498695879 0.7810185185185186 0.03912363067292645 0.032407407407407406
0 0.7339593114241002 0.5087962962962963 0.05216484089723526 0.05185185185185185
0 0.9486176317162233 0.38657407407407407 0.053208137715179966 0.04351851851851852
1 0.15388628064684404 0.6620370370370371 0.03234220135628586 0.06481481481481481
1 0.9687010954616588 0.5745370370370371 0.03182055294731351 0.06759259259259259
1 0.03573291601460615 0.6777777777777778 0.028690662493479395 0.06388888888888888
1 0.7597809076682316 0.5569444444444445 0.020865936358894107 0.06851851851851852
0 0.9355764214919144 0.47685185185185186 0.03442879499217527 0.05
1 0.699791340636411 0.7231481481481481 0.024517475221700575 0.06574074074074074
1 0.55320813771518 0.6180555555555556 0.02138758476786646 0.06296296296296296
1 0.38914971309337504 0.7046296296296296 0.022952529994783515 0.05925925925925926
0 0.5699008868022952 0.399537037037037 0.04121022430881586 0.05925925925925926
1 0.7162232655190401 0.3236111111111111 0.03338549817423057 0.062037037037037036
1 0.1444966092853417 0.7925925925925926 0.028690662493479395 0.06666666666666667
1 0.7827334376630152 0.30925925925925923 0.03495044340114763 0.06666666666666667
1 0.1267605633802817 0.7587962962962963 0.027125717266562335 0.06666666666666667
1 0.6377151799687011 0.20462962962962963 0.02764736567553469 0.05277777777777778
1 0.6244131455399061 0.737037037037037 0.02190923317683881 0.06759259259259259
1 0.4162754303599374 0.13842592592592592 0.02764736567553469 0.06018518518518518
1 0.41784037558685444 0.2037037037037037 0.03182055294731351 0.06296296296296296
1 0.37219613980177363 0.10972222222222222 0.03338549817423057 0.05555555555555555
1 0.730829420970266 0.7069444444444445 0.024517475221700575 0.06388888888888888
1 0.6288471570161711 0.6587962962962963 0.02034428794992175 0.05277777777777778
1 0.4726134585289515 0.6615740740740741 0.0198226395409494 0.058333333333333334
1 0.5795513823682837 0.07685185185185185 0.024517475221700575 0.05185185185185185
1 0.8422013562858633 0.7314814814814815 0.024517475221700575 0.06666666666666667
1 0.8930620761606677 0.5430555555555555 0.030777256129368807 0.07222222222222222
1 0.6773604590505999 0.850925925925926 0.022430881585811163 0.06018518518518518
1 0.6898800208659364 0.663425925925926 0.029212310902451747 0.062037037037037036
1 0.07772561293688054 0.6731481481481482 0.03286384976525822 0.06018518518518518
1 0.42644757433489827 0.7263888888888889 0.0297339593114241 0.05462962962962963
1 0.5093896713615024 0.7509259259259259 0.015127803860198226 0.062037037037037036
1 0.6640584246218049 0.7981481481481482 0.024517475221700575 0.07222222222222222
1 0.2678664580073031 0.475 0.026604068857589983 0.08055555555555556
1 0.2793427230046948 0.6439814814814815 0.026604068857589983 0.06666666666666667
1 0.9864371413667188 0.8888888888888888 0.02608242044861763 0.06944444444444445
1 0.9102764736567553 0.6606481481481481 0.03129890453834116 0.05925925925925926
1 0.22822117892540428 0.6476851851851851 0.03599374021909233 0.06851851851851852
1 0.14553990610328638 0.30972222222222223 0.030777256129368807 0.05
1 0.1298904538341158 0.44814814814814813 0.036515388628064686 0.058333333333333334
1 0.059989567031820554 0.21574074074074073 0.040166927490871154 0.05462962962962963
1 0.40923317683881066 0.6620370370370371 0.02608242044861763 0.06388888888888888
1 0.6444966092853417 0.26296296296296295 0.025039123630672927 0.06018518518518518
1 0.5459050599895671 0.6578703703703703 0.01773604590505999 0.06111111111111111
1 0.06572769953051644 0.737037037037037 0.03182055294731351 0.058333333333333334
1 0.09728742827334376 0.8583333333333333 0.022952529994783515 0.05462962962962963
1 0.6176317162232655 0.12314814814814815 0.022430881585811163 0.06388888888888888
1 0.9647887323943662 0.950462962962963 0.016692749087115284 0.07037037037037037
1 0.19170579029733958 0.7726851851851851 0.02034428794992175 0.053703703703703705
1 0.752999478351591 0.6509259259259259 0.028169014084507043 0.06481481481481481
1 0.07642149191444966 0.8226851851851852 0.02608242044861763 0.05740740740740741
1 0.9833072509128847 0.6620370370370371 0.0297339593114241 0.06574074074074074
1 0.04720918101199791 0.7060185185185185 0.027125717266562335 0.04722222222222222
1 0.6142410015649452 0.8935185185185185 0.013041210224308816 0.05925925925925926
1 0.27021387584767864 0.7356481481481482 0.02764736567553469 0.07407407407407407
1 0.2047470005216484 0.6962962962962963 0.02556077203964528 0.058333333333333334
1 0.49504434011476267 0.7106481481481481 0.019300991131977047 0.06851851851851852
1 0.5302556077203965 0.8064814814814815 0.012519561815336464 0.05462962962962963
1 0.7423056859676578 0.7597222222222222 0.018779342723004695 0.06018518518518518
1 0.7576943140323422 0.8916666666666667 0.022430881585811163 0.06759259259259259
0 0.0396452790818988 0.5634259259259259 0.05112154407929056 0.06481481481481481
1 0.2952529994783516 0.7972222222222223 0.024517475221700575 0.062037037037037036
1 0.769170579029734 0.7703703703703704 0.02608242044861763 0.05555555555555555
1 0.2039645279081899 0.7569444444444444 0.02034428794992175 0.05925925925925926
1 0.22874282733437662 0.8236111111111111 0.022952529994783515 0.05925925925925926
1 0.29029733959311427 0.6726851851851852 0.02556077203964528 0.06759259259259259
1 0.26943140323422016 0.8037037037037037 0.014606155451225874 0.05
1 0.986697965571205 0.07685185185185185 0.026604068857589983 0.08611111111111111
1 0.7621283255086072 0.12314814814814815 0.03338549817423057 0.053703703703703705
1 0.643453312467397 0.9032407407407408 0.012519561815336464 0.05185185185185185
1 0.2365675534689619 0.725925925925926 0.028690662493479395 0.07314814814814814
1 0.8257694314032342 0.7587962962962963 0.029212310902451747 0.041666666666666664
1 0.8119457485654669 0.8388888888888889 0.020865936358894107 0.0712962962962963
1 0.5732916014606155 0.3263888888888889 0.03495044340114763 0.06944444444444445
1 0.44548774126238916 0.6981481481481482 0.020865936358894107 0.06111111111111111
1 0.16118935837245696 0.8125 0.025039123630672927 0.05462962962962963
1 0.4835680751173709 0.7513888888888889 0.018257694314032343 0.05092592592592592
1 0.8500260824204486 0.7759259259259259 0.027125717266562335 0.04537037037037037
1 0.9311424100156495 0.5884259259259259 0.03025560772039645 0.04722222222222222
1 0.4160146061554512 0.32546296296296295 0.018779342723004695 0.06388888888888888
1 0.4029733959311424 0.029166666666666667 0.03442879499217527 0.04351851851851852
1 0.8028169014084507 0.6810185185185185 0.03129890453834116 0.05092592592592592
1 0.4063641105894627 0.27175925925925926 0.02034428794992175 0.049074074074074076
1 0.35185185185185186 0.7782407407407408 0.022430881585811163 0.06388888888888888
1 0.7334376630151278 0.8152777777777778 0.016692749087115284 0.04537037037037037
1 0.24100156494522693 0.8513888888888889 0.016692749087115284 0.03796296296296296
1 0.2798643714136672 0.06898148148148148 0.03442879499217527 0.05277777777777778
1 0.5952008346374543 0.6888888888888889 0.01617110067814293 0.03611111111111111