0 0.52392578125 0.44921875 0.0482177734375 0.04527452256944445
0 0.5078125 0.3179253472222222 0.04595947265625 0.04172092013888889
0 0.03167724609375 0.337890625 0.049957275390625 0.042426215277777776
0 0.205322265625 0.2897135416666667 0.044281005859375 0.04416232638888889
0 0.76220703125 0.4357638888888889 0.048126220703125 0.04383680555555555
0 0.06671142578125 0.4379340277777778 0.0259552001953125 0.06391059027777778
0 0.12066650390625 0.5243055555555556 0.05499267578125 0.043511284722222224
0 0.84326171875 0.361328125 0.046295166015625 0.04234483506944445
0 0.6123046875 0.3851996527777778 0.036346435546875 0.05685763888888889
0 0.3974609375 0.9331597222222222 0.05560302734375 0.0666232638888889
0 0.483642578125 0.5720486111111112 0.03594970703125 0.0576171875
0 0.54296875 0.1431206597222222 0.01678466796875 0.04432508680555555