0 0.9384454877412624 0.549074074074074 0.03442879499217527 0.06574074074074074
0 0.5756390193009912 0.5226851851851851 0.029212310902451747 0.05185185185185185
1 0.9642670839853938 0.8902777777777777 0.0396452790818988 0.05740740740740741
1 0.6585811163275952 0.8652777777777778 0.03599374021909233 0.05740740740740741
1 0.6444966092853417 0.7615740740740741 0.023995826812728223 0.058333333333333334
1 0.6504955659885238 0.45925925925925926 0.016692749087115284 0.06388888888888888
0 0.0440792905581638 0.43703703703703706 0.029212310902451747 0.06666666666666667
1 0.215962441314554 0.3490740740740741 0.023995826812728223 0.06111111111111111
1 0.460093896713615 0.3912037037037037 0.017214397496087636 0.07314814814814814
1 0.9400104329681794 0.44027777777777777 0.03547209181011998 0.062037037037037036
1 0.6163275952008347 0.8689814814814815 0.028169014084507043 0.058333333333333334
0 0.22483046426708397 0.538425925925926 0.046426708398539386 0.058333333333333334
1 0.672926447574335 0.3912037037037037 0.023995826812728223 0.06759259259259259
1 0.8539384454877412 0.4837962962962963 0.03442879499217527 0.05555555555555555
1 0.103547209181012 0.3143518518518518 0.03338549817423057 0.06666666666666667
1 0.7284820031298904 0.45231481481481484 0.023995826812728223 0.07037037037037037
1 0.769170579029734 0.18564814814814815 0.02138758476786646 0.07407407407407407
1 0.5980699008868023 0.3523148148148148 0.02034428794992175 0.06574074074074074
1 0.5863328116849243 0.2675925925925926 0.02556077203964528 0.06296296296296296
1 0.7944705268648931 0.29814814814814816 0.02190923317683881 0.06759259259259259
0 0.8724569640062598 0.712037037037037 0.053208137715179966 0.0712962962962963
1 0.04434011476264997 0.31157407407407406 0.03182055294731351 0.06481481481481481
1 0.730829420970266 0.2657407407407407 0.02190923317683881 0.06574074074074074
1 0.4981742305685968 0.39675925925925926 0.02138758476786646 0.06944444444444445
1 0.7323943661971831 0.36898148148148147 0.0198226395409494 0.06296296296296296
0 0.45774647887323944 0.5833333333333334 0.04903495044340115 0.05925925925925926
0 0.6919666145018257 0.711574074074074 0.05216484089723526 0.03981481481481482
0 0.5678142931664059 0.5842592592592593 0.04590505998956703 0.04259259259259259
1 0.8951486697965572 0.2847222222222222 0.023995826812728223 0.06296296296296296
1 0.46270213875847677 0.3074074074074074 0.02556077203964528 0.06851851851851852
1 0.36071987480438183 0.2898148148148148 0.028169014084507043 0.06388888888888888
1 0.6987480438184663 0.1962962962962963 0.02138758476786646 0.06574074074074074
1 0.8656755346896192 0.3787037037037037 0.03338549817423057 0.06296296296296296
1 0.9668753260302556 0.33101851851851855 0.03286384976525822 0.06018518518518518
1 0.9428794992175273 0.13518518518518519 0.024517475221700575 0.06388888888888888
1 0.18883672404799165 0.20787037037037037 0.029212310902451747 0.06111111111111111
1 0.11763171622326551 0.8435185185185186 0.041731872717788214 0.05740740740740741
1 0.0198226395409494 0.2791666666666667 0.023474178403755867 0.05555555555555555
1 0.6259780907668232 0.32083333333333336 0.024517475221700575 0.062037037037037036
1 0.2699530516431925 0.27870370370370373 0.02138758476786646 0.05555555555555555
1 0.8622848200312989 0.29074074074074074 0.02764736567553469 0.062037037037037036
1 0.9327073552425665 0.37407407407407406 0.03338549817423057 0.06388888888888888
1 0.10067814293166406 0.23796296296296296 0.02556077203964528 0.04722222222222222
1 0.6664058424621805 0.9680555555555556 0.024517475221700575 0.05925925925925926
1 0.5357329160146062 0.3648148148148148 0.024517475221700575 0.05462962962962963
1 0.5331246739697444 0.8324074074074074 0.03390714658320292 0.06666666666666667
1 0.22509128847157017 0.20601851851851852 0.023995826812728223 0.05277777777777778
1 0.14632237871674492 0.2263888888888889 0.022430881585811163 0.04722222222222222
1 0.9389671361502347 0.7620370370370371 0.03547209181011998 0.05555555555555555
1 0.48826291079812206 0.08101851851851852 0.024517475221700575 0.05462962962962963
1 0.8643714136671883 0.22268518518518518 0.02608242044861763 0.06111111111111111
1 0.8072509128847157 0.14027777777777778 0.023474178403755867 0.05740740740740741
1 0.3268127282211789 0.30324074074074076 0.030777256129368807 0.03981481481481482
1 0.5101721439749609 0.2611111111111111 0.02034428794992175 0.06666666666666667
1 0.841679707876891 0.2601851851851852 0.014606155451225874 0.037037037037037035
1 0.5800730307772561 0.9768518518518519 0.02556077203964528 0.04259259259259259