0 0.669921875 0.480584716796875 0.053985595703125 0.05037689208984375
0 0.39892578125 0.493585205078125 0.055206298828125 0.06814422607421874
0 0.47802734375 0.51568603515625 0.030670166015625 0.0556854248046875
1 0.87109375 0.431182861328125 0.0225067138671875 0.05086441040039062
1 0.67822265625 0.3692138671875 0.0263519287109375 0.0693359375
1 0.67626953125 0.842431640625 0.0330810546875 0.0613189697265625
0 0.83984375 0.547320556640625 0.056549072265625 0.04704551696777344
1 0.826171875 0.399114990234375 0.0234222412109375 0.06944427490234376
1 0.386962890625 0.726727294921875 0.0266571044921875 0.05774383544921875
1 0.67041015625 0.18287353515625 0.0212860107421875 0.06613998413085938
0 0.603515625 0.57288818359375 0.0411376953125 0.046883010864257814
0 0.54248046875 0.52435302734375 0.047698974609375 0.0535186767578125
1 0.44287109375 0.63529052734375 0.02447509765625 0.062023162841796875
1 0.6552734375 0.39088134765625 0.0177764892578125 0.07361526489257812
1 0.6513671875 0.2632598876953125 0.0193023681640625 0.07442779541015625
1 0.7626953125 0.2173248291015625 0.0234222412109375 0.04915809631347656
1 0.492431640625 0.2498260498046875 0.0271148681640625 0.08786163330078126
1 0.96630859375 0.21526641845703126 0.0290374755859375 0.060289764404296876
0 0.055816650390625 0.45328369140625 0.052825927734375 0.04496002197265625
1 0.372802734375 0.2402923583984375 0.020599365234375 0.0647857666015625
1 0.150390625 0.3390960693359375 0.0279083251953125 0.07036514282226562
1 0.71484375 0.3414794921875 0.0212860107421875 0.06077728271484375
1 0.912109375 0.124371337890625 0.0197906494140625 0.059748077392578126
1 0.62158203125 0.32587890625 0.0269622802734375 0.05861053466796875
1 0.8828125 0.12036285400390626 0.0279083251953125 0.06787338256835937
1 0.2734375 0.2108245849609375 0.0218658447265625 0.05384368896484375
1 0.84765625 0.3395294189453125 0.0241851806640625 0.06906509399414062
1 0.48486328125 0.66475830078125 0.017852783203125 0.06142730712890625
1 0.53125 0.78956298828125 0.023284912109375 0.0582855224609375
1 0.1937255859375 0.19338226318359375 0.02069091796875 0.059423065185546874
1 0.174072265625 0.804730224609375 0.03271484375 0.06538162231445313
1 0.1549072265625 0.2849273681640625 0.0297088623046875 0.0626190185546875
1 0.272216796875 0.870599365234375 0.03173828125 0.05579376220703125
1 0.34423828125 0.792596435546875 0.023651123046875 0.054872894287109376
1 0.779296875 0.38221435546875 0.0242767333984375 0.05904388427734375
1 0.46240234375 0.5945556640625 0.021484375 0.07020263671875
1 0.87353515625 0.2964111328125 0.0213623046875 0.05926055908203125
1 0.296630859375 0.2485260009765625 0.0211181640625 0.06180648803710938
1 0.1224365234375 0.2964111328125 0.03302001953125 0.0574188232421875
1 0.84912109375 0.21374969482421874 0.03033447265625 0.06538162231445313
1 0.3828125 0.821197509765625 0.0295867919921875 0.050078964233398436
1 0.127685546875 0.725860595703125 0.0345458984375 0.08591156005859375
1 0.407958984375 0.3035614013671875 0.0271759033203125 0.05251655578613281
0 0.68017578125 0.62835693359375 0.0504150390625 0.059856414794921875
1 0.294921875 0.377880859375 0.0276947021484375 0.06077728271484375
1 0.26806640625 0.76962890625 0.0302734375 0.04934768676757813
1 0.60595703125 0.195440673828125 0.023956298828125 0.06500244140625
1 0.1943359375 0.2758270263671875 0.02630615234375 0.06121063232421875
1 0.68896484375 0.2719268798828125 0.0206451416015625 0.059856414794921875
1 0.9072265625 0.3189453125 0.028106689453125 0.04344329833984375
1 0.48095703125 0.3629302978515625 0.02752685546875 0.060289764404296876
1 0.81640625 0.2658599853515625 0.0197906494140625 0.05527915954589844
1 0.7373046875 0.690325927734375 0.0274810791015625 0.0881866455078125
1 0.312744140625 0.319378662109375 0.0173797607421875 0.0682525634765625
1 0.07080078125 0.15741424560546874 0.0255584716796875 0.05029563903808594
1 0.79296875 0.3005279541015625 0.0200958251953125 0.04942893981933594
1 0.73388671875 0.09658279418945312 0.0257568359375 0.060289764404296876
1 0.89306640625 0.2537261962890625 0.0218658447265625 0.07155685424804688
1 0.200439453125 0.12393798828125 0.018402099609375 0.04173698425292969
1 0.271728515625 0.315045166015625 0.0177764892578125 0.05926055908203125
1 0.57470703125 0.18514862060546874 0.0136871337890625 0.03672637939453125
1 0.0504150390625 0.232708740234375 0.0255126953125 0.029901123046875
1 0.2271728515625 0.14029693603515625 0.018798828125 0.05094566345214844
1 0.280517578125 0.28341064453125 0.0186920166015625 0.04555587768554688
1 0.6103515625 0.08499069213867187 0.0193023681640625 0.09235763549804688
1 0.1083984375 0.2584930419921875 0.0218658447265625 0.043091201782226564
1 0.323486328125 0.17626495361328126 0.017181396484375 0.03948898315429687
1 0.16455078125 0.20367431640625 0.03240966796875 0.04165573120117187
1 0.669921875 0.43594970703125 0.0227203369140625 0.045799636840820314
1 0.87939453125 0.388714599609375 0.0153656005859375 0.037132644653320314