0 0.3541992696922274 0.5282407407407408 0.054773082942097026 0.053703703703703705
0 0.39123630672926446 0.47824074074074074 0.050078247261345854 0.04537037037037037
0 0.7451747522170057 0.6615740740740741 0.03442879499217527 0.06481481481481481
0 0.6948356807511737 0.7416666666666667 0.03599374021909233 0.06111111111111111
1 0.7871674491392802 0.8986111111111111 0.03599374021909233 0.0787037037037037
1 0.07616066770996348 0.25092592592592594 0.028169014084507043 0.06481481481481481
1 0.3823682837767345 0.29814814814814816 0.0198226395409494 0.062037037037037036
1 0.27386541471048514 0.39537037037037037 0.029212310902451747 0.05925925925925926
0 0.6622326551904016 0.6208333333333333 0.029212310902451747 0.04814814814814815
1 0.8583724569640062 0.3300925925925926 0.022952529994783515 0.044444444444444446
1 0.25639019300991134 0.2689814814814815 0.02764736567553469 0.06388888888888888
1 0.4903495044340115 0.3523148148148148 0.02034428794992175 0.07407407407407407
0 0.11528429838288994 0.45231481481481484 0.05112154407929056 0.04537037037037037
0 0.2649973917579551 0.5657407407407408 0.02764736567553469 0.06481481481481481
1 0.5341679707876891 0.8166666666666667 0.037037037037037035 0.08148148148148149
0 0.5151278038601982 0.5587962962962963 0.028690662493479395 0.049074074074074076
1 0.7939488784559207 0.4111111111111111 0.030777256129368807 0.05925925925925926
1 0.26108502869066247 0.8875 0.03912363067292645 0.05925925925925926
1 0.14606155451225875 0.22916666666666666 0.023474178403755867 0.06481481481481481
1 0.6006781429316641 0.2902777777777778 0.018779342723004695 0.05648148148148148
1 0.18857589984350548 0.2763888888888889 0.030777256129368807 0.06666666666666667
1 0.8231611893583725 0.3861111111111111 0.027125717266562335 0.053703703703703705
1 0.3109024517475222 0.36666666666666664 0.02190923317683881 0.062037037037037036
1 0.8526343244653104 0.45 0.029212310902451747 0.06574074074074074
0 0.672926447574335 0.49675925925925923 0.046426708398539386 0.058333333333333334
1 0.12910798122065728 0.34814814814814815 0.029212310902451747 0.05185185185185185
0 0.5297339593114241 0.6305555555555555 0.051643192488262914 0.05
1 0.9687010954616588 0.3143518518518518 0.029212310902451747 0.05925925925925926
1 0.6014606155451225 0.3814814814814815 0.018257694314032343 0.05
1 0.6651017214397497 0.3476851851851852 0.020865936358894107 0.07037037037037037
1 0.5884194053208138 0.22314814814814815 0.02034428794992175 0.06296296296296296
1 0.8701095461658842 0.1986111111111111 0.023995826812728223 0.06296296296296296
1 0.2876890975482525 0.3055555555555556 0.026604068857589983 0.06851851851851852
1 0.19953051643192488 0.16435185185185186 0.025039123630672927 0.06851851851851852
1 0.7154407929055816 0.36342592592592593 0.020865936358894107 0.06388888888888888
1 0.6841418883672404 0.2513888888888889 0.028169014084507043 0.06388888888888888
1 0.9400104329681794 0.12824074074074074 0.029212310902451747 0.06388888888888888
1 0.9384454877412624 0.3287037037037037 0.03025560772039645 0.046296296296296294
1 0.260302556077204 0.18101851851851852 0.02190923317683881 0.075
1 0.841679707876891 0.2791666666666667 0.024517475221700575 0.05555555555555555
1 0.04225352112676056 0.24722222222222223 0.02190923317683881 0.049074074074074076
1 0.8101199791340636 0.18796296296296297 0.02138758476786646 0.05925925925925926
1 0.7782994261867501 0.14166666666666666 0.01773604590505999 0.05925925925925926
1 0.7425665101721439 0.1449074074074074 0.018257694314032343 0.07037037037037037
1 0.9598330725091289 0.425462962962963 0.022952529994783515 0.041666666666666664
1 0.6314553990610329 0.26296296296296295 0.020865936358894107 0.06018518518518518
1 0.7430881585811163 0.2884259259259259 0.020865936358894107 0.06296296296296296
1 0.942357850808555 0.24166666666666667 0.0297339593114241 0.06388888888888888
1 0.8935837245696401 0.2949074074074074 0.025039123630672927 0.05925925925925926
1 0.5620761606677099 0.3087962962962963 0.02608242044861763 0.06111111111111111
0 0.40871152842983827 0.6782407407407407 0.06259780907668232 0.05092592592592592
0 0.2224830464267084 0.6259259259259259 0.048513302034428794 0.06296296296296296