0 0.9052734375 0.61102294921875 0.0592041015625 0.04934768676757813
1 0.36669921875 0.613189697265625 0.0330810546875 0.050566482543945315
1 0.62744140625 0.813397216796875 0.034088134765625 0.060398101806640625
0 0.47900390625 0.59368896484375 0.05023193359375 0.043605804443359375
1 0.5185546875 0.89443359375 0.035491943359375 0.06169815063476562
1 0.9619140625 0.31287841796875 0.03253173828125 0.06538162231445313
1 0.227294921875 0.828564453125 0.03607177734375 0.06142730712890625
1 0.77099609375 0.872332763671875 0.0231475830078125 0.0572021484375
0 0.89599609375 0.549053955078125 0.0567626953125 0.044770431518554685
1 0.32861328125 0.629656982421875 0.0341796875 0.05926055908203125
1 0.351318359375 0.685125732421875 0.033203125 0.05322074890136719
0 0.215576171875 0.489251708984375 0.049041748046875 0.043524551391601565
0 0.68212890625 0.547320556640625 0.051177978515625 0.04607048034667969
1 0.49560546875 0.68382568359375 0.0284423828125 0.059856414794921875
1 0.40966796875 0.779595947265625 0.0220794677734375 0.0591522216796875
0 0.62451171875 0.5044189453125 0.04986572265625 0.0400848388671875
0 0.499267578125 0.52261962890625 0.044769287109375 0.05465621948242187
1 0.35009765625 0.2329254150390625 0.021484375 0.05882720947265625
1 0.787109375 0.814263916015625 0.0301513671875 0.06516494750976562
1 0.76025390625 0.292510986328125 0.0205230712890625 0.06662750244140625
1 0.09124755859375 0.3347625732421875 0.037109375 0.06765670776367187
1 0.27001953125 0.960302734375 0.03753662109375 0.05403327941894531
1 0.779296875 0.90743408203125 0.0312042236328125 0.05731048583984375
1 0.10211181640625 0.608856201171875 0.0323486328125 0.059964752197265624
1 0.61962890625 0.19208221435546874 0.021697998046875 0.054954147338867186
0 0.0133514404296875 0.395648193359375 0.026702880859375 0.052435302734375
1 0.38525390625 0.743194580078125 0.027801513671875 0.06272735595703124
1 0.6044921875 0.2476593017578125 0.0201416015625 0.0522186279296875
1 0.9306640625 0.3893646240234375 0.0255584716796875 0.06180648803710938
1 0.447998046875 0.293377685546875 0.0230712890625 0.061914825439453126
1 0.23095703125 0.2857940673828125 0.021331787109375 0.062835693359375
1 0.282958984375 0.90570068359375 0.0282745361328125 0.05424995422363281
1 0.234375 0.1802734375 0.0239105224609375 0.0569854736328125
1 0.56494140625 0.7193603515625 0.0219879150390625 0.059964752197265624
1 0.275146484375 0.3689971923828125 0.02838134765625 0.0556854248046875
1 0.67333984375 0.0925201416015625 0.0188751220703125 0.06749420166015625
1 0.35546875 0.34927978515625 0.0271148681640625 0.049997711181640626
0 0.1929931640625 0.426416015625 0.033905029296875 0.05202903747558594
1 0.406005859375 0.861065673828125 0.0212860107421875 0.05517082214355469
1 0.5625 0.4201324462890625 0.0261993408203125 0.06018142700195313
1 0.79296875 0.328912353515625 0.029083251953125 0.0656524658203125
1 0.2744140625 0.61015625 0.0296478271484375 0.059964752197265624
1 0.8974609375 0.1800567626953125 0.021942138671875 0.07009429931640625
1 0.470703125 0.35101318359375 0.0185394287109375 0.06527328491210938
1 0.181640625 0.2337921142578125 0.0225067138671875 0.06310653686523438
0 0.63525390625 0.57635498046875 0.046630859375 0.045799636840820314
1 0.49365234375 0.2992279052734375 0.0276336669921875 0.062023162841796875
1 0.646484375 0.95423583984375 0.03839111328125 0.06402740478515626
1 0.62646484375 0.93343505859375 0.03192138671875 0.05476455688476563
1 0.62451171875 0.4114654541015625 0.02630615234375 0.05774383544921875
1 0.79638671875 0.1436553955078125 0.0207977294921875 0.06359405517578125
1 0.64208984375 0.2407257080078125 0.019195556640625 0.055902099609375
1 0.80419921875 0.2576263427734375 0.026702880859375 0.0656524658203125
1 0.322509765625 0.305511474609375 0.0271759033203125 0.063702392578125
1 0.41455078125 0.3715972900390625 0.02880859375 0.06440658569335937
1 0.60546875 0.33367919921875 0.0211639404296875 0.05113525390625
1 0.5703125 0.2779937744140625 0.0217437744140625 0.08033218383789062
1 0.98876953125 0.2008575439453125 0.0217742919921875 0.08049468994140625
1 0.677734375 0.3200286865234375 0.017913818359375 0.06527328491210938
1 0.9228515625 0.325445556640625 0.0279541015625 0.049537277221679686
1 0.295166015625 0.2554595947265625 0.02386474609375 0.04812889099121094
1 0.017852783203125 0.308111572265625 0.032470703125 0.07886962890625
1 0.88623046875 0.32847900390625 0.0186920166015625 0.0582855224609375
1 0.090087890625 0.2667266845703125 0.035552978515625 0.06852340698242188
1 0.400146484375 0.3334625244140625 0.020965576171875 0.058935546875
1 0.859375 0.3796142578125 0.03125 0.07047348022460938
1 0.040771484375 0.165106201171875 0.0218658447265625 0.05953140258789062
1 0.62109375 0.47061767578125 0.0207672119140625 0.04124946594238281
1 0.5712890625 0.771795654296875 0.0294189453125 0.062835693359375
1 0.64794921875 0.364447021484375 0.0210113525390625 0.04504127502441406
1 0.07080078125 0.21049957275390624 0.0242767333984375 0.06343154907226563
1 0.1949462890625 0.204107666015625 0.02606201171875 0.059856414794921875
1 0.72900390625 0.681658935546875 0.029876708984375 0.08092803955078125
1 0.12335205078125 0.20616607666015624 0.030792236328125 0.06673583984375
1 0.377197265625 0.2853607177734375 0.0261077880859375 0.0686859130859375
1 0.018096923828125 0.250042724609375 0.0352783203125 0.07155685424804688
1 0.884765625 0.475384521484375 0.0228424072265625 0.05926055908203125
1 0.755859375 0.17496490478515625 0.0217437744140625 0.08466567993164062
1 0.308349609375 0.205841064453125 0.0199127197265625 0.049049758911132814
1 0.625 0.0953369140625 0.019378662109375 0.053437423706054685
0 0.0150146484375 0.513519287109375 0.029205322265625 0.0535186767578125
1 0.64306640625 0.3234954833984375 0.033538818359375 0.047316360473632815
1 0.70263671875 0.3733306884765625 0.01483917236328125 0.0639190673828125
1 0.5556640625 0.3837310791015625 0.0299224853515625 0.039786911010742186
1 0.98486328125 0.07291107177734375 0.01751708984375 0.070635986328125
1 0.65283203125 0.28427734375 0.0182647705078125 0.044255828857421874
1 0.25732421875 0.33194580078125 0.02880859375 0.041005706787109374