1 0.696661450182577 0.6263888888888889 0.03338549817423057 0.06574074074074074
1 0.04877412623891497 0.9435185185185185 0.017214397496087636 0.07037037037037037
0 0.5675534689619197 0.4615740740740741 0.05216484089723526 0.04722222222222222
1 0.5057381324986959 0.5953703703703703 0.02556077203964528 0.06388888888888888
1 0.12023995826812728 0.6652777777777777 0.03338549817423057 0.06851851851851852
1 0.9358372456964006 0.6240740740740741 0.027125717266562335 0.06018518518518518
0 0.6546687532603026 0.38981481481481484 0.054773082942097026 0.041666666666666664
1 0.8954094940010433 0.2759259259259259 0.03442879499217527 0.05648148148148148
0 0.42670839853938447 0.4550925925925926 0.04747000521648409 0.040740740740740744
1 0.07068335941575378 0.6337962962962963 0.03025560772039645 0.06666666666666667
1 0.6559728742827334 0.22546296296296298 0.030777256129368807 0.07037037037037037
0 0.3901930099113198 0.4101851851851852 0.046426708398539386 0.05
1 0.8302034428794992 0.5930555555555556 0.03808033385498174 0.06574074074074074
1 0.6601460615545123 0.674074074074074 0.02556077203964528 0.062037037037037036
1 0.9183620239958268 0.2263888888888889 0.03495044340114763 0.05925925925925926
1 0.4981742305685968 0.2263888888888889 0.03286384976525822 0.07962962962962963
1 0.1841418883672405 0.225 0.03286384976525822 0.06759259259259259
0 0.21178925404277518 0.4337962962962963 0.03025560772039645 0.07037037037037037
0 0.7217005738132499 0.4962962962962963 0.0495565988523735 0.03981481481481482
1 0.7443922796035473 0.24953703703703703 0.02556077203964528 0.07037037037037037
0 0.7209181011997914 0.4412037037037037 0.04381846635367762 0.03796296296296296
1 0.18701095461658843 0.3074074074074074 0.03755868544600939 0.07777777777777778
1 0.48643714136671884 0.14814814814814814 0.026604068857589983 0.06111111111111111
1 0.08163797600417319 0.12685185185185185 0.03182055294731351 0.06111111111111111
1 0.8153364632237872 0.3226851851851852 0.03338549817423057 0.06018518518518518
0 0.5743348982785602 0.5166666666666667 0.047991653625456446 0.05
1 0.34950443401147624 0.5986111111111111 0.01773604590505999 0.06018518518518518
1 0.29890453834115804 0.6032407407407407 0.02556077203964528 0.0712962962962963
1 0.7540427751695358 0.14305555555555555 0.028690662493479395 0.053703703703703705
0 0.8171622326551904 0.5259259259259259 0.05372978612415232 0.05
1 0.28377673448095986 0.7569444444444444 0.018257694314032343 0.06018518518518518
1 0.17423056859676578 0.712037037037037 0.02556077203964528 0.07222222222222222
0 0.02060511215440793 0.35324074074074074 0.0396452790818988 0.04814814814814815
1 0.3192488262910798 0.04212962962962963 0.03286384976525822 0.053703703703703705
1 0.912623891497131 0.712037037037037 0.028690662493479395 0.06296296296296296
1 0.3414188836724048 0.7606481481481482 0.02034428794992175 0.05740740740740741
1 0.029212310902451747 0.6851851851851852 0.03599374021909233 0.07592592592592592
1 0.9470526864893062 0.1986111111111111 0.03547209181011998 0.05740740740740741
1 0.38967136150234744 0.7972222222222223 0.024517475221700575 0.05185185185185185
1 0.05920709441836203 0.8050925925925926 0.02556077203964528 0.06296296296296296
1 0.17136150234741784 0.15046296296296297 0.02608242044861763 0.05740740740740741
1 0.7282211789254043 0.6731481481481482 0.023474178403755867 0.062037037037037036
1 0.24960876369327073 0.8291666666666667 0.016692749087115284 0.07037037037037037
1 0.8054251434533125 0.6842592592592592 0.02764736567553469 0.0712962962962963
0 0.5824204486176318 0.5680555555555555 0.046948356807511735 0.03888888888888889
1 0.3348982785602504 0.6365740740740741 0.02190923317683881 0.0712962962962963
1 0.8359415753781951 0.6611111111111111 0.025039123630672927 0.06666666666666667
1 0.08894105372978613 0.8550925925925926 0.0297339593114241 0.07222222222222222
1 0.3794992175273865 0.6365740740740741 0.023995826812728223 0.06111111111111111
1 0.872717788210746 0.6564814814814814 0.03286384976525822 0.06481481481481481
1 0.06285863328116849 0.7458333333333333 0.0297339593114241 0.06388888888888888
1 0.9285341679707877 0.7870370370370371 0.025039123630672927 0.06296296296296296
0 0.4439227960354721 0.5273148148148148 0.04538341158059468 0.040740740740740744
1 0.7829942618675013 0.7185185185185186 0.026604068857589983 0.07777777777777778
1 0.8899321857068336 0.7541666666666667 0.03234220135628586 0.06481481481481481
1 0.5062597809076682 0.7189814814814814 0.026604068857589983 0.053703703703703705
1 0.35498174230568597 0.7199074074074074 0.018779342723004695 0.06018518518518518
1 0.1585811163275952 0.5842592592592593 0.027125717266562335 0.06944444444444445
1 0.3335941575378195 0.22314814814814815 0.02138758476786646 0.058333333333333334
1 0.26369327073552423 0.7856481481481481 0.02034428794992175 0.06388888888888888
1 0.7386541471048513 0.7768518518518519 0.02190923317683881 0.06296296296296296
1 0.13380281690140844 0.7648148148148148 0.0297339593114241 0.06666666666666667
1 0.4209702660406886 0.7282407407407407 0.02608242044861763 0.05648148148148148
1 0.3510693792383933 0.8703703703703703 0.01564945226917058 0.06481481481481481
1 0.6348461137193532 0.7393518518518518 0.023474178403755867 0.04814814814814815
1 0.528169014084507 0.6814814814814815 0.02190923317683881 0.05740740740740741
1 0.22013562858633282 0.11574074074074074 0.03129890453834116 0.03888888888888889
1 0.775169535732916 0.3458333333333333 0.03808033385498174 0.07777777777777778
1 0.7970787689097548 0.7625 0.018779342723004695 0.075
1 0.9595722483046427 0.35185185185185186 0.03442879499217527 0.05185185185185185
1 0.680490349504434 0.774074074074074 0.03025560772039645 0.05555555555555555
1 0.7949921752738655 0.8527777777777777 0.022430881585811163 0.062037037037037036
1 0.34167970787689095 0.8009259259259259 0.013041210224308816 0.03425925925925926
1 0.7723004694835681 0.8226851851851852 0.018257694314032343 0.053703703703703705
1 0.4843505477308294 0.9268518518518518 0.011476264997391758 0.04722222222222222
1 0.7060511215440793 0.8476851851851852 0.014606155451225874 0.04351851851851852
1 0.5401669274908711 0.7597222222222222 0.019300991131977047 0.06111111111111111
0 0.030777256129368807 0.9115740740740741 0.03390714658320292 0.06851851851851852
1 0.7029212310902452 0.7268518518518519 0.019300991131977047 0.0712962962962963
1 0.5112154407929056 0.7597222222222222 0.03025560772039645 0.03518518518518519
1 0.3544600938967136 0.13425925925925927 0.036515388628064686 0.06481481481481481