0 0.3494791666666667 0.524537037037037 0.04739583333333333 0.04537037037037037
0 0.6635416666666667 0.5550925925925926 0.04791666666666667 0.04537037037037037
0 0.7958333333333333 0.5041666666666667 0.0484375 0.041666666666666664
0 0.6640625 0.6513888888888889 0.04635416666666667 0.041666666666666664
0 0.73828125 0.3597222222222222 0.049479166666666664 0.04722222222222222
0 0.509375 0.6421296296296296 0.04583333333333333 0.040740740740740744
0 0.23645833333333333 0.6805555555555556 0.04479166666666667 0.040740740740740744
0 0.66171875 0.4527777777777778 0.04791666666666667 0.049074074074074076
0 0.19713541666666667 0.638425925925926 0.0484375 0.046296296296296294
0 0.5020833333333333 0.31296296296296294 0.0578125 0.049074074074074076
0 0.4984375 0.5407407407407407 0.0484375 0.041666666666666664
0 0.82421875 0.5935185185185186 0.026041666666666668 0.05185185185185185
0 0.56796875 0.5828703703703704 0.0421875 0.04351851851851852
0 0.9721354166666667 0.3972222222222222 0.04010416666666667 0.05
0 0.475 0.04953703703703704 0.05416666666666667 0.075
0 0.33098958333333334 0.6953703703703704 0.0359375 0.05462962962962963