1 0.67431640625 0.673858642578125 0.01953125 0.0626190185546875
1 0.79296875 0.778729248046875 0.03662109375 0.05644378662109375
0 0.86328125 0.59195556640625 0.0552978515625 0.04452667236328125
1 0.330078125 0.8822998046875 0.02886962890625 0.06099395751953125
1 0.9482421875 0.19576568603515626 0.0330810546875 0.074969482421875
1 0.56494140625 0.3828643798828125 0.0306243896484375 0.06841506958007812
0 0.595703125 0.549920654296875 0.0504150390625 0.04812889099121094
1 0.82958984375 0.146038818359375 0.0247955322265625 0.072369384765625
1 0.65869140625 0.329345703125 0.02001953125 0.06879425048828125
0 0.55810546875 0.21656646728515624 0.042022705078125 0.041980743408203125
1 0.5810546875 0.89876708984375 0.029876708984375 0.05311241149902344
1 0.59521484375 0.2558929443359375 0.0217437744140625 0.06727752685546876
1 0.380126953125 0.855865478515625 0.025421142578125 0.0582855224609375
1 0.96240234375 0.11667938232421875 0.024139404296875 0.06527328491210938
0 0.9750793170481221 0.5770844636140046 0.047019500812019166 0.06738586425781243
1 0.7431640625 0.67689208984375 0.021087646484375 0.06879425048828125
1 0.71533203125 0.437249755859375 0.0278472900390625 0.06418991088867188
1 0.77783203125 0.1549224853515625 0.0203399658203125 0.062023162841796875
1 0.986328125 0.1540557861328125 0.0227203369140625 0.07209854125976563
1 0.7109375 0.2355255126953125 0.0271759033203125 0.0608856201171875
1 0.669921875 0.2801605224609375 0.023101806640625 0.06402740478515626
1 0.12445068359375 0.336712646484375 0.03759765625 0.062835693359375
1 0.7333984375 0.10454559326171875 0.0161590576171875 0.06007308959960937
1 0.465087890625 0.2875274658203125 0.0305633544921875 0.0682525634765625
0 0.494873046875 0.60408935546875 0.04400634765625 0.07074432373046875
0 0.84326171875 0.5321533203125 0.055816650390625 0.04886016845703125
1 0.014621734619140625 0.30941162109375 0.02924346923828125 0.08639907836914062
0 0.669921875 0.495318603515625 0.044189453125 0.045203781127929686
1 0.51123046875 0.3380126953125 0.0227203369140625 0.055062484741210935
1 0.23828125 0.518719482421875 0.020965576171875 0.07767791748046875
1 0.09619140625 0.54862060546875 0.031494140625 0.062131500244140624
1 0.5478515625 0.2359588623046875 0.021484375 0.06077728271484375
1 0.368408203125 0.3317291259765625 0.03021240234375 0.06121063232421875
1 0.41552734375 0.2983612060546875 0.02880859375 0.0656524658203125
1 0.9306640625 0.4201324462890625 0.02838134765625 0.07155685424804688
1 0.68896484375 0.3880645751953125 0.0199432373046875 0.06251068115234375
1 0.595703125 0.3399627685546875 0.027740478515625 0.05687713623046875
1 0.57421875 0.862799072265625 0.0282745361328125 0.051731109619140625
1 0.0987548828125 0.23660888671875 0.03021240234375 0.062131500244140624
1 0.441650390625 0.3373626708984375 0.0233306884765625 0.05882720947265625
1 0.13427734375 0.277777099609375 0.023773193359375 0.060398101806640625
1 0.6064453125 0.79302978515625 0.0235595703125 0.04877891540527344
1 0.033599853515625 0.2619598388671875 0.030914306640625 0.06489410400390624
1 0.6845703125 0.637890625 0.0256195068359375 0.05622711181640625
1 0.394775390625 0.2706268310546875 0.021331787109375 0.05666046142578125
1 0.697265625 0.2970611572265625 0.0215301513671875 0.0656524658203125
1 0.383544921875 0.78782958984375 0.03228759765625 0.05538749694824219
1 0.357177734375 0.9655029296875 0.0258026123046875 0.047939300537109375
1 0.63623046875 0.19674072265625 0.0177764892578125 0.06451492309570313
1 0.53955078125 0.92476806640625 0.032958984375 0.04886016845703125
1 0.66796875 0.237908935546875 0.015838623046875 0.06310653686523438
1 0.017242431640625 0.786962890625 0.033905029296875 0.053924942016601564
1 0.482421875 0.25047607421875 0.0237274169921875 0.058935546875
1 0.9609375 0.255242919921875 0.03515625 0.0647857666015625
1 0.72265625 0.3395294189453125 0.0261993408203125 0.07182769775390625
1 0.370849609375 0.72369384765625 0.0272216796875 0.05113525390625
1 0.1190185546875 0.20367431640625 0.03240966796875 0.05953140258789062
1 0.6513671875 0.143438720703125 0.01267242431640625 0.05262489318847656
1 0.2391357421875 0.92823486328125 0.0255126953125 0.065869140625
1 0.56396484375 0.2983612060546875 0.0244293212890625 0.04590797424316406
1 0.3916015625 0.828997802734375 0.029876708984375 0.05517082214355469
1 0.0472412109375 0.17258148193359374 0.02508544921875 0.05311241149902344
1 0.8271484375 0.2012908935546875 0.026458740234375 0.06879425048828125
1 0.1937255859375 0.3553466796875 0.025909423828125 0.0693359375
1 0.7421875 0.219708251953125 0.02484130859375 0.06700668334960938
1 0.96484375 0.047858047485351565 0.0164031982421875 0.0693359375
1 0.732421875 0.87449951171875 0.022369384765625 0.052922821044921874
1 0.85693359375 0.449383544921875 0.031982421875 0.0816864013671875
1 0.452880859375 0.2454925537109375 0.023101806640625 0.04934768676757813
1 0.880859375 0.3345458984375 0.0263519287109375 0.06251068115234375
1 0.27001953125 0.21504974365234375 0.0299224853515625 0.07886962890625
1 0.317626953125 0.2236083984375 0.031982421875 0.07009429931640625
1 0.203857421875 0.17474822998046874 0.028594970703125 0.0582855224609375
1 0.80810546875 0.2645599365234375 0.0296478271484375 0.0591522216796875
1 0.38427734375 0.678192138671875 0.03033447265625 0.05037689208984375
1 0.2381591796875 0.256109619140625 0.0190582275390625 0.06489410400390624
1 0.2149658203125 0.12101287841796875 0.030792236328125 0.07524032592773437
1 0.96533203125 0.93603515625 0.0305023193359375 0.042522430419921875
1 0.03607177734375 0.322845458984375 0.034820556640625 0.06251068115234375
1 0.253662109375 0.3529632568359375 0.0268096923828125 0.062131500244140624
1 0.340576171875 0.386981201171875 0.0263519287109375 0.046964263916015624
1 0.1734619140625 0.298577880859375 0.0263519287109375 0.05538749694824219
1 0.20751953125 0.2771270751953125 0.03216552734375 0.065869140625
1 0.1070556640625 0.687725830078125 0.019195556640625 0.05414161682128906
1 0.95556640625 0.35621337890625 0.030792236328125 0.070635986328125
1 0.3154296875 0.15243072509765626 0.0240020751953125 0.06538162231445313
1 0.98681640625 0.804730224609375 0.0216522216796875 0.05154151916503906
1 0.765625 0.9655029296875 0.0333251953125 0.0574188232421875
1 0.24365234375 0.1900238037109375 0.0205230712890625 0.0496185302734375
1 0.5107421875 0.37874755859375 0.02685546875 0.060289764404296876
1 0.6103515625 0.71416015625 0.018341064453125 0.03734931945800781
1 0.8974609375 0.2602264404296875 0.021087646484375 0.05029563903808594
1 0.3564453125 0.28427734375 0.018402099609375 0.04915809631347656
1 0.796875 0.235308837890625 0.02001953125 0.0374847412109375
1 0.1759033203125 0.255242919921875 0.030853271484375 0.053924942016601564
1 0.70654296875 0.1809234619140625 0.0244293212890625 0.041411972045898436
1 0.98583984375 0.07524032592773437 0.017578125 0.04650382995605469
1 0.407958984375 0.210174560546875 0.017852783203125 0.047235107421875