0 0.1346435546875 0.3739149305555556 0.051361083984375 0.036078559027777776
0 0.40478515625 0.4674479166666667 0.049591064453125 0.040771484375
0 0.76123046875 0.3650173611111111 0.048309326171875 0.04234483506944445
0 0.6962890625 0.4739583333333333 0.04376220703125 0.039469401041666664
0 0.29736328125 0.6705729166666666 0.053192138671875 0.04172092013888889
0 0.0248870849609375 0.5850694444444444 0.0489501953125 0.043511284722222224
0 0.322021484375 0.3591579861111111 0.046905517578125 0.037353515625
0 0.9091796875 0.6024305555555556 0.05718994140625 0.043267144097222224
0 0.06842041015625 0.3114149305555556 0.04638671875 0.039306640625
0 0.373291015625 0.5551215277777778 0.048492431640625 0.040228949652777776
0 0.499755859375 0.6336805555555556 0.053314208984375 0.048014322916666664
0 0.75439453125 0.6684027777777778 0.048309326171875 0.04904513888888889
0 0.408447265625 0.3504774305555556 0.046539306640625 0.041069878472222224
0 0.044189453125 0.4377170138888889 0.049957275390625 0.042426215277777776
0 0.31982421875 0.3949652777777778 0.0460205078125 0.04747178819444445
0 0.4990234375 0.4574652777777778 0.049407958984375 0.040690104166666664
0 0.333984375 0.4743923611111111 0.045684814453125 0.041558159722222224
0 0.845703125 0.5173611111111112 0.050048828125 0.04831271701388889
0 0.5849609375 0.7847222222222222 0.047515869140625 0.04234483506944445
0 0.560546875 0.388671875 0.043121337890625 0.04172092013888889