0 0.27699530516431925 0.5194444444444445 0.053208137715179966 0.06296296296296296
1 0.05868544600938967 0.9578703703703704 0.041731872717788214 0.05462962962962963
0 0.6815336463223787 0.5050925925925925 0.028169014084507043 0.049074074074074076
1 0.3145539906103286 0.3111111111111111 0.023995826812728223 0.06111111111111111
1 0.6645800730307773 0.37592592592592594 0.026604068857589983 0.062037037037037036
0 0.19953051643192488 0.5435185185185185 0.05112154407929056 0.046296296296296294
1 0.8925404277516954 0.7898148148148149 0.03025560772039645 0.053703703703703705
1 0.5777256129368805 0.25416666666666665 0.02138758476786646 0.06759259259259259
1 0.8568075117370892 0.16018518518518518 0.03129890453834116 0.06018518518518518
1 0.35785080855503393 0.5842592592592593 0.029212310902451747 0.05925925925925926
1 0.5179968701095462 0.36064814814814816 0.02190923317683881 0.062037037037037036
1 0.9032342201356286 0.85 0.03286384976525822 0.058333333333333334
0 0.1729264475743349 0.49907407407407406 0.05112154407929056 0.03796296296296296
0 0.8868022952529995 0.5703703703703704 0.0594679186228482 0.04351851851851852
1 0.46739697443922795 0.38101851851851853 0.02764736567553469 0.07222222222222222
1 0.49713093375065204 0.31203703703703706 0.023995826812728223 0.062037037037037036
0 0.12310902451747523 0.45925925925925926 0.0297339593114241 0.05462962962962963
1 0.45435576421491913 0.33425925925925926 0.025039123630672927 0.06296296296296296
1 0.8740219092331768 0.4148148148148148 0.03129890453834116 0.06481481481481481
1 0.27021387584767864 0.7606481481481482 0.029212310902451747 0.062037037037037036
1 0.7537819509650495 0.375 0.019300991131977047 0.062037037037037036
1 0.3901930099113198 0.3509259259259259 0.023474178403755867 0.06388888888888888
1 0.3445487741262389 0.2763888888888889 0.02608242044861763 0.06296296296296296
0 0.5414710485133021 0.4861111111111111 0.04590505998956703 0.04351851851851852
1 0.9311424100156495 0.3851851851851852 0.03025560772039645 0.07037037037037037
1 0.9702660406885759 0.3680555555555556 0.03599374021909233 0.06481481481481481
1 0.942357850808555 0.324537037037037 0.03129890453834116 0.06944444444444445
1 0.12597809076682315 0.3574074074074074 0.029212310902451747 0.06759259259259259
1 0.5247782994261867 0.23564814814814813 0.018779342723004695 0.05925925925925926
1 0.8941053729786124 0.30925925925925923 0.022952529994783515 0.07037037037037037
1 0.27360459050599895 0.7166666666666667 0.02764736567553469 0.06574074074074074
1 0.7193531559728743 0.26064814814814813 0.025039123630672927 0.062037037037037036
1 0.43401147626499736 0.2810185185185185 0.028169014084507043 0.06481481481481481
1 0.46557120500782473 0.5611111111111111 0.02138758476786646 0.075
1 0.7318727177882107 0.30648148148148147 0.02608242044861763 0.06944444444444445
1 0.6606677099634846 0.3189814814814815 0.018257694314032343 0.05462962962962963
1 0.02634324465310381 0.6421296296296296 0.037037037037037035 0.06666666666666667
1 0.3612415232133542 0.3726851851851852 0.03025560772039645 0.06481481481481481
1 0.3302034428794992 0.3787037037037037 0.03234220135628586 0.06018518518518518
1 0.6724047991653626 0.09907407407407408 0.01617110067814293 0.06388888888888888
0 0.1343244653103808 0.4203703703703704 0.023995826812728223 0.05740740740740741
1 0.9637454355764214 0.14907407407407408 0.029212310902451747 0.06851851851851852
1 0.8192488262910798 0.39351851851851855 0.02608242044861763 0.06388888888888888
1 0.590245174752217 0.08148148148148149 0.01564945226917058 0.06296296296296296
1 0.6697965571205008 0.2013888888888889 0.01773604590505999 0.06481481481481481
1 0.13693270735524257 0.3143518518518518 0.03547209181011998 0.046296296296296294
1 0.693792383933229 0.32083333333333336 0.03025560772039645 0.07222222222222222
1 0.7563901930099113 0.2074074074074074 0.0198226395409494 0.06296296296296296
1 0.29603547209181014 0.20185185185185187 0.02190923317683881 0.05925925925925926
1 0.9340114762649974 0.2875 0.030777256129368807 0.06944444444444445
1 0.8568075117370892 0.23842592592592593 0.02608242044861763 0.06481481481481481
1 0.8080333854981743 0.2791666666666667 0.02034428794992175 0.06759259259259259
1 0.6773604590505999 0.9481481481481482 0.024517475221700575 0.05925925925925926
1 0.6919666145018257 0.7902777777777777 0.03234220135628586 0.04814814814814815
0 0.6275430359937402 0.6064814814814815 0.029212310902451747 0.05740740740740741
0 0.8085550339071466 0.24814814814814815 0.048513302034428794 0.044444444444444446
1 0.20109546165884193 0.26064814814814813 0.02556077203964528 0.044444444444444446
1 0.19092331768388107 0.33425925925925926 0.025039123630672927 0.06759259259259259
1 0.17788210745957225 0.2449074074074074 0.0297339593114241 0.044444444444444446
1 0.6943140323422013 0.9101851851851852 0.02556077203964528 0.062037037037037036
1 0.8721961398017736 0.3768518518518518 0.023995826812728223 0.05462962962962963
1 0.9188836724047992 0.1675925925925926 0.02138758476786646 0.06666666666666667
0 0.09233176838810642 0.6060185185185185 0.0406885758998435 0.07592592592592592
1 0.7050078247261345 0.23935185185185184 0.01564945226917058 0.06111111111111111
1 0.43766301512780387 0.8592592592592593 0.03495044340114763 0.06296296296296296
1 0.912623891497131 0.950925925925926 0.03808033385498174 0.08888888888888889
1 0.5010432968179447 0.050462962962962966 0.018779342723004695 0.06574074074074074
1 0.2842983828899322 0.3648148148148148 0.027125717266562335 0.06111111111111111
1 0.11841418883672405 0.2791666666666667 0.022952529994783515 0.05092592592592592
1 0.3539384454877413 0.24166666666666667 0.024517475221700575 0.06296296296296296
1 0.9014084507042254 0.8962962962962963 0.03390714658320292 0.05925925925925926
1 0.9872196139801773 0.28425925925925927 0.022952529994783515 0.07685185185185185
1 0.0748565466875326 0.2361111111111111 0.03234220135628586 0.07222222222222222
1 0.39593114241001565 0.2851851851851852 0.018779342723004695 0.058333333333333334
1 0.6964006259780907 0.8791666666666667 0.028690662493479395 0.05
0 0.26473656755346897 0.6560185185185186 0.05216484089723526 0.06944444444444445
1 0.8969744392279604 0.22916666666666666 0.029212310902451747 0.06296296296296296
1 0.04381846635367762 0.19398148148148148 0.026604068857589983 0.06018518518518518
1 0.6924882629107981 0.8435185185185186 0.022430881585811163 0.05277777777777778
1 0.3346374543557642 0.3398148148148148 0.022430881585811163 0.05092592592592592
1 0.9598330725091289 0.05694444444444444 0.01617110067814293 0.06944444444444445
1 0.5245174752217006 0.2777777777777778 0.022952529994783515 0.05092592592592592
0 0.9843505477308294 0.5824074074074074 0.0297339593114241 0.05555555555555555
1 0.4731351069379238 0.28935185185185186 0.020865936358894107 0.06481481481481481
1 0.6797078768909754 0.16527777777777777 0.01564945226917058 0.06018518518518518
0 0.02477829942618675 0.5722222222222222 0.047991653625456446 0.041666666666666664
1 0.01643192488262911 0.2523148148148148 0.03234220135628586 0.075
1 0.41992696922274386 0.25833333333333336 0.01564945226917058 0.044444444444444446
1 0.1841418883672405 0.18796296296296297 0.022952529994783515 0.06759259259259259
1 0.041731872717788214 0.6148148148148148 0.03808033385498174 0.058333333333333334
1 0.2222222222222222 0.22546296296296298 0.020865936358894107 0.05092592592592592
1 0.834376630151278 0.3509259259259259 0.0297339593114241 0.04537037037037037
1 0.418622848200313 0.7388888888888889 0.026604068857589983 0.046296296296296294
1 0.09494001043296818 0.16527777777777777 0.027125717266562335 0.06481481481481481
1 0.06103286384976526 0.1912037037037037 0.030777256129368807 0.058333333333333334
1 0.5565988523735003 0.9560185185185185 0.03234220135628586 0.041666666666666664
1 0.9311424100156495 0.22083333333333333 0.016692749087115284 0.037037037037037035
1 0.23448095983307252 0.13425925925925927 0.02138758476786646 0.06388888888888888
0 0.9752217005738133 0.09351851851851851 0.03129890453834116 0.06666666666666667