0 0.9507042253521126 0.3837962962962963 0.028169014084507043 0.06759259259259259
1 0.698226395409494 0.3449074074074074 0.02764736567553469 0.07407407407407407
0 0.5662493479394888 0.45046296296296295 0.0297339593114241 0.06296296296296296
1 0.8382889932185706 0.4013888888888889 0.03129890453834116 0.05925925925925926
1 0.98226395409494 0.3375 0.0297339593114241 0.06574074074074074
1 0.8435054773082942 0.30833333333333335 0.022430881585811163 0.06481481481481481
1 0.35941575378195095 0.34814814814814815 0.024517475221700575 0.06666666666666667
1 0.9113197704747 0.2708333333333333 0.023995826812728223 0.06296296296296296
1 0.6533646322378717 0.37175925925925923 0.022430881585811163 0.04351851851851852
1 0.387584767866458 0.27361111111111114 0.02556077203964528 0.05555555555555555
1 0.28664580073030776 0.33564814814814814 0.025039123630672927 0.06944444444444445
1 0.5365153886280647 0.3162037037037037 0.017214397496087636 0.06388888888888888
1 0.3080333854981742 0.2162037037037037 0.020865936358894107 0.06296296296296296
1 0.7978612415232134 0.3648148148148148 0.03547209181011998 0.06481481481481481
0 0.968961919666145 0.4634259259259259 0.05581637976004173 0.05
1 0.5985915492957746 0.3333333333333333 0.023474178403755867 0.05462962962962963
1 0.8322900365153886 0.24537037037037038 0.023474178403755867 0.058333333333333334
1 0.5928534167970788 0.9194444444444444 0.02034428794992175 0.06666666666666667
1 0.5117370892018779 0.24722222222222223 0.016692749087115284 0.058333333333333334
1 0.7801251956181534 0.22824074074074074 0.026604068857589983 0.062037037037037036
1 0.5555555555555556 0.2847222222222222 0.02034428794992175 0.06666666666666667
1 0.26917057902973396 0.21388888888888888 0.024517475221700575 0.06481481481481481
1 0.6776212832550861 0.2935185185185185 0.02034428794992175 0.05555555555555555
1 0.3455920709441836 0.18472222222222223 0.02138758476786646 0.08518518518518518
1 0.029212310902451747 0.1736111111111111 0.024517475221700575 0.062037037037037036
0 0.4637454355764215 0.4777777777777778 0.051643192488262914 0.049074074074074076
1 0.40714658320292124 0.9662037037037037 0.022430881585811163 0.05555555555555555
1 0.44340114762649974 0.2569444444444444 0.022952529994783515 0.06481481481481481
1 0.12832550860719874 0.2986111111111111 0.026604068857589983 0.06666666666666667
1 0.4175795513823683 0.08055555555555556 0.014606155451225874 0.06296296296296296
1 0.06651017214397496 0.2796296296296296 0.03495044340114763 0.05925925925925926
1 0.8667188315075639 0.25925925925925924 0.01773604590505999 0.053703703703703705
1 0.14501825769431403 0.3912037037037037 0.02138758476786646 0.05925925925925926
1 0.035211267605633804 0.37916666666666665 0.02034428794992175 0.04351851851851852
1 0.17736045905059988 0.16898148148148148 0.02034428794992175 0.06666666666666667
1 0.46870109546165883 0.3476851851851852 0.015127803860198226 0.06759259259259259
1 0.1332811684924361 0.15601851851851853 0.02138758476786646 0.0787037037037037
1 0.41366718831507565 0.20277777777777778 0.019300991131977047 0.06759259259259259
1 0.15127803860198227 0.2175925925925926 0.020865936358894107 0.06759259259259259
1 0.6460615545122588 0.23425925925925925 0.015127803860198226 0.05
1 0.2245696400625978 0.1425925925925926 0.023474178403755867 0.06018518518518518
1 0.6990088680229525 0.2810185185185185 0.02190923317683881 0.05740740740740741
1 0.08502869066249348 0.1439814814814815 0.02138758476786646 0.06481481481481481
0 0.8878455920709442 0.6240740740740741 0.0594679186228482 0.06759259259259259
1 0.809076682316119 0.8680555555555556 0.03390714658320292 0.0787037037037037
1 0.9368805425143454 0.225 0.018779342723004695 0.049074074074074076
1 0.6604068857589984 0.8856481481481482 0.02764736567553469 0.06296296296296296
1 0.03234220135628586 0.9092592592592592 0.028690662493479395 0.058333333333333334
1 0.41497130933750653 0.8680555555555556 0.028690662493479395 0.06018518518518518