0 0.6265625 0.4074074074074074 0.046875 0.044444444444444446
0 0.09322916666666667 0.4615740740740741 0.0515625 0.040740740740740744
0 0.30104166666666665 0.41712962962962963 0.051041666666666666 0.041666666666666664
0 0.1890625 0.48009259259259257 0.05520833333333333 0.03611111111111111
0 0.7875 0.4412037037037037 0.0484375 0.044444444444444446
0 0.3796875 0.5569444444444445 0.05 0.03796296296296296
0 0.19088541666666667 0.6467592592592593 0.0421875 0.06111111111111111
1 0.88671875 0.2791666666666667 0.021875 0.06574074074074074
0 0.09817708333333333 0.5634259259259259 0.033854166666666664 0.07037037037037037
0 0.21614583333333334 0.4097222222222222 0.051041666666666666 0.062037037037037036
0 0.8760416666666667 0.6078703703703704 0.057291666666666664 0.044444444444444446
0 0.8729166666666667 0.45555555555555555 0.04895833333333333 0.044444444444444446
1 0.7940104166666667 0.23981481481481481 0.0265625 0.06574074074074074
0 0.6221354166666667 0.3574074074074074 0.043229166666666666 0.03888888888888889
0 0.6950520833333333 0.5768518518518518 0.053125 0.06018518518518518
0 0.978125 0.5560185185185185 0.04375 0.04722222222222222
0 0.66015625 0.7245370370370371 0.052083333333333336 0.06388888888888888
1 0.10078125 0.2912037037037037 0.0328125 0.06296296296296296
1 0.69375 0.25601851851851853 0.016666666666666666 0.06481481481481481
1 0.525 0.29444444444444445 0.0265625 0.07314814814814814
0 0.23020833333333332 0.3453703703703704 0.05260416666666667 0.06388888888888888
0 0.9184895833333333 0.524074074074074 0.034895833333333334 0.05277777777777778
0 0.9588541666666667 0.6712962962962963 0.052083333333333336 0.05185185185185185