1 0.54434011476265 0.6314814814814815 0.03390714658320292 0.05
0 0.3129890453834116 0.6333333333333333 0.05268648930620762 0.046296296296296294
0 0.7498695878977569 0.5337962962962963 0.0495565988523735 0.040740740740740744
1 0.38367240479916537 0.8944444444444445 0.03599374021909233 0.06296296296296296
0 0.28325508607198746 0.5157407407407407 0.056859676577986434 0.044444444444444446
1 0.5782472613458529 0.6189814814814815 0.027125717266562335 0.06111111111111111
0 0.8197704747000522 0.49907407407407406 0.0495565988523735 0.03981481481481482
0 0.32133541992696923 0.5782407407407407 0.04903495044340115 0.04351851851851852
1 0.35498174230568597 0.7208333333333333 0.023474178403755867 0.06666666666666667
1 0.10980699008868022 0.8435185185185186 0.03025560772039645 0.06388888888888888
1 0.022430881585811163 0.19166666666666668 0.03025560772039645 0.06666666666666667
1 0.2827334376630151 0.8143518518518519 0.03599374021909233 0.058333333333333334
1 0.11267605633802817 0.33240740740740743 0.0297339593114241 0.06666666666666667
1 0.5516431924882629 0.7555555555555555 0.018779342723004695 0.06851851851851852
1 0.8192488262910798 0.34120370370370373 0.027125717266562335 0.07037037037037037
1 0.1444966092853417 0.8907407407407407 0.03547209181011998 0.05462962962962963
1 0.6969222743870631 0.29212962962962963 0.02764736567553469 0.06296296296296296
0 0.5524256651017214 0.5287037037037037 0.04903495044340115 0.03888888888888889
1 0.6517996870109546 0.3800925925925926 0.025039123630672927 0.05277777777777778
1 0.027908189880020865 0.34074074074074073 0.02556077203964528 0.06111111111111111
1 0.31846635367762127 0.2013888888888889 0.01773604590505999 0.05648148148148148
0 0.12702138758476786 0.5587962962962963 0.05738132498695879 0.044444444444444446
1 0.42149191444966094 0.6907407407407408 0.020865936358894107 0.05555555555555555
1 0.7016171100678142 0.8351851851851851 0.03547209181011998 0.06296296296296296
0 0.6160667709963484 0.46944444444444444 0.04277516953573292 0.041666666666666664
1 0.2806468440271257 0.23981481481481481 0.025039123630672927 0.05740740740740741
1 0.3633281168492436 0.1337962962962963 0.018779342723004695 0.06388888888888888
1 0.8411580594679187 0.2828703703703704 0.02190923317683881 0.058333333333333334
1 0.12754303599374023 0.1726851851851852 0.0297339593114241 0.06296296296296296
1 0.14684402712571726 0.2916666666666667 0.02190923317683881 0.06666666666666667
1 0.260302556077204 0.10555555555555556 0.02190923317683881 0.0712962962962963
1 0.6906624934793949 0.2 0.022430881585811163 0.05185185185185185
1 0.4209702660406886 0.22268518518518518 0.02034428794992175 0.05185185185185185
1 0.28377673448095986 0.9361111111111111 0.0297339593114241 0.053703703703703705
1 0.5925925925925926 0.31851851851851853 0.023995826812728223 0.06481481481481481
1 0.03755868544600939 0.39490740740740743 0.029212310902451747 0.06481481481481481
1 0.6309337506520605 0.9083333333333333 0.0297339593114241 0.058333333333333334
1 0.9587897756911842 0.9291666666666667 0.03234220135628586 0.053703703703703705
1 0.6338028169014085 0.6129629629629629 0.03182055294731351 0.06296296296296296
1 0.09728742827334376 0.25046296296296294 0.02190923317683881 0.058333333333333334
1 0.8941053729786124 0.33935185185185185 0.020865936358894107 0.04259259259259259
1 0.6275430359937402 0.24768518518518517 0.02034428794992175 0.06574074074074074
1 0.29107981220657275 0.4199074074074074 0.02190923317683881 0.05462962962962963
1 0.24569640062597808 0.95 0.03808033385498174 0.06388888888888888
1 0.733698487219614 0.2111111111111111 0.028169014084507043 0.058333333333333334
1 0.18153364632237873 0.6856481481481481 0.023995826812728223 0.0712962962962963
1 0.11580594679186229 0.8013888888888889 0.040166927490871154 0.049074074074074076
1 0.7548252477829943 0.27037037037037037 0.02034428794992175 0.06388888888888888
0 0.14553990610328638 0.6291666666666667 0.05372978612415232 0.05648148148148148
1 0.3510693792383933 0.7800925925925926 0.02556077203964528 0.06666666666666667
1 0.17370892018779344 0.17546296296296296 0.028690662493479395 0.06666666666666667
1 0.6416275430359938 0.9689814814814814 0.0297339593114241 0.05462962962962963
1 0.3046426708398539 0.3453703703703704 0.025039123630672927 0.046296296296296294
1 0.49061032863849763 0.35694444444444445 0.017214397496087636 0.062037037037037036
1 0.8007303077725613 0.21805555555555556 0.03547209181011998 0.06944444444444445
1 0.8192488262910798 0.5916666666666667 0.02608242044861763 0.06296296296296296
0 0.6825769431403235 0.5092592592592593 0.044861763171622326 0.04722222222222222
1 0.5386019822639541 0.2986111111111111 0.019300991131977047 0.06944444444444445
1 0.4697443922796036 0.06435185185185185 0.02190923317683881 0.06944444444444445
1 0.02634324465310381 0.45925925925925926 0.03442879499217527 0.08703703703703704
1 0.5062597809076682 0.7847222222222222 0.023995826812728223 0.06018518518518518
1 0.6379760041731872 0.575462962962963 0.019300991131977047 0.05
1 0.5112154407929056 0.3421296296296296 0.02138758476786646 0.06111111111111111
1 0.31351069379238394 0.13287037037037036 0.0198226395409494 0.05925925925925926
1 0.9337506520605112 0.21388888888888888 0.023995826812728223 0.06111111111111111
1 0.43661971830985913 0.27685185185185185 0.015127803860198226 0.049074074074074076
1 0.4726134585289515 0.24537037037037038 0.01773604590505999 0.04814814814814815
1 0.8667188315075639 0.21666666666666667 0.025039123630672927 0.06481481481481481
1 0.26369327073552423 0.3763888888888889 0.018779342723004695 0.05185185185185185
1 0.36619718309859156 0.40185185185185185 0.028169014084507043 0.03611111111111111
1 0.20500782472613457 0.375 0.022952529994783515 0.06388888888888888
1 0.5858111632759521 0.674074074074074 0.029212310902451747 0.05185185185185185
1 0.5073030777256129 0.8490740740740741 0.0198226395409494 0.06851851851851852
1 0.3257694314032342 0.26805555555555555 0.016692749087115284 0.05925925925925926
1 0.9016692749087115 0.25601851851851853 0.03547209181011998 0.06388888888888888
1 0.564945226917058 0.3662037037037037 0.026604068857589983 0.04351851851851852
1 0.9921752738654147 0.22268518518518518 0.01564945226917058 0.05277777777777778
1 0.9679186228482003 0.25416666666666665 0.022952529994783515 0.05277777777777778
1 0.11189358372456965 0.2800925925925926 0.023474178403755867 0.06574074074074074
1 0.3755868544600939 0.22592592592592592 0.0198226395409494 0.05185185185185185
1 0.44340114762649974 0.3611111111111111 0.01564945226917058 0.06574074074074074
1 0.27256129368805426 0.28935185185185186 0.019300991131977047 0.05
1 0.9898278560250391 0.34629629629629627 0.02034428794992175 0.05555555555555555
1 0.36071987480438183 0.44074074074074077 0.025039123630672927 0.05740740740740741
1 0.7715179968701096 0.17824074074074073 0.018779342723004695 0.05740740740740741
1 0.2378716744913928 0.33425925925925926 0.0198226395409494 0.06851851851851852
1 0.665623369848722 0.3435185185185185 0.029212310902451747 0.03981481481481482
1 0.20605112154407929 0.324537037037037 0.024517475221700575 0.03888888888888889
1 0.17423056859676578 0.2351851851851852 0.02034428794992175 0.053703703703703705
1 0.2686489306207616 0.3351851851851852 0.03390714658320292 0.04537037037037037
1 0.013562858633281168 0.07407407407407407 0.017214397496087636 0.07037037037037037
1 0.4457485654668753 0.23981481481481481 0.01617110067814293 0.04537037037037037
1 0.3534167970787689 0.3013888888888889 0.01773604590505999 0.05277777777777778
1 0.5062597809076682 0.11018518518518519 0.015127803860198226 0.037037037037037035
1 0.9799165362545644 0.2199074074074074 0.028690662493479395 0.03425925925925926
1 0.3072509128847157 0.30416666666666664 0.03129890453834116 0.041666666666666664
1 0.3789775691184142 0.1935185185185185 0.023995826812728223 0.03148148148148148
1 0.8839332290036516 0.18194444444444444 0.02764736567553469 0.044444444444444446
1 0.3129890453834116 0.06574074074074074 0.028169014084507043 0.03611111111111111