0 0.430419921875 0.6158854166666666 0.04913330078125 0.04188368055555555
0 0.7275390625 0.4526909722222222 0.04949951171875 0.04893663194444445
0 0.038970947265625 0.5538194444444444 0.05560302734375 0.04226345486111111
0 0.419921875 0.3328993055555556 0.045257568359375 0.043511284722222224
0 0.5302734375 0.4403211805555556 0.04638671875 0.04307725694444445
0 0.8037109375 0.4019097222222222 0.048492431640625 0.046142578125
0 0.2010498046875 0.6579861111111112 0.052825927734375 0.045355902777777776
0 0.634765625 0.3786892361111111 0.0364990234375 0.07383897569444445
0 0.65673828125 0.5698784722222222 0.0482177734375 0.03895399305555555
0 0.54296875 0.8029513888888888 0.031982421875 0.05859375
0 0.81005859375 0.5815972222222222 0.05560302734375 0.058919270833333336
0 0.377685546875 0.4474826388888889 0.04876708984375 0.03968641493055555
0 0.472900390625 0.4995659722222222 0.0401611328125 0.058919270833333336
0 0.07794189453125 0.78125 0.061431884765625 0.04031032986111111
0 0.07589285714285715 0.8320105820105824 0.06250000000000001 0.06349206349206359