1 0.8281168492436098 0.7689814814814815 0.03286384976525822 0.05925925925925926
1 0.8724569640062598 0.4981481481481482 0.02764736567553469 0.06018518518518518
1 0.6270213875847679 0.4060185185185185 0.01773604590505999 0.06666666666666667
0 0.49634846113719355 0.5453703703703704 0.0396452790818988 0.07314814814814814
1 0.10198226395409495 0.825462962962963 0.0297339593114241 0.06296296296296296
1 0.8422013562858633 0.8597222222222223 0.03755868544600939 0.058333333333333334
0 0.640584246218049 0.5328703703703703 0.046426708398539386 0.04259259259259259
1 0.3995826812728221 0.3587962962962963 0.023474178403755867 0.06018518518518518
0 0.17214397496087636 0.45231481481481484 0.05268648930620762 0.046296296296296294
1 0.24804381846635368 0.24722222222222223 0.02138758476786646 0.05277777777777778
1 0.8881064162754304 0.40694444444444444 0.037037037037037035 0.07037037037037037
1 0.7368283776734481 0.8319444444444445 0.022430881585811163 0.05277777777777778
1 0.18049034950443402 0.287962962962963 0.023474178403755867 0.06111111111111111
1 0.7652582159624414 0.36342592592592593 0.023474178403755867 0.06111111111111111
1 0.7235263432446531 0.42824074074074076 0.03129890453834116 0.05277777777777778
1 0.7117892540427752 0.23055555555555557 0.027125717266562335 0.06574074074074074
1 0.6591027647365676 0.4222222222222222 0.018779342723004695 0.06296296296296296
1 0.8320292123109024 0.4263888888888889 0.02190923317683881 0.06296296296296296
1 0.12910798122065728 0.24444444444444444 0.024517475221700575 0.06018518518518518
1 0.261867501304121 0.32592592592592595 0.022952529994783515 0.06574074074074074
1 0.5795513823682837 0.3472222222222222 0.023995826812728223 0.044444444444444446
1 0.7944705268648931 0.9222222222222223 0.0297339593114241 0.05648148148148148
1 0.6572769953051644 0.32592592592592595 0.019300991131977047 0.06111111111111111
0 0.5894627021387585 0.7083333333333334 0.041731872717788214 0.058333333333333334
1 0.9019300991131977 0.19722222222222222 0.03129890453834116 0.0712962962962963
1 0.3555033907146583 0.8777777777777778 0.03234220135628586 0.05740740740740741
0 0.21335419926969224 0.37546296296296294 0.046948356807511735 0.04537037037037037
1 0.8695878977569118 0.2884259259259259 0.028169014084507043 0.06574074074074074
1 0.0980699008868023 0.337037037037037 0.0297339593114241 0.058333333333333334
1 0.0792905581637976 0.28703703703703703 0.022430881585811163 0.04722222222222222
1 0.852112676056338 0.2013888888888889 0.02190923317683881 0.05740740740740741
0 0.45618153364632236 0.6921296296296297 0.0495565988523735 0.06388888888888888
1 0.43427230046948356 0.2912037037037037 0.025039123630672927 0.05277777777777778
1 0.2931664058424622 0.20787037037037037 0.0198226395409494 0.062037037037037036
1 0.07955138236828378 0.9768518518518519 0.028169014084507043 0.04351851851851852
1 0.9603547209181011 0.15925925925925927 0.02608242044861763 0.062037037037037036
1 0.7368283776734481 0.30787037037037035 0.027125717266562335 0.053703703703703705
1 0.5839853938445487 0.24768518518518517 0.020865936358894107 0.06666666666666667
1 0.5743348982785602 0.08796296296296297 0.02034428794992175 0.06296296296296296
1 0.7767344809598331 0.22407407407407406 0.02764736567553469 0.06481481481481481
1 0.5179968701095462 0.3453703703703704 0.016692749087115284 0.05
1 0.6622326551904016 0.22453703703703703 0.022430881585811163 0.06574074074074074
1 0.21987480438184664 0.18981481481481483 0.01617110067814293 0.04537037037037037
1 0.9653103808033385 0.31574074074074077 0.02034428794992175 0.06851851851851852
1 0.5404277516953573 0.25277777777777777 0.025039123630672927 0.07314814814814814
1 0.5083463745435577 0.2587962962962963 0.02556077203964528 0.06111111111111111
1 0.011476264997391758 0.2490740740740741 0.022952529994783515 0.06759259259259259
1 0.5459050599895671 0.9791666666666666 0.023995826812728223 0.03611111111111111
1 0.8226395409494001 0.26990740740740743 0.02190923317683881 0.05277777777777778
0 0.9624413145539906 0.6643518518518519 0.06259780907668232 0.06296296296296296
0 0.24308815858111632 0.6944444444444444 0.054773082942097026 0.058333333333333334