1 0.8197704747000522 0.41064814814814815 0.029212310902451747 0.06944444444444445
1 0.10589462702138759 0.7194444444444444 0.04225352112676056 0.06666666666666667
1 0.8802816901408451 0.6962962962962963 0.03390714658320292 0.058333333333333334
1 0.045122587376108504 0.3490740740740741 0.03547209181011998 0.06296296296296296
1 0.9619196661450182 0.03333333333333333 0.017214397496087636 0.06666666666666667
0 0.275169535732916 0.46620370370370373 0.030777256129368807 0.06111111111111111
0 0.0912884715701617 0.43333333333333335 0.03338549817423057 0.05740740740740741
0 0.8291601460615545 0.5319444444444444 0.053208137715179966 0.041666666666666664
1 0.6098069900886802 0.6018518518518519 0.02034428794992175 0.062037037037037036
1 0.5438184663536776 0.7564814814814815 0.026604068857589983 0.05277777777777778
1 0.9222743870631195 0.3972222222222222 0.024517475221700575 0.06018518518518518
1 0.9814814814814815 0.4013888888888889 0.028169014084507043 0.06944444444444445
0 0.7391757955138237 0.48935185185185187 0.03129890453834116 0.058333333333333334
1 0.3857589984350548 0.22592592592592592 0.02764736567553469 0.05462962962962963
1 0.30568596765779865 0.8148148148148148 0.03234220135628586 0.07592592592592592
1 0.4207094418362024 0.9064814814814814 0.022430881585811163 0.05648148148148148
1 0.6512780386019823 0.1935185185185185 0.02138758476786646 0.062037037037037036
0 0.4084507042253521 0.47685185185185186 0.054773082942097026 0.044444444444444446
1 0.4254042775169536 0.2601851851851852 0.02190923317683881 0.06296296296296296
0 0.8677621283255086 0.5953703703703703 0.056859676577986434 0.04351851851851852
1 0.8111632759520083 0.8574074074074074 0.03182055294731351 0.062037037037037036
0 0.9731351069379238 0.6212962962962963 0.03390714658320292 0.062037037037037036
1 0.764736567553469 0.3402777777777778 0.023995826812728223 0.06111111111111111
1 0.6661450182576943 0.33425925925925926 0.01773604590505999 0.07407407407407407
1 0.6713615023474179 0.8125 0.025039123630672927 0.058333333333333334
1 0.6092853416797078 0.25046296296296294 0.028169014084507043 0.06574074074074074
1 0.7037037037037037 0.1597222222222222 0.020865936358894107 0.058333333333333334
1 0.631716223265519 0.29953703703703705 0.024517475221700575 0.06388888888888888
1 0.11658841940532082 0.2949074074074074 0.030777256129368807 0.06111111111111111
1 0.012519561815336464 0.7046296296296296 0.025039123630672927 0.06481481481481481
1 0.46322378716744916 0.7939814814814815 0.02190923317683881 0.05555555555555555
1 0.275169535732916 0.35138888888888886 0.026604068857589983 0.07222222222222222
1 0.5521648408972353 0.19398148148148148 0.01564945226917058 0.06574074074074074
1 0.8813249869587898 0.29953703703703705 0.0297339593114241 0.06851851851851852
1 0.3268127282211789 0.28888888888888886 0.02608242044861763 0.062037037037037036
1 0.8510693792383933 0.3560185185185185 0.023474178403755867 0.06111111111111111
0 0.06807511737089202 0.5069444444444444 0.05529473135106938 0.04351851851851852
1 0.8114241001564946 0.3416666666666667 0.028690662493479395 0.06851851851851852
1 0.532603025560772 0.31296296296296294 0.02138758476786646 0.05
1 0.7227438706311946 0.09212962962962963 0.02138758476786646 0.062037037037037036
1 0.45305164319248825 0.3875 0.02764736567553469 0.06018518518518518
1 0.015388628064684403 0.2523148148148148 0.028690662493479395 0.06944444444444445
0 0.36254564423578506 0.55 0.04538341158059468 0.062037037037037036
1 0.2696922274387063 0.7240740740740741 0.028690662493479395 0.05185185185185185
1 0.30099113197704747 0.20462962962962963 0.022952529994783515 0.05092592592592592
1 0.9770474700052165 0.22175925925925927 0.02764736567553469 0.06759259259259259
1 0.940792905581638 0.2675925925925926 0.028169014084507043 0.07314814814814814
1 0.13823682837767345 0.1935185185185185 0.017214397496087636 0.05740740740740741
1 0.7295252999478351 0.21064814814814814 0.01773604590505999 0.06018518518518518
1 0.6087636932707355 0.6916666666666667 0.02556077203964528 0.06481481481481481
1 0.42331768388106417 0.36203703703703705 0.03129890453834116 0.062037037037037036
1 0.3489827856025039 0.03287037037037037 0.014606155451225874 0.04722222222222222
1 0.5049556598852374 0.2222222222222222 0.019300991131977047 0.06111111111111111
1 0.07694314032342202 0.24861111111111112 0.029212310902451747 0.058333333333333334
1 0.612415232133542 0.38564814814814813 0.027125717266562335 0.05740740740740741
1 0.2942097026604069 0.25833333333333336 0.0198226395409494 0.05277777777777778
1 0.2511737089201878 0.30324074074074076 0.026604068857589983 0.053703703703703705
1 0.015127803860198226 0.7893518518518519 0.029212310902451747 0.05462962962962963
1 0.900886802295253 0.2337962962962963 0.025039123630672927 0.075
1 0.3951486697965571 0.7912037037037037 0.03912363067292645 0.07222222222222222
1 0.7642149191444966 0.2763888888888889 0.030777256129368807 0.06851851851851852
1 0.5258215962441315 0.8287037037037037 0.02138758476786646 0.04537037037037037
1 0.40036515388628063 0.32083333333333336 0.01617110067814293 0.05648148148148148
1 0.2420448617631716 0.2671296296296296 0.018779342723004695 0.037037037037037035
1 0.8677621283255086 0.21574074074074073 0.02764736567553469 0.05555555555555555
1 0.16223265519040167 0.24953703703703703 0.02608242044861763 0.03148148148148148
1 0.9087115284298383 0.33194444444444443 0.023995826812728223 0.06851851851851852
1 0.7944705268648931 0.20555555555555555 0.028169014084507043 0.058333333333333334
1 0.8035993740219093 0.2875 0.024517475221700575 0.05648148148148148
1 0.9321857068335941 0.33287037037037037 0.02034428794992175 0.041666666666666664
0 0.9775691184141888 0.06620370370370371 0.030777256129368807 0.06759259259259259