0 0.17892540427751696 0.4699074074074074 0.0505998956703182 0.046296296296296294
0 0.301773604590506 0.42777777777777776 0.05216484089723526 0.04722222222222222
0 0.7631716223265519 0.44351851851851853 0.05738132498695879 0.04259259259259259
1 0.8291601460615545 0.8379629629629629 0.0198226395409494 0.05925925925925926
0 0.2775169535732916 0.5291666666666667 0.05581637976004173 0.053703703703703705
1 0.4295774647887324 0.17777777777777778 0.02138758476786646 0.06111111111111111
1 0.43557642149191445 0.6138888888888889 0.025039123630672927 0.05648148148148148
1 0.10615545122587376 0.1912037037037037 0.036515388628064686 0.05185185185185185
1 0.02764736567553469 0.29907407407407405 0.03755868544600939 0.06296296296296296
1 0.07537819509650495 0.7712962962962963 0.03495044340114763 0.06481481481481481
1 0.7923839332290037 0.5833333333333334 0.036515388628064686 0.06481481481481481
1 0.7451747522170057 0.5893518518518519 0.02608242044861763 0.06666666666666667
1 0.755868544600939 0.6666666666666666 0.0297339593114241 0.075
1 0.896452790818988 0.1699074074074074 0.026604068857589983 0.06296296296296296
1 0.08685446009389672 0.11666666666666667 0.0396452790818988 0.053703703703703705
1 0.023213354199269693 0.3675925925925926 0.036515388628064686 0.05740740740740741
0 0.5469483568075117 0.524074074074074 0.04747000521648409 0.05
0 0.6690140845070423 0.6796296296296296 0.044861763171622326 0.03981481481481482
1 0.018518518518518517 0.8333333333333334 0.022952529994783515 0.06296296296296296
1 0.7076160667709963 0.35694444444444445 0.025039123630672927 0.08518518518518518
1 0.7509128847157016 0.7712962962962963 0.0198226395409494 0.06018518518518518
1 0.8951486697965572 0.7111111111111111 0.023995826812728223 0.06111111111111111
1 0.6215440792905582 0.6421296296296296 0.02556077203964528 0.06296296296296296
1 0.3651538862806468 0.19768518518518519 0.018257694314032343 0.05462962962962963
0 0.37689097548252476 0.4828703703703704 0.04277516953573292 0.05555555555555555
0 0.061293688054251436 0.5902777777777778 0.03129890453834116 0.053703703703703705
0 0.08972352634324465 0.4976851851851852 0.04434011476264997 0.07222222222222222
1 0.36593635889410536 0.24814814814814815 0.0297339593114241 0.06111111111111111
1 0.647887323943662 0.7314814814814815 0.02608242044861763 0.062037037037037036
1 0.803338549817423 0.8685185185185185 0.02034428794992175 0.062037037037037036
1 0.5933750652060511 0.624537037037037 0.030777256129368807 0.04537037037037037
1 0.8492436098069901 0.6800925925925926 0.024517475221700575 0.06018518518518518
1 0.14788732394366197 0.7569444444444444 0.030777256129368807 0.06481481481481481
1 0.26291079812206575 0.7777777777777778 0.023995826812728223 0.058333333333333334
1 0.4840897235263432 0.17731481481481481 0.016692749087115284 0.04351851851851852
1 0.7822117892540428 0.06898148148148148 0.03599374021909233 0.06111111111111111
1 0.23943661971830985 0.6439814814814815 0.019300991131977047 0.06018518518518518
1 0.03755868544600939 0.6990740740740741 0.02764736567553469 0.05648148148148148
1 0.1562336984872196 0.7074074074074074 0.025039123630672927 0.049074074074074076
1 0.3635889410537298 0.11805555555555555 0.024517475221700575 0.06018518518518518
1 0.36384976525821594 0.637962962962963 0.0198226395409494 0.05740740740740741
1 0.0782472613458529 0.7050925925925926 0.026604068857589983 0.06111111111111111
1 0.4001043296817945 0.7296296296296296 0.03025560772039645 0.046296296296296294
1 0.9384454877412624 0.8662037037037037 0.03129890453834116 0.06759259259259259
1 0.08163797600417319 0.03611111111111111 0.04538341158059468 0.058333333333333334
1 0.3082942097026604 0.5912037037037037 0.026604068857589983 0.06481481481481481
1 0.3189880020865936 0.6986111111111111 0.03286384976525822 0.06481481481481481
1 0.803338549817423 0.6555555555555556 0.026604068857589983 0.07222222222222222
1 0.1950965049556599 0.8032407407407407 0.028169014084507043 0.05
1 0.454094940010433 0.7222222222222222 0.028169014084507043 0.06296296296296296
1 0.12728221178925403 0.8157407407407408 0.017214397496087636 0.053703703703703705
1 0.26708398539384454 0.6935185185185185 0.029212310902451747 0.06944444444444445
1 0.8930620761606677 0.5708333333333333 0.036515388628064686 0.04537037037037037
1 0.47861241523213355 0.7199074074074074 0.024517475221700575 0.06481481481481481
1 0.9603547209181011 0.053703703703703705 0.041731872717788214 0.05555555555555555
1 0.35185185185185186 0.15648148148148147 0.03547209181011998 0.04722222222222222
1 0.3586332811684924 0.7481481481481481 0.030777256129368807 0.06666666666666667
1 0.24021909233176839 0.7324074074074074 0.028690662493479395 0.05185185185185185
1 0.5941575378195096 0.5902777777777778 0.02764736567553469 0.05555555555555555
1 0.49634846113719355 0.6699074074074074 0.029212310902451747 0.03888888888888889
1 0.41653625456442356 0.6421296296296296 0.02190923317683881 0.053703703703703705
1 0.8951486697965572 0.5291666666666667 0.023474178403755867 0.05
1 0.6640584246218049 0.8263888888888888 0.029212310902451747 0.03888888888888889
1 0.23943661971830985 0.7898148148148149 0.02190923317683881 0.06111111111111111
1 0.554773082942097 0.33611111111111114 0.030777256129368807 0.06944444444444445
1 0.3202921231090245 0.8226851851851852 0.02138758476786646 0.06759259259259259
1 0.7266562336984872 0.8444444444444444 0.02764736567553469 0.03425925925925926
1 0.8745435576421492 0.24074074074074073 0.03547209181011998 0.05185185185185185
1 0.014345331246739697 0.4356481481481482 0.028690662493479395 0.05555555555555555
1 0.6664058424621805 0.7833333333333333 0.023995826812728223 0.053703703703703705
1 0.29447052686489306 0.7851851851851852 0.028690662493479395 0.05277777777777778
1 0.5156494522691706 0.9337962962962963 0.01617110067814293 0.07037037037037037
1 0.7271778821074596 0.8050925925925926 0.023995826812728223 0.05185185185185185
1 0.49608763693270735 0.7023148148148148 0.029212310902451747 0.03425925925925926
1 0.8993218570683359 0.7421296296296296 0.023474178403755867 0.040740740740740744
1 0.6885758998435054 0.625462962962963 0.02556077203964528 0.03518518518518519
1 0.5639019300991132 0.7763888888888889 0.019300991131977047 0.06481481481481481