1 0.9321857068335941 0.65 0.028169014084507043 0.049074074074074076
1 0.7600417318727178 0.6597222222222222 0.025039123630672927 0.07407407407407407
0 0.5818988002086594 0.5421296296296296 0.03129890453834116 0.05555555555555555
1 0.8716744913928013 0.6375 0.03442879499217527 0.06388888888888888
1 0.5996348461137193 0.6726851851851852 0.02034428794992175 0.058333333333333334
1 0.35941575378195095 0.6782407407407407 0.026604068857589983 0.06574074074074074
1 0.4227960354720918 0.6689814814814815 0.022430881585811163 0.06574074074074074
1 0.10850286906624934 0.6305555555555555 0.022952529994783515 0.053703703703703705
1 0.9684402712571727 0.7333333333333333 0.023995826812728223 0.06296296296296296
1 0.6632759520083463 0.6694444444444444 0.0198226395409494 0.053703703703703705
1 0.5401669274908711 0.6620370370370371 0.019300991131977047 0.06018518518518518
0 0.6945748565466875 0.5615740740740741 0.04903495044340115 0.04537037037037037
0 0.30359937402190923 0.37916666666666665 0.056859676577986434 0.05925925925925926
1 0.5083463745435577 0.7064814814814815 0.02034428794992175 0.05740740740740741
1 0.9024517475221701 0.6930555555555555 0.027125717266562335 0.06666666666666667
1 0.036515388628064686 0.7226851851851852 0.030777256129368807 0.06759259259259259
1 0.04094940010432968 0.5935185185185186 0.03547209181011998 0.06481481481481481
1 0.8907146583202922 0.7583333333333333 0.02608242044861763 0.06481481481481481
1 0.9264475743348983 0.8060185185185185 0.023474178403755867 0.058333333333333334
1 0.1366718831507564 0.09537037037037037 0.030777256129368807 0.06388888888888888
1 0.8419405320813772 0.6925925925925925 0.026604068857589983 0.06759259259259259
1 0.40375586854460094 0.8222222222222222 0.019300991131977047 0.07407407407407407
1 0.28664580073030776 0.8810185185185185 0.02556077203964528 0.06481481481481481
1 0.7652582159624414 0.7402777777777778 0.018779342723004695 0.058333333333333334
1 0.44966092853416795 0.7319444444444444 0.02034428794992175 0.05555555555555555
1 0.22665623369848723 0.6203703703703703 0.0297339593114241 0.05925925925925926
1 0.7295252999478351 0.6203703703703703 0.022430881585811163 0.04722222222222222
1 0.36958789775691187 0.7953703703703704 0.01773604590505999 0.06018518518518518
1 0.0683359415753782 0.8453703703703703 0.025039123630672927 0.06574074074074074
1 0.13928012519561817 0.7032407407407407 0.03182055294731351 0.06111111111111111
1 0.48982785602503914 0.026851851851851852 0.02608242044861763 0.04814814814814815
1 0.9225352112676056 0.737037037037037 0.02190923317683881 0.05462962962962963
1 0.8380281690140845 0.774537037037037 0.03129890453834116 0.06388888888888888
1 0.3302034428794992 0.7949074074074074 0.022430881585811163 0.06388888888888888
1 0.7013562858633281 0.7782407407407408 0.019300991131977047 0.06481481481481481
1 0.2300469483568075 0.6824074074074075 0.025039123630672927 0.06018518518518518
1 0.3002086593635889 0.8143518518518519 0.025039123630672927 0.05740740740740741
1 0.12415232133541992 0.7675925925925926 0.02190923317683881 0.058333333333333334
1 0.04381846635367762 0.8185185185185185 0.027125717266562335 0.040740740740740744
1 0.7423056859676578 0.11388888888888889 0.027125717266562335 0.06388888888888888
1 0.4843505477308294 0.17037037037037037 0.025039123630672927 0.05555555555555555
1 0.20500782472613457 0.7949074074074074 0.017214397496087636 0.06388888888888888
1 0.09181011997913406 0.8379629629629629 0.0198226395409494 0.05925925925925926
1 0.6778821074595722 0.08194444444444444 0.02608242044861763 0.06481481481481481
1 0.7370892018779343 0.7703703703703704 0.023474178403755867 0.06388888888888888
1 0.19092331768388107 0.8652777777777778 0.02608242044861763 0.06666666666666667
1 0.9900886802295253 0.7138888888888889 0.0198226395409494 0.06388888888888888
1 0.1322378716744914 0.8578703703703704 0.01617110067814293 0.06296296296296296
1 0.8847157016171101 0.14351851851851852 0.040166927490871154 0.07777777777777778
1 0.2037037037037037 0.7287037037037037 0.02608242044861763 0.06944444444444445
1 0.803338549817423 0.8106481481481481 0.015127803860198226 0.05185185185185185
1 0.51773604590506 0.7615740740740741 0.01773604590505999 0.05092592592592592
1 0.6387584767866458 0.8379629629629629 0.018257694314032343 0.05277777777777778
1 0.6731872717788211 0.7092592592592593 0.0297339593114241 0.03796296296296296
0 0.020083463745435577 0.4708333333333333 0.038601982263954095 0.05740740740740741
1 0.25143453312467395 0.8236111111111111 0.014606155451225874 0.05092592592592592
1 0.5633802816901409 0.749537037037037 0.024517475221700575 0.03425925925925926
1 0.45122587376108503 0.7754629629629629 0.028169014084507043 0.037037037037037035