0 0.187744140625 0.453717041015625 0.051666259765625 0.04661216735839844
1 0.146240234375 0.628790283203125 0.040679931640625 0.0606689453125
0 0.2391357421875 0.642657470703125 0.035003662109375 0.05029563903808594
1 0.70361328125 0.4092987060546875 0.03192138671875 0.08201141357421875
1 0.07794189453125 0.3776641845703125 0.029205322265625 0.05839385986328125
1 0.0216522216796875 0.8198974609375 0.035491943359375 0.0574188232421875
1 0.46240234375 0.384814453125 0.020721435546875 0.0591522216796875
1 0.03192138671875 0.603656005859375 0.0391845703125 0.06251068115234375
0 0.326904296875 0.590655517578125 0.03253173828125 0.07513198852539063
1 0.09417724609375 0.326312255859375 0.0333251953125 0.05601043701171875
0 0.476806640625 0.49835205078125 0.053802490234375 0.04401206970214844
0 0.09124755859375 0.4430999755859375 0.05072021484375 0.04650382995605469
0 0.43701171875 0.557720947265625 0.0276947021484375 0.0656524658203125
1 0.1246337890625 0.69942626953125 0.033477783203125 0.054439544677734375
0 0.5576171875 0.58155517578125 0.051177978515625 0.045203781127929686
1 0.6953125 0.159039306640625 0.016845703125 0.05953140258789062
0 0.1727294921875 0.540386962890625 0.050506591796875 0.04409332275390625
1 0.09686279296875 0.768328857421875 0.038604736328125 0.051839447021484374
1 0.873046875 0.14159698486328126 0.0193023681640625 0.065869140625
0 0.82080078125 0.4853515625 0.0521240234375 0.0452850341796875
1 0.90966796875 0.41861572265625 0.033843994140625 0.074969482421875
1 0.5908203125 0.3715972900390625 0.0273284912109375 0.05262489318847656
1 0.246337890625 0.287744140625 0.0237274169921875 0.0522186279296875
1 0.46142578125 0.7609619140625 0.02880859375 0.05094566345214844
1 0.92431640625 0.15513916015625 0.0206451416015625 0.06251068115234375
1 0.11981201171875 0.565521240234375 0.027740478515625 0.06251068115234375
1 0.199462890625 0.81123046875 0.026458740234375 0.05414161682128906
1 0.49365234375 0.799530029296875 0.0279083251953125 0.05213737487792969
1 0.42236328125 0.3135284423828125 0.0271148681640625 0.0647857666015625
1 0.200927734375 0.869732666015625 0.0305023193359375 0.05546875
1 0.173095703125 0.2888275146484375 0.03253173828125 0.06223983764648437
1 0.4228515625 0.401715087890625 0.0202484130859375 0.060289764404296876
1 0.1217041015625 0.738861083984375 0.03460693359375 0.05538749694824219
1 0.56982421875 0.27994384765625 0.019012451171875 0.06007308959960937
1 0.6748046875 0.67515869140625 0.0284881591796875 0.061589813232421874
0 0.135009765625 0.514385986328125 0.05224609375 0.04016609191894531
1 0.97705078125 0.840264892578125 0.034423828125 0.059856414794921875
1 0.95849609375 0.7748291015625 0.037261962890625 0.054872894287109376
1 0.0179901123046875 0.3013946533203125 0.03533935546875 0.07047348022460938
1 0.325439453125 0.269976806640625 0.0273284912109375 0.05232696533203125
1 0.94287109375 0.3299957275390625 0.03460693359375 0.05546875
1 0.60888671875 0.247442626953125 0.015899658203125 0.05644378662109375
1 0.98388671875 0.2844940185546875 0.030853271484375 0.0712860107421875
1 0.0325927734375 0.786529541015625 0.0411376953125 0.053329086303710936
1 0.2054443359375 0.181573486328125 0.021484375 0.0699859619140625
1 0.349853515625 0.221441650390625 0.027435302734375 0.061914825439453126
1 0.64599609375 0.2303253173828125 0.018096923828125 0.05232696533203125
1 0.8525390625 0.4114654541015625 0.0303802490234375 0.060506439208984374
1 0.720703125 0.0925201416015625 0.0164642333984375 0.062023162841796875
1 0.89501953125 0.352313232421875 0.029144287109375 0.07540283203125
1 0.798828125 0.64395751953125 0.03240966796875 0.08526153564453125
1 0.33544921875 0.37701416015625 0.0268096923828125 0.05202903747558594
0 0.7529296875 0.32847900390625 0.05059814453125 0.04300994873046875
1 0.52783203125 0.2485260009765625 0.02001953125 0.06451492309570313
1 0.453369140625 0.2602264404296875 0.0221099853515625 0.05029563903808594
1 0.274658203125 0.19338226318359375 0.020843505859375 0.06359405517578125
1 0.191162109375 0.95076904296875 0.0289306640625 0.05633544921875
1 0.0640869140625 0.19273223876953124 0.019866943359375 0.04536628723144531
1 0.177001953125 0.223175048828125 0.0312042236328125 0.06359405517578125
1 0.1253662109375 0.298577880859375 0.0276336669921875 0.052733230590820315
1 0.72802734375 0.3789642333984375 0.0229339599609375 0.06467742919921875
1 0.740234375 0.2706268310546875 0.0208892822265625 0.059748077392578126
1 0.83837890625 0.222308349609375 0.0252685546875 0.06299819946289062
1 0.673828125 0.0953369140625 0.0173797607421875 0.07556533813476562
1 0.4951171875 0.3663970947265625 0.0274810791015625 0.046341323852539064
1 0.09979248046875 0.18059844970703126 0.0203399658203125 0.038134765625
1 0.587890625 0.3356292724609375 0.029083251953125 0.038730621337890625
1 0.133544921875 0.20443267822265626 0.0272216796875 0.0582855224609375
1 0.457275390625 0.8875 0.033538818359375 0.048047637939453124
1 0.5458984375 0.22274169921875 0.0143890380859375 0.05086441040039062
1 0.78759765625 0.390447998046875 0.0310211181640625 0.05322074890136719
1 0.54443359375 0.3941314697265625 0.024383544921875 0.05527915954589844
1 0.873046875 0.94036865234375 0.038604736328125 0.0613189697265625
1 0.7509765625 0.17691497802734374 0.030670166015625 0.044607925415039065
1 0.75146484375 0.349713134765625 0.021209716796875 0.07020263671875
0 0.62744140625 0.53475341796875 0.03277587890625 0.050187301635742185
1 0.5654296875 0.2155914306640625 0.01473236083984375 0.03520965576171875
1 0.486328125 0.2827606201171875 0.030792236328125 0.050187301635742185
1 0.366943359375 0.3102783203125 0.0260009765625 0.07442779541015625
1 0.544921875 0.842431640625 0.02386474609375 0.06223983764648437
0 0.290771484375 0.43594970703125 0.0306243896484375 0.04712677001953125
1 0.7470703125 0.2201416015625 0.026458740234375 0.05403327941894531
1 0.2271728515625 0.19273223876953124 0.020965576171875 0.05311241149902344
1 0.6298828125 0.10394973754882812 0.01358795166015625 0.048047637939453124
1 0.81298828125 0.15243072509765626 0.0276947021484375 0.03962440490722656
1 0.5380859375 0.2860107421875 0.02001953125 0.06272735595703124
1 0.08648681640625 0.2688934326171875 0.0231475830078125 0.0496185302734375
1 0.8076171875 0.19164886474609374 0.0263519287109375 0.05465621948242187
1 0.87109375 0.37528076171875 0.020599365234375 0.06121063232421875
1 0.322998046875 0.17106475830078124 0.0143890380859375 0.052814483642578125
1 0.37646484375 0.22046661376953125 0.023651123046875 0.030496978759765626
1 0.64892578125 0.14029693603515625 0.02655029296875 0.036997222900390626
1 0.452880859375 0.72109375 0.033477783203125 0.04563713073730469