0 0.1815185546875 0.4709201388888889 0.0546875 0.04123263888888889
0 0.43310546875 0.3374565972222222 0.048858642578125 0.04226345486111111
0 0.337158203125 0.4177517361111111 0.05126953125 0.043158637152777776
0 0.392578125 0.4665798611111111 0.049041748046875 0.04234483506944445
0 0.61083984375 0.4086371527777778 0.0457763671875 0.04250759548611111
0 0.1705322265625 0.3324652777777778 0.04595947265625 0.042914496527777776
0 0.049591064453125 0.4878472222222222 0.0517578125 0.042426215277777776
0 0.50341796875 0.4526909722222222 0.04840087890625 0.043755425347222224
0 0.1048583984375 0.3513454861111111 0.043365478515625 0.06461588541666667
0 0.5166015625 0.5785590277777778 0.045867919921875 0.06559244791666667
0 0.5224609375 0.3969184027777778 0.04779052734375 0.046223958333333336
0 0.434326171875 0.6388888888888888 0.05242919921875 0.03895399305555555
0 0.0640869140625 0.5963541666666666 0.053314208984375 0.04001193576388889
0 0.50634765625 0.2951388888888889 0.0181884765625 0.049614800347222224
0 0.54931640625 0.146484375 0.0162811279296875 0.04641384548611111
0 0.7568359375 0.6666666666666666 0.050994873046875 0.05514865451388889