0 0.1684924360980699 0.5263888888888889 0.03390714658320292 0.06574074074074074
1 0.15258215962441316 0.6291666666666667 0.036515388628064686 0.06018518518518518
1 0.26943140323422016 0.6509259259259259 0.024517475221700575 0.05925925925925926
1 0.06781429316640585 0.6675925925925926 0.03495044340114763 0.05740740740740741
0 0.3601982263954095 0.5310185185185186 0.0495565988523735 0.044444444444444446
1 0.6684924360980699 0.41388888888888886 0.027125717266562335 0.06018518518518518
0 0.7300469483568075 0.5962962962962963 0.056338028169014086 0.04814814814814815
0 0.8487219613980177 0.3435185185185185 0.053208137715179966 0.040740740740740744
0 0.7099634846113719 0.5185185185185185 0.05581637976004173 0.04722222222222222
0 0.20865936358894105 0.4444444444444444 0.028169014084507043 0.06111111111111111
0 0.3755868544600939 0.4638888888888889 0.04747000521648409 0.04814814814814815
0 0.8531559728742827 0.5902777777777778 0.057902973395931145 0.044444444444444446
0 0.08894105372978613 0.49907407407407406 0.050078247261345854 0.049074074074074076
1 0.477829942618675 0.3347222222222222 0.023995826812728223 0.07222222222222222
0 0.6322378716744914 0.6296296296296297 0.044861763171622326 0.049074074074074076
0 0.6773604590505999 0.6708333333333333 0.03495044340114763 0.06296296296296296
1 0.306207616066771 0.8101851851851852 0.029212310902451747 0.05740740740740741
0 0.015910276473656754 0.5370370370370371 0.028169014084507043 0.05925925925925926
0 0.46739697443922795 0.5023148148148148 0.028690662493479395 0.05462962962962963
0 0.07355242566510173 0.42453703703703705 0.050078247261345854 0.04351851851851852
1 0.6617110067814294 0.2949074074074074 0.024517475221700575 0.07222222222222222
1 0.9334898278560251 0.22592592592592592 0.024517475221700575 0.06296296296296296
1 0.5555555555555556 0.25277777777777777 0.028690662493479395 0.06481481481481481
0 0.3995826812728221 0.5967592592592592 0.048513302034428794 0.044444444444444446
1 0.22300469483568075 0.687962962962963 0.03755868544600939 0.05277777777777778
1 0.8129890453834115 0.6819444444444445 0.022952529994783515 0.06388888888888888
1 0.28794992175273865 0.18888888888888888 0.02034428794992175 0.058333333333333334
1 0.9668753260302556 0.4300925925925926 0.03182055294731351 0.0712962962962963
1 0.018518518518518517 0.32685185185185184 0.03286384976525822 0.06388888888888888
1 0.19457485654668752 0.7611111111111111 0.02764736567553469 0.05648148148148148
1 0.7329160146061554 0.24675925925925926 0.026604068857589983 0.05740740740740741
1 0.5766823161189358 0.4134259259259259 0.02138758476786646 0.05925925925925926
1 0.1322378716744914 0.8282407407407407 0.03442879499217527 0.05
1 0.34376630151278037 0.2865740740740741 0.025039123630672927 0.05462962962962963
1 0.21413667188315075 0.37916666666666665 0.022952529994783515 0.06666666666666667
1 0.09050599895670318 0.3351851851851852 0.03599374021909233 0.06296296296296296
1 0.1233698487219614 0.30972222222222223 0.0297339593114241 0.06296296296296296
1 0.838810641627543 0.2861111111111111 0.022952529994783515 0.06296296296296296
0 0.5552947313510693 0.5032407407407408 0.02556077203964528 0.053703703703703705
1 0.5286906624934794 0.3439814814814815 0.018779342723004695 0.06666666666666667
1 0.059989567031820554 0.3013888888888889 0.0297339593114241 0.06018518518518518
1 0.27047470005216484 0.2740740740740741 0.028169014084507043 0.06111111111111111
1 0.44679186228482004 0.35694444444444445 0.016692749087115284 0.053703703703703705
1 0.015910276473656754 0.2791666666666667 0.03025560772039645 0.062037037037037036
1 0.08711528429838289 0.2712962962962963 0.0297339593114241 0.06481481481481481
1 0.09650495565988523 0.9185185185185185 0.03808033385498174 0.07222222222222222
1 0.32942097026604067 0.8694444444444445 0.03808033385498174 0.053703703703703705
1 0.21100678142931664 0.33240740740740743 0.020865936358894107 0.06666666666666667
1 0.2532603025560772 0.5648148148148148 0.037037037037037035 0.06574074074074074
1 0.2222222222222222 0.7236111111111111 0.027125717266562335 0.05462962962962963
1 0.279603547209181 0.23194444444444445 0.020865936358894107 0.06481481481481481
1 0.6640584246218049 0.8712962962962963 0.024517475221700575 0.05648148148148148
1 0.037037037037037035 0.24583333333333332 0.03599374021909233 0.058333333333333334
1 0.6259780907668232 0.7638888888888888 0.02608242044861763 0.05
1 0.9042775169535733 0.6671296296296296 0.02764736567553469 0.06574074074074074
1 0.672926447574335 0.12546296296296297 0.02034428794992175 0.06574074074074074
1 0.6773604590505999 0.18796296296296297 0.019300991131977047 0.06574074074074074
1 0.7699530516431925 0.18055555555555555 0.023474178403755867 0.05092592592592592
1 0.4131455399061033 0.2722222222222222 0.0297339593114241 0.058333333333333334
1 0.5571205007824727 0.7592592592592593 0.0297339593114241 0.05648148148148148
1 0.6275430359937402 0.3037037037037037 0.030777256129368807 0.06851851851851852
1 0.665623369848722 0.2310185185185185 0.020865936358894107 0.05185185185185185
1 0.8941053729786124 0.20324074074074075 0.028169014084507043 0.05555555555555555
1 0.8304642670839854 0.4287037037037037 0.03338549817423057 0.053703703703703705
1 0.5005216484089724 0.2847222222222222 0.02190923317683881 0.05462962962962963
1 0.18857589984350548 0.2412037037037037 0.018257694314032343 0.05462962962962963
1 0.550339071465832 0.4305555555555556 0.020865936358894107 0.062037037037037036
1 0.9827856025039123 0.6087962962962963 0.03286384976525822 0.05277777777777778
1 0.6366718831507564 0.25 0.024517475221700575 0.06296296296296296
1 0.8398539384454877 0.39351851851851855 0.019300991131977047 0.046296296296296294
1 0.2149191444966093 0.29074074074074074 0.020865936358894107 0.06759259259259259
1 0.31768388106416273 0.2222222222222222 0.01564945226917058 0.049074074074074076
1 0.08581116327595201 0.20416666666666666 0.02190923317683881 0.040740740740740744
1 0.8028169014084507 0.11481481481481481 0.01564945226917058 0.058333333333333334
1 0.5521648408972353 0.8907407407407407 0.03182055294731351 0.05462962962962963
1 0.6924882629107981 0.2671296296296296 0.017214397496087636 0.04814814814814815
1 0.30985915492957744 0.9412037037037037 0.03442879499217527 0.053703703703703705
1 0.989567031820553 0.35509259259259257 0.020865936358894107 0.05648148148148148
1 0.6014606155451225 0.2375 0.02034428794992175 0.06296296296296296
1 0.6864893062076161 0.3875 0.028169014084507043 0.05555555555555555
1 0.3635889410537298 0.1925925925925926 0.02608242044861763 0.0712962962962963
1 0.900886802295253 0.37916666666666665 0.022430881585811163 0.05277777777777778
1 0.7065727699530516 0.09351851851851851 0.028690662493479395 0.0787037037037037
1 0.8375065206051121 0.22870370370370371 0.02764736567553469 0.05925925925925926
1 0.6421491914449661 0.1574074074074074 0.015127803860198226 0.06574074074074074
1 0.8408972352634324 0.18518518518518517 0.03129890453834116 0.040740740740740744
1 0.6880542514345331 0.3458333333333333 0.028690662493479395 0.03796296296296296
1 0.9418362023995827 0.15138888888888888 0.023995826812728223 0.06388888888888888
1 0.6577986437141367 0.06944444444444445 0.020865936358894107 0.06296296296296296
1 0.6971830985915493 0.8101851851851852 0.02138758476786646 0.040740740740740744
1 0.2104851330203443 0.20046296296296295 0.022430881585811163 0.06296296296296296
1 0.7490871152842984 0.12268518518518519 0.02138758476786646 0.05277777777777778
1 0.43453312467396976 0.24861111111111112 0.024517475221700575 0.032407407407407406
0 0.21570161711006783 0.17916666666666667 0.06155451225873761 0.041666666666666664
1 0.1444966092853417 0.2013888888888889 0.020865936358894107 0.04537037037037037
1 0.4337506520605112 0.3958333333333333 0.016692749087115284 0.03888888888888889
1 0.905320813771518 0.34814814814814815 0.02556077203964528 0.03333333333333333
0 0.01069379238393323 0.4263888888888889 0.02138758476786646 0.028703703703703703
1 0.007303077725612937 0.14074074074074075 0.014606155451225874 0.07407407407407407
1 0.9019300991131977 0.16296296296296298 0.029212310902451747 0.03611111111111111
1 0.7451747522170057 0.08101851851851852 0.028690662493479395 0.04351851851851852
1 0.9736567553468962 0.055092592592592596 0.017214397496087636 0.06944444444444445
1 0.3158581116327595 0.18564814814814815 0.01617110067814293 0.046296296296296294
1 0.6191966614501826 0.26944444444444443 0.019300991131977047 0.058333333333333334
1 0.5492957746478874 0.8518518518518519 0.03442879499217527 0.053703703703703705