1 0.48826291079812206 0.6560185185185186 0.028690662493479395 0.06481481481481481
0 0.8082942097026604 0.4638888888888889 0.053208137715179966 0.04259259259259259
0 0.5599895670318206 0.45740740740740743 0.051643192488262914 0.04537037037037037
0 0.9264475743348983 0.5069444444444444 0.03234220135628586 0.06944444444444445
0 0.3841940532081377 0.5587962962962963 0.05112154407929056 0.044444444444444446
1 0.9650495565988524 0.22916666666666666 0.03338549817423057 0.06481481481481481
0 0.8028169014084507 0.5592592592592592 0.0505998956703182 0.04351851851851852
1 0.6165884194053208 0.8171296296296297 0.024517475221700575 0.06018518518518518
1 0.9848721961398018 0.4759259259259259 0.029212310902451747 0.07222222222222222
1 0.6757955138236829 0.3523148148148148 0.02138758476786646 0.05740740740740741
1 0.3286384976525822 0.6435185185185185 0.024517475221700575 0.0787037037037037
1 0.35654668753260305 0.3958333333333333 0.02608242044861763 0.07037037037037037
1 0.24960876369327073 0.4074074074074074 0.03286384976525822 0.06759259259259259
1 0.7350026082420449 0.4046296296296296 0.03495044340114763 0.062037037037037036
1 0.9366197183098591 0.8097222222222222 0.03442879499217527 0.05462962962962963
1 0.2861241523213354 0.3148148148148148 0.025039123630672927 0.07037037037037037
1 0.8015127803860198 0.35462962962962963 0.024517475221700575 0.05925925925925926
1 0.7749087115284299 0.30462962962962964 0.03129890453834116 0.06759259259259259
1 0.6129368805425144 0.38287037037037036 0.023474178403755867 0.05648148148148148
1 0.040166927490871154 0.7097222222222223 0.038601982263954095 0.05740740740740741
1 0.25299947835159103 0.9212962962962963 0.03495044340114763 0.06296296296296296
1 0.41836202399582684 0.35 0.027125717266562335 0.062037037037037036
0 0.7271778821074596 0.5097222222222222 0.04121022430881586 0.05185185185185185
1 0.576943140323422 0.2726851851851852 0.03129890453834116 0.06481481481481481
1 0.8826291079812206 0.2902777777777778 0.02556077203964528 0.05925925925925926
1 0.018518518518518517 0.3990740740740741 0.03338549817423057 0.1111111111111111
0 0.3633281168492436 0.3148148148148148 0.04329681794470527 0.037037037037037035
1 0.9598330725091289 0.8842592592592593 0.04121022430881586 0.05462962962962963
1 0.8862806468440271 0.23287037037037037 0.03599374021909233 0.05555555555555555
1 0.4194053208137715 0.1935185185185185 0.018779342723004695 0.08611111111111111
1 0.967396974439228 0.15601851851851853 0.029212310902451747 0.0787037037037037
1 0.7261345852895149 0.300462962962963 0.037037037037037035 0.06481481481481481
1 0.08894105372978613 0.13194444444444445 0.017214397496087636 0.06111111111111111
1 0.1411058946270214 0.8180555555555555 0.0297339593114241 0.06111111111111111
1 0.6711006781429316 0.20277777777777778 0.025039123630672927 0.06944444444444445
1 0.38810641627543035 0.26944444444444443 0.023474178403755867 0.06018518518518518
1 0.21726656233698488 0.12731481481481483 0.018779342723004695 0.06018518518518518
1 0.9608763693270735 0.2962962962962963 0.029212310902451747 0.06018518518518518
1 0.2856025039123631 0.2263888888888889 0.025039123630672927 0.05925925925925926
1 0.6880542514345331 0.7953703703703704 0.019300991131977047 0.044444444444444446
1 0.37741262389149716 0.3296296296296296 0.027125717266562335 0.07685185185185185
1 0.6799687010954617 0.2449074074074074 0.03025560772039645 0.06944444444444445
1 0.9898278560250391 0.29074074074074074 0.0198226395409494 0.06574074074074074
1 0.6343244653103808 0.2671296296296296 0.03025560772039645 0.046296296296296294
1 0.4736567553468962 0.0763888888888889 0.01564945226917058 0.075
1 0.45018257694314034 0.36574074074074076 0.03025560772039645 0.046296296296296294
1 0.20605112154407929 0.15925925925925927 0.01773604590505999 0.06111111111111111
1 0.7683881064162754 0.2222222222222222 0.028690662493479395 0.058333333333333334
1 0.14501825769431403 0.2902777777777778 0.027125717266562335 0.062037037037037036
1 0.5589462702138759 0.8162037037037037 0.01773604590505999 0.041666666666666664
0 0.5639019300991132 0.5407407407407407 0.037037037037037035 0.05555555555555555
1 0.6747522170057382 0.8865740740740741 0.03338549817423057 0.053703703703703705
1 0.3873239436619718 0.08425925925925926 0.01617110067814293 0.06388888888888888
1 0.2889932185706834 0.3962962962962963 0.017214397496087636 0.06481481481481481
1 0.08581116327595201 0.9402777777777778 0.040166927490871154 0.05925925925925926
1 0.5320813771517997 0.36203703703703705 0.023474178403755867 0.04722222222222222
1 0.2347417840375587 0.33796296296296297 0.026604068857589983 0.062037037037037036
1 0.5954616588419406 0.22546296296296298 0.027125717266562335 0.06296296296296296
1 0.9640062597809077 0.9601851851851851 0.04434011476264997 0.05925925925925926
1 0.035211267605633804 0.28703703703703703 0.03234220135628586 0.041666666666666664
1 0.4697443922796036 0.22546296296296298 0.014606155451225874 0.049074074074074076
1 0.6690140845070423 0.7537037037037037 0.0198226395409494 0.05462962962962963
1 0.6812728221178925 0.7212962962962963 0.03442879499217527 0.05
1 0.7960354720918101 0.26435185185185184 0.025039123630672927 0.053703703703703705
1 0.3072509128847157 0.15833333333333333 0.028169014084507043 0.037037037037037035
1 0.15832029212310902 0.7583333333333333 0.03442879499217527 0.05740740740740741
1 0.4473135106937924 0.399537037037037 0.027125717266562335 0.05555555555555555
1 0.539906103286385 0.32546296296296295 0.028690662493479395 0.040740740740740744
1 0.14684402712571726 0.4263888888888889 0.03599374021909233 0.04722222222222222
1 0.5516431924882629 0.27175925925925926 0.018257694314032343 0.04537037037037037
1 0.3667188315075639 0.1726851851851852 0.02764736567553469 0.03796296296296296
1 0.8369848721961398 0.19490740740740742 0.018257694314032343 0.04722222222222222
1 0.5451225873761085 0.2953703703703704 0.029212310902451747 0.03611111111111111
1 0.13928012519561817 0.25416666666666665 0.02190923317683881 0.03518518518518519
1 0.03182055294731351 0.24814814814814815 0.03547209181011998 0.04537037037037037
1 0.18544600938967137 0.32083333333333336 0.027125717266562335 0.05555555555555555