0 0.6854166666666667 0.5347222222222222 0.036458333333333336 0.06018518518518518
0 0.7192708333333333 0.6347222222222222 0.050520833333333334 0.044444444444444446
0 0.7828125 0.5444444444444444 0.04739583333333333 0.04351851851851852
0 0.6377604166666667 0.37824074074074077 0.04583333333333333 0.046296296296296294
0 0.86953125 0.5268518518518519 0.053125 0.04537037037037037
0 0.8794270833333333 0.775 0.05364583333333333 0.04722222222222222
0 0.6221354166666667 0.45694444444444443 0.0390625 0.06574074074074074
0 0.9385416666666667 0.29074074074074074 0.044270833333333336 0.03981481481481482
0 0.6044270833333333 0.3421296296296296 0.041666666666666664 0.041666666666666664
0 0.76953125 0.42453703703703705 0.04791666666666667 0.04722222222222222
0 0.8833333333333333 0.4671296296296296 0.0484375 0.041666666666666664
0 0.7114583333333333 0.31296296296296294 0.04479166666666667 0.040740740740740744
0 0.7934895833333333 0.3648148148148148 0.043229166666666666 0.046296296296296294
0 0.8223958333333333 0.6796296296296296 0.0515625 0.04537037037037037
0 0.046614583333333334 0.30787037037037035 0.04739583333333333 0.04537037037037037
0 0.8760416666666667 0.5842592592592593 0.05364583333333333 0.05
0 0.0171875 0.3907407407407407 0.033854166666666664 0.04351851851851852
0 0.9609375 0.40555555555555556 0.04375 0.04259259259259259