0 0.09869791666666666 0.5527777777777778 0.053125 0.044444444444444446
0 0.7549479166666667 0.36157407407407405 0.053125 0.04814814814814815
0 0.15833333333333333 0.6518518518518519 0.029166666666666667 0.049074074074074076
0 0.8799479166666667 0.513425925925926 0.05364583333333333 0.044444444444444446
0 0.8192708333333333 0.6666666666666666 0.0484375 0.03981481481481482
0 0.14635416666666667 0.6106481481481482 0.0515625 0.044444444444444446
0 0.39609375 0.6777777777777778 0.04791666666666667 0.041666666666666664
0 0.8721354166666667 0.2337962962962963 0.05572916666666667 0.05185185185185185
0 0.5057291666666667 0.837037037037037 0.03697916666666667 0.03796296296296296
0 0.5234375 0.6310185185185185 0.04739583333333333 0.044444444444444446
1 0.9721354166666667 0.7638888888888888 0.024479166666666666 0.06481481481481481