0 0.78125 0.34305555555555556 0.043229166666666666 0.06481481481481481
0 0.4119791666666667 0.32222222222222224 0.044270833333333336 0.04351851851851852
0 0.5119791666666667 0.41388888888888886 0.046875 0.044444444444444446
0 0.76796875 0.4689814814814815 0.04010416666666667 0.05185185185185185
0 0.29635416666666664 0.575 0.05 0.04814814814814815
0 0.040625 0.4986111111111111 0.05 0.06574074074074074
0 0.8828125 0.5986111111111111 0.049479166666666664 0.05925925925925926
0 0.7645833333333333 0.549537037037037 0.050520833333333334 0.05648148148148148
0 0.15286458333333333 0.5768518518518518 0.0515625 0.04259259259259259
0 0.20807291666666666 0.3472222222222222 0.0453125 0.041666666666666664
0 0.8729166666666667 0.2828703703703704 0.04114583333333333 0.06018518518518518
0 0.17630208333333333 0.425 0.0453125 0.04814814814814815
0 0.9114583333333334 0.4652777777777778 0.027604166666666666 0.05185185185185185