0 0.15153886280646844 0.4666666666666667 0.03547209181011998 0.05462962962962963
1 0.8286384976525821 0.5921296296296297 0.02190923317683881 0.06759259259259259
1 0.49504434011476267 0.7819444444444444 0.019300991131977047 0.06851851851851852
1 0.6439749608763693 0.5601851851851852 0.0198226395409494 0.06851851851851852
1 0.6098069900886802 0.1375 0.03495044340114763 0.05462962962962963
1 0.27543035993740217 0.5643518518518519 0.02556077203964528 0.06574074074074074
1 0.9629629629629629 0.5740740740740741 0.04747000521648409 0.07222222222222222
1 0.6718831507563902 0.6175925925925926 0.022430881585811163 0.05648148148148148
1 0.4016692749087115 0.6782407407407407 0.022952529994783515 0.06296296296296296
1 0.025039123630672927 0.6824074074074075 0.03234220135628586 0.05
1 0.18049034950443402 0.5796296296296296 0.0297339593114241 0.06481481481481481
1 0.6343244653103808 0.22407407407407406 0.027125717266562335 0.06018518518518518
0 0.6992696922274387 0.39351851851851855 0.05216484089723526 0.04722222222222222
0 0.9624413145539906 0.4060185185185185 0.057902973395931145 0.05092592592592592
0 0.7983828899321858 0.4125 0.05581637976004173 0.05
0 0.5151278038601982 0.5027777777777778 0.030777256129368807 0.06851851851851852
1 0.7446531038080334 0.6259259259259259 0.02190923317683881 0.06296296296296296
1 0.847678664580073 0.6949074074074074 0.023474178403755867 0.07222222222222222
1 0.631716223265519 0.6402777777777777 0.029212310902451747 0.06666666666666667
1 0.5858111632759521 0.03518518518518519 0.029212310902451747 0.05092592592592592
1 0.9535732916014606 0.6412037037037037 0.03547209181011998 0.06296296296296296
1 0.800208659363589 0.6203703703703703 0.022952529994783515 0.06296296296296296
1 0.9535732916014606 0.8087962962962963 0.02608242044861763 0.06388888888888888
0 0.09233176838810642 0.5287037037037037 0.05112154407929056 0.04259259259259259
1 0.7462180490349505 0.8490740740740741 0.03286384976525822 0.06481481481481481
1 0.5756390193009912 0.7587962962962963 0.017214397496087636 0.06666666666666667
1 0.06416275430359937 0.7305555555555555 0.03182055294731351 0.05648148148148148
1 0.41210224308815857 0.5828703703703704 0.03234220135628586 0.05925925925925926
1 0.7094418362023995 0.27546296296296297 0.028690662493479395 0.058333333333333334
1 0.3142931664058425 0.7166666666666667 0.023474178403755867 0.06388888888888888
1 0.647887323943662 0.07268518518518519 0.023474178403755867 0.05925925925925926
1 0.2039645279081899 0.24027777777777778 0.030777256129368807 0.04814814814814815
1 0.13693270735524257 0.7148148148148148 0.026604068857589983 0.06388888888888888
1 0.5273865414710485 0.725462962962963 0.023995826812728223 0.06111111111111111
0 0.5391236306729265 0.38657407407407407 0.04747000521648409 0.044444444444444446
1 0.7900365153886281 0.7875 0.022952529994783515 0.07407407407407407
1 0.10667709963484612 0.7625 0.025039123630672927 0.06018518518518518
1 0.8442879499217527 0.16064814814814815 0.0396452790818988 0.06018518518518518
1 0.5195618153364632 0.6523148148148148 0.02556077203964528 0.05925925925925926
1 0.8202921231090246 0.8324074074074074 0.0297339593114241 0.07777777777777778
1 0.7608242044861763 0.09351851851851851 0.03495044340114763 0.05648148148148148
1 0.6126760563380281 0.7087962962962963 0.017214397496087636 0.058333333333333334
1 0.20892018779342722 0.6902777777777778 0.025039123630672927 0.053703703703703705
1 0.3145539906103286 0.2 0.0198226395409494 0.044444444444444446
1 0.18309859154929578 0.7601851851851852 0.0198226395409494 0.06481481481481481
1 0.5834637454355764 0.6620370370370371 0.0198226395409494 0.044444444444444446
1 0.7725612936880543 0.20555555555555555 0.025039123630672927 0.04814814814814815
1 0.35472091810119977 0.7342592592592593 0.026604068857589983 0.05648148148148148
1 0.7743870631194575 0.324537037037037 0.03390714658320292 0.05185185185185185
1 0.603547209181012 0.8078703703703703 0.020865936358894107 0.05925925925925926
1 0.9238393322900366 0.6652777777777777 0.025039123630672927 0.05462962962962963
1 0.5743348982785602 0.8893518518518518 0.015127803860198226 0.06018518518518518
1 0.8852373500260824 0.7953703703703704 0.03182055294731351 0.06759259259259259
1 0.5391236306729265 0.562037037037037 0.023995826812728223 0.05462962962962963
1 0.3346374543557642 0.3125 0.02608242044861763 0.0712962962962963
1 0.03755868544600939 0.03611111111111111 0.036515388628064686 0.05092592592592592
1 0.2968179447052686 0.7986111111111112 0.023995826812728223 0.058333333333333334
1 0.5907668231611893 0.2601851851851852 0.03495044340114763 0.05555555555555555
1 0.4775691184141888 0.9342592592592592 0.01773604590505999 0.07037037037037037
1 0.31351069379238394 0.14953703703703702 0.036515388628064686 0.058333333333333334
1 0.14945226917057902 0.7791666666666667 0.018257694314032343 0.05277777777777778
1 0.7777777777777778 0.6731481481481482 0.025039123630672927 0.04722222222222222
1 0.9882629107981221 0.10231481481481482 0.02138758476786646 0.06388888888888888
1 0.4449660928534168 0.7611111111111111 0.02556077203964528 0.05462962962962963
1 0.6854460093896714 0.7069444444444445 0.022952529994783515 0.06018518518518518
1 0.3004694835680751 0.05277777777777778 0.028169014084507043 0.06388888888888888
1 0.6797078768909754 0.7458333333333333 0.03129890453834116 0.03796296296296296
1 0.23917579551382367 0.8032407407407407 0.026604068857589983 0.04814814814814815
1 0.9872196139801773 0.18981481481481483 0.02556077203964528 0.05555555555555555
0 0.9486176317162233 0.9037037037037037 0.03390714658320292 0.06944444444444445
1 0.9311424100156495 0.9337962962962963 0.01617110067814293 0.06666666666666667