0 0.631716223265519 0.48333333333333334 0.05216484089723526 0.04722222222222222
0 0.8740219092331768 0.4425925925925926 0.051643192488262914 0.041666666666666664
1 0.40923317683881066 0.29768518518518516 0.01773604590505999 0.05925925925925926
0 0.2378716744913928 0.6143518518518518 0.03182055294731351 0.062037037037037036
1 0.591810119979134 0.4060185185185185 0.018779342723004695 0.06759259259259259
1 0.27386541471048514 0.362962962962963 0.018257694314032343 0.06296296296296296
1 0.25482524778299426 0.30416666666666664 0.02608242044861763 0.062037037037037036
0 0.37845592070944184 0.6217592592592592 0.0495565988523735 0.044444444444444446
1 0.32759520083463745 0.2902777777777778 0.025039123630672927 0.05925925925925926
1 0.07224830464267085 0.5074074074074074 0.0297339593114241 0.06481481481481481
1 0.0980699008868023 0.39305555555555555 0.03129890453834116 0.08148148148148149
1 0.652321335419927 0.3162037037037037 0.026604068857589983 0.06481481481481481
0 0.5860719874804382 0.6601851851851852 0.046426708398539386 0.06296296296296296
0 0.11137193531559729 0.5375 0.036515388628064686 0.05648148148148148
0 0.770735524256651 0.6259259259259259 0.04538341158059468 0.06018518518518518
1 0.8677621283255086 0.32314814814814813 0.023474178403755867 0.06574074074074074
1 0.08841940532081377 0.47453703703703703 0.029212310902451747 0.06388888888888888
1 0.3758476786645801 0.26990740740740743 0.025039123630672927 0.05925925925925926
1 0.3448095983307251 0.3453703703703704 0.02608242044861763 0.06388888888888888
1 0.7099634846113719 0.30694444444444446 0.03025560772039645 0.06666666666666667
1 0.14345331246739698 0.43842592592592594 0.025039123630672927 0.06851851851851852
1 0.40923317683881066 0.36898148148148147 0.019300991131977047 0.06851851851851852
1 0.2334376630151278 0.41388888888888886 0.028169014084507043 0.06944444444444445
1 0.1298904538341158 0.3296296296296296 0.0396452790818988 0.09166666666666666
0 0.6421491914449661 0.5268518518518519 0.051643192488262914 0.04259259259259259
1 0.31977047470005215 0.39305555555555555 0.017214397496087636 0.06018518518518518
1 0.306207616066771 0.22314814814814815 0.0198226395409494 0.06388888888888888
1 0.7550860719874805 0.9638888888888889 0.038601982263954095 0.062037037037037036
1 0.7370892018779343 0.33935185185185185 0.020865936358894107 0.05925925925925926
1 0.6098069900886802 0.3421296296296296 0.02190923317683881 0.06481481481481481
0 0.15284298382889933 0.663425925925926 0.027125717266562335 0.06296296296296296
1 0.8912363067292645 0.35185185185185186 0.03286384976525822 0.06759259259259259
1 0.2621283255086072 0.9222222222222223 0.03390714658320292 0.053703703703703705
1 0.23187271778821075 0.19583333333333333 0.02556077203964528 0.06018518518518518
0 0.9611371935315597 0.5009259259259259 0.054773082942097026 0.044444444444444446
1 0.2094418362023996 0.26296296296296295 0.02190923317683881 0.07685185185185185
1 0.4478351591027647 0.3763888888888889 0.01564945226917058 0.06574074074074074
1 0.31690140845070425 0.7916666666666666 0.023995826812728223 0.053703703703703705
1 0.038601982263954095 0.3333333333333333 0.03182055294731351 0.062037037037037036
1 0.7879499217527387 0.2902777777777778 0.025039123630672927 0.06759259259259259
1 0.8093375065206051 0.24953703703703703 0.023474178403755867 0.06388888888888888
1 0.7276995305164319 0.38287037037037036 0.02608242044861763 0.07037037037037037
1 0.07459572248304643 0.21712962962962962 0.018779342723004695 0.05277777777777778
1 0.3841940532081377 0.3416666666666667 0.022952529994783515 0.06296296296296296
1 0.7696922274387064 0.2662037037037037 0.028169014084507043 0.06666666666666667
1 0.8513302034428795 0.27546296296296297 0.022952529994783515 0.07037037037037037
1 0.2524778299426187 0.8407407407407408 0.023995826812728223 0.053703703703703705
1 0.033646322378716745 0.2074074074074074 0.028169014084507043 0.06018518518518518
1 0.9227960354720918 0.3023148148148148 0.023995826812728223 0.053703703703703705
1 0.7978612415232134 0.3162037037037037 0.024517475221700575 0.05925925925925926
1 0.2347417840375587 0.8814814814814815 0.023474178403755867 0.053703703703703705
1 0.103547209181012 0.9680555555555556 0.03234220135628586 0.05555555555555555
0 0.9530516431924883 0.4537037037037037 0.04903495044340115 0.04259259259259259
1 0.2621283255086072 0.22870370370370371 0.02190923317683881 0.07037037037037037
1 0.9131455399061033 0.2763888888888889 0.023474178403755867 0.06018518518518518
1 0.9251434533124674 0.3819444444444444 0.0297339593114241 0.062037037037037036
1 0.7801251956181534 0.3541666666666667 0.03338549817423057 0.062037037037037036
1 0.5787689097548252 0.2847222222222222 0.02764736567553469 0.09074074074074075
0 0.1429316640584246 0.5939814814814814 0.06416275430359937 0.05
1 0.414188836724048 0.937962962962963 0.023995826812728223 0.06574074074074074
1 0.48278560250391234 0.31157407407407406 0.026604068857589983 0.075