1 0.7755208333333333 0.43425925925925923 0.024479166666666666 0.03425925925925926
0 0.6161458333333333 0.43842592592592594 0.035416666666666666 0.05185185185185185
0 0.46640625 0.6212962962962963 0.04739583333333333 0.046296296296296294
0 0.6669270833333333 0.6476851851851851 0.046875 0.04351851851851852
0 0.4440104166666667 0.5203703703703704 0.04895833333333333 0.04259259259259259
1 0.7947916666666667 0.40925925925925927 0.021875 0.07222222222222222
0 0.2955729166666667 0.4875 0.0265625 0.046296296296296294
0 0.6752604166666667 0.5143518518518518 0.0515625 0.06111111111111111
0 0.69375 0.7462962962962963 0.044270833333333336 0.04814814814814815
0 0.8375 0.6550925925925926 0.04375 0.07037037037037037
0 0.9799479166666667 0.6319444444444444 0.03854166666666667 0.046296296296296294
0 0.5682291666666667 0.9050925925925926 0.021875 0.06388888888888888