0 0.114990234375 0.4801513671875 0.05023193359375 0.044174575805664064
1 0.748046875 0.3529632568359375 0.0278472900390625 0.06576080322265625
0 0.403076171875 0.538653564453125 0.051544189453125 0.04704551696777344
0 0.93603515625 0.544287109375 0.05499267578125 0.0587188720703125
0 0.1966552734375 0.426849365234375 0.049774169921875 0.04173698425292969
1 0.475830078125 0.807330322265625 0.034423828125 0.05839385986328125
1 0.346923828125 0.8788330078125 0.03533935546875 0.059856414794921875
1 0.9765625 0.343646240234375 0.0225067138671875 0.06018142700195313
0 0.5244140625 0.593255615234375 0.05224609375 0.04972686767578125
1 0.1044921875 0.783062744140625 0.03759765625 0.059964752197265624
1 0.159912109375 0.6396240234375 0.03533935546875 0.05687713623046875
1 0.428466796875 0.3707305908203125 0.027008056640625 0.06500244140625
1 0.1915283203125 0.63529052734375 0.03424072265625 0.05232696533203125
0 0.6943359375 0.51221923828125 0.03875732421875 0.04934768676757813
1 0.232177734375 0.666925048828125 0.0316162109375 0.05579376220703125
0 0.52294921875 0.54862060546875 0.051544189453125 0.040464019775390624
0 0.7705078125 0.581988525390625 0.05340576171875 0.09203262329101562
1 0.68798828125 0.3538299560546875 0.0200653076171875 0.06673583984375
1 0.93115234375 0.18189849853515624 0.0311431884765625 0.07486114501953126
1 0.11102294921875 0.59542236328125 0.03289794921875 0.06917343139648438
1 0.1331787109375 0.89010009765625 0.03875732421875 0.06121063232421875
1 0.5849609375 0.3109283447265625 0.0220794677734375 0.06451492309570313
1 0.962890625 0.815130615234375 0.03759765625 0.05424995422363281
1 0.61181640625 0.77916259765625 0.0311431884765625 0.06662750244140625
1 0.259765625 0.77222900390625 0.029815673828125 0.05644378662109375
1 0.62255859375 0.866265869140625 0.027435302734375 0.058935546875
0 0.8203125 0.53822021484375 0.054412841796875 0.0496185302734375
1 0.2313232421875 0.20551605224609376 0.0212860107421875 0.063702392578125
1 0.7294921875 0.274310302734375 0.0271759033203125 0.06971511840820313
1 0.2666015625 0.71329345703125 0.023468017578125 0.06576080322265625
1 0.5341796875 0.3559967041015625 0.0321044921875 0.06251068115234375
1 0.441650390625 0.3044281005859375 0.0221099853515625 0.049049758911132814
1 0.97021484375 0.75836181640625 0.03460693359375 0.050756072998046874
1 0.0704345703125 0.20053253173828126 0.026763916015625 0.05806884765625
1 0.8759765625 0.867132568359375 0.0285491943359375 0.054872894287109376
1 0.58642578125 0.6430908203125 0.0208892822265625 0.068902587890625
1 0.31689453125 0.313311767578125 0.0273284912109375 0.06538162231445313
1 0.9560546875 0.967236328125 0.0352783203125 0.059748077392578126
1 0.6435546875 0.2563262939453125 0.0210113525390625 0.06538162231445313
1 0.9716796875 0.1488555908203125 0.02947998046875 0.0606689453125
1 0.80126953125 0.2420257568359375 0.022979736328125 0.06359405517578125
0 0.461669921875 0.475384521484375 0.048858642578125 0.03623886108398437
1 0.9521484375 0.3997650146484375 0.040252685546875 0.05882720947265625
1 0.1771240234375 0.2320587158203125 0.023773193359375 0.046774673461914065
1 0.1014404296875 0.94556884765625 0.0352783203125 0.057635498046875
1 0.14208984375 0.3276123046875 0.0278472900390625 0.05322074890136719
1 0.8837890625 0.14939727783203124 0.0222015380859375 0.060506439208984374
1 0.34912109375 0.6916259765625 0.021453857421875 0.04877891540527344
1 0.480712890625 0.3772308349609375 0.0196075439453125 0.07036514282226562
1 0.2939453125 0.23660888671875 0.026763916015625 0.059964752197265624
1 0.72998046875 0.45068359375 0.0242767333984375 0.05517082214355469
1 0.9580078125 0.880999755859375 0.03515625 0.063702392578125
1 0.255859375 0.3449462890625 0.03167724609375 0.06332321166992187
1 0.419677734375 0.75489501953125 0.020599365234375 0.05806884765625
1 0.91845703125 0.31201171875 0.0246124267578125 0.05538749694824219
1 0.10284423828125 0.2684600830078125 0.0273284912109375 0.06576080322265625
1 0.25146484375 0.8441650390625 0.03204345703125 0.0537353515625
0 0.2333984375 0.51915283203125 0.050811767578125 0.05527915954589844
1 0.6279296875 0.13011322021484376 0.015716552734375 0.05303115844726562
1 0.327880859375 0.252642822265625 0.0199127197265625 0.06527328491210938
1 0.95166015625 0.3256622314453125 0.0287017822265625 0.05731048583984375
1 0.1707763671875 0.281243896484375 0.0289306640625 0.05527915954589844
1 0.6044921875 0.2160247802734375 0.021331787109375 0.05839385986328125
1 0.4931640625 0.3325958251953125 0.018646240234375 0.05029563903808594
1 0.75341796875 0.13314666748046874 0.0180206298828125 0.0665191650390625
1 0.86083984375 0.16564788818359374 0.0186920166015625 0.06576080322265625
1 0.634765625 0.18969879150390626 0.022796630859375 0.05403327941894531
1 0.202392578125 0.317645263671875 0.0222015380859375 0.05154151916503906
1 0.4755859375 0.9135009765625 0.03326416015625 0.0574188232421875
1 0.2252197265625 0.2545928955078125 0.0238189697265625 0.06223983764648437
1 0.422607421875 0.716326904296875 0.0262603759765625 0.046422576904296874
1 0.24658203125 0.2979278564453125 0.02056884765625 0.050756072998046874
1 0.51953125 0.273443603515625 0.0162811279296875 0.054954147338867186
1 0.434326171875 0.267376708984375 0.03326416015625 0.046341323852539064
1 0.5048828125 0.2329254150390625 0.0160980224609375 0.054954147338867186
1 0.457275390625 0.4391998291015625 0.0201416015625 0.050756072998046874
0 0.65380859375 0.610589599609375 0.039276123046875 0.07090682983398437
1 0.106689453125 0.1752899169921875 0.0202484130859375 0.05424995422363281
1 0.87890625 0.3031280517578125 0.0222930908203125 0.03729515075683594
1 0.7744140625 0.28341064453125 0.0191192626953125 0.05232696533203125
1 0.91162109375 0.27041015625 0.0231475830078125 0.046422576904296874
1 0.95947265625 0.2875274658203125 0.0311431884765625 0.03580551147460938
1 0.98193359375 0.0673858642578125 0.017303466796875 0.07144851684570312
1 0.457275390625 0.953369140625 0.036224365234375 0.0606689453125
1 0.31982421875 0.20443267822265626 0.021942138671875 0.0522186279296875
1 0.5224609375 0.20334930419921876 0.0209197998046875 0.05202903747558594
1 0.6640625 0.10281219482421874 0.01374053955078125 0.05687713623046875
1 0.416259765625 0.3416961669921875 0.0290374755859375 0.03499298095703125
1 0.4853515625 0.2948944091796875 0.03204345703125 0.046341323852539064
1 0.42724609375 0.684259033203125 0.0248870849609375 0.036022186279296875
1 0.78759765625 0.974169921875 0.042572021484375 0.05029563903808594
1 0.953125 0.2424591064453125 0.033599853515625 0.039705657958984376
1 0.12054443359375 0.3068115234375 0.0292510986328125 0.04016609191894531
1 0.77392578125 0.248309326171875 0.0273284912109375 0.03686180114746094
1 0.88623046875 0.23487548828125 0.019561767578125 0.036645126342773435
1 0.8359375 0.20833282470703124 0.0196075439453125 0.063702392578125
1 0.53173828125 0.292510986328125 0.01953125 0.05644378662109375
1 0.26220703125 0.19338226318359375 0.015899658203125 0.044174575805664064