1 0.42775169535732915 0.5944444444444444 0.023995826812728223 0.05555555555555555
1 0.49426186750130413 0.05694444444444444 0.03286384976525822 0.05185185185185185
1 0.8348982785602503 0.7333333333333333 0.025039123630672927 0.06296296296296296
1 0.4853938445487741 0.1375 0.03025560772039645 0.053703703703703705
1 0.28377673448095986 0.8018518518518518 0.018779342723004695 0.05555555555555555
1 0.16901408450704225 0.8291666666666667 0.019300991131977047 0.058333333333333334
1 0.6400625978090767 0.7050925925925926 0.025039123630672927 0.04722222222222222
1 0.6131977047470005 0.7476851851851852 0.023995826812728223 0.06018518518518518
0 0.6763171622326551 0.4837962962962963 0.04747000521648409 0.046296296296296294
1 0.6377151799687011 0.31851851851851853 0.027125717266562335 0.062037037037037036
1 0.4050599895670318 0.7402777777777778 0.026604068857589983 0.06296296296296296
1 0.7290036515388628 0.5680555555555555 0.03286384976525822 0.06666666666666667
1 0.019561815336463225 0.3425925925925926 0.03912363067292645 0.06481481481481481
1 0.6791862284820032 0.6203703703703703 0.02764736567553469 0.06111111111111111
1 0.5010432968179447 0.7782407407407408 0.02190923317683881 0.05648148148148148
0 0.8604590505998957 0.42824074074074076 0.05894627021387585 0.04814814814814815
1 0.9311424100156495 0.675 0.026604068857589983 0.06851851851851852
1 0.27856025039123633 0.1875 0.03808033385498174 0.05925925925925926
0 0.9188836724047992 0.3537037037037037 0.057902973395931145 0.05277777777777778
1 0.10406885758998435 0.1574074074074074 0.036515388628064686 0.05277777777777778
1 0.49765258215962443 0.9351851851851852 0.01564945226917058 0.058333333333333334
1 0.9003651538862807 0.8069444444444445 0.022952529994783515 0.06296296296296296
1 0.25169535732916015 0.8185185185185185 0.01773604590505999 0.044444444444444446
1 0.7266562336984872 0.7287037037037037 0.023995826812728223 0.053703703703703705
1 0.9019300991131977 0.6203703703703703 0.03234220135628586 0.06296296296296296
1 0.9697443922796035 0.7805555555555556 0.023474178403755867 0.05925925925925926
1 0.4587897756911841 0.7398148148148148 0.01773604590505999 0.04722222222222222
1 0.6356285863328117 0.9027777777777778 0.01564945226917058 0.06759259259259259
1 0.9311424100156495 0.5319444444444444 0.03547209181011998 0.06851851851851852
1 0.16223265519040167 0.625462962962963 0.036515388628064686 0.06666666666666667
1 0.6846635367762128 0.5856481481481481 0.029212310902451747 0.06111111111111111
1 0.8275952008346374 0.8402777777777778 0.020865936358894107 0.06574074074074074
1 0.806207616066771 0.7694444444444445 0.023995826812728223 0.04537037037037037
1 0.7837767344809599 0.14814814814814814 0.025039123630672927 0.06759259259259259
1 0.847678664580073 0.6712962962962963 0.0297339593114241 0.06018518518518518
1 0.021648408972352633 0.7953703703703704 0.030777256129368807 0.06666666666666667
1 0.7660406885758998 0.7074074074074074 0.02556077203964528 0.06388888888888888
1 0.2649973917579551 0.7708333333333334 0.022952529994783515 0.06296296296296296
1 0.3776734480959833 0.6393518518518518 0.029212310902451747 0.05648148148148148
1 0.3489827856025039 0.6171296296296296 0.02764736567553469 0.06481481481481481
1 0.07563901930099114 0.674537037037037 0.03338549817423057 0.06018518518518518
1 0.6661450182576943 0.7125 0.02764736567553469 0.04814814814814815
1 0.591810119979134 0.8263888888888888 0.02138758476786646 0.07777777777777778
1 0.5023474178403756 0.7055555555555556 0.028690662493479395 0.06111111111111111
1 0.9413145539906104 0.725 0.030777256129368807 0.05648148148148148
1 0.640584246218049 0.6212962962962963 0.02034428794992175 0.06018518518518518
1 0.23056859676577987 0.4064814814814815 0.03025560772039645 0.06851851851851852
1 0.7709963484611372 0.6611111111111111 0.02608242044861763 0.06296296296296296
1 0.19744392279603548 0.6921296296296297 0.03129890453834116 0.06388888888888888
1 0.07642149191444966 0.33287037037037037 0.03390714658320292 0.05925925925925926
1 0.951225873761085 0.9449074074074074 0.016692749087115284 0.07037037037037037
1 0.7772561293688054 0.8523148148148149 0.017214397496087636 0.06388888888888888
1 0.6830985915492958 0.7888888888888889 0.025039123630672927 0.06574074074074074
1 0.1178925404277517 0.7791666666666667 0.025039123630672927 0.07407407407407407
1 0.863849765258216 0.7851851851851852 0.020865936358894107 0.05092592592592592
1 0.014345331246739697 0.7078703703703704 0.024517475221700575 0.062037037037037036
0 0.9199269692227439 0.4046296296296296 0.057902973395931145 0.04722222222222222
1 0.95565988523735 0.6356481481481482 0.028169014084507043 0.06296296296296296
1 0.4480959833072509 0.6657407407407407 0.022952529994783515 0.04351851851851852
1 0.9676577986437142 0.5958333333333333 0.029212310902451747 0.07407407407407407
1 0.3304642670839854 0.7273148148148149 0.02190923317683881 0.06111111111111111
1 0.7172665623369848 0.6421296296296296 0.029212310902451747 0.05555555555555555
1 0.6270213875847679 0.6564814814814814 0.02138758476786646 0.06018518518518518
1 0.8612415232133542 0.7 0.02608242044861763 0.05092592592592592
1 0.8946270213875848 0.5509259259259259 0.03286384976525822 0.062037037037037036
1 0.8242044861763171 0.5722222222222222 0.03547209181011998 0.06111111111111111
1 0.02608242044861763 0.6689814814814815 0.036515388628064686 0.06574074074074074
1 0.28977569118414187 0.736574074074074 0.02034428794992175 0.06944444444444445
1 0.8954094940010433 0.7166666666666667 0.029212310902451747 0.053703703703703705
1 0.5365153886280647 0.6916666666666667 0.02556077203964528 0.04351851851851852
1 0.30672926447574334 0.3509259259259259 0.026604068857589983 0.06296296296296296
0 0.9676577986437142 0.4162037037037037 0.04590505998956703 0.04814814814814815
1 0.3080333854981742 0.675 0.029212310902451747 0.062037037037037036
1 0.057902973395931145 0.750462962962963 0.030777256129368807 0.06296296296296296
1 0.9366197183098591 0.586574074074074 0.023474178403755867 0.06018518518518518
1 0.8834115805946792 0.6680555555555555 0.03338549817423057 0.05925925925925926
1 0.2136150234741784 0.8606481481481482 0.018257694314032343 0.06944444444444445
1 0.7423056859676578 0.7666666666666667 0.016692749087115284 0.05185185185185185
1 0.8364632237871674 0.49166666666666664 0.03390714658320292 0.05
1 0.6283255086071987 0.029166666666666667 0.023474178403755867 0.053703703703703705
0 0.9160146061554513 0.46944444444444444 0.053208137715179966 0.05
1 0.7991653625456442 0.3578703703703704 0.028169014084507043 0.06481481481481481
1 0.8685446009389671 0.3106481481481482 0.025039123630672927 0.04259259259259259
1 0.9679186228482003 0.20555555555555555 0.03182055294731351 0.05925925925925926