0 0.59228515625 0.5694444444444444 0.0489501953125 0.04334852430555555
0 0.8095703125 0.4242621527777778 0.04534912109375 0.04503038194444445
0 0.45947265625 0.4457465277777778 0.03875732421875 0.06342230902777778
0 0.52001953125 0.6271701388888888 0.04949951171875 0.04123263888888889
0 0.6572265625 0.3606770833333333 0.042327880859375 0.04519314236111111
0 0.495849609375 0.376953125 0.047607421875 0.043755425347222224
0 0.66748046875 0.4869791666666667 0.045013427734375 0.04226345486111111
0 0.5751953125 0.3046875 0.042327880859375 0.042182074652777776
0 0.84423828125 0.6119791666666666 0.05126953125 0.044677734375
0 0.6083984375 0.4320746527777778 0.046478271484375 0.042670355902777776
0 0.701171875 0.5264756944444444 0.049591064453125 0.042670355902777776
0 0.70458984375 0.5863715277777778 0.052703857421875 0.042426215277777776
0 0.439208984375 0.33984375 0.043609619140625 0.04163953993055555
0 0.61181640625 0.6770833333333334 0.052032470703125 0.04408094618055555
0 0.8154296875 0.2873263888888889 0.044677734375 0.04006618923611111
0 0.57861328125 0.7795138888888888 0.051666259765625 0.039849175347222224
0 0.5122767857142859 0.5330687830687834 0.05133928571428577 0.06349206349206347