1 0.5005216484089724 0.3560185185185185 0.03338549817423057 0.05277777777777778
0 0.028429838288993217 0.5046296296296297 0.05112154407929056 0.044444444444444446
0 0.7686489306207616 0.40694444444444444 0.05112154407929056 0.04351851851851852
0 0.47965571205007823 0.5125 0.04538341158059468 0.053703703703703705
1 0.9366197183098591 0.6680555555555555 0.03338549817423057 0.06481481481481481
1 0.6661450182576943 0.10138888888888889 0.03547209181011998 0.06111111111111111
0 0.9760041731872717 0.43796296296296294 0.046948356807511735 0.04351851851851852
1 0.4700052164840897 0.3726851851851852 0.030777256129368807 0.06481481481481481
1 0.7613458528951487 0.17083333333333334 0.036515388628064686 0.058333333333333334
1 0.44861763171622326 0.32222222222222224 0.029212310902451747 0.053703703703703705
0 0.7889932185706834 0.36898148148148147 0.054773082942097026 0.04722222222222222
1 0.2222222222222222 0.4074074074074074 0.02764736567553469 0.05925925925925926
0 0.12467396974439228 0.4615740740740741 0.058424621804903494 0.04351851851851852
0 0.29760041731872716 0.4949074074074074 0.05112154407929056 0.05092592592592592
1 0.33776734480959836 0.7027777777777777 0.02556077203964528 0.06111111111111111
1 0.8622848200312989 0.8273148148148148 0.023995826812728223 0.058333333333333334
0 0.5610328638497653 0.45740740740740743 0.0495565988523735 0.04259259259259259
1 0.6864893062076161 0.22083333333333333 0.02764736567553469 0.062037037037037036
1 0.8998435054773083 0.7106481481481481 0.023474178403755867 0.06574074074074074
1 0.47965571205007823 0.24675925925925926 0.02556077203964528 0.06388888888888888
1 0.34533124673969745 0.8004629629629629 0.022952529994783515 0.06018518518518518
0 0.37689097548252476 0.4777777777777778 0.028169014084507043 0.05740740740740741
1 0.6807511737089202 0.2828703703703704 0.028690662493479395 0.06574074074074074
1 0.03599374021909233 0.7777777777777778 0.023995826812728223 0.05925925925925926
1 0.23135106937923838 0.6574074074074074 0.03025560772039645 0.07222222222222222
1 0.4047991653625456 0.03194444444444444 0.03599374021909233 0.053703703703703705
1 0.903755868544601 0.10648148148148148 0.03182055294731351 0.05740740740740741
1 0.748565466875326 0.5555555555555556 0.03129890453834116 0.07407407407407407
1 0.028429838288993217 0.37592592592592594 0.03129890453834116 0.06481481481481481
1 0.30073030777256127 0.7912037037037037 0.023995826812728223 0.06018518518518518
1 0.08894105372978613 0.049074074074074076 0.030777256129368807 0.053703703703703705
1 0.6757955138236829 0.5546296296296296 0.02764736567553469 0.06759259259259259
1 0.9384454877412624 0.7212962962962963 0.025039123630672927 0.06296296296296296
1 0.909754825247783 0.8199074074074074 0.03286384976525822 0.06574074074074074
0 0.7616066770996348 0.47314814814814815 0.05425143453312467 0.03888888888888889
1 0.40714658320292124 0.40879629629629627 0.022430881585811163 0.06111111111111111
1 0.7621283255086072 0.7532407407407408 0.02764736567553469 0.05925925925925926
1 0.4538341158059468 0.736574074074074 0.020865936358894107 0.05277777777777778
1 0.1961398017736046 0.7222222222222222 0.029212310902451747 0.07037037037037037
1 0.8588941053729786 0.31574074074074077 0.0297339593114241 0.07407407407407407
1 0.6841418883672404 0.7055555555555556 0.02190923317683881 0.07222222222222222
1 0.942357850808555 0.1388888888888889 0.03338549817423057 0.06666666666666667
0 0.4671361502347418 0.4393518518518518 0.047991653625456446 0.04814814814814815
1 0.8453312467396974 0.6185185185185185 0.028169014084507043 0.062037037037037036
1 0.2775169535732916 0.712037037037037 0.022952529994783515 0.06481481481481481
1 0.17162232655190401 0.7805555555555556 0.028169014084507043 0.062037037037037036
1 0.4050599895670318 0.7430555555555556 0.024517475221700575 0.06296296296296296
1 0.6152842983828899 0.7712962962962963 0.0198226395409494 0.05740740740740741
1 0.38497652582159625 0.6074074074074074 0.024517475221700575 0.05277777777777778
1 0.414188836724048 0.09074074074074075 0.03129890453834116 0.06388888888888888
1 0.5331246739697444 0.15648148148148147 0.03025560772039645 0.06574074074074074
1 0.5633802816901409 0.7583333333333333 0.016692749087115284 0.05648148148148148
1 0.10172143974960876 0.7870370370370371 0.022952529994783515 0.05925925925925926
1 0.7652582159624414 0.05787037037037037 0.02764736567553469 0.05925925925925926
1 0.5498174230568597 0.6342592592592593 0.023474178403755867 0.06481481481481481
1 0.6585811163275952 0.762962962962963 0.02190923317683881 0.04722222222222222
1 0.5039123630672926 0.6884259259259259 0.02034428794992175 0.07222222222222222
1 0.8075117370892019 0.04814814814814815 0.03495044340114763 0.058333333333333334
1 0.06546687532603025 0.7379629629629629 0.022952529994783515 0.04814814814814815
1 0.23839332290036516 0.7763888888888889 0.028169014084507043 0.06666666666666667
1 0.008868022952529996 0.687037037037037 0.017214397496087636 0.06296296296296296
1 0.13823682837767345 0.7375 0.03338549817423057 0.06018518518518518
1 0.4765258215962441 0.6310185185185185 0.028169014084507043 0.046296296296296294
1 0.14814814814814814 0.6569444444444444 0.02138758476786646 0.044444444444444446
1 0.05112154407929056 0.6523148148148148 0.027125717266562335 0.04722222222222222
1 0.8041210224308816 0.6574074074074074 0.0198226395409494 0.06388888888888888
1 0.7250912884715701 0.850462962962963 0.019300991131977047 0.05740740740740741
1 0.9384454877412624 0.18101851851851852 0.03599374021909233 0.05
1 0.45122587376108503 0.6722222222222223 0.02138758476786646 0.06296296296296296
1 0.949660928534168 0.7550925925925925 0.02190923317683881 0.053703703703703705
1 0.6202399582681273 0.30277777777777776 0.018779342723004695 0.05740740740740741
1 0.594679186228482 0.6907407407407408 0.025039123630672927 0.06296296296296296
0 0.9780907668231612 0.3421296296296296 0.04381846635367762 0.06574074074074074
1 0.5331246739697444 0.21944444444444444 0.019300991131977047 0.05092592592592592
1 0.6011997913406364 0.6314814814814815 0.01773604590505999 0.06481481481481481
1 0.5581637976004173 0.6856481481481481 0.023474178403755867 0.06296296296296296
1 0.8677621283255086 0.7569444444444444 0.022952529994783515 0.05740740740740741
1 0.7417840375586855 0.6444444444444445 0.026604068857589983 0.044444444444444446
1 0.672926447574335 0.5879629629629629 0.028169014084507043 0.03888888888888889
0 0.06703182055294732 0.5824074074074074 0.050078247261345854 0.049074074074074076
1 0.532603025560772 0.9236111111111112 0.014084507042253521 0.06851851851851852
1 0.03260302556077204 0.6800925925925926 0.03129890453834116 0.041666666666666664
1 0.3351591027647366 0.16064814814814815 0.036515388628064686 0.06759259259259259
1 0.769170579029734 0.8708333333333333 0.026604068857589983 0.05648148148148148
1 0.905320813771518 0.06157407407407407 0.03547209181011998 0.053703703703703705
1 0.5380803338549818 0.7671296296296296 0.026604068857589983 0.06574074074074074
1 0.3745435576421492 0.6509259259259259 0.03025560772039645 0.03518518518518519
1 0.672926447574335 0.8564814814814815 0.0198226395409494 0.06388888888888888
1 0.7123109024517476 0.7379629629629629 0.017214397496087636 0.06296296296296296
1 0.7822117892540428 0.6162037037037037 0.02034428794992175 0.046296296296296294
1 0.7167449139280125 0.7833333333333333 0.020865936358894107 0.05185185185185185
1 0.053468961919666144 0.7731481481481481 0.028690662493479395 0.03796296296296296
1 0.7250912884715701 0.9004629629629629 0.01773604590505999 0.028703703703703703
1 0.7665623369848722 0.7 0.02034428794992175 0.046296296296296294
1 0.2608242044861763 0.8162037037037037 0.023995826812728223 0.049074074074074076
1 0.5834637454355764 0.7472222222222222 0.018257694314032343 0.041666666666666664
1 0.8320292123109024 0.6694444444444444 0.02138758476786646 0.03888888888888889