0 0.06285863328116849 0.6199074074074075 0.028169014084507043 0.06296296296296296
0 0.550339071465832 0.5217592592592593 0.0505998956703182 0.053703703703703705
1 0.3077725612936881 0.6509259259259259 0.025039123630672927 0.07685185185185185
1 0.09937402190923318 0.7245370370370371 0.028690662493479395 0.06666666666666667
1 0.16875326030255608 0.6884259259259259 0.03286384976525822 0.06388888888888888
1 0.35654668753260305 0.6305555555555555 0.018257694314032343 0.04537037037037037
1 0.1697965571205008 0.5976851851851852 0.03025560772039645 0.06388888888888888
0 0.4494001043296818 0.5467592592592593 0.0495565988523735 0.04814814814814815
1 0.17814293166405842 0.7532407407407408 0.027125717266562335 0.05648148148148148
1 0.346113719353156 0.7384259259259259 0.025039123630672927 0.05462962962962963
1 0.20735524256651017 0.6356481481481482 0.028169014084507043 0.06666666666666667
0 0.05033907146583203 0.5365740740740741 0.03286384976525822 0.05925925925925926
1 0.23213354199269692 0.6796296296296296 0.03547209181011998 0.06388888888888888
1 0.14580073030777257 0.6342592592592593 0.023995826812728223 0.05277777777777778
0 0.15023474178403756 0.37037037037037035 0.05894627021387585 0.06018518518518518
1 0.6987480438184663 0.7824074074074074 0.02190923317683881 0.06574074074074074
1 0.4700052164840897 0.6819444444444445 0.03025560772039645 0.058333333333333334
1 0.2269170579029734 0.7694444444444445 0.020865936358894107 0.062037037037037036
1 0.7274387063119457 0.662962962962963 0.0198226395409494 0.06759259259259259
1 0.4081898800208659 0.6675925925925926 0.02608242044861763 0.05925925925925926
1 0.5625978090766823 0.6995370370370371 0.02608242044861763 0.06296296296296296
1 0.8588941053729786 0.6083333333333333 0.03182055294731351 0.05740740740740741
1 0.44992175273865415 0.7148148148148148 0.019300991131977047 0.05925925925925926
1 0.49504434011476267 0.7574074074074074 0.023474178403755867 0.06296296296296296
1 0.5855503390714658 0.9189814814814815 0.02138758476786646 0.06666666666666667
1 0.14188836724047993 0.7412037037037037 0.02138758476786646 0.05277777777777778
1 0.9183620239958268 0.8050925925925926 0.023995826812728223 0.07037037037037037
1 0.6215440792905582 0.7273148148148149 0.019300991131977047 0.05462962962962963
1 0.3474178403755869 0.11157407407407408 0.03495044340114763 0.06388888888888888
1 0.6512780386019823 0.6518518518518519 0.019300991131977047 0.06574074074074074
1 0.9713093375065206 0.6222222222222222 0.03442879499217527 0.05092592592592592
1 0.6030255607720396 0.034722222222222224 0.03442879499217527 0.05555555555555555
1 0.7842983828899321 0.8560185185185185 0.02034428794992175 0.06018518518518518
1 0.1090245174752217 0.7805555555555556 0.02034428794992175 0.04814814814814815
1 0.8487219613980177 0.6689814814814815 0.02764736567553469 0.062037037037037036
1 0.9754825247782994 0.8226851851851852 0.030777256129368807 0.06481481481481481
1 0.31220657276995306 0.7162037037037037 0.02556077203964528 0.058333333333333334
1 0.4209702660406886 0.07962962962962963 0.03495044340114763 0.06388888888888888
1 0.6572769953051644 0.8013888888888889 0.0198226395409494 0.06666666666666667
1 0.8735002608242045 0.8453703703703703 0.02138758476786646 0.06296296296296296
1 0.7582159624413145 0.8175925925925925 0.020865936358894107 0.05740740740740741
1 0.7391757955138237 0.7875 0.018779342723004695 0.06388888888888888
1 0.14188836724047993 0.787962962962963 0.02138758476786646 0.041666666666666664
1 0.6001564945226917 0.8226851851851852 0.018257694314032343 0.06574074074074074
1 0.9530516431924883 0.7393518518518518 0.013041210224308816 0.03611111111111111
1 0.8281168492436098 0.8268518518518518 0.028690662493479395 0.0712962962962963
1 0.028429838288993217 0.6944444444444444 0.02608242044861763 0.04722222222222222
1 0.198226395409494 0.11990740740740741 0.04434011476264997 0.05740740740740741
1 0.9752217005738133 0.09259259259259259 0.04225352112676056 0.05648148148148148
1 0.5980699008868023 0.1398148148148148 0.0297339593114241 0.07962962962962963
1 0.40219092331768386 0.7041666666666667 0.030777256129368807 0.03425925925925926