1 0.3821074595722483 0.2574074074074074 0.025039123630672927 0.05462962962962963
1 0.7743870631194575 0.8347222222222223 0.027125717266562335 0.058333333333333334
0 0.5610328638497653 0.5171296296296296 0.029212310902451747 0.0712962962962963
1 0.7782994261867501 0.3458333333333333 0.0297339593114241 0.07222222222222222
1 0.5208659363588941 0.36574074074074076 0.017214397496087636 0.06481481481481481
0 0.17683881064162754 0.5472222222222223 0.05112154407929056 0.046296296296296294
1 0.9522691705790297 0.43703703703703706 0.028690662493479395 0.06666666666666667
0 0.13067292644757433 0.5027777777777778 0.054773082942097026 0.04351851851851852
1 0.5492957746478874 0.7708333333333334 0.019300991131977047 0.05185185185185185
1 0.7031820552947313 0.2601851851851852 0.023474178403755867 0.07222222222222222
1 0.4684402712571727 0.2337962962962963 0.019300991131977047 0.058333333333333334
0 0.30333854981742303 0.5324074074074074 0.054773082942097026 0.04814814814814815
1 0.956964006259781 0.03796296296296296 0.016692749087115284 0.06944444444444445
1 0.04094940010432968 0.3648148148148148 0.03808033385498174 0.07592592592592592
1 0.661189358372457 0.7893518518518519 0.02556077203964528 0.05277777777777778
0 0.37089201877934275 0.4925925925925926 0.0297339593114241 0.05925925925925926
1 0.739697443922796 0.30324074074074076 0.02190923317683881 0.06944444444444445
1 0.5318205529473136 0.9203703703703704 0.03286384976525822 0.05925925925925926
1 0.1531038080333855 0.35 0.02764736567553469 0.06759259259259259
1 0.11606677099634846 0.8097222222222222 0.03442879499217527 0.05
0 0.6776212832550861 0.49212962962962964 0.026604068857589983 0.053703703703703705
1 0.5375586854460094 0.34074074074074073 0.02556077203964528 0.06851851851851852
1 0.9141888367240479 0.8787037037037037 0.03755868544600939 0.06296296296296296
1 0.369848721961398 0.7537037037037037 0.0297339593114241 0.08148148148148149
1 0.03912363067292645 0.6611111111111111 0.036515388628064686 0.05925925925925926
1 0.495565988523735 0.3296296296296296 0.018779342723004695 0.06018518518518518
1 0.5654668753260302 0.3726851851851852 0.02034428794992175 0.06111111111111111
1 0.2167449139280125 0.29907407407407405 0.03234220135628586 0.062037037037037036
1 0.39906103286384975 0.8296296296296296 0.02556077203964528 0.07314814814814814
1 0.9676577986437142 0.31342592592592594 0.03495044340114763 0.06944444444444445
0 0.22065727699530516 0.40185185185185185 0.026604068857589983 0.05092592592592592
1 0.744131455399061 0.19907407407407407 0.025039123630672927 0.062037037037037036
1 0.20631194574856546 0.7319444444444444 0.03442879499217527 0.06574074074074074
1 0.9204486176317163 0.30324074074074076 0.0297339593114241 0.0712962962962963
1 0.414188836724048 0.29444444444444445 0.02138758476786646 0.06666666666666667
1 0.6958789775691184 0.7268518518518519 0.02190923317683881 0.06481481481481481
1 0.55320813771518 0.2050925925925926 0.020865936358894107 0.07592592592592592
0 0.1233698487219614 0.4587962962962963 0.056338028169014086 0.04259259259259259
1 0.3821074595722483 0.32175925925925924 0.028169014084507043 0.06111111111111111
1 0.220396452790819 0.19398148148148148 0.023474178403755867 0.062037037037037036
1 0.07198748043818466 0.32546296296296295 0.026604068857589983 0.05648148148148148
1 0.699791340636411 0.6148148148148148 0.020865936358894107 0.04722222222222222
1 0.10824204486176317 0.7277777777777777 0.02764736567553469 0.07314814814814814
1 0.041992696922274385 0.2953703703703704 0.028169014084507043 0.06296296296296296
1 0.986697965571205 0.7189814814814814 0.02556077203964528 0.062037037037037036
1 0.6210224308815858 0.31527777777777777 0.028169014084507043 0.04814814814814815
1 0.11032863849765258 0.2962962962962963 0.02556077203964528 0.05740740740740741
1 0.7464788732394366 0.5662037037037037 0.02608242044861763 0.06296296296296296
1 0.3667188315075639 0.36666666666666664 0.019300991131977047 0.07222222222222222
1 0.5985915492957746 0.2212962962962963 0.01773604590505999 0.06018518518518518
1 0.0980699008868023 0.25046296296296294 0.024517475221700575 0.053703703703703705
1 0.5172143974960877 0.2712962962962963 0.027125717266562335 0.0712962962962963
1 0.15023474178403756 0.2537037037037037 0.024517475221700575 0.062037037037037036
1 0.17370892018779344 0.21805555555555556 0.03495044340114763 0.07037037037037037
1 0.8695878977569118 0.35185185185185186 0.029212310902451747 0.05740740740740741
1 0.711528429838289 0.37546296296296294 0.019300991131977047 0.07685185185185185
1 0.07589984350547731 0.6050925925925926 0.03495044340114763 0.04814814814814815
1 0.8041210224308816 0.16574074074074074 0.02034428794992175 0.05925925925925926
1 0.8148148148148148 0.2222222222222222 0.02190923317683881 0.06111111111111111
1 0.08659363588941053 0.20324074074074075 0.02034428794992175 0.05740740740740741
1 0.5033907146583203 0.8078703703703703 0.03442879499217527 0.06481481481481481
1 0.9859154929577465 0.22592592592592592 0.02556077203964528 0.08055555555555556
1 0.6332811684924361 0.8458333333333333 0.03338549817423057 0.04351851851851852
1 0.9418362023995827 0.2222222222222222 0.020865936358894107 0.05092592592592592
1 0.01069379238393323 0.3148148148148148 0.02138758476786646 0.06296296296296296
1 0.8515910276473657 0.2851851851851852 0.028690662493479395 0.06481481481481481
1 0.6431924882629108 0.1587962962962963 0.022430881585811163 0.06481481481481481
1 0.5106937923839332 0.175 0.023474178403755867 0.06666666666666667
1 0.9522691705790297 0.3685185185185185 0.0297339593114241 0.06111111111111111
1 0.34089723526343246 0.28055555555555556 0.02034428794992175 0.04537037037037037
1 0.8881064162754304 0.29768518518518516 0.03390714658320292 0.05555555555555555
1 0.3489827856025039 0.31712962962962965 0.022952529994783515 0.05462962962962963
1 0.8828899321857069 0.21435185185185185 0.028169014084507043 0.06111111111111111
1 0.2509128847157016 0.24675925925925926 0.020865936358894107 0.03148148148148148
0 0.986697965571205 0.5212962962962963 0.02556077203964528 0.040740740740740744