1 0.08841940532081377 0.6800925925925926 0.03129890453834116 0.06296296296296296
1 0.5271257172665623 0.6851851851851852 0.02556077203964528 0.06666666666666667
1 0.45018257694314034 0.6259259259259259 0.018257694314032343 0.06759259259259259
1 0.6924882629107981 0.6851851851851852 0.028690662493479395 0.06388888888888888
0 0.5412102243088158 0.4060185185185185 0.0297339593114241 0.05740740740740741
1 0.4522691705790297 0.6967592592592593 0.01773604590505999 0.06574074074074074
1 0.13041210224308816 0.6087962962962963 0.029212310902451747 0.08055555555555556
1 0.27829942618675013 0.6032407407407407 0.019300991131977047 0.046296296296296294
1 0.12206572769953052 0.4912037037037037 0.03182055294731351 0.07037037037037037
1 0.4590505998956703 0.05694444444444444 0.020865936358894107 0.05740740740740741
1 0.6455399061032864 0.5921296296296297 0.022430881585811163 0.06759259259259259
1 0.3226395409494001 0.6388888888888888 0.022952529994783515 0.062037037037037036
1 0.42618675013041213 0.663425925925926 0.019300991131977047 0.06296296296296296
1 0.3646322378716745 0.7018518518518518 0.018257694314032343 0.05648148148148148
1 0.14006259780907668 0.5287037037037037 0.026604068857589983 0.062037037037037036
1 0.29003651538862807 0.6921296296296297 0.02608242044861763 0.05925925925925926
1 0.6507563901930099 0.6615740740740741 0.023995826812728223 0.06296296296296296
0 0.10302556077203964 0.41064814814814815 0.0495565988523735 0.046296296296296294
1 0.34324465310380803 0.7731481481481481 0.023995826812728223 0.06666666666666667
1 0.8080333854981743 0.0412037037037037 0.04225352112676056 0.062037037037037036
0 0.31872717788210747 0.35 0.050078247261345854 0.049074074074074076
0 0.3935837245696401 0.42083333333333334 0.030777256129368807 0.05648148148148148
1 0.37063119457485655 0.6138888888888889 0.015127803860198226 0.028703703703703703
0 0.7188315075639019 0.337037037037037 0.04747000521648409 0.06296296296296296
0 0.9118414188836724 0.3800925925925926 0.047991653625456446 0.062037037037037036
0 0.22848200312989045 0.4810185185185185 0.030777256129368807 0.05555555555555555
1 0.2587376108502869 0.8078703703703703 0.025039123630672927 0.05462962962962963
1 0.7730829420970265 0.6523148148148148 0.028690662493479395 0.06574074074074074
0 0.022952529994783515 0.4074074074074074 0.04277516953573292 0.05555555555555555
1 0.7785602503912363 0.6162037037037037 0.022430881585811163 0.06666666666666667
1 0.0297339593114241 0.5986111111111111 0.03338549817423057 0.06666666666666667
1 0.30907668231611896 0.0787037037037037 0.030777256129368807 0.05555555555555555
1 0.2798643714136672 0.5699074074074074 0.029212310902451747 0.06481481481481481
1 0.28325508607198746 0.7180555555555556 0.022952529994783515 0.06481481481481481
1 0.0693792383933229 0.7912037037037037 0.03129890453834116 0.05740740740740741
1 0.6158059467918623 0.6995370370370371 0.026604068857589983 0.06481481481481481
0 0.7394366197183099 0.5115740740740741 0.029212310902451747 0.06851851851851852
1 0.24752217005738134 0.7388888888888889 0.022952529994783515 0.07777777777777778
1 0.40923317683881066 0.7337962962962963 0.022952529994783515 0.06018518518518518
1 0.8886280646844027 0.7148148148148148 0.027125717266562335 0.08888888888888889
1 0.9001043296817944 0.6712962962962963 0.026604068857589983 0.058333333333333334
1 0.11919666145018258 0.7921296296296296 0.024517475221700575 0.05185185185185185
1 0.2994261867501304 0.775 0.026604068857589983 0.06851851851851852
0 0.7464788732394366 0.47685185185185186 0.0505998956703182 0.04351851851851852
1 0.8176838810641628 0.6407407407407407 0.03025560772039645 0.06018518518518518
1 0.1684924360980699 0.6699074074074074 0.03912363067292645 0.09537037037037037
1 0.10928534167970788 0.7657407407407407 0.02608242044861763 0.06388888888888888
1 0.8312467396974439 0.6810185185185185 0.029212310902451747 0.06296296296296296
1 0.8479394887845592 0.7523148148148148 0.026604068857589983 0.06388888888888888
1 0.7506520605112155 0.7208333333333333 0.02608242044861763 0.06944444444444445
1 0.8030777256129369 0.7356481481481482 0.029212310902451747 0.07037037037037037
0 0.06651017214397496 0.3490740740740741 0.04277516953573292 0.05277777777777778
0 0.2553468961919666 0.4162037037037037 0.05425143453312467 0.049074074074074076
1 0.9567031820552947 0.7032407407407407 0.022952529994783515 0.06018518518518518
1 0.8286384976525821 0.7143518518518519 0.02138758476786646 0.06388888888888888
1 0.28038601982263955 0.11805555555555555 0.02138758476786646 0.053703703703703705
1 0.16118935837245696 0.03518518518518519 0.030777256129368807 0.05925925925925926
1 0.36724047991653624 0.2175925925925926 0.019300991131977047 0.05462962962962963
1 0.4947835159102765 0.6296296296296297 0.015127803860198226 0.06851851851851852
1 0.9713093375065206 0.611574074074074 0.030777256129368807 0.08055555555555556
1 0.9324465310380803 0.6435185185185185 0.03599374021909233 0.06296296296296296
1 0.9731351069379238 0.6541666666666667 0.03182055294731351 0.05185185185185185
1 0.9874804381846636 0.5601851851851852 0.025039123630672927 0.05648148148148148