0 0.2294921875 0.458917236328125 0.05059814453125 0.048968505859375
1 0.09893798828125 0.3733306884765625 0.033203125 0.06711502075195312
0 0.599609375 0.580255126953125 0.050994873046875 0.045122528076171876
0 0.5126953125 0.500518798828125 0.0531005859375 0.047939300537109375
1 0.85302734375 0.224041748046875 0.0276947021484375 0.060289764404296876
0 0.3046875 0.6517578125 0.0386962890625 0.06142730712890625
1 0.1639404296875 0.628790283203125 0.03875732421875 0.060289764404296876
1 0.1435546875 0.55902099609375 0.03216552734375 0.07090682983398437
1 0.222900390625 0.870599365234375 0.0311431884765625 0.056768798828125
0 0.87548828125 0.484918212890625 0.0330810546875 0.05861053466796875
1 0.0369873046875 0.63182373046875 0.041534423828125 0.05963973999023438
1 0.05242919921875 0.59888916015625 0.041473388671875 0.0565521240234375
0 0.1312255859375 0.445050048828125 0.0496826171875 0.046774673461914065
1 0.6171875 0.2541595458984375 0.0240020751953125 0.04988937377929688
0 0.1688232421875 0.514385986328125 0.04913330078125 0.04062652587890625
1 0.69677734375 0.67342529296875 0.021575927734375 0.062023162841796875
0 0.479736328125 0.57462158203125 0.052825927734375 0.05037689208984375
1 0.2183837890625 0.812530517578125 0.0284881591796875 0.0574188232421875
1 0.2607421875 0.2860107421875 0.0276336669921875 0.046341323852539064
1 0.56494140625 0.396514892578125 0.0283355712890625 0.05384368896484375
0 0.68408203125 0.538653564453125 0.0323486328125 0.05262489318847656
1 0.11297607421875 0.76529541015625 0.03515625 0.05465621948242187
1 0.93798828125 0.156005859375 0.027801513671875 0.06343154907226563
1 0.92333984375 0.4209991455078125 0.039703369140625 0.0730194091796875
1 0.8798828125 0.14473876953125 0.0276947021484375 0.06489410400390624
1 0.435302734375 0.315911865234375 0.0200958251953125 0.0606689453125
1 0.1917724609375 0.2233917236328125 0.0240020751953125 0.06180648803710938
1 0.11029052734375 0.3299957275390625 0.027587890625 0.06402740478515626
1 0.51318359375 0.796063232421875 0.0203704833984375 0.05414161682128906
1 0.5849609375 0.2853607177734375 0.01666259765625 0.06180648803710938
1 0.480224609375 0.3889312744140625 0.0196380615234375 0.053924942016601564
1 0.43994140625 0.4036651611328125 0.0184783935546875 0.0613189697265625
0 0.0115509033203125 0.4170989990234375 0.023284912109375 0.059964752197265624
1 0.0411376953125 0.308544921875 0.0330810546875 0.05926055908203125
0 0.7705078125 0.332379150390625 0.050994873046875 0.04124946594238281
1 0.9130859375 0.37008056640625 0.024658203125 0.0582855224609375
1 0.041839599609375 0.819464111328125 0.03985595703125 0.0565521240234375
1 0.351318359375 0.348846435546875 0.0189056396484375 0.054439544677734375
1 0.46728515625 0.26087646484375 0.0185394287109375 0.0504852294921875
1 0.1842041015625 0.2870941162109375 0.023773193359375 0.06142730712890625
1 0.4228515625 0.2749603271484375 0.01861572265625 0.06142730712890625
1 0.6064453125 0.3720306396484375 0.0211181640625 0.05143318176269531
1 0.888671875 0.3793975830078125 0.02203369140625 0.0587188720703125
1 0.141845703125 0.701593017578125 0.03790283203125 0.05633544921875
0 0.2047119140625 0.54862060546875 0.04638671875 0.0426849365234375
1 0.81591796875 0.65782470703125 0.0330810546875 0.07540283203125
1 0.7431640625 0.3811309814453125 0.0190582275390625 0.061102294921875
1 0.38330078125 0.314178466796875 0.024993896484375 0.0734527587890625
1 0.56005859375 0.2294586181640625 0.014556884765625 0.05384368896484375
1 0.47314453125 0.88836669921875 0.0232391357421875 0.0448516845703125
1 0.2113037109375 0.94903564453125 0.030731201171875 0.05774383544921875
1 0.3642578125 0.2270751953125 0.0236053466796875 0.04626007080078125
1 0.9619140625 0.330645751953125 0.03271484375 0.055062484741210935
1 0.1375732421875 0.73756103515625 0.0313720703125 0.05384368896484375
1 0.97216796875 0.776129150390625 0.037750244140625 0.05303115844726562
1 0.29052734375 0.19403228759765626 0.028106689453125 0.0613189697265625
1 0.3408203125 0.269976806640625 0.0272216796875 0.05124359130859375
1 0.763671875 0.3611968994140625 0.02423095703125 0.053329086303710936
1 0.1435546875 0.20941619873046874 0.020599365234375 0.0461517333984375
1 0.7001953125 0.1861236572265625 0.024566650390625 0.07074432373046875
1 0.55126953125 0.2892608642578125 0.03033447265625 0.06007308959960937
0 0.3310546875 0.4420166015625 0.0297088623046875 0.04626007080078125
1 0.87060546875 0.4157989501953125 0.0229339599609375 0.06240234375
1 0.806640625 0.390447998046875 0.024383544921875 0.0522186279296875
1 0.57958984375 0.21526641845703126 0.0127716064453125 0.0561187744140625
1 0.98974609375 0.8476318359375 0.020721435546875 0.0574188232421875
1 0.888671875 0.94383544921875 0.038604736328125 0.06700668334960938
1 0.1124267578125 0.1765899658203125 0.0216522216796875 0.04766845703125
1 0.505859375 0.3637969970703125 0.0164031982421875 0.041411972045898436
1 0.5595703125 0.849798583984375 0.0182952880859375 0.059748077392578126
1 0.76416015625 0.17778167724609376 0.029754638671875 0.04319953918457031
0 0.358642578125 0.6084228515625 0.050994873046875 0.05796051025390625
1 0.76416015625 0.22046661376953125 0.024932861328125 0.05579376220703125
1 0.1395263671875 0.3026947021484375 0.02886962890625 0.05311241149902344
1 0.75439453125 0.2732269287109375 0.025909423828125 0.061102294921875
1 0.0144500732421875 0.21580810546875 0.0287628173828125 0.06251068115234375
1 0.38818359375 0.21049957275390624 0.0165252685546875 0.041168212890625
1 0.10577392578125 0.2745269775390625 0.0247039794921875 0.06500244140625
1 0.60205078125 0.334979248046875 0.029083251953125 0.03672637939453125
1 0.73095703125 0.0942535400390625 0.02044677734375 0.062023162841796875
1 0.82666015625 0.15048065185546874 0.0276947021484375 0.03837852478027344
1 0.2548828125 0.244842529296875 0.02801513671875 0.04300994873046875
1 0.822265625 0.18969879150390626 0.022369384765625 0.05633544921875
1 0.60400390625 0.814697265625 0.03228759765625 0.04915809631347656
1 0.11474609375 0.1334716796875 0.0131683349609375 0.05232696533203125
1 0.6767578125 0.11516265869140625 0.0173797607421875 0.05963973999023438
1 0.219970703125 0.18319854736328126 0.024993896484375 0.06841506958007812
1 0.5009765625 0.28341064453125 0.0302734375 0.0483184814453125
1 0.328369140625 0.18839874267578124 0.0154876708984375 0.044255828857421874
1 0.4765625 0.757928466796875 0.0236053466796875 0.05311241149902344
1 0.5966796875 0.06240234375 0.0153045654296875 0.04328079223632812
1 0.1019287109375 0.2450592041015625 0.0210418701171875 0.0379180908203125
1 0.642578125 0.09799118041992187 0.01137542724609375 0.0686859130859375
1 0.4658203125 0.725860595703125 0.0333251953125 0.05086441040039062