1 0.18622848200312989 0.65 0.04329681794470527 0.10277777777777777
0 0.33202921231090243 0.34814814814814815 0.05738132498695879 0.04722222222222222
1 0.5386019822639541 0.7037037037037037 0.029212310902451747 0.05
1 0.8085550339071466 0.7675925925925926 0.0198226395409494 0.06851851851851852
1 0.7451747522170057 0.6407407407407407 0.03182055294731351 0.06111111111111111
0 0.6697965571205008 0.3282407407407407 0.051643192488262914 0.06666666666666667
0 0.4681794470526865 0.5458333333333333 0.050078247261345854 0.04537037037037037
0 0.1554512258737611 0.36157407407407405 0.05425143453312467 0.041666666666666664
1 0.24387063119457486 0.6722222222222223 0.023995826812728223 0.062037037037037036
1 0.7939488784559207 0.7212962962962963 0.03129890453834116 0.09351851851851851
0 0.39593114241001565 0.5300925925925926 0.0505998956703182 0.04259259259259259
0 0.05555555555555555 0.22777777777777777 0.05581637976004173 0.05185185185185185
1 0.47965571205007823 0.6722222222222223 0.022952529994783515 0.06018518518518518
1 0.8544600938967136 0.5902777777777778 0.02190923317683881 0.062037037037037036
1 0.5263432446531038 0.6439814814814815 0.022952529994783515 0.05648148148148148
1 0.17788210745957225 0.725462962962963 0.030777256129368807 0.04537037037037037
1 0.6137193531559729 0.7865740740740741 0.018779342723004695 0.06481481481481481
0 0.3899321857068336 0.48518518518518516 0.05372978612415232 0.049074074074074076
1 0.43557642149191445 0.6833333333333333 0.018257694314032343 0.062037037037037036
1 0.8946270213875848 0.14027777777777778 0.02764736567553469 0.05648148148148148
0 0.34167970787689095 0.41712962962962963 0.05738132498695879 0.053703703703703705
1 0.8852373500260824 0.7958333333333333 0.016692749087115284 0.06018518518518518
0 0.6943140323422013 0.46944444444444444 0.05372978612415232 0.05462962962962963
1 0.8651538862806468 0.7606481481481482 0.023995826812728223 0.06759259259259259
0 0.48200312989045385 0.3925925925925926 0.046426708398539386 0.06388888888888888
1 0.7368283776734481 0.7430555555555556 0.03234220135628586 0.08981481481481482
1 0.6651017214397497 0.6791666666666667 0.028169014084507043 0.06574074074074074
1 0.06468440271257173 0.6300925925925925 0.03442879499217527 0.06481481481481481
0 0.10641627543035993 0.4351851851851852 0.056338028169014086 0.05277777777777778
1 0.8706311945748565 0.6300925925925925 0.024517475221700575 0.06111111111111111
1 0.7934272300469484 0.637962962962963 0.03129890453834116 0.06388888888888888
1 0.04720918101199791 0.7074074074074074 0.029212310902451747 0.05555555555555555
1 0.7149191444966093 0.6175925925925926 0.0198226395409494 0.06759259259259259
1 0.2222222222222222 0.5921296296296297 0.02764736567553469 0.06296296296296296
1 0.42801251956181535 0.6092592592592593 0.02138758476786646 0.062037037037037036
1 0.9334898278560251 0.549537037037037 0.026604068857589983 0.06481481481481481
1 0.3189880020865936 0.674074074074074 0.023474178403755867 0.06574074074074074
1 0.7279603547209181 0.6819444444444445 0.023474178403755867 0.06388888888888888
1 0.019561815336463225 0.6541666666666667 0.028169014084507043 0.07037037037037037
1 0.3938445487741262 0.6527777777777778 0.016692749087115284 0.06666666666666667
1 0.5738132498695879 0.5847222222222223 0.027125717266562335 0.06574074074074074
0 0.4063641105894627 0.26666666666666666 0.048513302034428794 0.05555555555555555
1 0.892018779342723 0.06296296296296296 0.03390714658320292 0.06018518518518518
1 0.41027647365675535 0.7194444444444444 0.02034428794992175 0.06574074074074074
1 0.5542514345331246 0.7731481481481481 0.018779342723004695 0.06574074074074074
1 0.07955138236828378 0.7287037037037037 0.023995826812728223 0.05555555555555555
1 0.5625978090766823 0.8449074074074074 0.02190923317683881 0.05555555555555555
1 0.319509650495566 0.7222222222222222 0.01773604590505999 0.044444444444444446
1 0.12310902451747523 0.6078703703703704 0.025039123630672927 0.062037037037037036
1 0.3448095983307251 0.6439814814814815 0.02764736567553469 0.06574074074074074
1 0.8505477308294209 0.21064814814814814 0.02764736567553469 0.05740740740740741
1 0.8129890453834115 0.8087962962962963 0.01617110067814293 0.04259259259259259
1 0.8740219092331768 0.6953703703703704 0.028169014084507043 0.05925925925925926
1 0.9121022430881586 0.7375 0.02608242044861763 0.07314814814814814
1 0.46296296296296297 0.7453703703703703 0.02138758476786646 0.04259259259259259
1 0.21413667188315075 0.7134259259259259 0.023474178403755867 0.06111111111111111
1 0.744131455399061 0.04675925925925926 0.028690662493479395 0.053703703703703705
0 0.8841940532081377 0.324537037037037 0.056859676577986434 0.06111111111111111
1 0.013823682837767345 0.7305555555555555 0.025039123630672927 0.06666666666666667
1 0.9833072509128847 0.662962962962963 0.028169014084507043 0.09351851851851851
1 0.9183620239958268 0.10231481481481482 0.023995826812728223 0.05462962962962963
1 0.1674491392801252 0.8004629629629629 0.01564945226917058 0.06481481481481481
1 0.8988002086593636 0.8888888888888888 0.02190923317683881 0.07222222222222222
1 0.030777256129368807 0.7689814814814815 0.01617110067814293 0.03981481481481482
0 0.704225352112676 0.5078703703703704 0.05216484089723526 0.06851851851851852
1 0.4154929577464789 0.030555555555555555 0.02764736567553469 0.05