0 0.33202921231090243 0.5273148148148148 0.030777256129368807 0.06296296296296296
0 0.048513302034428794 0.45694444444444443 0.028169014084507043 0.049074074074074076
0 0.04251434533124674 0.513425925925926 0.04747000521648409 0.05185185185185185
0 0.3304642670839854 0.4638888888888889 0.05216484089723526 0.04259259259259259
0 0.20735524256651017 0.5273148148148148 0.0495565988523735 0.046296296296296294
1 0.2125717266562337 0.6305555555555555 0.03182055294731351 0.06296296296296296
1 0.949660928534168 0.6550925925925926 0.03755868544600939 0.08611111111111111
0 0.5093896713615024 0.6041666666666666 0.04747000521648409 0.041666666666666664
0 0.1817944705268649 0.4273148148148148 0.046948356807511735 0.046296296296296294
1 0.4908711528429838 0.35648148148148145 0.01773604590505999 0.05648148148148148
0 0.8951486697965572 0.3449074074074074 0.054773082942097026 0.04722222222222222
1 0.8818466353677621 0.2875 0.028690662493479395 0.06574074074074074
1 0.2717788210745957 0.7148148148148148 0.029212310902451747 0.05648148148148148
0 0.46113719353155974 0.5462962962962963 0.047991653625456446 0.05
0 0.13171622326551904 0.5314814814814814 0.05268648930620762 0.040740740740740744
0 0.5 0.4842592592592593 0.04434011476264997 0.04537037037037037
1 0.7201356285863328 0.8708333333333333 0.03182055294731351 0.05462962962962963
0 0.810641627543036 0.525 0.05894627021387585 0.049074074074074076
0 0.6001564945226917 0.5282407407407408 0.0505998956703182 0.046296296296296294
1 0.7256129368805425 0.42314814814814816 0.027125717266562335 0.05555555555555555
0 0.08346374543557643 0.4305555555555556 0.0495565988523735 0.049074074074074076
1 0.6836202399582681 0.7537037037037037 0.022430881585811163 0.05277777777777778
1 0.7417840375586855 0.0837962962962963 0.02190923317683881 0.06574074074074074
1 0.2378716744913928 0.7518518518518519 0.025039123630672927 0.05925925925925926
1 0.2709963484611372 0.6699074074074074 0.03286384976525822 0.053703703703703705
1 0.841679707876891 0.12361111111111112 0.01617110067814293 0.062037037037037036
0 0.852112676056338 0.5703703703703704 0.058424621804903494 0.04814814814814815
1 0.03834115805946792 0.18194444444444444 0.023995826812728223 0.06481481481481481
1 0.6914449660928534 0.07175925925925926 0.026604068857589983 0.07407407407407407
1 0.8095983307250912 0.19953703703703704 0.028169014084507043 0.06851851851851852
1 0.6014606155451225 0.7486111111111111 0.028690662493479395 0.053703703703703705
1 0.5263432446531038 0.3458333333333333 0.023995826812728223 0.07407407407407407
1 0.6807511737089202 0.2518518518518518 0.022430881585811163 0.06388888888888888
1 0.5743348982785602 0.3726851851851852 0.022430881585811163 0.06851851851851852
1 0.8706311945748565 0.687037037037037 0.03599374021909233 0.05648148148148148
1 0.3317683881064163 0.6787037037037037 0.03182055294731351 0.06759259259259259
1 0.9820031298904538 0.22777777777777777 0.023995826812728223 0.06666666666666667
1 0.3064684402712572 0.5712962962962963 0.0297339593114241 0.06666666666666667
1 0.3568075117370892 0.8148148148148148 0.0297339593114241 0.05462962962962963
0 0.6622326551904016 0.49074074074074076 0.028169014084507043 0.046296296296296294
1 0.7749087115284299 0.24259259259259258 0.02608242044861763 0.05740740740740741
1 0.38497652582159625 0.2898148148148148 0.019300991131977047 0.06018518518518518
1 0.18909754825247782 0.7958333333333333 0.028169014084507043 0.058333333333333334
1 0.7076160667709963 0.2967592592592593 0.022952529994783515 0.062037037037037036
1 0.31194574856546686 0.26944444444444443 0.030777256129368807 0.06388888888888888
1 0.12310902451747523 0.663425925925926 0.03547209181011998 0.05925925925925926
1 0.38523735002608245 0.8726851851851852 0.02608242044861763 0.05555555555555555
1 0.9486176317162233 0.375 0.03547209181011998 0.05925925925925926
1 0.07981220657276995 0.3296296296296296 0.03495044340114763 0.06388888888888888
1 0.32785602503912364 0.24351851851851852 0.02764736567553469 0.06574074074074074
1 0.5985915492957746 0.24444444444444444 0.022952529994783515 0.07222222222222222
1 0.3604590505998957 0.23425925925925925 0.018257694314032343 0.06481481481481481
1 0.47861241523213355 0.22916666666666666 0.020865936358894107 0.06111111111111111
1 0.9360980699008868 0.20324074074074075 0.028690662493479395 0.05462962962962963
1 0.1651017214397496 0.3111111111111111 0.03442879499217527 0.06481481481481481
1 0.15206051121544079 0.9111111111111111 0.03025560772039645 0.07685185185185185
1 0.6854460093896714 0.15462962962962962 0.015127803860198226 0.06759259259259259
1 0.27699530516431925 0.3837962962962963 0.030777256129368807 0.06851851851851852
1 0.22613458528951486 0.13842592592592592 0.020865936358894107 0.06018518518518518
1 0.564945226917058 0.2074074074074074 0.023995826812728223 0.05277777777777778
1 0.5425143453312468 0.287962962962963 0.024517475221700575 0.06111111111111111
1 0.8604590505998957 0.624537037037037 0.038601982263954095 0.06018518518518518
1 0.6697965571205008 0.3111111111111111 0.0297339593114241 0.058333333333333334
1 0.21152842983828898 0.1597222222222222 0.022952529994783515 0.05648148148148148
1 0.3620239958268127 0.9402777777777778 0.03182055294731351 0.05555555555555555
1 0.6416275430359938 0.23842592592592593 0.020865936358894107 0.06666666666666667
1 0.1421491914449661 0.3351851851851852 0.0297339593114241 0.07037037037037037
1 0.1343244653103808 0.26481481481481484 0.030777256129368807 0.06111111111111111
1 0.4522691705790297 0.2712962962962963 0.028169014084507043 0.06574074074074074
1 0.013302034428794992 0.7620370370370371 0.02556077203964528 0.05925925925925926
1 0.62415232133542 0.15925925925925927 0.0198226395409494 0.08333333333333333
1 0.7446531038080334 0.8064814814814815 0.027125717266562335 0.044444444444444446
1 0.7154407929055816 0.1925925925925926 0.02034428794992175 0.06666666666666667
1 0.13510693792383932 0.21712962962962962 0.029212310902451747 0.05648148148148148
1 0.7339593114241002 0.3875 0.025039123630672927 0.05648148148148148
1 0.599113197704747 0.8902777777777777 0.024517475221700575 0.05092592592592592
1 0.17788210745957225 0.2013888888888889 0.02190923317683881 0.053703703703703705
1 0.26369327073552423 0.30277777777777776 0.027125717266562335 0.05277777777777778
1 0.7882107459572248 0.13287037037037036 0.018257694314032343 0.05648148148148148
1 0.26943140323422016 0.3347222222222222 0.028690662493479395 0.06296296296296296
1 0.5957224830464267 0.8486111111111111 0.03495044340114763 0.05277777777777778
1 0.10667709963484612 0.30185185185185187 0.03390714658320292 0.05925925925925926
1 0.011997913406364111 0.1935185185185185 0.023995826812728223 0.06666666666666667
0 0.7782994261867501 0.5995370370370371 0.05372978612415232 0.07685185185185185
1 0.7318727177882107 0.26064814814814813 0.018779342723004695 0.05462962962962963
1 0.6126760563380281 0.4449074074074074 0.018257694314032343 0.06111111111111111
1 0.2509128847157016 0.17175925925925925 0.02556077203964528 0.05925925925925926
0 0.9814814814814815 0.5773148148148148 0.03495044340114763 0.05185185185185185
1 0.8857589984350548 0.43472222222222223 0.03442879499217527 0.08148148148148149
1 0.9726134585289515 0.1439814814814815 0.025039123630672927 0.06388888888888888
1 0.26160667709963487 0.2351851851851852 0.024517475221700575 0.07222222222222222
1 0.8797600417318727 0.22453703703703703 0.02608242044861763 0.05740740740740741
1 0.32629107981220656 0.1736111111111111 0.02034428794992175 0.06666666666666667
1 0.07694314032342202 0.24537037037037038 0.036515388628064686 0.05740740740740741
1 0.6606677099634846 0.2675925925925926 0.02138758476786646 0.06018518518518518
1 0.23082942097026604 0.24583333333333332 0.01564945226917058 0.05
1 0.06103286384976526 0.27175925925925926 0.023995826812728223 0.04537037037037037
1 0.735263432446531 0.34814814814814815 0.028169014084507043 0.03611111111111111
1 0.3116849243609807 0.13055555555555556 0.018257694314032343 0.06759259259259259
1 0.8836724047991653 0.1824074074074074 0.03182055294731351 0.03611111111111111
1 0.5996348461137193 0.7101851851851851 0.03234220135628586 0.044444444444444446
1 0.011476264997391758 0.25601851851851853 0.022952529994783515 0.05740740740740741
1 0.8197704747000522 0.15694444444444444 0.01773604590505999 0.05092592592592592
1 0.956964006259781 0.3439814814814815 0.024517475221700575 0.037037037037037035
1 0.8896713615023474 0.39305555555555555 0.022952529994783515 0.041666666666666664
1 0.7383933229003652 0.2967592592592593 0.03025560772039645 0.040740740740740744
1 0.24491392801251957 0.20462962962962963 0.02034428794992175 0.05648148148148148
1 0.4019300991131977 0.21574074074074073 0.018257694314032343 0.03333333333333333
1 0.9447052686489307 0.1597222222222222 0.03338549817423057 0.03425925925925926
1 0.09050599895670318 0.16157407407407406 0.015127803860198226 0.03518518518518519
1 0.7083985393844549 0.12083333333333333 0.02190923317683881 0.07037037037037037