0 0.54453125 0.4625 0.051041666666666666 0.04351851851851852
0 0.7625 0.35555555555555557 0.058333333333333334 0.05555555555555555
0 0.5635416666666667 0.5555555555555556 0.0484375 0.04259259259259259
0 0.29973958333333334 0.49398148148148147 0.044270833333333336 0.05555555555555555
0 0.05520833333333333 0.4263888888888889 0.0546875 0.04722222222222222
0 0.05572916666666667 0.5328703703703703 0.05 0.05925925925925926
1 0.022916666666666665 0.7240740740740741 0.025520833333333333 0.06018518518518518
0 0.9380208333333333 0.5648148148148148 0.05364583333333333 0.03888888888888889
1 0.15338541666666666 0.6111111111111112 0.026041666666666668 0.0712962962962963
0 0.7130208333333333 0.4564814814814815 0.04635416666666667 0.053703703703703705
1 0.41067708333333336 0.725 0.016145833333333335 0.05925925925925926
0 0.7854166666666667 0.15601851851851853 0.05416666666666667 0.053703703703703705
1 0.8606770833333334 0.711574074074074 0.0421875 0.08055555555555556
1 0.18177083333333333 0.6981481481481482 0.029166666666666667 0.07592592592592592
0 0.5908854166666667 0.028703703703703703 0.05572916666666667 0.05
0 0.9859375 0.26944444444444443 0.028125 0.05740740740740741