0 0.20318205529473135 0.29583333333333334 0.04538341158059468 0.05462962962962963
1 0.4507042253521127 0.5708333333333333 0.03234220135628586 0.06759259259259259
0 0.2895148669796557 0.27546296296296297 0.03599374021909233 0.05462962962962963
1 0.43453312467396976 0.6861111111111111 0.023995826812728223 0.05648148148148148
0 0.4076682316118936 0.5101851851851852 0.0406885758998435 0.05092592592592592
1 0.5226917057902973 0.6583333333333333 0.028169014084507043 0.07685185185185185
1 0.46870109546165883 0.7291666666666666 0.020865936358894107 0.05462962962962963
0 0.0980699008868023 0.42962962962962964 0.03182055294731351 0.053703703703703705
0 0.13484611371935315 0.3384259259259259 0.059989567031820554 0.05
0 0.41705790297339596 0.4685185185185185 0.04903495044340115 0.04351851851851852
0 0.24621804903495045 0.475 0.05268648930620762 0.04722222222222222
1 0.17475221700573812 0.5902777777777778 0.029212310902451747 0.06666666666666667
0 0.6833594157537819 0.5425925925925926 0.050078247261345854 0.04259259259259259
1 0.33437663015127805 0.3541666666666667 0.0198226395409494 0.05740740740740741
1 0.2524778299426187 0.5546296296296296 0.03129890453834116 0.062037037037037036
1 0.3617631716223266 0.6717592592592593 0.026604068857589983 0.06481481481481481
1 0.0980699008868023 0.6949074074074074 0.025039123630672927 0.07222222222222222
0 0.29551382368283774 0.45555555555555555 0.05268648930620762 0.04351851851851852
1 0.4350547730829421 0.7925925925925926 0.01617110067814293 0.05277777777777778
1 0.4042775169535733 0.7462962962962963 0.016692749087115284 0.06111111111111111
1 0.37741262389149716 0.19907407407407407 0.028690662493479395 0.062037037037037036
1 0.2994261867501304 0.8708333333333333 0.0198226395409494 0.06481481481481481
1 0.3359415753781951 0.611574074074074 0.025039123630672927 0.06018518518518518
1 0.6199791340636411 0.7194444444444444 0.026604068857589983 0.06574074074074074
1 0.023474178403755867 0.7564814814814815 0.040166927490871154 0.09166666666666666
1 0.3124673969744392 0.7847222222222222 0.019300991131977047 0.04814814814814815
1 0.8265519040166928 0.6458333333333334 0.03442879499217527 0.06944444444444445
1 0.35785080855503393 0.8680555555555556 0.0198226395409494 0.06481481481481481
0 0.26369327073552423 0.40694444444444444 0.03338549817423057 0.03888888888888889
1 0.5469483568075117 0.32407407407407407 0.04225352112676056 0.10740740740740741
1 0.2939488784559207 0.75 0.019300991131977047 0.06111111111111111
1 0.3369848721961398 0.5263888888888889 0.03025560772039645 0.05462962962962963
1 0.751434533124674 0.8 0.022430881585811163 0.07037037037037037
1 0.2709963484611372 0.7013888888888888 0.025039123630672927 0.05185185185185185
1 0.4637454355764215 0.6268518518518519 0.023474178403755867 0.06388888888888888
1 0.044861763171622326 0.837037037037037 0.018779342723004695 0.058333333333333334
1 0.13484611371935315 0.7944444444444444 0.02556077203964528 0.06296296296296296
1 0.865414710485133 0.7712962962962963 0.02764736567553469 0.06944444444444445
1 0.07616066770996348 0.7856481481481481 0.02608242044861763 0.07314814814814814
1 0.41158059467918623 0.9148148148148149 0.01564945226917058 0.06759259259259259
1 0.3735002608242045 0.774074074074074 0.016692749087115284 0.05277777777777778
1 0.2537819509650496 0.674537037037037 0.02034428794992175 0.06296296296296296
1 0.29447052686489306 0.6162037037037037 0.028690662493479395 0.06759259259259259
1 0.26160667709963487 0.7898148148148149 0.018779342723004695 0.05277777777777778
1 0.04825247782994262 0.9384259259259259 0.016692749087115284 0.07037037037037037
1 0.2811684924360981 0.5675925925925925 0.030777256129368807 0.06296296296296296
1 0.7962962962962963 0.7282407407407407 0.02764736567553469 0.06388888888888888
1 0.2631716223265519 0.3490740740740741 0.030777256129368807 0.05648148148148148
1 0.7185706833594158 0.6041666666666666 0.03129890453834116 0.05740740740740741
0 0.5761606677099634 0.4287037037037037 0.037037037037037035 0.04814814814814815
1 0.3539384454877413 0.7282407407407407 0.018779342723004695 0.06666666666666667
1 0.7279603547209181 0.7481481481481481 0.02190923317683881 0.06666666666666667
1 0.17736045905059988 0.6921296296296297 0.024517475221700575 0.07314814814814814
1 0.8354199269692227 0.7430555555555556 0.0297339593114241 0.0712962962962963
1 0.14606155451225875 0.6925925925925925 0.02190923317683881 0.06944444444444445
1 0.013302034428794992 0.624537037037037 0.022952529994783515 0.05092592592592592
1 0.5412102243088158 0.7967592592592593 0.018257694314032343 0.05925925925925926
1 0.1664058424621805 0.7847222222222222 0.022952529994783515 0.06666666666666667
1 0.7704747000521649 0.6606481481481481 0.03547209181011998 0.08148148148148149
1 0.9540949400104329 0.7041666666666667 0.03286384976525822 0.06296296296296296
1 0.656755346896192 0.7583333333333333 0.028169014084507043 0.06574074074074074
1 0.9115805946791862 0.8439814814814814 0.02608242044861763 0.08703703703703704
1 0.21231090245174752 0.5842592592592593 0.02764736567553469 0.06944444444444445
1 0.6810119979134064 0.6648148148148149 0.019300991131977047 0.06111111111111111
1 0.8393322900365154 0.6805555555555556 0.02034428794992175 0.06759259259259259
1 0.07459572248304643 0.850462962962963 0.022952529994783515 0.06666666666666667
1 0.23865414710485133 0.6291666666666667 0.02764736567553469 0.06666666666666667
1 0.22665623369848723 0.8143518518518519 0.018257694314032343 0.06574074074074074
1 0.4981742305685968 0.7194444444444444 0.027125717266562335 0.03888888888888889
1 0.022430881585811163 0.06759259259259259 0.03182055294731351 0.06481481481481481
1 0.5852895148669797 0.7078703703703704 0.022952529994783515 0.049074074074074076
1 0.19979134063641105 0.22268518518518518 0.037037037037037035 0.07592592592592592
1 0.198226395409494 0.6620370370370371 0.023995826812728223 0.06666666666666667
1 0.29003651538862807 0.6861111111111111 0.01617110067814293 0.044444444444444446
1 0.17475221700573812 0.8240740740740741 0.023995826812728223 0.06388888888888888
1 0.8622848200312989 0.1962962962962963 0.04329681794470527 0.05925925925925926
1 0.18466353677621283 0.6328703703703704 0.027125717266562335 0.06111111111111111
1 0.23135106937923838 0.6976851851851852 0.017214397496087636 0.06296296296296296
1 0.19327073552425664 0.7287037037037037 0.01564945226917058 0.03148148148148148
1 0.6935315597287428 0.7226851851851852 0.02764736567553469 0.05925925925925926
1 0.035211267605633804 0.5365740740740741 0.03599374021909233 0.08333333333333333
1 0.8474178403755869 0.34305555555555556 0.04277516953573292 0.09907407407407408
1 0.013562858633281168 0.41388888888888886 0.027125717266562335 0.05185185185185185
1 0.21178925404277518 0.8689814814814815 0.017214397496087636 0.06111111111111111
1 0.8098591549295775 0.763425925925926 0.03129890453834116 0.05277777777777778
1 0.5169535732916014 0.8907407407407407 0.011997913406364111 0.026851851851851852
1 0.9611371935315597 0.21712962962962962 0.037037037037037035 0.07222222222222222