0 0.25146484375 0.4756944444444444 0.05145263671875 0.04283311631944445
0 0.4111328125 0.5928819444444444 0.049957275390625 0.042182074652777776
0 0.171630859375 0.3196614583333333 0.04620361328125 0.03439670138888889
0 0.448974609375 0.6605902777777778 0.051666259765625 0.043999565972222224
0 0.501953125 0.3235677083333333 0.043609619140625 0.05300564236111111
0 0.1790771484375 0.8489583333333334 0.055206298828125 0.05881076388888889
0 0.0173797607421875 0.3663194444444444 0.0345458984375 0.0715603298611111
0 0.53369140625 0.5121527777777778 0.0469970703125 0.07427300347222222
0 0.34765625 0.3860677083333333 0.047607421875 0.042426215277777776
0 0.4326171875 0.7447916666666666 0.039276123046875 0.05311414930555555
0 0.37841796875 0.5256076388888888 0.042236328125 0.06027560763888889
0 0.01763916015625 0.4670138888888889 0.033538818359375 0.06993272569444445
0 0.437255859375 0.4370659722222222 0.039794921875 0.0675998263888889
0 0.529296875 0.5941840277777778 0.03594970703125 0.039306640625
0 0.4208984375 0.3125 0.035614013671875 0.04342990451388889