1 0.89794921875 0.887066650390625 0.03802490234375 0.05839385986328125
0 0.7822265625 0.530853271484375 0.0309600830078125 0.06635665893554688
0 0.447021484375 0.49921875 0.0263519287109375 0.04972686767578125
1 0.60400390625 0.86236572265625 0.03594970703125 0.0606689453125
1 0.474609375 0.792596435546875 0.030792236328125 0.05124359130859375
1 0.880859375 0.3663970947265625 0.0274810791015625 0.06500244140625
1 0.162109375 0.347113037109375 0.0299835205078125 0.05796051025390625
1 0.58349609375 0.452850341796875 0.0217437744140625 0.06018142700195313
1 0.68798828125 0.2502593994140625 0.0200958251953125 0.07182769775390625
0 0.8818359375 0.57288818359375 0.05633544921875 0.04284744262695313
1 0.66796875 0.451116943359375 0.03143310546875 0.06971511840820313
1 0.433349609375 0.408648681640625 0.0180206298828125 0.0665191650390625
0 0.234619140625 0.530853271484375 0.04931640625 0.079736328125
1 0.728515625 0.18579864501953125 0.0202484130859375 0.07334442138671875
1 0.69482421875 0.366180419921875 0.01898193359375 0.06251068115234375
1 0.90478515625 0.13032989501953124 0.021453857421875 0.060506439208984374
1 0.935546875 0.3845977783203125 0.023284912109375 0.05839385986328125
1 0.6572265625 0.1991241455078125 0.01554107666015625 0.070635986328125
1 0.283203125 0.33021240234375 0.020294189453125 0.05094566345214844
1 0.042633056640625 0.835498046875 0.0333251953125 0.06332321166992187
1 0.6298828125 0.3750640869140625 0.023956298828125 0.06787338256835937
1 0.74365234375 0.2844940185546875 0.022979736328125 0.05124359130859375
1 0.87255859375 0.2632598876953125 0.02880859375 0.0574188232421875
1 0.40625 0.3819976806640625 0.01983642578125 0.06548995971679687
1 0.8134765625 0.190673828125 0.0196380615234375 0.05904388427734375
1 0.81396484375 0.396514892578125 0.033966064453125 0.06489410400390624
0 0.9814453125 0.61448974609375 0.036163330078125 0.049537277221679686
1 0.051849365234375 0.311578369140625 0.0299224853515625 0.06343154907226563
1 0.56591796875 0.843731689453125 0.022796630859375 0.054872894287109376
1 0.40673828125 0.2966278076171875 0.0199432373046875 0.06169815063476562
1 0.22216796875 0.272576904296875 0.0239105224609375 0.05322074890136719
1 0.5693359375 0.3126617431640625 0.01666259765625 0.0561187744140625
0 0.435302734375 0.565087890625 0.049224853515625 0.03629302978515625
1 0.054595947265625 0.2340087890625 0.0264129638671875 0.05953140258789062
1 0.59619140625 0.20616607666015624 0.021484375 0.06223983764648437
1 0.1474609375 0.21808319091796874 0.0242767333984375 0.046774673461914065
1 0.1007080078125 0.228375244140625 0.02630615234375 0.041005706787109374
0 0.0233306884765625 0.529119873046875 0.0416259765625 0.06548995971679687
1 0.317626953125 0.2606597900390625 0.0228424072265625 0.06711502075195312
1 0.17919921875 0.19706573486328124 0.0245208740234375 0.065869140625
1 0.59814453125 0.779595947265625 0.033660888671875 0.05731048583984375
1 0.9072265625 0.30074462890625 0.0287628173828125 0.052733230590820315
1 0.89111328125 0.460650634765625 0.0311431884765625 0.06180648803710938
1 0.5966796875 0.9759033203125 0.0352783203125 0.045122528076171876
1 0.475341796875 0.3499298095703125 0.019500732421875 0.060398101806640625
1 0.87841796875 0.756195068359375 0.03704833984375 0.05465621948242187
1 0.623046875 0.18709869384765626 0.021820068359375 0.06321487426757813
1 0.546875 0.2909942626953125 0.021209716796875 0.0574188232421875
1 0.986328125 0.39434814453125 0.0252227783203125 0.07144851684570312
1 0.8125 0.2879608154296875 0.02655029296875 0.058935546875
1 0.52587890625 0.9759033203125 0.02386474609375 0.04563713073730469
1 0.80078125 0.472784423828125 0.018585205078125 0.045122528076171876
0 0.82861328125 0.696392822265625 0.0364990234375 0.05644378662109375
1 0.71533203125 0.10741653442382812 0.015777587890625 0.060289764404296876
1 0.36083984375 0.2389923095703125 0.021331787109375 0.05262489318847656