0 0.8139635416666666 0.32487037037037036 0.044432291666666665 0.04451851851851852
0 0.8896510416666668 0.35221296296296295 0.04894791666666667 0.04598148148148148
0 0.2951666666666667 0.3517777777777778 0.047088541666666664 0.04000925925925926
0 0.5771510416666668 0.2981759259259259 0.045197916666666664 0.04204629629629629
0 0.15966666666666668 0.3704444444444444 0.05059895833333334 0.04172222222222222
0 0.9194322916666666 0.3982222222222222 0.05108854166666667 0.043833333333333335
1 0.8662135416666668 0.9670185185185186 0.03353645833333333 0.06510185185185186
0 0.8872083333333334 0.440537037037037 0.04803645833333334 0.04839814814814815
0 0.03372395833333333 0.3845462962962963 0.050812500000000003 0.04519444444444445
0 0.9710104166666667 0.8394074074074074 0.057984375 0.05150925925925926
0 0.1486822916666667 0.8138055555555556 0.053098958333333335 0.07752777777777778
1 0.8917395833333334 0.9589907407407408 0.026041666666666668 0.0661388888888889