1 0.419677734375 0.405615234375 0.026702880859375 0.06321487426757813
1 0.681640625 0.2901275634765625 0.01971435546875 0.05774383544921875
1 0.91015625 0.3932647705078125 0.029541015625 0.08309478759765625
1 0.69140625 0.7886962890625 0.033966064453125 0.05311241149902344
1 0.400634765625 0.3447296142578125 0.0280609130859375 0.06223983764648437
1 0.270263671875 0.336712646484375 0.0197906494140625 0.05403327941894531
0 0.9140625 0.5425537109375 0.03753662109375 0.052435302734375
1 0.75390625 0.92303466796875 0.02056884765625 0.05839385986328125
1 0.90087890625 0.9689697265625 0.042724609375 0.05527915954589844
0 0.1470947265625 0.430316162109375 0.0293121337890625 0.05311241149902344
1 0.1417236328125 0.3234954833984375 0.027008056640625 0.06332321166992187
0 0.44189453125 0.65609130859375 0.04840087890625 0.060506439208984374
1 0.86083984375 0.44114990234375 0.033905029296875 0.0712860107421875
1 0.356689453125 0.3156951904296875 0.0289764404296875 0.06613998413085938
1 0.29736328125 0.306378173828125 0.019500732421875 0.07047348022460938
0 0.65478515625 0.627490234375 0.0482177734375 0.04607048034667969
1 0.73193359375 0.36834716796875 0.0271148681640625 0.06251068115234375
1 0.59765625 0.3702972412109375 0.0279541015625 0.06749420166015625
1 0.8779296875 0.3273956298828125 0.040008544921875 0.08721160888671875
1 0.525390625 0.3100616455078125 0.025909423828125 0.06467742919921875
1 0.7529296875 0.838531494140625 0.0345458984375 0.053329086303710936
1 0.921875 0.47841796875 0.030731201171875 0.0608856201171875
1 0.6943359375 0.387847900390625 0.017303466796875 0.02957611083984375
1 0.755859375 0.302911376953125 0.0279541015625 0.06169815063476562
1 0.11376953125 0.3538299560546875 0.02655029296875 0.068902587890625
1 0.2005615234375 0.2511260986328125 0.0188751220703125 0.061102294921875
1 0.2509765625 0.96290283203125 0.0287628173828125 0.059748077392578126
1 0.2802734375 0.3806976318359375 0.0225067138671875 0.0686859130859375
0 0.0618896484375 0.502685546875 0.05389404296875 0.04300994873046875
1 0.7802734375 0.4357330322265625 0.02606201171875 0.072369384765625
0 0.256591796875 0.6292236328125 0.043212890625 0.061102294921875
0 0.3896484375 0.48275146484375 0.05072021484375 0.04409332275390625
1 0.70361328125 0.20616607666015624 0.021697998046875 0.06814422607421874
1 0.77197265625 0.886199951171875 0.0322265625 0.053924942016601564
1 0.6630859375 0.343646240234375 0.0248870849609375 0.06787338256835937
1 0.59765625 0.305511474609375 0.0260009765625 0.06624832153320312
0 0.87744140625 0.668658447265625 0.0301513671875 0.06142730712890625
1 0.560546875 0.3785308837890625 0.0287628173828125 0.06429824829101563
1 0.92822265625 0.21873321533203124 0.027801513671875 0.0504852294921875
1 0.1546630859375 0.271710205078125 0.0242767333984375 0.06700668334960938
1 0.625 0.3412628173828125 0.0185089111328125 0.0656524658203125
0 0.379638671875 0.515252685546875 0.053802490234375 0.06359405517578125
1 0.9375 0.237908935546875 0.03228759765625 0.06310653686523438
1 0.7958984375 0.26087646484375 0.03125 0.0812530517578125
0 0.78564453125 0.632257080078125 0.054595947265625 0.04563713073730469
1 0.97314453125 0.3334625244140625 0.0274810791015625 0.060506439208984374
1 0.7421875 0.22880859375 0.0278472900390625 0.06814422607421874
0 0.06939697265625 0.456317138671875 0.04986572265625 0.04384956359863281
1 0.97265625 0.207574462890625 0.03167724609375 0.06007308959960937
1 0.1578369140625 0.307244873046875 0.0276336669921875 0.06635665893554688
1 0.5986328125 0.94036865234375 0.0257568359375 0.05362701416015625
0 0.8740234375 0.591522216796875 0.0537109375 0.0587188720703125
1 0.2362060546875 0.263909912109375 0.0246124267578125 0.06359405517578125
1 0.62841796875 0.246575927734375 0.0287628173828125 0.07047348022460938
1 0.78076171875 0.19641571044921874 0.017242431640625 0.06223983764648437
1 0.224853515625 0.353179931640625 0.026458740234375 0.0639190673828125
1 0.06866455078125 0.35274658203125 0.0255584716796875 0.047858047485351565
1 0.083740234375 0.3837310791015625 0.036895751953125 0.06169815063476562
1 0.79931640625 0.24354248046875 0.01861572265625 0.0296844482421875
1 0.2099609375 0.31201171875 0.0196380615234375 0.04972686767578125
1 0.224853515625 0.2961944580078125 0.027374267578125 0.06500244140625
1 0.73681640625 0.3533966064453125 0.01177978515625 0.02979278564453125
1 0.12066650390625 0.280810546875 0.01473236083984375 0.054954147338867186
1 0.9384765625 0.51221923828125 0.027008056640625 0.06548995971679687
1 0.2454833984375 0.238775634765625 0.018402099609375 0.0682525634765625
0 0.021697998046875 0.633123779296875 0.041229248046875 0.06603164672851562