1 0.332763671875 0.405615234375 0.0206451416015625 0.07193603515625
1 0.68115234375 0.839398193359375 0.03271484375 0.05202903747558594
1 0.292236328125 0.3148284912109375 0.03021240234375 0.061914825439453126
1 0.85498046875 0.503985595703125 0.035888671875 0.059748077392578126
1 0.45556640625 0.3148284912109375 0.0293731689453125 0.06765670776367187
1 0.53515625 0.3733306884765625 0.0235595703125 0.07020263671875
0 0.2103271484375 0.5252197265625 0.051849365234375 0.044689178466796875
0 0.5419921875 0.573321533203125 0.0310821533203125 0.06099395751953125
1 0.8564453125 0.3871978759765625 0.0284423828125 0.07361526489257812
1 0.66162109375 0.364013671875 0.015838623046875 0.0626190185546875
0 0.61767578125 0.63875732421875 0.049224853515625 0.04401206970214844
1 0.330810546875 0.3364959716796875 0.024139404296875 0.06343154907226563
0 0.0283355712890625 0.622723388671875 0.04779052734375 0.06240234375
1 0.52978515625 0.3087615966796875 0.030731201171875 0.06852340698242188
1 0.68408203125 0.2236083984375 0.0257568359375 0.07811126708984376
0 0.390625 0.598455810546875 0.049591064453125 0.04409332275390625
0 0.8623046875 0.648291015625 0.05072021484375 0.050187301635742185
1 0.16748046875 0.95076904296875 0.038330078125 0.06180648803710938
1 0.6220703125 0.2957611083984375 0.018402099609375 0.058935546875
0 0.72607421875 0.51741943359375 0.03131103515625 0.05557708740234375
1 0.55712890625 0.3345458984375 0.017852783203125 0.06169815063476562
1 0.6083984375 0.3837310791015625 0.01287078857421875 0.029332351684570313
1 0.646484375 0.20443267822265626 0.01953125 0.0647857666015625
1 0.73388671875 0.2610931396484375 0.0279541015625 0.07610702514648438
1 0.95556640625 0.4006317138671875 0.024383544921875 0.0656524658203125
1 0.2255859375 0.3109283447265625 0.0310821533203125 0.065869140625
0 0.2288818359375 0.487518310546875 0.04486083984375 0.05213737487792969
1 0.60205078125 0.3377960205078125 0.0204925537109375 0.061914825439453126
1 0.7895507812500001 0.4337829589843751 0.0305633544921875 0.06121063232421875
0 0.94140625 0.5841552734375 0.04681396484375 0.05806884765625
1 0.7001953125 0.430316162109375 0.03265380859375 0.06489410400390624
1 0.4873046875 0.36834716796875 0.01519012451171875 0.06787338256835937
1 0.8154296875 0.9655029296875 0.03326416015625 0.0582855224609375
1 0.13623046875 0.24700927734375 0.0199432373046875 0.06359405517578125
1 0.0889892578125 0.328045654296875 0.03289794921875 0.0608856201171875
1 0.91943359375 0.2047576904296875 0.027069091796875 0.06516494750976562
1 0.52197265625 0.94556884765625 0.02215576171875 0.053329086303710936
1 0.89697265625 0.3068115234375 0.01837158203125 0.046774673461914065
1 0.15380859375 0.3206787109375 0.03253173828125 0.06787338256835937
1 0.166259765625 0.3581634521484375 0.0248870849609375 0.0647857666015625
1 0.81494140625 0.3512298583984375 0.0231475830078125 0.03902854919433594
1 0.049224853515625 0.35274658203125 0.03424072265625 0.061914825439453126
1 0.1593017578125 0.2860107421875 0.0247955322265625 0.06944427490234376
1 0.87109375 0.2316253662109375 0.0304412841796875 0.0695526123046875
1 0.1993408203125 0.38568115234375 0.02508544921875 0.060398101806640625
1 0.61181640625 0.784796142578125 0.02801513671875 0.05546875
1 0.1807861328125 0.2619598388671875 0.0215301513671875 0.06765670776367187
0 0.2247314453125 0.65869140625 0.0460205078125 0.0613189697265625
1 0.701171875 0.880133056640625 0.0321044921875 0.0556854248046875
1 0.2313232421875 0.2784271240234375 0.0185089111328125 0.06787338256835937
1 0.7255859375 0.1861236572265625 0.0184783935546875 0.060506439208984374
1 0.86767578125 0.204107666015625 0.020599365234375 0.05414161682128906
1 0.69970703125 0.4027984619140625 0.0211181640625 0.06418991088867188
1 0.6767578125 0.9204345703125 0.0207672119140625 0.05546875
1 0.10015869140625 0.30074462890625 0.0271148681640625 0.0626190185546875
0 0.7038527461062674 0.5839947089947093 0.0409866607049705 0.04100529100529105
0 0.8566212087338849 0.586640211640212 0.0558909009613236 0.05158730158730154