0 0.046539306640625 0.529986572265625 0.050323486328125 0.04070777893066406
1 0.76416015625 0.3789642333984375 0.0284881591796875 0.06700668334960938
1 0.29931640625 0.68035888671875 0.027008056640625 0.05601043701171875
1 0.60595703125 0.436383056640625 0.03125 0.07859878540039063
0 0.8642578125 0.594122314453125 0.060638427734375 0.05029563903808594
0 0.4404296875 0.478851318359375 0.0272674560546875 0.062023162841796875
1 0.2325439453125 0.436383056640625 0.0283355712890625 0.06121063232421875
1 0.54248046875 0.2363922119140625 0.0266571044921875 0.06527328491210938
1 0.70654296875 0.3702972412109375 0.02886962890625 0.06624832153320312
1 0.37158203125 0.3174285888671875 0.0264129638671875 0.06727752685546876
1 0.28466796875 0.79649658203125 0.029083251953125 0.05465621948242187
1 0.1640625 0.74969482421875 0.039703369140625 0.049537277221679686
0 0.70849609375 0.5806884765625 0.05145263671875 0.04869766235351562
1 0.55029296875 0.354913330078125 0.0196380615234375 0.08309478759765625
1 0.14501953125 0.4166656494140625 0.033782958984375 0.06223983764648437
1 0.79541015625 0.152105712890625 0.02532958984375 0.06402740478515626
1 0.57275390625 0.8614990234375 0.035736083984375 0.05953140258789062
0 0.6181640625 0.601055908203125 0.02838134765625 0.06418991088867188
1 0.71435546875 0.1406219482421875 0.0173797607421875 0.068902587890625
1 0.374755859375 0.4036651611328125 0.019195556640625 0.06603164672851562
1 0.49560546875 0.2706268310546875 0.023651123046875 0.06944427490234376
1 0.8125 0.8337646484375 0.03033447265625 0.06180648803710938
1 0.5400390625 0.96810302734375 0.0284423828125 0.0483184814453125
1 0.96337890625 0.398248291015625 0.0255126953125 0.05806884765625
1 0.96240234375 0.2446258544921875 0.027069091796875 0.06689834594726562
1 0.7568359375 0.2080078125 0.028167724609375 0.0695526123046875
1 0.96533203125 0.796929931640625 0.0304412841796875 0.059423065185546874
1 0.921875 0.18969879150390626 0.0256195068359375 0.06538162231445313
1 0.0240936279296875 0.2628265380859375 0.0309600830078125 0.0626190185546875
1 0.0784912109375 0.2381256103515625 0.0243377685546875 0.0561187744140625
1 0.1357421875 0.347113037109375 0.01812744140625 0.053437423706054685
0 0.444091796875 0.60755615234375 0.05108642578125 0.06689834594726562
1 0.59912109375 0.3551300048828125 0.0187225341796875 0.0639190673828125
1 0.92919921875 0.3772308349609375 0.03265380859375 0.05926055908203125
1 0.599609375 0.92996826171875 0.03289794921875 0.06077728271484375
1 0.29296875 0.3187286376953125 0.02447509765625 0.06689834594726562
1 0.6396484375 0.3221954345703125 0.023101806640625 0.063702392578125
1 0.1448974609375 0.243109130859375 0.0215301513671875 0.07567367553710938
1 0.330322265625 0.2548095703125 0.0231475830078125 0.0626190185546875
1 0.73388671875 0.665191650390625 0.0352783203125 0.052435302734375
1 0.17333984375 0.3026947021484375 0.03289794921875 0.05303115844726562
1 0.57958984375 0.2710601806640625 0.0182647705078125 0.07740707397460937
1 0.89306640625 0.329779052734375 0.0321044921875 0.058935546875
1 0.671875 0.722393798828125 0.020294189453125 0.0608856201171875
1 0.859375 0.19511566162109376 0.0290374755859375 0.07767791748046875
1 0.2724609375 0.94556884765625 0.02801513671875 0.06121063232421875
1 0.07977294921875 0.13704681396484375 0.024658203125 0.07610702514648438
1 0.288330078125 0.863665771484375 0.0310211181640625 0.04988937377929688
1 0.75 0.3122283935546875 0.021575927734375 0.053329086303710936
1 0.80859375 0.3087615966796875 0.020294189453125 0.06321487426757813
1 0.7333984375 0.752294921875 0.035064697265625 0.0587188720703125
1 0.955078125 0.915234375 0.0311431884765625 0.054872894287109376
1 0.72705078125 0.890966796875 0.0225067138671875 0.050674819946289064
1 0.55224609375 0.728460693359375 0.035888671875 0.05622711181640625
1 0.272705078125 0.20269927978515626 0.02191162109375 0.04972686767578125
1 0.505859375 0.4344329833984375 0.019378662109375 0.03778266906738281
1 0.5771484375 0.190673828125 0.015838623046875 0.05517082214355469
1 0.6494140625 0.21396636962890625 0.022674560546875 0.0418182373046875
1 0.59912109375 0.766595458984375 0.020416259765625 0.058502197265625
0 0.0117340087890625 0.44981689453125 0.0230712890625 0.04409332275390625
1 0.206787109375 0.18579864501953125 0.020965576171875 0.06613998413085938
1 0.407470703125 0.227508544921875 0.029815673828125 0.084503173828125
1 0.60107421875 0.16543121337890626 0.017181396484375 0.06429824829101563
1 0.470947265625 0.21873321533203124 0.0233306884765625 0.052435302734375
1 0.9013671875 0.2888275146484375 0.033966064453125 0.038811874389648435
1 0.0099334716796875 0.95770263671875 0.019866943359375 0.05666046142578125
1 0.373291015625 0.2307586669921875 0.0202484130859375 0.053924942016601564
1 0.9326171875 0.06142730712890625 0.0160980224609375 0.06635665893554688