1 0.70361328125 0.355780029296875 0.0283355712890625 0.06814422607421874
0 0.15283203125 0.3776641845703125 0.049591064453125 0.04227867126464844
0 0.65771484375 0.485784912109375 0.027069091796875 0.05839385986328125
0 0.2255859375 0.471051025390625 0.035003662109375 0.05557708740234375
1 0.931640625 0.4021484375 0.0322265625 0.06077728271484375
1 0.466796875 0.3416961669921875 0.0257568359375 0.05029563903808594
1 0.363037109375 0.3512298583984375 0.0343017578125 0.0838531494140625
1 0.80029296875 0.3380126953125 0.019195556640625 0.07101516723632813
0 0.015716552734375 0.4092987060546875 0.0312042236328125 0.0647857666015625
1 0.52490234375 0.31201171875 0.0207977294921875 0.06418991088867188
1 0.20703125 0.3694305419921875 0.0299224853515625 0.0569854736328125
0 0.55908203125 0.46195068359375 0.029083251953125 0.05644378662109375
1 0.093994140625 0.32587890625 0.03179931640625 0.06007308959960937
1 0.59375 0.18644866943359376 0.0207977294921875 0.0730194091796875
1 0.7470703125 0.221441650390625 0.0273284912109375 0.06613998413085938
1 0.2454833984375 0.4073486328125 0.0318603515625 0.06272735595703124
1 0.228271484375 0.241375732421875 0.024566650390625 0.06381072998046874
1 0.4931640625 0.2836273193359375 0.0189361572265625 0.05839385986328125
1 0.6064453125 0.3518798828125 0.016845703125 0.05953140258789062
1 0.1463623046875 0.2953277587890625 0.02508544921875 0.06402740478515626
1 0.1865234375 0.20508270263671874 0.019989013671875 0.05882720947265625
1 0.280029296875 0.33021240234375 0.023956298828125 0.06917343139648438
1 0.67822265625 0.967236328125 0.0312042236328125 0.053437423706054685
1 0.62890625 0.08293228149414063 0.0154876708984375 0.06121063232421875
1 0.93359375 0.3065948486328125 0.0305023193359375 0.07209854125976563
1 0.2724609375 0.2433258056640625 0.0290374755859375 0.06500244140625
1 0.394287109375 0.31114501953125 0.0247955322265625 0.06180648803710938
0 0.42626953125 0.632257080078125 0.061431884765625 0.05476455688476563
1 0.96337890625 0.1924072265625 0.033721923828125 0.07859878540039063
1 0.265380859375 0.876666259765625 0.0284881591796875 0.08704910278320313
0 0.248291015625 0.635723876953125 0.0509033203125 0.04650382995605469
1 0.421142578125 0.883599853515625 0.036285400390625 0.06332321166992187
1 0.495849609375 0.925634765625 0.020721435546875 0.06548995971679687
1 0.84375 0.16109771728515626 0.01971435546875 0.06603164672851562
1 0.11199951171875 0.2246917724609375 0.03167724609375 0.06332321166992187
1 0.64404296875 0.19511566162109376 0.0214080810546875 0.08981170654296874
1 0.61962890625 0.3033447265625 0.0216522216796875 0.06007308959960937
1 0.42236328125 0.370947265625 0.0210418701171875 0.043091201782226564
1 0.51123046875 0.252642822265625 0.0210418701171875 0.053329086303710936
1 0.0272216796875 0.315911865234375 0.0306243896484375 0.0535186767578125
1 0.54345703125 0.228375244140625 0.0163421630859375 0.062131500244140624
1 0.2001953125 0.263043212890625 0.0236968994140625 0.0613189697265625
1 0.861328125 0.223175048828125 0.027069091796875 0.06538162231445313
1 0.80908203125 0.1787567138671875 0.0164031982421875 0.05476455688476563
1 0.9189453125 0.1744232177734375 0.0261993408203125 0.06169815063476562
1 0.46240234375 0.30247802734375 0.028167724609375 0.036022186279296875
1 0.97314453125 0.1423553466796875 0.021820068359375 0.04886016845703125
1 0.37255859375 0.2888275146484375 0.0224609375 0.054358291625976565
1 0.7109375 0.19164886474609374 0.0217437744140625 0.08916168212890625
1 0.89111328125 0.186773681640625 0.0279083251953125 0.0673858642578125
1 0.671875 0.2571929931640625 0.0136871337890625 0.03036155700683594
1 0.66650390625 0.89183349609375 0.0322265625 0.054439544677734375
1 0.223388671875 0.303778076171875 0.00926971435546875 0.024294662475585937
1 0.9345703125 0.0613189697265625 0.01666259765625 0.0695526123046875
1 0.03912353515625 0.8164306640625 0.061431884765625 0.0730194091796875
1 0.64892578125 0.172906494140625 0.0120086669921875 0.02276439666748047
1 0.794921875 0.20367431640625 0.0147857666015625 0.031201171875
1 0.363037109375 0.2394256591796875 0.0170440673828125 0.04124946594238281
1 0.1558837890625 0.23660888671875 0.01374053955078125 0.031688690185546875