0 0.186279296875 0.57548828125 0.0552978515625 0.04607048034667969
1 0.8681640625 0.3657470703125 0.022979736328125 0.06700668334960938
0 0.190673828125 0.46455078125 0.05419921875 0.04452667236328125
0 0.9775390625 0.47928466796875 0.0305023193359375 0.05817718505859375
1 0.449462890625 0.426849365234375 0.033538818359375 0.05953140258789062
0 0.8466796875 0.47235107421875 0.055419921875 0.05465621948242187
0 0.67529296875 0.50701904296875 0.035064697265625 0.05953140258789062
1 0.89697265625 0.229241943359375 0.0214080810546875 0.06402740478515626
1 0.77734375 0.3187286376953125 0.0285491943359375 0.06429824829101563
1 0.69873046875 0.91956787109375 0.0379638671875 0.06018142700195313
0 0.393310546875 0.468450927734375 0.049591064453125 0.041005706787109374
1 0.677734375 0.2294586181640625 0.0177764892578125 0.061589813232421874
1 0.67578125 0.303778076171875 0.0266571044921875 0.05963973999023438
1 0.8349609375 0.3137451171875 0.0219879150390625 0.06272735595703124
1 0.265380859375 0.3598968505859375 0.0282745361328125 0.06852340698242188
0 0.29052734375 0.558587646484375 0.051544189453125 0.04563713073730469
1 0.94873046875 0.22620849609375 0.0240020751953125 0.060289764404296876
1 0.98828125 0.173773193359375 0.0234222412109375 0.06451492309570313
1 0.4873046875 0.2662933349609375 0.0224609375 0.06603164672851562
0 0.310791015625 0.3520965576171875 0.047882080078125 0.042441177368164065
1 0.18994140625 0.3102783203125 0.0271759033203125 0.061102294921875
1 0.37451171875 0.3750640869140625 0.0225830078125 0.05403327941894531
1 0.35986328125 0.2992279052734375 0.02691650390625 0.050566482543945315
1 0.759765625 0.21613311767578125 0.0246124267578125 0.07009429931640625
1 0.7294921875 0.101837158203125 0.024383544921875 0.05262489318847656
1 0.8115234375 0.2548095703125 0.027374267578125 0.0613189697265625
1 0.2451171875 0.21396636962890625 0.0302734375 0.043605804443359375
1 0.291259765625 0.2814605712890625 0.0258026123046875 0.062023162841796875
1 0.85595703125 0.22274169921875 0.0272674560546875 0.068902587890625
0 0.97509765625 0.70462646484375 0.052825927734375 0.04547462463378906
1 0.59130859375 0.3880645751953125 0.0253753662109375 0.04980812072753906
1 0.62451171875 0.347979736328125 0.0258636474609375 0.049049758911132814
1 0.092529296875 0.294244384765625 0.03155517578125 0.06240234375
1 0.92578125 0.18807373046875 0.019683837890625 0.05806884765625
1 0.6064453125 0.18969879150390626 0.0147857666015625 0.06418991088867188
1 0.54736328125 0.2236083984375 0.0202484130859375 0.05963973999023438
1 0.537109375 0.296844482421875 0.026153564453125 0.0686859130859375
1 0.432373046875 0.335845947265625 0.02056884765625 0.059856414794921875
1 0.9873046875 0.3542633056640625 0.0235137939453125 0.06635665893554688
1 0.51806640625 0.3286956787109375 0.01861572265625 0.04319953918457031
1 0.63330078125 0.21634979248046876 0.0189056396484375 0.057635498046875
1 0.5791015625 0.3100616455078125 0.020172119140625 0.0608856201171875
1 0.60888671875 0.89010009765625 0.029754638671875 0.06299819946289062
1 0.86083984375 0.8961669921875 0.033660888671875 0.04712677001953125
1 0.61083984375 0.273443603515625 0.01507568359375 0.05384368896484375
1 0.473876953125 0.12361297607421876 0.012969970703125 0.037213897705078124
1 0.2109375 0.821197509765625 0.0531005859375 0.07372360229492188
1 0.076416015625 0.2324920654296875 0.024658203125 0.04496002197265625
1 0.448974609375 0.8788330078125 0.0273284912109375 0.07724456787109375
0 0.95263671875 0.09002838134765626 0.032470703125 0.07009429931640625
1 0.93505859375 0.0572021484375 0.0154876708984375 0.07047348022460938
1 0.5068359375 0.21049957275390624 0.0226287841796875 0.059964752197265624
0 0.67333984375 0.646990966796875 0.058349609375 0.074969482421875
1 0.8662109375 0.18254852294921875 0.01142120361328125 0.024863433837890626
1 0.50732421875 0.06673583984375 0.01322174072265625 0.059856414794921875
1 0.361572265625 0.230975341796875 0.01146697998046875 0.023739433288574217