0 0.15779864371413668 0.5800925925925926 0.059989567031820554 0.04722222222222222
1 0.9379238393322901 0.35555555555555557 0.0297339593114241 0.06388888888888888
1 0.17762128325508608 0.3638888888888889 0.03286384976525822 0.046296296296296294
1 0.4287949921752739 0.3050925925925926 0.02138758476786646 0.0712962962962963
1 0.5646844027125717 0.2898148148148148 0.023995826812728223 0.05740740740740741
1 0.7209181011997914 0.325 0.025039123630672927 0.05462962962962963
0 0.15440792905581638 0.5175925925925926 0.056338028169014086 0.05
0 0.7018779342723005 0.4583333333333333 0.0297339593114241 0.05185185185185185
1 0.30412102243088157 0.1837962962962963 0.024517475221700575 0.062037037037037036
1 0.014606155451225874 0.38472222222222224 0.028690662493479395 0.06296296296296296
1 0.9877412623891497 0.3388888888888889 0.023995826812728223 0.06111111111111111
1 0.6546687532603026 0.32222222222222224 0.02556077203964528 0.062037037037037036
0 0.8166405842462181 0.43194444444444446 0.050078247261345854 0.04722222222222222
1 0.29107981220657275 0.3726851851851852 0.023995826812728223 0.05555555555555555
1 0.41836202399582684 0.2023148148148148 0.02034428794992175 0.06296296296296296
1 0.4765258215962441 0.32407407407407407 0.027125717266562335 0.06759259259259259
1 0.09676577986437142 0.40370370370370373 0.022952529994783515 0.06388888888888888
1 0.5 0.26064814814814813 0.024517475221700575 0.05740740740740741
1 0.8954094940010433 0.30416666666666664 0.037037037037037035 0.06388888888888888
1 0.6147626499739176 0.2388888888888889 0.02138758476786646 0.06018518518518518
1 0.9587897756911842 0.3013888888888889 0.02556077203964528 0.053703703703703705
1 0.7978612415232134 0.37916666666666665 0.02138758476786646 0.044444444444444446
1 0.2871674491392801 0.3055555555555556 0.016692749087115284 0.05648148148148148
1 0.7723004694835681 0.25972222222222224 0.027125717266562335 0.06018518518518518
1 0.0693792383933229 0.32731481481481484 0.024517475221700575 0.062037037037037036
1 0.8899321857068336 0.23194444444444445 0.027125717266562335 0.05925925925925926
1 0.19640062597809077 0.17731481481481481 0.028690662493479395 0.07592592592592592
0 0.6158059467918623 0.5833333333333334 0.057902973395931145 0.05462962962962963
1 0.6017214397496088 0.3333333333333333 0.015127803860198226 0.06759259259259259
1 0.8296817944705268 0.28194444444444444 0.028169014084507043 0.05648148148148148
1 0.7443922796035473 0.2212962962962963 0.025039123630672927 0.06111111111111111
1 0.09337506520605113 0.23472222222222222 0.025039123630672927 0.06296296296296296
1 0.6447574334898278 0.23148148148148148 0.018257694314032343 0.04722222222222222
1 0.10589462702138759 0.31203703703703706 0.02764736567553469 0.06666666666666667
1 0.23630672926447574 0.13703703703703704 0.025039123630672927 0.06759259259259259
1 0.9389671361502347 0.2439814814814815 0.027125717266562335 0.05
1 0.25925925925925924 0.20046296296296295 0.022952529994783515 0.06296296296296296
1 0.14345331246739698 0.9699074074074074 0.03234220135628586 0.05185185185185185
1 0.012258737610850287 0.29398148148148145 0.02190923317683881 0.06759259259259259
1 0.752999478351591 0.913425925925926 0.03234220135628586 0.06296296296296296
1 0.09337506520605113 0.17962962962962964 0.028690662493479395 0.037037037037037035
1 0.33437663015127805 0.10462962962962963 0.017214397496087636 0.06388888888888888
1 0.24647887323943662 0.2810185185185185 0.026604068857589983 0.07407407407407407
1 0.8101199791340636 0.8810185185185185 0.03547209181011998 0.06296296296296296
1 0.559207094418362 0.8398148148148148 0.03286384976525822 0.06018518518518518
1 0.14553990610328638 0.15185185185185185 0.026604068857589983 0.06851851851851852
1 0.07668231611893583 0.45416666666666666 0.026604068857589983 0.06574074074074074
1 0.5644235785080856 0.9740740740740741 0.02190923317683881 0.05092592592592592
1 0.9775691184141888 0.24814814814814815 0.023474178403755867 0.049074074074074076
1 0.06285863328116849 0.39351851851851855 0.027125717266562335 0.05925925925925926
1 0.20109546165884193 0.2662037037037037 0.023474178403755867 0.06296296296296296
1 0.2245696400625978 0.9083333333333333 0.025039123630672927 0.058333333333333334
1 0.3448095983307251 0.1814814814814815 0.014084507042253521 0.05555555555555555
1 0.306207616066771 0.11990740740740741 0.011476264997391758 0.027777777777777776
1 0.9533124673969744 0.8495370370370371 0.047991653625456446 0.07592592592592592
1 0.06338028169014084 0.05416666666666667 0.01617110067814293 0.07037037037037037
1 0.37741262389149716 0.18611111111111112 0.011476264997391758 0.028703703703703703
1 0.7303077725612936 0.2861111111111111 0.030777256129368807 0.037037037037037035
1 0.5054773082942097 0.0787037037037037 0.0198226395409494 0.06111111111111111