0 0.35009765625 0.451983642578125 0.0301055908203125 0.047858047485351565
0 0.33544921875 0.6604248046875 0.03594970703125 0.06711502075195312
1 0.12139892578125 0.3295623779296875 0.034423828125 0.060289764404296876
1 0.0567626953125 0.597589111328125 0.03656005859375 0.06321487426757813
0 0.499755859375 0.578955078125 0.053314208984375 0.050187301635742185
1 0.04510498046875 0.63009033203125 0.036773681640625 0.06310653686523438
1 0.171875 0.63009033203125 0.032958984375 0.058935546875
0 0.15234375 0.448516845703125 0.048126220703125 0.04235992431640625
0 0.1827392578125 0.510919189453125 0.049407958984375 0.038649368286132815
1 0.272216796875 0.283843994140625 0.0280609130859375 0.05303115844726562
0 0.0258636474609375 0.4279327392578125 0.04949951171875 0.04227867126464844
0 0.2524953413333007 0.46037348994502314 0.04739485747128896 0.07010878103750719
0 0.2193603515625 0.551654052734375 0.048126220703125 0.044770431518554685
1 0.8603515625 0.2216583251953125 0.0258026123046875 0.06240234375
1 0.2242431640625 0.814263916015625 0.0257110595703125 0.05839385986328125
1 0.703125 0.674725341796875 0.0313720703125 0.06418991088867188
1 0.04681396484375 0.8198974609375 0.032958984375 0.056768798828125
1 0.1484375 0.695526123046875 0.0316162109375 0.05644378662109375
1 0.456787109375 0.4073486328125 0.0283355712890625 0.059748077392578126
1 0.5908203125 0.28687744140625 0.0260009765625 0.063702392578125
0 0.89111328125 0.49141845703125 0.055206298828125 0.045799636840820314
1 0.9453125 0.15849761962890624 0.0224151611328125 0.05817718505859375
1 0.9375 0.4188323974609375 0.0300445556640625 0.070635986328125
1 0.12176513671875 0.76182861328125 0.035491943359375 0.059856414794921875
1 0.445556640625 0.3204620361328125 0.02801513671875 0.062131500244140624
1 0.1512451171875 0.556854248046875 0.0305633544921875 0.06321487426757813
1 0.8876953125 0.1475555419921875 0.019561767578125 0.06142730712890625
0 0.6181640625 0.580255126953125 0.050811767578125 0.044174575805664064
1 0.1961669921875 0.2849273681640625 0.0310821533203125 0.06099395751953125
1 0.1480712890625 0.737127685546875 0.033660888671875 0.05403327941894531
1 0.391357421875 0.3156951904296875 0.02423095703125 0.07459030151367188
1 0.429931640625 0.2775604248046875 0.0200958251953125 0.059856414794921875
1 0.9775390625 0.790863037109375 0.038330078125 0.07459030151367188
1 0.61083984375 0.3702972412109375 0.0283355712890625 0.05303115844726562
1 0.96533203125 0.3312957763671875 0.035736083984375 0.05403327941894531
0 0.7763671875 0.3330291748046875 0.051666259765625 0.038216018676757814
0 0.386474609375 0.60322265625 0.04193115234375 0.07047348022460938
1 0.875 0.420782470703125 0.031494140625 0.06500244140625
1 0.2322998046875 0.87103271484375 0.03326416015625 0.05424995422363281
1 0.364501953125 0.3520965576171875 0.0231475830078125 0.052733230590820315
1 0.2015380859375 0.225341796875 0.029144287109375 0.06500244140625
1 0.343994140625 0.2697601318359375 0.0274810791015625 0.0561187744140625
1 0.475830078125 0.2580596923828125 0.0244293212890625 0.05817718505859375
1 0.7509765625 0.3871978759765625 0.0273284912109375 0.0647857666015625
1 0.82470703125 0.637890625 0.030670166015625 0.0639190673828125
1 0.77099609375 0.3616302490234375 0.023468017578125 0.062131500244140624
1 0.89794921875 0.387847900390625 0.02691650390625 0.070635986328125
1 0.36767578125 0.2281585693359375 0.027069091796875 0.05086441040039062
1 0.57421875 0.398248291015625 0.0177764892578125 0.06299819946289062
1 0.6904296875 0.0868865966796875 0.01837158203125 0.07144851684570312
1 0.044281005859375 0.304644775390625 0.0310211181640625 0.06007308959960937
1 0.53515625 0.22089996337890624 0.0237274169921875 0.061914825439453126
1 0.556640625 0.2888275146484375 0.0211639404296875 0.06451492309570313
1 0.70751953125 0.186773681640625 0.0190887451171875 0.0695526123046875
1 0.218994140625 0.94730224609375 0.03143310546875 0.0535186767578125
1 0.10931396484375 0.2649932861328125 0.0193023681640625 0.0569854736328125
1 0.1153564453125 0.1722564697265625 0.019012451171875 0.05527915954589844
1 0.58837890625 0.21548309326171874 0.023468017578125 0.052922821044921874
1 0.728515625 0.416015625 0.03302001953125 0.07962799072265625
1 0.0125732421875 0.9065673828125 0.024139404296875 0.07903213500976562
1 0.490234375 0.39434814453125 0.0221099853515625 0.05094566345214844
1 0.144775390625 0.3009613037109375 0.0263519287109375 0.055062484741210935
1 0.62548828125 0.2541595458984375 0.01467132568359375 0.04436416625976562
1 0.9189453125 0.3581634521484375 0.0247955322265625 0.08141555786132812
1 0.73779296875 0.0953369140625 0.017303466796875 0.06121063232421875
0 0.69775390625 0.544720458984375 0.035064697265625 0.050756072998046874
1 0.5693359375 0.85369873046875 0.0296478271484375 0.05904388427734375
1 0.07965087890625 0.18384857177734376 0.0213623046875 0.0606689453125
1 0.47314453125 0.726727294921875 0.0343017578125 0.05262489318847656
1 0.81298828125 0.3893646240234375 0.02838134765625 0.05213737487792969
0 0.53466796875 0.493585205078125 0.0273284912109375 0.05817718505859375
1 0.15283203125 0.2012908935546875 0.0246124267578125 0.051731109619140625
1 0.29541015625 0.1960906982421875 0.017242431640625 0.057635498046875
1 0.2470703125 0.18904876708984375 0.0167236328125 0.047858047485351565
1 0.51416015625 0.36834716796875 0.023101806640625 0.043605804443359375
1 0.2230224609375 0.1787567138671875 0.0235595703125 0.07155685424804688
1 0.60986328125 0.814697265625 0.02655029296875 0.04980812072753906
1 0.014617919921875 0.20443267822265626 0.019012451171875 0.0426849365234375
1 0.484375 0.75836181640625 0.0273284912109375 0.05424995422363281
1 0.52099609375 0.798663330078125 0.0294189453125 0.05622711181640625
1 0.89599609375 0.9447021484375 0.03875732421875 0.06603164672851562
1 0.3349609375 0.18904876708984375 0.0186920166015625 0.04704551696777344
1 0.564453125 0.2270751953125 0.017181396484375 0.048589324951171874
1 0.60986328125 0.3356292724609375 0.028167724609375 0.0374847412109375
1 0.67041015625 0.21808319091796874 0.0153045654296875 0.0448516845703125
1 0.66845703125 0.1375885009765625 0.02691650390625 0.03859519958496094
1 0.6123046875 0.1822235107421875 0.0223236083984375 0.047858047485351565
1 0.7705078125 0.1787567138671875 0.03125 0.04235992431640625
1 0.0162200927734375 0.269976806640625 0.0284423828125 0.0569854736328125
1 0.76318359375 0.272576904296875 0.0209197998046875 0.06516494750976562
1 0.39306640625 0.210174560546875 0.02215576171875 0.040328598022460936
1 0.82666015625 0.19208221435546874 0.02947998046875 0.05465621948242187
1 0.118408203125 0.1293548583984375 0.0177154541015625 0.05154151916503906
1 0.607421875 0.09961624145507812 0.0161590576171875 0.03130950927734375
1 0.83349609375 0.15243072509765626 0.029144287109375 0.038134765625
1 0.477294921875 0.89010009765625 0.031494140625 0.04496002197265625
1 0.98291015625 0.05192070007324219 0.0184326171875 0.07334442138671875