1 0.06085205078125 0.39261474609375 0.0316162109375 0.06007308959960937
1 0.98193359375 0.49921875 0.03192138671875 0.054358291625976565
0 0.888671875 0.613189697265625 0.056976318359375 0.05403327941894531
1 0.6982421875 0.74449462890625 0.034942626953125 0.05094566345214844
1 0.67626953125 0.453717041015625 0.0165252685546875 0.051731109619140625
1 0.1937255859375 0.361846923828125 0.0289764404296875 0.05817718505859375
1 0.58740234375 0.90050048828125 0.033966064453125 0.06787338256835937
1 0.46044921875 0.3819976806640625 0.0160980224609375 0.047505950927734374
1 0.724609375 0.91090087890625 0.027801513671875 0.06727752685546876
1 0.25634765625 0.7886962890625 0.0284423828125 0.043768310546875
1 0.08197021484375 0.2220916748046875 0.03277587890625 0.06624832153320312
1 0.87353515625 0.727593994140625 0.035675048828125 0.054954147338867186
0 0.044769287109375 0.5356201171875 0.05645751953125 0.04108695983886719
1 0.048492431640625 0.2636932373046875 0.0273284912109375 0.06142730712890625
0 0.328857421875 0.4974853515625 0.052520751953125 0.04300994873046875
1 0.1517333984375 0.2376922607421875 0.0284881591796875 0.06516494750976562
1 0.11859130859375 0.2129913330078125 0.02880859375 0.05579376220703125
1 0.373291015625 0.3767974853515625 0.0202178955078125 0.05527915954589844
1 0.07989501953125 0.2883941650390625 0.0341796875 0.0608856201171875
1 0.2264404296875 0.2502593994140625 0.0192413330078125 0.04980812072753906
1 0.81689453125 0.720660400390625 0.0271759033203125 0.05882720947265625
1 0.8583984375 0.184173583984375 0.02752685546875 0.0626190185546875
1 0.6630859375 0.2922943115234375 0.017913818359375 0.05311241149902344
1 0.09893798828125 0.81036376953125 0.0310211181640625 0.0591522216796875
1 0.1541748046875 0.867999267578125 0.03656005859375 0.07144851684570312
1 0.014007568359375 0.3672637939453125 0.027374267578125 0.06467742919921875
1 0.7216796875 0.80689697265625 0.0210418701171875 0.06007308959960937
1 0.350830078125 0.2420257568359375 0.0215301513671875 0.05527915954589844
1 0.75 0.67515869140625 0.0197601318359375 0.05861053466796875
1 0.6904296875 0.2498260498046875 0.0261993408203125 0.045203781127929686
1 0.0546875 0.204107666015625 0.0244293212890625 0.058935546875
1 0.81982421875 0.2064910888671875 0.018585205078125 0.050078964233398436
1 0.77685546875 0.341046142578125 0.0325927734375 0.06603164672851562
1 0.453125 0.266943359375 0.02655029296875 0.04626007080078125
1 0.292236328125 0.243975830078125 0.0252227783203125 0.063702392578125
1 0.70654296875 0.29554443359375 0.0258636474609375 0.0639190673828125
1 0.6298828125 0.1874237060546875 0.0156707763671875 0.06099395751953125
1 0.3251953125 0.65089111328125 0.0265045166015625 0.06321487426757813
1 0.7421875 0.643524169921875 0.029815673828125 0.060506439208984374
1 0.17431640625 0.81123046875 0.0258026123046875 0.05029563903808594
0 0.47705078125 0.2983612060546875 0.0416259765625 0.04504127502441406
1 0.560546875 0.390447998046875 0.02886962890625 0.06689834594726562
1 0.14599609375 0.3286956787109375 0.0274810791015625 0.0647857666015625
1 0.0310821533203125 0.29727783203125 0.034820556640625 0.0730194091796875
1 0.85546875 0.85716552734375 0.030731201171875 0.052733230590820315
1 0.49609375 0.646124267578125 0.0210418701171875 0.053924942016601564
1 0.85693359375 0.90830078125 0.03460693359375 0.05465621948242187
1 0.31640625 0.342779541015625 0.0241851806640625 0.05251655578613281
1 0.65380859375 0.3052947998046875 0.019989013671875 0.05262489318847656
1 0.951171875 0.4244659423828125 0.0287628173828125 0.06613998413085938
1 0.98681640625 0.7505615234375 0.026458740234375 0.05926055908203125
1 0.609375 0.343212890625 0.0231475830078125 0.0639190673828125
1 0.1937255859375 0.20367431640625 0.01898193359375 0.046422576904296874
1 0.24853515625 0.3403961181640625 0.0224609375 0.05113525390625
1 0.84716796875 0.82769775390625 0.036163330078125 0.06343154907226563
1 0.14111328125 0.286444091796875 0.0269622802734375 0.070635986328125
1 0.89013671875 0.4383331298828125 0.02386474609375 0.0608856201171875
1 0.85205078125 0.15763092041015625 0.0301513671875 0.06121063232421875
1 0.53857421875 0.2641265869140625 0.027801513671875 0.06982345581054687
1 0.24560546875 0.19847412109375 0.0207977294921875 0.062835693359375
1 0.1644287109375 0.767462158203125 0.02337646484375 0.05154151916503906
1 0.93798828125 0.739727783203125 0.036224365234375 0.05882720947265625
1 0.81201171875 0.4283660888671875 0.03240966796875 0.04598922729492187
1 0.8466796875 0.29034423828125 0.0210113525390625 0.044770431518554685
1 0.2666015625 0.253076171875 0.02044677734375 0.04766845703125
1 0.415771484375 0.322845458984375 0.0228424072265625 0.0613189697265625
1 0.3857421875 0.2229583740234375 0.0202178955078125 0.038649368286132815
1 0.13525390625 0.841998291015625 0.0369873046875 0.050078964233398436
0 0.97412109375 0.575921630859375 0.0531005859375 0.061914825439453126
1 0.97607421875 0.2693267822265625 0.034027099609375 0.07415695190429687
1 0.54833984375 0.3382293701171875 0.0205230712890625 0.0639190673828125
1 0.70068359375 0.7765625 0.026153564453125 0.040328598022460936
1 0.86083984375 0.3299957275390625 0.024932861328125 0.0582855224609375
1 0.8818359375 0.3980316162109375 0.0217742919921875 0.0565521240234375
1 0.84326171875 0.3910980224609375 0.0269622802734375 0.05963973999023438
1 0.28857421875 0.3189453125 0.0252685546875 0.047316360473632815
1 0.7724609375 0.13011322021484376 0.021697998046875 0.06180648803710938
1 0.666015625 0.11602935791015626 0.01490020751953125 0.06402740478515626
1 0.927734375 0.3052947998046875 0.0209197998046875 0.04590797424316406
1 0.496826171875 0.2097412109375 0.017913818359375 0.06603164672851562
1 0.014007568359375 0.18644866943359376 0.0272674560546875 0.06516494750976562
1 0.8974609375 0.16109771728515626 0.0295867919921875 0.06576080322265625
1 0.7919921875 0.2381256103515625 0.022369384765625 0.052435302734375
1 0.9833984375 0.338446044921875 0.0289764404296875 0.06142730712890625
1 0.1624755859375 0.21743316650390626 0.0223236083984375 0.053329086303710936
1 0.94677734375 0.246142578125 0.0235137939453125 0.05861053466796875
1 0.219482421875 0.27647705078125 0.021240234375 0.043768310546875
1 0.79931640625 0.2784271240234375 0.0276947021484375 0.04598922729492187