0 0.74609375 0.57635498046875 0.052520751953125 0.07117767333984375
0 0.529296875 0.510052490234375 0.049407958984375 0.0418182373046875
1 0.03460693359375 0.367047119140625 0.0304412841796875 0.06321487426757813
0 0.6015625 0.61795654296875 0.05450439453125 0.04284744262695313
0 0.6728515625 0.47235107421875 0.03167724609375 0.06440658569335937
1 0.91650390625 0.3737640380859375 0.0252227783203125 0.06613998413085938
1 0.06793212890625 0.2346588134765625 0.0330810546875 0.068902587890625
1 0.98193359375 0.3698638916015625 0.03192138671875 0.06944427490234376
1 0.37646484375 0.3845977783203125 0.024658203125 0.06906509399414062
1 0.892578125 0.328045654296875 0.0274810791015625 0.06272735595703124
1 0.155029296875 0.195440673828125 0.018341064453125 0.06787338256835937
1 0.77587890625 0.30421142578125 0.0285491943359375 0.060289764404296876
1 0.5712890625 0.3754974365234375 0.0289306640625 0.065869140625
1 0.69921875 0.17258148193359374 0.0184326171875 0.077569580078125
1 0.76708984375 0.2212249755859375 0.0226287841796875 0.06240234375
1 0.95556640625 0.239208984375 0.03326416015625 0.06624832153320312
1 0.84033203125 0.9100341796875 0.040374755859375 0.061102294921875
1 0.141357421875 0.3178619384765625 0.0300445556640625 0.06343154907226563
1 0.407958984375 0.3206787109375 0.0272674560546875 0.05517082214355469
0 0.1240234375 0.44981689453125 0.04949951171875 0.06662750244140625
1 0.56689453125 0.09907455444335937 0.0182952880859375 0.06635665893554688
1 0.8349609375 0.1802734375 0.026702880859375 0.06451492309570313
1 0.4677734375 0.3143951416015625 0.0199432373046875 0.04108695983886719
1 0.916015625 0.256109619140625 0.02838134765625 0.0535186767578125
1 0.70361328125 0.29901123046875 0.0240020751953125 0.061914825439453126
1 0.80517578125 0.124371337890625 0.018157958984375 0.06429824829101563
0 0.97998046875 0.54168701171875 0.040985107421875 0.04915809631347656
1 0.1934814453125 0.279510498046875 0.0246124267578125 0.06310653686523438
1 0.09088134765625 0.2987945556640625 0.03338623046875 0.05806884765625
1 0.98779296875 0.2376922607421875 0.0234222412109375 0.0572021484375
1 0.7373046875 0.8961669921875 0.03167724609375 0.06299819946289062
1 0.28759765625 0.34234619140625 0.0293731689453125 0.05384368896484375
1 0.53271484375 0.3390960693359375 0.0219879150390625 0.061914825439453126
1 0.8623046875 0.22176666259765626 0.030670166015625 0.07540283203125
1 0.326904296875 0.8198974609375 0.047607421875 0.07740707397460937
1 0.64306640625 0.22068328857421876 0.021240234375 0.05861053466796875
1 0.73095703125 0.3113616943359375 0.0303802490234375 0.04547462463378906
1 0.5712890625 0.904833984375 0.023101806640625 0.074969482421875
1 0.51513671875 0.237908935546875 0.01519012451171875 0.06180648803710938
1 0.62451171875 0.367913818359375 0.018829345703125 0.062023162841796875
1 0.71923828125 0.4110321044921875 0.029083251953125 0.04934768676757813
1 0.34619140625 0.21613311767578125 0.03204345703125 0.06787338256835937
1 0.59716796875 0.2147247314453125 0.0224609375 0.05644378662109375
1 0.576171875 0.280810546875 0.0192413330078125 0.06299819946289062
1 0.48876953125 0.3724639892578125 0.0272216796875 0.04393081665039063
1 0.388671875 0.28341064453125 0.0170440673828125 0.06852340698242188
1 0.0087127685546875 0.2671600341796875 0.017242431640625 0.06841506958007812
1 0.6044921875 0.10129547119140625 0.012481689453125 0.08217391967773438
1 0.650390625 0.2983612060546875 0.017852783203125 0.05105400085449219
0 0.296142578125 0.59195556640625 0.044189453125 0.06489410400390624
1 0.9345703125 0.054954147338867186 0.016021728515625 0.07047348022460938
1 0.7177734375 0.21613311767578125 0.0225067138671875 0.06321487426757813
0 0.95068359375 0.08656158447265624 0.0303802490234375 0.068035888671875
1 0.625 0.266510009765625 0.0222930908203125 0.06018142700195313
1 0.916015625 0.21396636962890625 0.033905029296875 0.03678054809570312
1 0.56640625 0.2112579345703125 0.02508544921875 0.036563873291015625
1 0.9765625 0.3031280517578125 0.0200653076171875 0.03434295654296875
1 0.469482421875 0.2337921142578125 0.0229339599609375 0.04923934936523437
1 0.69482421875 0.2645599365234375 0.0125732421875 0.028790664672851563
1 0.10577392578125 0.018688201904296875 0.0187225341796875 0.03672637939453125
1 0.6181640625 0.3247955322265625 0.0323486328125 0.045122528076171876
1 0.1593017578125 0.2814605712890625 0.010650634765625 0.02197895050048828
1 1 0.1913238525390625 0.02001953125 0.04972686767578125