0 0.7412109375 0.588055419921875 0.053802490234375 0.05037689208984375
0 0.7981255467799078 0.5140056092062113 0.055119896034555055 0.04915809631347656
0 0.8260999615555988 0.669091796875 0.05696755735755211 0.056443786621093686
0 0.282470703125 0.51915283203125 0.049957275390625 0.046774673461914065
1 0.6669921875 0.754461669921875 0.0262603759765625 0.06077728271484375
0 0.66455078125 0.5217529296875 0.054412841796875 0.05622711181640625
0 0.175537109375 0.45328369140625 0.033203125 0.054547882080078124
1 0.91015625 0.19674072265625 0.0293731689453125 0.06662750244140625
0 0.1851806640625 0.5390869140625 0.05291748046875 0.03962440490722656
1 0.80322265625 0.316778564453125 0.0231475830078125 0.06700668334960938
1 0.61279296875 0.28861083984375 0.0239105224609375 0.06251068115234375
1 0.3857421875 0.4142822265625 0.0239105224609375 0.05963973999023438
1 0.20654296875 0.3744140625 0.0295867919921875 0.0665191650390625
1 0.66748046875 0.3923980712890625 0.0194549560546875 0.07415695190429687
1 0.499755859375 0.2528594970703125 0.0265045166015625 0.0606689453125
1 0.36767578125 0.3577301025390625 0.0293121337890625 0.06121063232421875
1 0.86572265625 0.2896942138671875 0.021453857421875 0.03734931945800781
1 0.7392578125 0.30941162109375 0.027740478515625 0.0682525634765625
1 0.666015625 0.2892608642578125 0.0250396728515625 0.06787338256835937
1 0.6904296875 0.450250244140625 0.0237274169921875 0.06841506958007812
0 0.9798965454101562 0.632257080078125 0.0402069091796875 0.04923934936523437
1 0.1248779296875 0.3442962646484375 0.0287628173828125 0.0639190673828125
1 0.05889892578125 0.3646636962890625 0.0318603515625 0.06007308959960937
1 0.31005859375 0.2823272705078125 0.0203399658203125 0.06440658569335937
1 0.7685546875 0.20443267822265626 0.0227203369140625 0.06635665893554688
1 0.278076171875 0.84849853515625 0.042633056640625 0.06077728271484375
1 0.171875 0.2892608642578125 0.0301513671875 0.062131500244140624
1 0.07501220703125 0.274310302734375 0.027740478515625 0.06776504516601563
1 0.100341796875 0.636590576171875 0.029144287109375 0.059964752197265624
1 0.5205078125 0.3854644775390625 0.021575927734375 0.031201171875
1 0.10430908203125 0.29901123046875 0.0227203369140625 0.05839385986328125
1 0.461669921875 0.29207763671875 0.0245208740234375 0.05192070007324219
1 0.311767578125 0.83116455078125 0.0306243896484375 0.05546875
1 0.61962890625 0.2047576904296875 0.015960693359375 0.06418991088867188
1 0.276611328125 0.93603515625 0.03839111328125 0.05861053466796875
1 0.21240234375 0.3161285400390625 0.0230712890625 0.060289764404296876
1 0.66943359375 0.20226593017578126 0.018402099609375 0.05731048583984375
1 0.7607421875 0.1508056640625 0.024932861328125 0.06121063232421875
1 0.291748046875 0.8060302734375 0.0289306640625 0.05113525390625
1 0.9560546875 0.9412353515625 0.0309600830078125 0.05806884765625
1 0.533203125 0.89010009765625 0.036895751953125 0.05303115844726562
1 0.953125 0.181573486328125 0.0205230712890625 0.06500244140625
1 0.0247955322265625 0.294244384765625 0.03302001953125 0.062131500244140624
0 0.927734375 0.10844573974609376 0.03228759765625 0.06917343139648438
1 0.62255859375 0.19273223876953124 0.0127716064453125 0.027693748474121094
1 0.96337890625 0.14647216796875 0.01267242431640625 0.037213897705078124
1 0.69775390625 0.2374755859375 0.0294189453125 0.07334442138671875
1 0.861328125 0.3598968505859375 0.0311431884765625 0.048399734497070315