0 0.25234375 0.3736111111111111 0.04635416666666667 0.046296296296296294
0 0.30807291666666664 0.5037037037037037 0.04791666666666667 0.044444444444444446
0 0.5401041666666667 0.39814814814814814 0.0453125 0.04722222222222222
0 0.5643229166666667 0.6277777777777778 0.0546875 0.041666666666666664
0 0.6927083333333334 0.5504629629629629 0.052083333333333336 0.040740740740740744
0 0.3416666666666667 0.4074074074074074 0.04583333333333333 0.04537037037037037
0 0.48541666666666666 0.562037037037037 0.0484375 0.044444444444444446
0 0.8434895833333333 0.4935185185185185 0.052083333333333336 0.03888888888888889
0 0.12447916666666667 0.412962962962963 0.04583333333333333 0.04351851851851852
0 0.9796875 0.3162037037037037 0.040625 0.044444444444444446
0 0.022916666666666665 0.47175925925925927 0.04583333333333333 0.04537037037037037
0 0.2421875 0.5731481481481482 0.04479166666666667 0.05462962962962963
0 0.8716145833333333 0.4111111111111111 0.0328125 0.05
0 0.75859375 0.5120370370370371 0.0296875 0.05740740740740741
0 0.8669270833333333 0.3277777777777778 0.043229166666666666 0.03425925925925926
0 0.9830729166666666 0.5708333333333333 0.033854166666666664 0.03333333333333333
0 0.9671875 0.8810185185185185 0.05364583333333333 0.06111111111111111