1 0.5498046875 0.932568359375 0.0256195068359375 0.0578521728515625
0 0.19482421875 0.45848388671875 0.047515869140625 0.04235992431640625
1 0.3837890625 0.54775390625 0.03289794921875 0.08249893188476562
0 0.603515625 0.527386474609375 0.046112060546875 0.07372360229492188
1 0.164794921875 0.731927490234375 0.0284423828125 0.0673858642578125
0 0.3212890625 0.638323974609375 0.054107666015625 0.04536628723144531
1 0.78271484375 0.2857940673828125 0.018096923828125 0.06007308959960937
0 0.051177978515625 0.484051513671875 0.04913330078125 0.048047637939453124
0 0.480224609375 0.502685546875 0.027008056640625 0.054547882080078124
1 0.74365234375 0.395648193359375 0.0248870849609375 0.0682525634765625
1 0.63134765625 0.244842529296875 0.0224151611328125 0.05796051025390625
1 0.7705078125 0.1358551025390625 0.0212860107421875 0.0606689453125
1 0.896484375 0.3096282958984375 0.0258026123046875 0.06402740478515626
1 0.7978515625 0.3919647216796875 0.022247314453125 0.06689834594726562
1 0.260986328125 0.572021484375 0.02386474609375 0.05731048583984375
1 0.85400390625 0.35621337890625 0.03143310546875 0.06500244140625
1 0.4189453125 0.3689971923828125 0.019989013671875 0.07426528930664063
1 0.60595703125 0.2645599365234375 0.0273284912109375 0.0626190185546875
0 0.93798828125 0.588055419921875 0.06231689453125 0.07469863891601562
1 0.37158203125 0.36834716796875 0.029815673828125 0.07020263671875
1 0.8779296875 0.14311370849609376 0.027008056640625 0.06429824829101563
1 0.59423828125 0.323712158203125 0.019378662109375 0.0682525634765625
1 0.63134765625 0.293377685546875 0.025909423828125 0.07567367553710938
1 0.212890625 0.34754638671875 0.029754638671875 0.0639190673828125
1 0.88134765625 0.2753936767578125 0.0306243896484375 0.0574188232421875
1 0.9189453125 0.4214324951171875 0.0252227783203125 0.06007308959960937
1 0.61376953125 0.3785308837890625 0.029876708984375 0.07524032592773437
1 0.94921875 0.34754638671875 0.029815673828125 0.045203781127929686
1 0.73681640625 0.3334625244140625 0.02215576171875 0.04219741821289062
1 0.25537109375 0.26434326171875 0.0232391357421875 0.06440658569335937
1 0.2034912109375 0.1542724609375 0.021240234375 0.07144851684570312
1 0.429931640625 0.2548095703125 0.0287628173828125 0.048047637939453124
0 0.71240234375 0.2320587158203125 0.047149658203125 0.04124946594238281
1 0.9873046875 0.727593994140625 0.0272674560546875 0.06489410400390624
1 0.56591796875 0.2979278564453125 0.024566650390625 0.05687713623046875
1 0.75537109375 0.18774871826171874 0.017181396484375 0.06381072998046874
1 0.250244140625 0.3364959716796875 0.0304412841796875 0.06917343139648438
1 0.5771484375 0.833331298828125 0.0278472900390625 0.05709381103515625
1 0.67529296875 0.16543121337890626 0.0173797607421875 0.06467742919921875
1 0.169677734375 0.6742919921875 0.027069091796875 0.0606689453125
1 0.0885009765625 0.318511962890625 0.0325927734375 0.06332321166992187
1 0.7841796875 0.76702880859375 0.0302734375 0.048399734497070315
1 0.71142578125 0.2732269287109375 0.0197906494140625 0.063702392578125
1 0.297607421875 0.3455963134765625 0.031494140625 0.06673583984375
1 0.03192138671875 0.3018280029296875 0.03460693359375 0.06099395751953125
1 0.923828125 0.89703369140625 0.03314208984375 0.0522186279296875
1 0.3154296875 0.47581787109375 0.03167724609375 0.0591522216796875
1 0.8056640625 0.22880859375 0.019378662109375 0.063702392578125
1 0.09124755859375 0.1809234619140625 0.027069091796875 0.06381072998046874
1 0.35546875 0.3234954833984375 0.023468017578125 0.06749420166015625
1 0.576171875 0.8927001953125 0.018585205078125 0.054547882080078124
1 0.767578125 0.359246826171875 0.0256195068359375 0.054872894287109376
1 0.382568359375 0.276043701171875 0.02838134765625 0.07036514282226562
1 0.302978515625 0.2810272216796875 0.0191650390625 0.05601043701171875
1 0.5498046875 0.3442962646484375 0.018768310546875 0.06814422607421874
1 0.90625 0.389581298828125 0.02691650390625 0.04669342041015625
1 0.9267578125 0.70635986328125 0.034820556640625 0.06077728271484375
1 0.59716796875 0.2246917724609375 0.0194244384765625 0.060289764404296876
1 0.84619140625 0.2987945556640625 0.0215301513671875 0.063702392578125
1 0.98974609375 0.225341796875 0.0190582275390625 0.06711502075195312
1 0.9638671875 0.4558837890625 0.0261077880859375 0.06121063232421875
1 0.2078857421875 0.19706573486328124 0.0242767333984375 0.05774383544921875
1 0.70703125 0.3737640380859375 0.022979736328125 0.0639190673828125
1 0.78955078125 0.92996826171875 0.0325927734375 0.08092803955078125
1 0.4912109375 0.240509033203125 0.026763916015625 0.0613189697265625
1 0.0836181640625 0.2389923095703125 0.02685546875 0.05403327941894531
1 0.443115234375 0.953369140625 0.029815673828125 0.04823722839355469
1 0.33984375 0.263043212890625 0.022369384765625 0.0673858642578125
1 0.1629638671875 0.360113525390625 0.02655029296875 0.05839385986328125
1 0.281005859375 0.82076416015625 0.0279541015625 0.058935546875
1 0.96630859375 0.276043701171875 0.0217742919921875 0.037565994262695315
1 0.8193359375 0.16023101806640624 0.0186920166015625 0.06613998413085938
1 0.57080078125 0.19879913330078125 0.018829345703125 0.0461517333984375
1 0.515625 0.05202903747558594 0.0207977294921875 0.06944427490234376
1 0.7958984375 0.80343017578125 0.0252685546875 0.054439544677734375
1 0.32666015625 0.2372589111328125 0.0192413330078125 0.0606689453125
1 0.5751953125 0.770062255859375 0.0310211181640625 0.04563713073730469
1 0.59228515625 0.07117767333984375 0.022369384765625 0.06299819946289062
1 0.401123046875 0.2155914306640625 0.016021728515625 0.044689178466796875
1 0.039276123046875 0.239642333984375 0.0271759033203125 0.04344329833984375
1 0.40869140625 0.270843505859375 0.01861572265625 0.0556854248046875
1 0.962890625 0.05414161682128906 0.017578125 0.06971511840820313
1 0.302734375 0.7193603515625 0.030914306640625 0.0483184814453125
1 0.845703125 0.2030242919921875 0.0252685546875 0.038216018676757814
1 0.75146484375 0.97503662109375 0.026611328125 0.04555587768554688
1 0.1260986328125 0.21678314208984376 0.020294189453125 0.05644378662109375
1 0.7958984375 0.841998291015625 0.028167724609375 0.0569854736328125
1 0.9912109375 0.299444580078125 0.0154266357421875 0.06489410400390624
1 0.271728515625 0.21613311767578125 0.0191650390625 0.0587188720703125
1 0.2120361328125 0.2814605712890625 0.022674560546875 0.04149322509765625
1 0.96728515625 0.17973175048828124 0.0287017822265625 0.06635665893554688
1 0.90771484375 0.2511260986328125 0.0201416015625 0.04547462463378906
1 0.74755859375 0.685992431640625 0.035888671875 0.07637786865234375
1 0.58154296875 0.717193603515625 0.020294189453125 0.04319953918457031
1 0.282958984375 0.1854736328125 0.0191650390625 0.054439544677734375
1 0.07989501953125 0.92303466796875 0.04168701171875 0.07334442138671875
1 0.008544921875 0.3438629150390625 0.0165252685546875 0.059964752197265624
1 0.021331787109375 0.167706298828125 0.0247955322265625 0.0418182373046875
1 0.66162109375 0.19273223876953124 0.0171051025390625 0.06381072998046874
1 0.60205078125 0.96636962890625 0.0228424072265625 0.03623886108398437
0 0.9794921875 0.0855865478515625 0.0321044921875 0.06879425048828125
1 0.474853515625 0.1731231689453125 0.015777587890625 0.054358291625976565
1 0.5146484375 0.419482421875 0.02203369140625 0.039245223999023436