0 0.09415753781950965 0.524074074074074 0.05112154407929056 0.04351851851851852
1 0.4666145018257694 0.1912037037037037 0.03599374021909233 0.06018518518518518
1 0.9697443922796035 0.6546296296296297 0.0198226395409494 0.05740740740740741
1 0.18127282211789253 0.36203703703703705 0.03442879499217527 0.05185185185185185
1 0.4204486176317162 0.6291666666666667 0.027125717266562335 0.0712962962962963
0 0.1784037558685446 0.5791666666666667 0.05112154407929056 0.04351851851851852
0 0.9058424621804904 0.45092592592592595 0.050078247261345854 0.05185185185185185
0 0.3873239436619718 0.4675925925925926 0.0505998956703182 0.04814814814814815
1 0.09728742827334376 0.22083333333333333 0.03808033385498174 0.05925925925925926
1 0.3364632237871675 0.12268518518518519 0.03599374021909233 0.062037037037037036
1 0.1476264997391758 0.36157407407407405 0.026604068857589983 0.05925925925925926
0 0.504434011476265 0.40555555555555556 0.05268648930620762 0.05
1 0.4191444966092853 0.30787037037037035 0.024517475221700575 0.05555555555555555
1 0.22587376108502868 0.33101851851851855 0.03286384976525822 0.05462962962962963
1 0.7383933229003652 0.6513888888888889 0.02556077203964528 0.06018518518518518
1 0.10693792383933229 0.44351851851851853 0.0396452790818988 0.05740740740740741
0 0.6815336463223787 0.49027777777777776 0.03390714658320292 0.05
1 0.9277516953573292 0.8217592592592593 0.026604068857589983 0.0787037037037037
1 0.6791862284820032 0.6486111111111111 0.0198226395409494 0.06481481481481481
1 0.25299947835159103 0.22962962962962963 0.03234220135628586 0.058333333333333334
1 0.5782472613458529 0.3592592592592593 0.02034428794992175 0.06944444444444445
1 0.3445487741262389 0.30462962962962964 0.028169014084507043 0.058333333333333334
0 0.5015649452269171 0.45092592592592595 0.0505998956703182 0.04259259259259259
1 0.94679186228482 0.5537037037037037 0.03442879499217527 0.06481481481481481
1 0.7266562336984872 0.7291666666666666 0.01773604590505999 0.06759259259259259
0 0.7952529994783516 0.4689814814814815 0.04329681794470527 0.058333333333333334
1 0.12493479394887845 0.11388888888888889 0.0396452790818988 0.06018518518518518
1 0.26291079812206575 0.28703703703703703 0.03129890453834116 0.062037037037037036
1 0.9546165884194053 0.18703703703703703 0.03808033385498174 0.05462962962962963
1 0.41340636411058945 0.2513888888888889 0.027125717266562335 0.06759259259259259
0 0.7456964006259781 0.412962962962963 0.051643192488262914 0.0824074074074074
0 0.9306207616066771 0.6231481481481481 0.03808033385498174 0.04722222222222222
1 0.9603547209181011 0.24259259259259258 0.03442879499217527 0.049074074074074076
1 0.9668753260302556 0.8541666666666666 0.022952529994783515 0.06388888888888888
1 0.6040688575899843 0.2175925925925926 0.025039123630672927 0.06481481481481481
1 0.6171100678142931 0.1337962962962963 0.02034428794992175 0.05648148148148148
0 0.207094418362024 0.4837962962962963 0.0505998956703182 0.05925925925925926
1 0.16588419405320814 0.762962962962963 0.028690662493479395 0.049074074074074076
1 0.13302034428794993 0.6643518518518519 0.028690662493479395 0.06018518518518518
1 0.7222222222222222 0.5486111111111112 0.019300991131977047 0.05462962962962963
1 0.951225873761085 0.033796296296296297 0.029212310902451747 0.058333333333333334
1 0.49504434011476267 0.7712962962962963 0.02034428794992175 0.05925925925925926
1 0.6220657276995305 0.6837962962962963 0.028169014084507043 0.06481481481481481
1 0.2858633281168492 0.7620370370370371 0.028169014084507043 0.058333333333333334
1 0.9058424621804904 0.6916666666666667 0.030777256129368807 0.05555555555555555
1 0.7934272300469484 0.7620370370370371 0.022430881585811163 0.06574074074074074
1 0.8745435576421492 0.85 0.025039123630672927 0.06759259259259259
1 0.22639540949400105 0.7944444444444444 0.030777256129368807 0.06296296296296296
1 0.4332290036515389 0.6939814814814815 0.020865936358894107 0.04537037037037037
1 0.7402190923317684 0.8708333333333333 0.027125717266562335 0.06666666666666667
1 0.6562336984872196 0.8925925925925926 0.019300991131977047 0.05462962962962963
1 0.06598852373500261 0.8009259259259259 0.027125717266562335 0.05925925925925926
0 0.4525299947835159 0.5263888888888889 0.050078247261345854 0.03518518518518519
1 0.4658320292123109 0.08981481481481482 0.029212310902451747 0.05925925925925926
1 0.5936358894105372 0.7837962962962963 0.0198226395409494 0.05092592592592592
1 0.09650495565988523 0.055092592592592596 0.040166927490871154 0.058333333333333334
0 0.6296296296296297 0.3972222222222222 0.05372978612415232 0.053703703703703705
1 0.7279603547209181 0.5861111111111111 0.018779342723004695 0.05555555555555555
1 0.4713093375065206 0.6236111111111111 0.024517475221700575 0.06296296296296296
1 0.21987480438184664 0.7462962962962963 0.023995826812728223 0.06666666666666667
1 0.827073552425665 0.7921296296296296 0.02190923317683881 0.06851851851851852
1 0.23943661971830985 0.15462962962962962 0.022430881585811163 0.05462962962962963
1 0.36071987480438183 0.7152777777777778 0.020865936358894107 0.05740740740740741
1 0.952529994783516 0.07685185185185185 0.036515388628064686 0.05740740740740741
1 0.6259780907668232 0.7398148148148148 0.028169014084507043 0.06388888888888888
1 0.1961398017736046 0.6851851851851852 0.03286384976525822 0.04722222222222222
1 0.3208137715179969 0.7217592592592592 0.025039123630672927 0.058333333333333334
1 0.854981742305686 0.8361111111111111 0.020865936358894107 0.06851851851851852
1 0.10093896713615023 0.7467592592592592 0.027125717266562335 0.05740740740740741
1 0.9434011476264997 0.663425925925926 0.0297339593114241 0.05092592592592592
1 0.8656755346896192 0.10462962962962963 0.03547209181011998 0.053703703703703705
1 0.2587376108502869 0.6685185185185185 0.026604068857589983 0.06574074074074074
1 0.16014606155451225 0.7189814814814814 0.02764736567553469 0.05092592592592592
1 0.7613458528951487 0.7143518518518519 0.028690662493479395 0.049074074074074076
1 0.25508607198748046 0.8069444444444445 0.022952529994783515 0.044444444444444446
1 0.4475743348982786 0.05 0.03599374021909233 0.05648148148148148
1 0.10146061554512259 0.8217592592592593 0.024517475221700575 0.049074074074074076
1 0.24021909233176839 0.7027777777777777 0.023995826812728223 0.05
1 0.5122587376108503 0.7268518518518519 0.020865936358894107 0.05555555555555555
1 0.5146061554512259 0.7949074074074074 0.017214397496087636 0.04722222222222222
1 0.5247782994261867 0.6481481481481481 0.020865936358894107 0.06296296296296296
1 0.9058424621804904 0.7300925925925926 0.03025560772039645 0.05185185185185185
1 0.47730829420970267 0.7069444444444445 0.03234220135628586 0.046296296296296294
1 0.48304642670839854 0.6708333333333333 0.02764736567553469 0.046296296296296294
1 0.6231090245174752 0.8393518518518519 0.026604068857589983 0.10555555555555556
1 0.8750652060511216 0.7615740740740741 0.0297339593114241 0.044444444444444446
1 0.9820031298904538 0.9324074074074075 0.01773604590505999 0.0712962962962963
1 0.9517475221700574 0.7106481481481481 0.0297339593114241 0.037037037037037035
1 0.7652582159624414 0.7527777777777778 0.028169014084507043 0.03888888888888889
1 0.9405320813771518 0.7310185185185185 0.0198226395409494 0.040740740740740744
1 0.35785080855503393 0.7615740740740741 0.020865936358894107 0.03888888888888889
1 0.8946270213875848 0.01898148148148148 0.04538341158059468 0.03611111111111111
1 0.0396452790818988 0.8342592592592593 0.02138758476786646 0.046296296296296294
1 0.4254042775169536 0.7333333333333333 0.03390714658320292 0.04351851851851852
1 0.44105372978612417 0.5875 0.030777256129368807 0.040740740740740744
1 0.94679186228482 0.7583333333333333 0.03234220135628586 0.04259259259259259
1 0.46270213875847677 0.774537037037037 0.02764736567553469 0.06018518518518518
1 0.8560250391236307 0.14027777777777778 0.03390714658320292 0.053703703703703705
1 0.40871152842983827 0.6611111111111111 0.028690662493479395 0.03333333333333333
1 0.5761606677099634 0.6939814814814815 0.02190923317683881 0.06388888888888888
1 0.8789775691184142 0.7981481481481482 0.03442879499217527 0.03981481481481482
1 0.023735002608242045 0.875462962962963 0.025039123630672927 0.03888888888888889
1 0.5284298382889933 0.7064814814814815 0.019300991131977047 0.053703703703703705
1 0.9400104329681794 0.6976851851851852 0.019300991131977047 0.041666666666666664