0 0.7588541666666667 0.4412037037037037 0.04791666666666667 0.04351851851851852
0 0.32135416666666666 0.5638888888888889 0.05260416666666667 0.04351851851851852
0 0.4390625 0.48842592592592593 0.027604166666666666 0.04722222222222222
0 0.20677083333333332 0.3587962962962963 0.025520833333333333 0.05925925925925926
0 0.6177083333333333 0.5347222222222222 0.049479166666666664 0.04722222222222222
0 0.8203125 0.6546296296296297 0.05416666666666667 0.049074074074074076
0 0.9763020833333333 0.5356481481481481 0.04739583333333333 0.04537037037037037
0 0.91640625 0.44907407407407407 0.049479166666666664 0.04537037037037037
0 0.9703125 0.3972222222222222 0.04791666666666667 0.04259259259259259
0 0.28984375 0.31666666666666665 0.034895833333333334 0.03611111111111111
0 0.5177083333333333 0.4981481481481482 0.0421875 0.06388888888888888
0 0.40911458333333334 0.40925925925925927 0.035416666666666666 0.04814814814814815
0 0.5591145833333333 0.15324074074074073 0.022395833333333334 0.06944444444444445