0 0.41097005208333337 0.4292534722222223 0.044026692708333336 0.061197916666666664
0 0.10247802734375 0.3947482638888889 0.047882080078125 0.056966145833333336
0 0.72607421875 0.3734809027777778 0.047607421875 0.04307725694444445
0 0.303466796875 0.3993055555555556 0.043212890625 0.04006618923611111
0 0.4775390625 0.3324652777777778 0.0276336669921875 0.0556640625
0 0.263916015625 0.5724826388888888 0.053497314453125 0.05392795138888889
0 0.794921875 0.6957465277777778 0.054107666015625 0.04831271701388889
0 0.8310546875 0.3841145833333333 0.04681396484375 0.04904513888888889
0 0.48486328125 0.3988715277777778 0.04510498046875 0.043999565972222224
0 0.876953125 0.4644097222222222 0.052032470703125 0.0681423611111111
1 0.81884765625 0.3155381944444444 0.0247039794921875 0.08702256944444445
0 0.6142578125 0.6215277777777778 0.049407958984375 0.035807291666666664
0 0.052493140811011904 0.5923239087301588 0.05271330333891369 0.062468998015873044
0 0.89892578125 0.6245659722222222 0.051177978515625 0.05995008680555555
0 0.5420154389880953 0.5412326388888891 0.04603503999255949 0.060601128472222224
0 0.0285491943359375 0.7621527777777778 0.048492431640625 0.07915581597222222