0 0.13427734375 0.3513454861111111 0.050506591796875 0.043267144097222224
0 0.0496826171875 0.3980034722222222 0.05126953125 0.042670355902777776
0 0.40576171875 0.5416666666666666 0.053192138671875 0.05870225694444445
0 0.6845703125 0.3515625 0.0482177734375 0.04543728298611111
0 0.318115234375 0.328125 0.046539306640625 0.04163953993055555
0 0.8291015625 0.5594618055555556 0.0333251953125 0.052001953125
0 0.6875 0.5859375 0.051361083984375 0.04275173611111111
0 0.40576171875 0.4683159722222222 0.050323486328125 0.04408094618055555
0 0.255126953125 0.4296875 0.049407958984375 0.042670355902777776
0 0.8203125 0.4359809027777778 0.0271148681640625 0.05319552951388889
0 0.63037109375 0.3882378472222222 0.036224365234375 0.05064561631944445
0 0.91796875 0.6354166666666666 0.049407958984375 0.060872395833333336
0 0.274169921875 0.5907118055555556 0.05194091796875 0.0881618923611111
0 0.67578125 0.4761284722222222 0.0279541015625 0.051812065972222224