1 0.84619140625 0.657391357421875 0.0240020751953125 0.058935546875
0 0.94482421875 0.57462158203125 0.059661865234375 0.04812889099121094
1 0.2186279296875 0.3759307861328125 0.0252227783203125 0.06624832153320312
1 0.8974609375 0.516552734375 0.0289764404296875 0.0582855224609375
0 0.7994633745761607 0.5412536621093751 0.04902246959767878 0.05303115844726557
1 0.0482177734375 0.691192626953125 0.034088134765625 0.06749420166015625
1 0.247802734375 0.3087615966796875 0.0200958251953125 0.06711502075195312
1 0.070068359375 0.659124755859375 0.034942626953125 0.06467742919921875
1 0.68212890625 0.307244873046875 0.023956298828125 0.046422576904296874
1 0.286865234375 0.531719970703125 0.0312042236328125 0.076702880859375
0 0.10931396484375 0.4905517578125 0.0537109375 0.04284744262695313
1 0.7333984375 0.417315673828125 0.0280609130859375 0.0695526123046875
1 0.68603515625 0.7124267578125 0.034942626953125 0.0673858642578125
1 0.4794921875 0.407781982421875 0.0312042236328125 0.0572021484375
1 0.501953125 0.3863311767578125 0.03436279296875 0.06917343139648438
1 0.8798828125 0.2675933837890625 0.0247039794921875 0.062835693359375
1 0.290771484375 0.17258148193359374 0.0153045654296875 0.06879425048828125
1 0.69140625 0.3845977783203125 0.023468017578125 0.0665191650390625
1 0.8388671875 0.859765625 0.0262603759765625 0.06343154907226563
1 0.81298828125 0.3395294189453125 0.0301513671875 0.06603164672851562
1 0.402099609375 0.386114501953125 0.0310821533203125 0.06251068115234375
1 0.20947265625 0.163372802734375 0.019989013671875 0.0582855224609375
1 0.57763671875 0.311578369140625 0.02044677734375 0.043768310546875
1 0.499267578125 0.257843017578125 0.017852783203125 0.05579376220703125
1 0.54833984375 0.870166015625 0.03179931640625 0.054954147338867186
1 0.982421875 0.444183349609375 0.026763916015625 0.06343154907226563
1 0.54345703125 0.2996612548828125 0.025909423828125 0.061914825439453126
1 0.63720703125 0.205841064453125 0.0185089111328125 0.05424995422363281
1 0.93994140625 0.2771270751953125 0.0299224853515625 0.05774383544921875
1 0.32568359375 0.821630859375 0.03607177734375 0.06332321166992187
1 0.95458984375 0.470184326171875 0.03216552734375 0.07697372436523438
1 0.8857421875 0.439849853515625 0.03204345703125 0.06418991088867188
1 0.9423828125 0.19273223876953124 0.021942138671875 0.05963973999023438
1 0.93408203125 0.3310791015625 0.0304412841796875 0.06240234375
0 0.98388671875 0.539520263671875 0.0293731689453125 0.058502197265625
1 0.77685546875 0.269976806640625 0.02191162109375 0.06500244140625
1 0.6669921875 0.244842529296875 0.023651123046875 0.07567367553710938
1 0.89453125 0.3611968994140625 0.035552978515625 0.06418991088867188
1 0.6748046875 0.10432891845703125 0.01678466796875 0.07556533813476562
1 0.71044921875 0.2894775390625 0.0224609375 0.047939300537109375
1 0.309326171875 0.230108642578125 0.0215301513671875 0.063702392578125
1 0.869140625 0.1722564697265625 0.022796630859375 0.07009429931640625
1 0.3720703125 0.2697601318359375 0.0194244384765625 0.06240234375
1 0.353515625 0.3321624755859375 0.0261077880859375 0.06018142700195313
1 0.68408203125 0.967236328125 0.02447509765625 0.05232696533203125
1 0.9111328125 0.696392822265625 0.0280609130859375 0.04319953918457031
1 0.424072265625 0.3611968994140625 0.0229339599609375 0.05579376220703125
1 0.08660888671875 0.32327880859375 0.030853271484375 0.06402740478515626
1 0.1531982421875 0.84329833984375 0.0301055908203125 0.05731048583984375
1 0.9765625 0.32674560546875 0.027587890625 0.06814422607421874
1 0.359375 0.642657470703125 0.0265045166015625 0.059748077392578126
1 0.84521484375 0.2357421875 0.0299224853515625 0.04777679443359375
1 0.336181640625 0.2719268798828125 0.0225067138671875 0.06689834594726562
1 0.447509765625 0.2652099609375 0.0177154541015625 0.062835693359375
1 0.54150390625 0.21266632080078124 0.022979736328125 0.06635665893554688
1 0.900390625 0.651324462890625 0.023773193359375 0.052922821044921874
1 0.83203125 0.8164306640625 0.0305633544921875 0.054954147338867186
1 0.947265625 0.13834686279296876 0.02655029296875 0.06142730712890625
1 0.6806640625 0.3481964111328125 0.020843505859375 0.05311241149902344
1 0.669921875 0.17041473388671874 0.018157958984375 0.05601043701171875
1 0.7734375 0.3611968994140625 0.0250396728515625 0.05774383544921875
1 0.06610107421875 0.2142913818359375 0.0295867919921875 0.05731048583984375
1 0.951171875 0.05232696533203125 0.0165863037109375 0.06635665893554688
1 0.9091796875 0.21786651611328126 0.02288818359375 0.049997711181640626
1 0.01302337646484375 0.79649658203125 0.02532958984375 0.05086441040039062
1 0.7275390625 0.21634979248046876 0.01751708984375 0.06321487426757813
1 0.12176513671875 0.669525146484375 0.02423095703125 0.05601043701171875
1 0.01763916015625 0.2363922119140625 0.02752685546875 0.063702392578125
1 0.80810546875 0.288177490234375 0.0282745361328125 0.07827377319335938
1 0.94873046875 0.3828643798828125 0.03460693359375 0.0608856201171875
1 0.494384765625 0.3364959716796875 0.019989013671875 0.041330718994140626
1 0.984375 0.40994873046875 0.0235137939453125 0.05105400085449219
1 0.7431640625 0.11949615478515625 0.019561767578125 0.05538749694824219
1 0.69287109375 0.672991943359375 0.0282135009765625 0.047397613525390625
0 0.11102294921874999 0.5627622251157406 0.05389404296875002 0.07290030585394955
1 0.3994140625 0.217108154296875 0.0206451416015625 0.04444541931152344
1 0.253662109375 0.1854736328125 0.0274810791015625 0.04336204528808594
1 0.06280517578125 0.2987945556640625 0.02203369140625 0.0535186767578125
1 0.91064453125 0.300311279296875 0.0196075439453125 0.047316360473632815
1 0.8193359375 0.1562225341796875 0.024566650390625 0.0673858642578125
1 0.1171875 0.35794677734375 0.03253173828125 0.06917343139648438
0 0.9792861938476562 0.653924560546875 0.0414276123046875 0.05414161682128906
1 0.164306640625 0.230108642578125 0.0214080810546875 0.06711502075195312
1 0.63134765625 0.162506103515625 0.017578125 0.05731048583984375
1 0.556640625 0.94730224609375 0.020172119140625 0.051622772216796876
1 0.77099609375 0.2333587646484375 0.0203704833984375 0.0457183837890625