0 0.04094940010432968 0.44166666666666665 0.0495565988523735 0.053703703703703705
1 0.6661450182576943 0.8263888888888888 0.023474178403755867 0.06574074074074074
1 0.21439749608763695 0.7236111111111111 0.02764736567553469 0.07222222222222222
1 0.4360980699008868 0.7212962962962963 0.027125717266562335 0.075
1 0.1332811684924361 0.7712962962962963 0.03495044340114763 0.06851851851851852
0 0.6087636932707355 0.5064814814814815 0.05216484089723526 0.05092592592592592
1 0.4527908189880021 0.07546296296296297 0.03025560772039645 0.05740740740740741
1 0.9389671361502347 0.6652777777777777 0.03338549817423057 0.06944444444444445
1 0.8455920709441836 0.5861111111111111 0.0297339593114241 0.06296296296296296
1 0.7816901408450704 0.5875 0.022952529994783515 0.05092592592592592
1 0.2303077725612937 0.6087962962962963 0.03442879499217527 0.06018518518518518
1 0.30438184663536777 0.6935185185185185 0.03390714658320292 0.06388888888888888
1 0.08346374543557643 0.749537037037037 0.02764736567553469 0.0712962962962963
1 0.7423056859676578 0.7842592592592592 0.02608242044861763 0.06666666666666667
1 0.25013041210224307 0.65 0.03182055294731351 0.06388888888888888
0 0.6118935837245696 0.4439814814814815 0.050078247261345854 0.04537037037037037
1 0.5625978090766823 0.6898148148148148 0.02764736567553469 0.04814814814814815
1 0.16353677621283255 0.11574074074074074 0.0396452790818988 0.058333333333333334
1 0.026604068857589983 0.6902777777777778 0.03808033385498174 0.06111111111111111
0 0.202660406885759 0.5472222222222223 0.04903495044340115 0.07407407407407407
1 0.6275430359937402 0.6888888888888889 0.02556077203964528 0.06666666666666667
1 0.8286384976525821 0.7032407407407407 0.02764736567553469 0.06666666666666667
1 0.3526343244653104 0.7199074074074074 0.019300991131977047 0.05555555555555555
1 0.5219092331768388 0.5472222222222223 0.0297339593114241 0.05925925925925926
1 0.6202399582681273 0.6425925925925926 0.030777256129368807 0.07962962962962963
1 0.1640584246218049 0.6837962962962963 0.02556077203964528 0.06759259259259259
1 0.4932185706833594 0.6277777777777778 0.020865936358894107 0.06574074074074074
1 0.8721961398017736 0.6967592592592593 0.026604068857589983 0.06481481481481481
1 0.8998435054773083 0.8319444444444445 0.02556077203964528 0.062037037037037036
1 0.7464788732394366 0.6662037037037037 0.025039123630672927 0.06666666666666667
1 0.08033385498174231 0.700462962962963 0.028169014084507043 0.05185185185185185
1 0.3557642149191445 0.6402777777777777 0.029212310902451747 0.05648148148148148
1 0.7383933229003652 0.6986111111111111 0.024517475221700575 0.06481481481481481
1 0.6971830985915493 0.09074074074074075 0.023474178403755867 0.05092592592592592
0 0.516171100678143 0.4597222222222222 0.03286384976525822 0.05092592592592592
1 0.8646322378716745 0.21064814814814814 0.02556077203964528 0.06111111111111111
1 0.25143453312467395 0.3287037037037037 0.019300991131977047 0.05462962962962963
1 0.3586332811684924 0.612037037037037 0.030777256129368807 0.05648148148148148
1 0.8735002608242045 0.7870370370370371 0.029212310902451747 0.06111111111111111
1 0.4016692749087115 0.1375 0.024517475221700575 0.06666666666666667
1 0.23943661971830985 0.6916666666666667 0.02556077203964528 0.06296296296296296
1 0.8028169014084507 0.6990740740740741 0.028169014084507043 0.06296296296296296
1 0.5952008346374543 0.8675925925925926 0.015127803860198226 0.07962962962962963
1 0.4094940010432968 0.18425925925925926 0.03025560772039645 0.05648148148148148
1 0.43766301512780387 0.17731481481481481 0.023474178403755867 0.058333333333333334