0 0.5492957746478874 0.4837962962962963 0.04329681794470527 0.04722222222222222
0 0.7592592592592593 0.7060185185185185 0.04329681794470527 0.05648148148148148
1 0.43792383933229 0.6810185185185185 0.037037037037037035 0.09814814814814815
1 0.6019822639540949 0.7976851851851852 0.02556077203964528 0.05555555555555555
0 0.55320813771518 0.5310185185185186 0.050078247261345854 0.04537037037037037
0 0.7344809598330725 0.5115740740740741 0.030777256129368807 0.05648148148148148
0 0.9517475221700574 0.6023148148148149 0.05112154407929056 0.06666666666666667
1 0.5469483568075117 0.31296296296296294 0.026604068857589983 0.06018518518518518
0 0.6674491392801252 0.7328703703703704 0.03442879499217527 0.05740740740740741
1 0.9066249347939489 0.20787037037037037 0.02556077203964528 0.0712962962962963
1 0.5526864893062076 0.20601851851851852 0.017214397496087636 0.05462962962962963
1 0.6875326030255607 0.1300925925925926 0.02034428794992175 0.06574074074074074
1 0.6270213875847679 0.3263888888888889 0.02034428794992175 0.06574074074074074
1 0.7295252999478351 0.324537037037037 0.023995826812728223 0.06111111111111111
1 0.15701617110067814 0.35833333333333334 0.03547209181011998 0.06759259259259259
0 0.868283776734481 0.5731481481481482 0.03182055294731351 0.049074074074074076
1 0.7313510693792384 0.43842592592592594 0.023474178403755867 0.06574074074074074
0 0.6703182055294732 0.5314814814814814 0.046426708398539386 0.041666666666666664
1 0.14345331246739698 0.3101851851851852 0.024517475221700575 0.05185185185185185
1 0.6314553990610329 0.13703703703703704 0.013562858633281168 0.05925925925925926
1 0.19535732916014606 0.1912037037037037 0.02556077203964528 0.07777777777777778
1 0.6455399061032864 0.4666666666666667 0.026604068857589983 0.05740740740740741
0 0.2777777777777778 0.4532407407407407 0.053208137715179966 0.04351851851851852
0 0.8242044861763171 0.6708333333333333 0.057902973395931145 0.05092592592592592
1 0.7759520083463746 0.12361111111111112 0.01617110067814293 0.05925925925925926
0 0.7227438706311946 0.5898148148148148 0.05372978612415232 0.046296296296296294
1 0.690923317683881 0.24953703703703703 0.024517475221700575 0.05925925925925926
1 0.9676577986437142 0.24444444444444444 0.038601982263954095 0.09814814814814815
1 0.15023474178403756 0.2537037037037037 0.023995826812728223 0.07407407407407407
1 0.26134585289514867 0.25555555555555554 0.024517475221700575 0.06666666666666667
1 0.30203442879499215 0.32916666666666666 0.022952529994783515 0.06018518518518518
1 0.8841940532081377 0.30324074074074076 0.027125717266562335 0.06944444444444445
1 0.696661450182577 0.43657407407407406 0.028169014084507043 0.06481481481481481
1 0.2589984350547731 0.38842592592592595 0.024517475221700575 0.053703703703703705
1 0.7245696400625978 0.2162037037037037 0.018779342723004695 0.06018518518518518
1 0.6064162754303599 0.8416666666666667 0.028690662493479395 0.06666666666666667
1 0.8124673969744393 0.4115740740740741 0.023474178403755867 0.06388888888888888
1 0.5292123109024518 0.4300925925925926 0.025039123630672927 0.06296296296296296
1 0.7725612936880543 0.43287037037037035 0.03025560772039645 0.06481481481481481
1 0.11528429838288994 0.22083333333333333 0.027125717266562335 0.06574074074074074
1 0.8505477308294209 0.20601851851851852 0.02764736567553469 0.062037037037037036
1 0.23161189358372458 0.1912037037037037 0.02138758476786646 0.07314814814814814
1 0.13041210224308816 0.6782407407407407 0.02556077203964528 0.058333333333333334
1 0.29160146061554515 0.27824074074074073 0.028690662493479395 0.06481481481481481
1 0.029212310902451747 0.29398148148148145 0.03547209181011998 0.06018518518518518
1 0.8354199269692227 0.2949074074074074 0.02608242044861763 0.08055555555555556
1 0.6494522691705791 0.6458333333333334 0.026604068857589983 0.06111111111111111
1 0.5800730307772561 0.24953703703703703 0.022952529994783515 0.06018518518518518
1 0.460093896713615 0.3277777777777778 0.018779342723004695 0.06018518518518518
1 0.4011476264997392 0.2902777777777778 0.02190923317683881 0.04722222222222222
1 0.4381846635367762 0.9722222222222222 0.03599374021909233 0.05092592592592592
1 0.7149191444966093 0.29768518518518516 0.02138758476786646 0.05462962962962963
1 0.9517475221700574 0.06435185185185185 0.015127803860198226 0.06851851851851852
1 0.6781429316640585 0.21388888888888888 0.01617110067814293 0.046296296296296294
1 0.35785080855503393 0.28194444444444444 0.02190923317683881 0.05648148148148148
1 0.2245696400625978 0.3449074074074074 0.02608242044861763 0.06481481481481481
1 0.7227438706311946 0.6574074074074074 0.024517475221700575 0.03888888888888889
1 0.9366197183098591 0.18796296296296297 0.019300991131977047 0.05092592592592592
1 0.32629107981220656 0.25092592592592594 0.028690662493479395 0.06111111111111111
1 0.48330725091288473 0.27685185185185185 0.02608242044861763 0.04722222222222222
1 0.8197704747000522 0.21296296296296297 0.02138758476786646 0.06296296296296296
1 0.11919666145018258 0.8064814814814815 0.03495044340114763 0.06666666666666667
1 0.5195618153364632 0.40324074074074073 0.023995826812728223 0.06481481481481481
1 0.6304121022430882 0.2773148148148148 0.019300991131977047 0.04722222222222222
1 0.19222743870631195 0.27870370370370373 0.03182055294731351 0.06481481481481481
1 0.3002086593635889 0.3990740740740741 0.029212310902451747 0.04722222222222222
1 0.37193531559728743 0.21157407407407408 0.02608242044861763 0.049074074074074076
1 0.8007303077725613 0.3685185185185185 0.022430881585811163 0.06111111111111111
1 0.5151278038601982 0.06898148148148148 0.018257694314032343 0.06018518518518518
1 0.8101199791340636 0.16064814814814815 0.029212310902451747 0.075
1 0.30699008868022953 0.924537037037037 0.02138758476786646 0.05185185185185185
1 0.7798643714136672 0.7731481481481481 0.036515388628064686 0.07037037037037037
1 0.9820031298904538 0.3773148148148148 0.025039123630672927 0.04722222222222222
1 0.7576943140323422 0.18333333333333332 0.018779342723004695 0.06388888888888888
1 0.607981220657277 0.20601851851851852 0.022952529994783515 0.07037037037037037
0 0.9478351591027647 0.9263888888888889 0.03912363067292645 0.062037037037037036
1 0.6927490871152843 0.3592592592592593 0.026604068857589983 0.07962962962962963
0 0.36071987480438183 0.5671296296296297 0.048513302034428794 0.04814814814814815
1 0.7456964006259781 0.37175925925925923 0.022952529994783515 0.06851851851851852
1 0.7519561815336463 0.3055555555555556 0.02556077203964528 0.062037037037037036
1 0.01643192488262911 0.8 0.030777256129368807 0.06296296296296296
1 0.2806468440271257 0.8606481481481482 0.025039123630672927 0.05648148148148148
1 0.03834115805946792 0.18796296296296297 0.023474178403755867 0.028703703703703703
1 0.6484089723526343 0.37592592592592594 0.02034428794992175 0.04722222222222222
1 0.46739697443922795 0.10972222222222222 0.012519561815336464 0.030555555555555555
1 0.5140845070422535 0.274537037037037 0.015127803860198226 0.044444444444444446
1 0.5751173708920188 0.08148148148148149 0.013041210224308816 0.040740740740740744
1 0.8012519561815337 0.287962962962963 0.020865936358894107 0.053703703703703705
1 0.44835680751173707 0.2074074074074074 0.017214397496087636 0.05648148148148148
1 0.9439227960354721 0.4842592592592593 0.02556077203964528 0.03518518518518519