0 0.5634765625 0.5668402777777778 0.04803466796875 0.04416232638888889
0 0.48193359375 0.4518229166666667 0.045257568359375 0.04641384548611111
0 0.7294921875 0.6519097222222222 0.05419921875 0.03955078125
0 0.63623046875 0.4270833333333333 0.0469970703125 0.044677734375
0 0.277099609375 0.5946180555555556 0.04345703125 0.06439887152777778
0 0.0701904296875 0.4155815972222222 0.0535888671875 0.046142578125
0 0.021087646484375 0.3556857638888889 0.041839599609375 0.043999565972222224
0 0.483642578125 0.3433159722222222 0.030853271484375 0.06852213541666667
0 0.87255859375 0.3932291666666667 0.046630859375 0.04188368055555555
0 0.0217437744140625 0.6050347222222222 0.03167724609375 0.06499565972222222
0 0.1387939453125 0.2782118055555556 0.049041748046875 0.04408094618055555
0 0.58056640625 0.4765625 0.03424072265625 0.05319552951388889
0 0.3125 0.4127604166666667 0.0472412109375 0.0498046875
1 0.6533203125 0.2983940972222222 0.024993896484375 0.08897569444444445
0 0.51806640625 0.6423611111111112 0.051849365234375 0.044759114583333336