0 0.26901041666666664 0.5268518518518519 0.050520833333333334 0.04259259259259259
1 0.8325520833333333 0.22592592592592592 0.0203125 0.06111111111111111
0 0.5333333333333333 0.6180555555555556 0.04635416666666667 0.040740740740740744
0 0.41848958333333336 0.45694444444444443 0.0546875 0.044444444444444446
0 0.24869791666666666 0.6712962962962963 0.046875 0.04351851851851852
0 0.14947916666666666 0.7129629629629629 0.044270833333333336 0.040740740740740744
0 0.28177083333333336 0.6050925925925926 0.0484375 0.041666666666666664
0 0.42265625 0.6625 0.04791666666666667 0.04259259259259259
0 0.84921875 0.4685185185185185 0.05260416666666667 0.06481481481481481
0 0.50625 0.4962962962962963 0.028645833333333332 0.06388888888888888
0 0.8330729166666667 0.7861111111111111 0.04583333333333333 0.05092592592592592
0 0.42890625 0.1111111111111111 0.059895833333333336 0.058333333333333334
0 0.7510416666666667 0.30694444444444446 0.0484375 0.06666666666666667
1 0.8213541666666667 0.24351851851851852 0.017708333333333333 0.06851851851851852