0 0.20677083333333332 0.5648148148148148 0.050520833333333334 0.03888888888888889
0 0.171875 0.6726851851851852 0.0546875 0.04537037037037037
0 0.38359375 0.35833333333333334 0.04739583333333333 0.041666666666666664
0 0.82421875 0.5638888888888889 0.05 0.04537037037037037
0 0.4739583333333333 0.6226851851851852 0.051041666666666666 0.046296296296296294
0 0.12135416666666667 0.6027777777777777 0.053125 0.044444444444444446
0 0.5033854166666667 0.3851851851851852 0.04375 0.03981481481481482
0 0.7119791666666667 0.4666666666666667 0.04895833333333333 0.04722222222222222
0 0.1328125 0.42592592592592593 0.04375 0.06666666666666667
0 0.2953125 0.42685185185185187 0.050520833333333334 0.04259259259259259
0 0.22005208333333334 0.3425925925925926 0.05 0.03796296296296296
0 0.37421875 0.5162037037037037 0.05260416666666667 0.03796296296296296
0 0.7265625 0.36157407407407405 0.046875 0.04351851851851852
0 0.16979166666666667 0.5115740740740741 0.04479166666666667 0.04351851851851852
0 0.2546875 0.4824074074074074 0.04739583333333333 0.04351851851851852
0 0.5278645833333333 0.7222222222222222 0.0546875 0.053703703703703705
0 0.3723958333333333 0.5708333333333333 0.05416666666666667 0.04537037037037037
0 0.3026041666666667 0.3106481481481482 0.04479166666666667 0.03518518518518519
0 0.953125 0.5555555555555556 0.05572916666666667 0.04722222222222222
0 0.10026041666666667 0.33287037037037037 0.04739583333333333 0.03518518518518519
0 0.8583333333333333 0.4685185185185185 0.04739583333333333 0.05092592592592592
0 0.5747395833333333 0.2810185185185185 0.0421875 0.03981481481481482