0 0.89892578125 0.47928466796875 0.05224609375 0.050078964233398436
0 0.270263671875 0.477984619140625 0.053009033203125 0.046774673461914065
1 0.89306640625 0.3720306396484375 0.029754638671875 0.0699859619140625
1 0.97412109375 0.2255584716796875 0.0276336669921875 0.068035888671875
0 0.280517578125 0.588055419921875 0.0560302734375 0.04401206970214844
1 0.01132965087890625 0.2860107421875 0.021209716796875 0.07827377319335938
1 0.86279296875 0.3109283447265625 0.0273284912109375 0.059964752197265624
0 0.456298828125 0.477117919921875 0.048858642578125 0.04777679443359375
1 0.11456298828125 0.29034423828125 0.027435302734375 0.06440658569335937
1 0.7001953125 0.3087615966796875 0.0238189697265625 0.0665191650390625
0 0.74462890625 0.516119384765625 0.0297088623046875 0.06321487426757813
1 0.290771484375 0.3720306396484375 0.025665283203125 0.08309478759765625
0 0.3984375 0.566387939453125 0.0455322265625 0.07144851684570312
1 0.2685546875 0.21396636962890625 0.029144287109375 0.044689178466796875
1 0.50830078125 0.2745269775390625 0.0265045166015625 0.06299819946289062
1 0.763671875 0.1752899169921875 0.023773193359375 0.070635986328125
1 0.91748046875 0.2305419921875 0.02386474609375 0.065869140625
1 0.47216796875 0.3796142578125 0.0312042236328125 0.06381072998046874
1 0.401123046875 0.37701416015625 0.027435302734375 0.049049758911132814
1 0.79931640625 0.322412109375 0.0304412841796875 0.06180648803710938
1 0.6298828125 0.27301025390625 0.015838623046875 0.05817718505859375
1 0.2091064453125 0.3165618896484375 0.0299835205078125 0.07524032592773437
1 0.88134765625 0.2270751953125 0.023193359375 0.06332321166992187
1 0.6279296875 0.17474822998046874 0.01751708984375 0.07220687866210937
1 0.3134765625 0.2853607177734375 0.021209716796875 0.06272735595703124
1 0.640625 0.89183349609375 0.0232391357421875 0.0608856201171875
1 0.83837890625 0.2580596923828125 0.0256195068359375 0.056768798828125
1 0.646484375 0.34927978515625 0.0284423828125 0.050756072998046874
1 0.182861328125 0.178106689453125 0.0238189697265625 0.05796051025390625
1 0.74169921875 0.10454559326171875 0.0244293212890625 0.05424995422363281
1 0.8935546875 0.91610107421875 0.0263519287109375 0.08293228149414063
1 0.56640625 0.21938323974609375 0.027008056640625 0.06527328491210938
1 0.23828125 0.8233642578125 0.04876708984375 0.07144851684570312
1 0.6455078125 0.3100616455078125 0.0299835205078125 0.04062652587890625
1 0.093017578125 0.237908935546875 0.02484130859375 0.05113525390625
0 0.331298828125 0.3460296630859375 0.048126220703125 0.04165573120117187
1 0.83642578125 0.21396636962890625 0.0311431884765625 0.03786392211914062
1 0.72705078125 0.91610107421875 0.037322998046875 0.063702392578125
1 0.382080078125 0.28687744140625 0.0257568359375 0.0608856201171875
1 0.69775390625 0.226641845703125 0.01837158203125 0.061589813232421874
1 0.80029296875 0.19034881591796876 0.0181884765625 0.0608856201171875
1 0.5263671875 0.2064910888671875 0.0214080810546875 0.07020263671875
1 0.56396484375 0.3044281005859375 0.015960693359375 0.0448516845703125
1 0.93505859375 0.05839385986328125 0.01554107666015625 0.07009429931640625
1 0.64990234375 0.21678314208984376 0.0179901123046875 0.0572021484375
1 0.62255859375 0.3971649169921875 0.01525115966796875 0.042441177368164065
1 0.94287109375 0.19099884033203124 0.02056884765625 0.0556854248046875
1 0.478271484375 0.881866455078125 0.02947998046875 0.08049468994140625
0 0.95166015625 0.09067840576171875 0.03143310546875 0.068902587890625
0 0.7841796875 0.674725341796875 0.063232421875 0.05926055908203125
1 0.53515625 0.360546875 0.03582763671875 0.08753662109375