0 0.405320813771518 0.44583333333333336 0.027125717266562335 0.06111111111111111
1 0.6977047470005217 0.3912037037037037 0.03286384976525822 0.06574074074074074
1 0.7464788732394366 0.34120370370370373 0.03390714658320292 0.06759259259259259
0 0.9121022430881586 0.4638888888888889 0.03338549817423057 0.053703703703703705
1 0.8022952529994783 0.7013888888888888 0.02190923317683881 0.06666666666666667
0 0.16223265519040167 0.5967592592592592 0.0605112154407929 0.06296296296296296
0 0.6293688054251435 0.5537037037037037 0.028169014084507043 0.06296296296296296
1 0.5620761606677099 0.3731481481481482 0.03025560772039645 0.06388888888888888
0 0.5983307250912885 0.46620370370370373 0.04434011476264997 0.05740740740740741
1 0.2793427230046948 0.8361111111111111 0.036515388628064686 0.08796296296296297
1 0.2235263432446531 0.275 0.020865936358894107 0.062037037037037036
1 0.735263432446531 0.2199074074074074 0.019300991131977047 0.05462962962962963
1 0.9548774126238915 0.32222222222222224 0.030777256129368807 0.06851851851851852
1 0.33255086071987483 0.37592592592592594 0.023474178403755867 0.06759259259259259
1 0.3080333854981742 0.21435185185185185 0.01773604590505999 0.06388888888888888
1 0.5268648930620762 0.3907407407407407 0.016692749087115284 0.06481481481481481
1 0.1752738654147105 0.35833333333333334 0.027125717266562335 0.06851851851851852
1 0.21883150756390193 0.40694444444444444 0.03234220135628586 0.08518518518518518
0 0.17814293166405842 0.49722222222222223 0.03129890453834116 0.053703703703703705
0 0.22561293688054251 0.6402777777777777 0.05268648930620762 0.049074074074074076
1 0.5824204486176318 0.287962962962963 0.022430881585811163 0.05648148148148148
1 0.3604590505998957 0.2300925925925926 0.029212310902451747 0.044444444444444446
1 0.8116849243609807 0.2518518518518518 0.023995826812728223 0.053703703703703705
1 0.5362545644235786 0.3106481481481482 0.01773604590505999 0.06388888888888888
0 0.24413145539906103 0.36435185185185187 0.051643192488262914 0.044444444444444446
1 0.900886802295253 0.8578703703703704 0.03338549817423057 0.05555555555555555
1 0.3539384454877413 0.1527777777777778 0.019300991131977047 0.06666666666666667
1 0.6987480438184663 0.2777777777777778 0.023995826812728223 0.062037037037037036
1 0.1298904538341158 0.3800925925925926 0.024517475221700575 0.06851851851851852
0 0.5972874282733438 0.5217592592592593 0.024517475221700575 0.05092592592592592
1 0.29107981220657275 0.27685185185185185 0.028169014084507043 0.06574074074074074
1 0.0252999478351591 0.29305555555555557 0.03182055294731351 0.05925925925925926
1 0.043557642149191445 0.2351851851851852 0.02556077203964528 0.06018518518518518
1 0.3158581116327595 0.1375 0.023995826812728223 0.05925925925925926
1 0.24517475221700574 0.13518518518518519 0.020865936358894107 0.06296296296296296
1 0.017996870109546165 0.44907407407407407 0.03390714658320292 0.06666666666666667
1 0.11424100156494522 0.30277777777777776 0.023995826812728223 0.06481481481481481
1 0.2665623369848722 0.23287037037037037 0.022952529994783515 0.062037037037037036
1 0.6538862806468441 0.275 0.025039123630672927 0.08518518518518518
1 0.5143453312467396 0.8953703703703704 0.03599374021909233 0.053703703703703705
1 0.9624413145539906 0.39490740740740743 0.04121022430881586 0.08703703703703704
1 0.9780907668231612 0.2152777777777778 0.027125717266562335 0.03796296296296296
0 0.6838810641627543 0.8078703703703703 0.053208137715179966 0.06851851851851852
1 0.07120500782472614 0.15555555555555556 0.03182055294731351 0.05
1 0.06285863328116849 0.2986111111111111 0.022952529994783515 0.06574074074074074
1 0.024517475221700575 0.899537037037037 0.03390714658320292 0.07222222222222222
0 0.037037037037037035 0.7143518518518519 0.06155451225873761 0.08888888888888889
1 0.16249347939488784 0.2569444444444444 0.020865936358894107 0.06574074074074074