1 0.9694835680751174 0.875 0.0406885758998435 0.062037037037037036
0 0.547470005216484 0.5268518518518519 0.05268648930620762 0.041666666666666664
1 0.8933229003651539 0.49027777777777776 0.024517475221700575 0.05277777777777778
1 0.8601982263954095 0.8148148148148148 0.041731872717788214 0.058333333333333334
0 0.35837245696400627 0.49907407407407406 0.04121022430881586 0.04537037037037037
1 0.652321335419927 0.6583333333333333 0.03442879499217527 0.05740740740740741
0 0.5362545644235786 0.4791666666666667 0.048513302034428794 0.05555555555555555
1 0.823943661971831 0.6513888888888889 0.03442879499217527 0.053703703703703705
0 0.13380281690140844 0.5180555555555556 0.05372978612415232 0.04351851851851852
0 0.3315075639019301 0.5722222222222222 0.046426708398539386 0.049074074074074076
1 0.03468961919666145 0.45092592592592595 0.028690662493479395 0.05648148148148148
0 0.24465310380803337 0.6259259259259259 0.051643192488262914 0.049074074074074076
0 0.841679707876891 0.43333333333333335 0.03286384976525822 0.06666666666666667
1 0.4668753260302556 0.612037037037037 0.018257694314032343 0.06296296296296296
1 0.7944705268648931 0.8300925925925926 0.03599374021909233 0.05925925925925926
1 0.7462180490349505 0.2810185185185185 0.02190923317683881 0.058333333333333334
0 0.12206572769953052 0.5814814814814815 0.054773082942097026 0.04537037037037037
0 0.815075639019301 0.5513888888888889 0.050078247261345854 0.08888888888888889
1 0.17083985393844547 0.11851851851851852 0.022430881585811163 0.06574074074074074
1 0.08242044861763172 0.7541666666666667 0.03442879499217527 0.05462962962962963
1 0.8056859676577987 0.6837962962962963 0.03338549817423057 0.05185185185185185
1 0.27047470005216484 0.4050925925925926 0.02556077203964528 0.0712962962962963
1 0.49269692227438705 0.39166666666666666 0.03025560772039645 0.06388888888888888
0 0.4327073552425665 0.5226851851851851 0.04538341158059468 0.046296296296296294
1 0.32133541992696923 0.18333333333333332 0.024517475221700575 0.06759259259259259
1 0.788471570161711 0.7699074074074074 0.036515388628064686 0.05277777777777778
1 0.6335419926969222 0.3541666666666667 0.028690662493479395 0.06666666666666667
1 0.035211267605633804 0.8893518518518518 0.0297339593114241 0.06018518518518518
1 0.43661971830985913 0.21481481481481482 0.0198226395409494 0.06296296296296296
1 0.11632759520083463 0.35185185185185186 0.03390714658320292 0.06296296296296296
1 0.15466875326030255 0.4564814814814815 0.03390714658320292 0.06666666666666667
1 0.43740219092331767 0.31712962962962965 0.027125717266562335 0.05555555555555555
0 0.03625456442357851 0.6129629629629629 0.056859676577986434 0.04259259259259259
1 0.19483568075117372 0.43842592592592594 0.03547209181011998 0.06296296296296296
0 0.6392801251956182 0.43703703703703706 0.04747000521648409 0.05092592592592592
1 0.9071465832029212 0.337037037037037 0.040166927490871154 0.062037037037037036
1 0.20213875847678664 0.7560185185185185 0.03495044340114763 0.046296296296296294
1 0.651017214397496 0.31805555555555554 0.029212310902451747 0.06574074074074074
1 0.28455920709441834 0.29768518518518516 0.027125717266562335 0.05925925925925926
1 0.5106937923839332 0.3416666666666667 0.02190923317683881 0.05740740740740741
1 0.6904016692749088 0.34444444444444444 0.03129890453834116 0.06759259259259259
1 0.21152842983828898 0.2310185185185185 0.030777256129368807 0.06111111111111111
1 0.9486176317162233 0.899537037037037 0.03338549817423057 0.07407407407407407
1 0.3226395409494001 0.40694444444444444 0.018779342723004695 0.05740740740740741
1 0.5067814293166406 0.2828703703703704 0.01564945226917058 0.05925925925925926
1 0.684924360980699 0.26666666666666666 0.03025560772039645 0.06851851851851852
1 0.48200312989045385 0.28703703703703703 0.018779342723004695 0.06111111111111111
1 0.5644235785080856 0.7444444444444445 0.022952529994783515 0.058333333333333334
1 0.795774647887324 0.6157407407407407 0.03495044340114763 0.08148148148148149
1 0.12415232133541992 0.2013888888888889 0.03025560772039645 0.058333333333333334
1 0.5605112154407929 0.3138888888888889 0.026604068857589983 0.05925925925925926
1 0.3455920709441836 0.24074074074074073 0.020865936358894107 0.06759259259259259
1 0.6364110589462703 0.9013888888888889 0.028169014084507043 0.06111111111111111
1 0.1507563901930099 0.30324074074074076 0.02608242044861763 0.06296296296296296
1 0.33307250912884717 0.10185185185185185 0.023995826812728223 0.06481481481481481
1 0.14788732394366197 0.1476851851851852 0.02764736567553469 0.0787037037037037
1 0.8348982785602503 0.19722222222222222 0.026604068857589983 0.06574074074074074
1 0.8826291079812206 0.21481481481481482 0.03025560772039645 0.07407407407407407
1 0.923056859676578 0.24166666666666667 0.02556077203964528 0.07314814814814814
1 0.7151799687010955 0.31666666666666665 0.028169014084507043 0.05740740740740741
1 0.48278560250391234 0.2351851851851852 0.017214397496087636 0.046296296296296294
1 0.21231090245174752 0.17083333333333334 0.02608242044861763 0.062037037037037036
1 0.4014084507042254 0.2 0.02034428794992175 0.06111111111111111
1 0.21152842983828898 0.8972222222222223 0.03286384976525822 0.05277777777777778
1 0.09467918622848201 0.11712962962962963 0.01617110067814293 0.05555555555555555
1 0.4287949921752739 0.7287037037037037 0.02556077203964528 0.06111111111111111
1 0.8114241001564946 0.25 0.027125717266562335 0.062037037037037036
1 0.6056338028169014 0.8490740740740741 0.023474178403755867 0.05185185185185185
1 0.960093896713615 0.3143518518518518 0.03338549817423057 0.06388888888888888
1 0.1697965571205008 0.2847222222222222 0.0297339593114241 0.06574074074074074
1 0.8354199269692227 0.3458333333333333 0.03234220135628586 0.046296296296296294
1 0.37741262389149716 0.28703703703703703 0.018257694314032343 0.04814814814814815
1 0.8380281690140845 0.27314814814814814 0.03547209181011998 0.06574074074074074
1 0.06311945748565467 0.3837962962962963 0.0297339593114241 0.04722222222222222
1 0.7480438184663537 0.15833333333333333 0.018257694314032343 0.05648148148148148
1 0.017214397496087636 0.1787037037037037 0.03182055294731351 0.08148148148148149
1 0.08502869066249348 0.262037037037037 0.020865936358894107 0.058333333333333334
1 0.6776212832550861 0.21481481481481482 0.02556077203964528 0.05277777777777778
1 0.5513823682837767 0.6810185185185185 0.023995826812728223 0.05462962962962963
1 0.9314032342201356 0.16296296296296298 0.03025560772039645 0.05648148148148148
1 0.053208137715179966 0.16111111111111112 0.02556077203964528 0.053703703703703705
1 0.09076682316118936 0.17546296296296296 0.023995826812728223 0.05
1 0.03234220135628586 0.043055555555555555 0.016692749087115284 0.06944444444444445
1 0.819509650495566 0.37407407407407406 0.02556077203964528 0.046296296296296294
1 0.08894105372978613 0.3435185185185185 0.025039123630672927 0.041666666666666664
1 0.5949400104329682 0.28379629629629627 0.026604068857589983 0.049074074074074076
1 0.692227438706312 0.18472222222222223 0.029212310902451747 0.044444444444444446
1 0.21335419926969224 0.8574074074074074 0.03547209181011998 0.05185185185185185
1 0.14345331246739698 0.25833333333333336 0.016692749087115284 0.04814814814814815
1 0.7472613458528952 0.2324074074074074 0.02764736567553469 0.05092592592592592
1 0.3873239436619718 0.09398148148148149 0.018779342723004695 0.08981481481481482
1 0.5203442879499217 0.2 0.018257694314032343 0.04351851851851852
1 0.8116849243609807 0.13703703703703704 0.0198226395409494 0.05462962962962963
1 0.049817423056859676 0.7953703703703704 0.03808033385498174 0.058333333333333334
1 0.5331246739697444 0.5944444444444444 0.02190923317683881 0.06111111111111111
1 0.0594679186228482 0.2513888888888889 0.022430881585811163 0.044444444444444446
1 0.20448617631716223 0.14027777777777778 0.02034428794992175 0.04814814814814815
1 0.6040688575899843 0.8097222222222222 0.022430881585811163 0.05462962962962963
1 0.49269692227438705 0.03148148148148148 0.01617110067814293 0.06018518518518518
1 0.10146061554512259 0.2935185185185185 0.020865936358894107 0.03888888888888889
1 0.1825769431403234 0.26435185185185184 0.018779342723004695 0.06296296296296296
0 0.6546687532603026 0.4375 0.018779342723004695 0.037037037037037035
1 0.24308815858111632 0.3907407407407407 0.016692749087115284 0.037037037037037035
1 0.8891497130933751 0.524074074074074 0.023995826812728223 0.046296296296296294
1 0.07068335941575378 0.4166666666666667 0.03338549817423057 0.04814814814814815
1 0.48330725091288473 0.2023148148148148 0.017214397496087636 0.04537037037037037
1 0.559207094418362 0.24027777777777778 0.014606155451225874 0.05648148148148148
1 0.8988002086593636 0.17453703703703705 0.022952529994783515 0.044444444444444446
1 0.260302556077204 0.18703703703703703 0.02764736567553469 0.03425925925925926
1 0.8586332811684925 0.9800925925925926 0.037037037037037035 0.037037037037037035
1 0.3823682837767345 0.2490740740740741 0.0297339593114241 0.04259259259259259
1 0.9853938445487741 0.11435185185185186 0.02764736567553469 0.07962962962962963
1 0.98226395409494 0.26296296296296295 0.02764736567553469 0.05925925925925926
1 0.4462702138758477 0.8300925925925926 0.028690662493479395 0.05462962962962963
1 0.046948356807511735 0.11851851851851852 0.029212310902451747 0.041666666666666664
1 0.4428794992175274 0.27870370370370373 0.0297339593114241 0.03796296296296296
1 0.23735002608242045 0.35509259259259257 0.028169014084507043 0.049074074074074076