0 0.58642578125 0.5798611111111112 0.050140380859375 0.04554578993055555
0 0.0816650390625 0.4626736111111111 0.03424072265625 0.059733072916666664
0 0.68408203125 0.3415798611111111 0.043121337890625 0.04139539930555555
0 0.69140625 0.6158854166666666 0.04876708984375 0.04408094618055555
0 0.82861328125 0.53125 0.050323486328125 0.044921875
0 0.048492431640625 0.54296875 0.051544189453125 0.059624565972222224
0 0.340576171875 0.4019097222222222 0.0460205078125 0.043999565972222224
0 0.47021484375 0.3426649305555556 0.0457763671875 0.040228949652777776
0 0.9541015625 0.5646701388888888 0.048126220703125 0.05319552951388889
0 0.89306640625 0.4600694444444444 0.049591064453125 0.04307725694444445
0 0.68017578125 0.419921875 0.047088623046875 0.04527452256944445
0 0.0810546875 0.3565538194444444 0.047943115234375 0.04196506076388889