0 0.2265625 0.547320556640625 0.051177978515625 0.04704551696777344
1 0.27587890625 0.384814453125 0.0239105224609375 0.06852340698242188
0 0.165771484375 0.468450927734375 0.0526123046875 0.047939300537109375
1 0.61865234375 0.35274658203125 0.027801513671875 0.06576080322265625
1 0.92041015625 0.295111083984375 0.0343017578125 0.06418991088867188
1 0.462646484375 0.3980316162109375 0.0261077880859375 0.068035888671875
1 0.91748046875 0.403448486328125 0.03607177734375 0.06272735595703124
1 0.50341796875 0.32501220703125 0.0215301513671875 0.06402740478515626
0 0.5478515625 0.5130859375 0.046539306640625 0.043768310546875
0 0.437744140625 0.553387451171875 0.04931640625 0.046422576904296874
0 0.341552734375 0.61622314453125 0.04010009765625 0.0556854248046875
0 0.300537109375 0.564654541015625 0.040679931640625 0.04669342041015625
1 0.31201171875 0.3529632568359375 0.029205322265625 0.06299819946289062
0 0.56494140625 0.685125732421875 0.05059814453125 0.06944427490234376
1 0.1826171875 0.63009033203125 0.0303802490234375 0.06099395751953125
0 0.38525390625 0.474517822265625 0.0312042236328125 0.05644378662109375
1 0.3310546875 0.448516845703125 0.0284881591796875 0.05424995422363281
1 0.029144287109375 0.822930908203125 0.042022705078125 0.05538749694824219
1 0.495849609375 0.394781494140625 0.021453857421875 0.06852340698242188
0 0.325439453125 0.49921875 0.0263519287109375 0.046422576904296874
1 0.411376953125 0.40994873046875 0.0273284912109375 0.05362701416015625
1 0.6865234375 0.267376708984375 0.027587890625 0.068035888671875
1 0.7705078125 0.3377960205078125 0.029083251953125 0.04590797424316406
1 0.393798828125 0.787396240234375 0.03277587890625 0.06180648803710938
1 0.564453125 0.3390960693359375 0.01953125 0.06516494750976562
1 0.3955078125 0.738427734375 0.0301513671875 0.06169815063476562
1 0.9619140625 0.417315673828125 0.024383544921875 0.058935546875
1 0.46435546875 0.59542236328125 0.029541015625 0.054547882080078124
1 0.775390625 0.2080078125 0.0228424072265625 0.061102294921875
1 0.603515625 0.2953277587890625 0.0230255126953125 0.07101516723632813
1 0.10797119140625 0.2998779296875 0.033721923828125 0.06310653686523438
1 0.7998046875 0.390447998046875 0.027374267578125 0.059856414794921875
1 0.82470703125 0.91956787109375 0.037811279296875 0.05963973999023438
1 0.25732421875 0.322412109375 0.0279541015625 0.0582855224609375
1 0.6357421875 0.1666229248046875 0.0189361572265625 0.06749420166015625
1 0.6689453125 0.1809234619140625 0.0221099853515625 0.06169815063476562
1 0.83056640625 0.3559967041015625 0.019989013671875 0.0578521728515625
1 0.62451171875 0.395648193359375 0.0257110595703125 0.0647857666015625
1 0.57763671875 0.29207763671875 0.0203704833984375 0.0682525634765625
1 0.33251953125 0.284710693359375 0.0284881591796875 0.06007308959960937
1 0.5419921875 0.2909942626953125 0.0173797607421875 0.0665191650390625
1 0.63916015625 0.107037353515625 0.01363372802734375 0.06613998413085938
1 0.55908203125 0.21179962158203125 0.020172119140625 0.06814422607421874
1 0.8115234375 0.31201171875 0.0257568359375 0.0647857666015625
1 0.05291748046875 0.3655303955078125 0.03143310546875 0.05817718505859375
1 0.8349609375 0.974169921875 0.02630615234375 0.0452850341796875
0 0.92626953125 0.2619598388671875 0.054412841796875 0.04319953918457031
1 0.1468505859375 0.21179962158203125 0.0271759033203125 0.05882720947265625
1 0.634765625 0.280810546875 0.021484375 0.062023162841796875
1 0.435546875 0.3317291259765625 0.021209716796875 0.06299819946289062
1 0.55810546875 0.589788818359375 0.0328369140625 0.08033218383789062
1 0.45703125 0.2589263916015625 0.0246124267578125 0.05709381103515625
1 0.0192413330078125 0.3161285400390625 0.03753662109375 0.07859878540039063
1 0.1190185546875 0.2636932373046875 0.028656005859375 0.05839385986328125
1 0.8349609375 0.264776611328125 0.0221099853515625 0.06272735595703124
1 0.080078125 0.2181915283203125 0.025177001953125 0.06451492309570313
1 0.98828125 0.293377685546875 0.0190582275390625 0.06516494750976562
1 0.1810302734375 0.2584930419921875 0.028167724609375 0.0656524658203125
1 0.2069091796875 0.17843170166015626 0.0221099853515625 0.06251068115234375
1 0.515625 0.1861236572265625 0.0186920166015625 0.046774673461914065
1 0.58056640625 0.391314697265625 0.01751708984375 0.07989883422851562
1 0.69580078125 0.1510223388671875 0.02752685546875 0.07220687866210937
1 0.97119140625 0.167706298828125 0.0268096923828125 0.061914825439453126
1 0.78857421875 0.173773193359375 0.0180511474609375 0.06251068115234375
0 0.391357421875 0.677325439453125 0.044677734375 0.05926055908203125
1 0.399169921875 0.21266632080078124 0.015777587890625 0.054872894287109376
0 0.97900390625 0.585455322265625 0.043365478515625 0.049997711181640626
1 0.96240234375 0.3416961669921875 0.022674560546875 0.043687057495117185
1 0.1800537109375 0.16803131103515626 0.0257110595703125 0.06359405517578125
1 0.08868408203125 0.35621337890625 0.030670166015625 0.044174575805664064
1 0.95751953125 0.05414161682128906 0.0165252685546875 0.07155685424804688
1 0.79541015625 0.2827606201171875 0.02001953125 0.05105400085449219
1 0.328857421875 0.233575439453125 0.0194549560546875 0.048508071899414064
1 0.82470703125 0.2268585205078125 0.0185394287109375 0.05687713623046875
1 0.86865234375 0.2155914306640625 0.018829345703125 0.06007308959960937
1 0.23193359375 0.256976318359375 0.0202178955078125 0.04563713073730469
1 0.8486328125 0.316778564453125 0.020721435546875 0.06749420166015625
1 0.98583984375 0.383514404296875 0.02508544921875 0.051731109619140625
1 0.2470703125 0.2860107421875 0.0177764892578125 0.04607048034667969
1 0.55078125 0.75662841796875 0.0328369140625 0.04758720397949219
1 0.01306915283203125 0.2485260009765625 0.02423095703125 0.06223983764648437
1 0.295654296875 0.2355255126953125 0.0293121337890625 0.0496185302734375
1 0.76318359375 0.12967987060546876 0.0253753662109375 0.06516494750976562
1 0.6005859375 0.2290252685546875 0.0260009765625 0.05037689208984375
1 0.07080078125 0.904833984375 0.033599853515625 0.05192070007324219
1 0.61474609375 0.878399658203125 0.03662109375 0.054872894287109376
1 0.8330078125 0.809063720703125 0.033538818359375 0.04504127502441406
1 0.5244140625 0.268243408203125 0.024566650390625 0.050674819946289064
1 0.7333984375 0.43248291015625 0.0299835205078125 0.07859878540039063
0 0.97314453125 0.08834915161132813 0.030914306640625 0.06467742919921875
1 0.52294921875 0.055062484741210935 0.02001953125 0.05953140258789062
0 0.97900390625 0.5182861328125 0.045257568359375 0.05546875
1 0.82421875 0.861065673828125 0.035400390625 0.055902099609375
1 0.379638671875 0.16629791259765625 0.0169830322265625 0.06142730712890625