0 0.28880208333333335 0.575462962962963 0.052083333333333336 0.044444444444444446
1 0.9125 0.6523148148148148 0.026041666666666668 0.058333333333333334
0 0.9200520833333333 0.4925925925925926 0.046875 0.07037037037037037
0 0.6533854166666667 0.5212962962962963 0.04635416666666667 0.046296296296296294
0 0.11692708333333333 0.5574074074074075 0.05260416666666667 0.04351851851851852
0 0.17395833333333333 0.5976851851851852 0.04479166666666667 0.05740740740740741
0 0.025520833333333333 0.5120370370370371 0.05 0.040740740740740744
0 0.68984375 0.449537037037037 0.04739583333333333 0.041666666666666664
0 0.40182291666666664 0.175 0.053125 0.05
0 0.5328125 0.42685185185185187 0.05 0.03888888888888889
0 0.028645833333333332 0.6847222222222222 0.0484375 0.03796296296296296
1 0.6518229166666667 0.7245370370370371 0.016666666666666666 0.06296296296296296
1 0.14479166666666668 0.7337962962962963 0.013020833333333334 0.05277777777777778
0 0.7138020833333333 0.3199074074074074 0.057291666666666664 0.05277777777777778
0 0.24296875 0.2601851851851852 0.051041666666666666 0.05740740740740741
1 0.8778645833333333 0.6787037037037037 0.028125 0.044444444444444446
1 0.21692708333333333 0.7087962962962963 0.0296875 0.08425925925925926
1 0.54296875 0.750462962962963 0.027083333333333334 0.06666666666666667
1 0.9166666666666666 0.6013888888888889 0.025520833333333333 0.06481481481481481