0 0.9027125717266562 0.7106481481481481 0.040166927490871154 0.06944444444444445
1 0.892018779342723 0.888425925925926 0.036515388628064686 0.05555555555555555
0 0.852112676056338 0.4671296296296296 0.03390714658320292 0.058333333333333334
0 0.9261867501304121 0.5625 0.06259780907668232 0.06481481481481481
1 0.08972352634324465 0.7888888888888889 0.03912363067292645 0.075
1 0.38941053729786124 0.35833333333333334 0.025039123630672927 0.06018518518518518
1 0.5923317683881064 0.4023148148148148 0.0297339593114241 0.06388888888888888
1 0.40923317683881066 0.3013888888888889 0.02190923317683881 0.0712962962962963
1 0.9827856025039123 0.38101851851851853 0.03234220135628586 0.06759259259259259
0 0.38523735002608245 0.537962962962963 0.02608242044861763 0.06018518518518518
0 0.6846635367762128 0.5708333333333333 0.04747000521648409 0.04537037037037037
1 0.9535732916014606 0.21388888888888888 0.02764736567553469 0.06666666666666667
0 0.46452790818988005 0.5726851851851852 0.04381846635367762 0.05185185185185185
1 0.28038601982263955 0.7356481481481482 0.03182055294731351 0.05462962962962963
1 0.5782472613458529 0.1884259259259259 0.022952529994783515 0.07314814814814814
0 0.33854981742305684 0.45787037037037037 0.0297339593114241 0.053703703703703705
0 0.1883150756390193 0.5550925925925926 0.028169014084507043 0.06018518518518518
1 0.18570683359415754 0.36944444444444446 0.022952529994783515 0.06388888888888888
1 0.3471570161711007 0.649537037037037 0.025039123630672927 0.06666666666666667
1 0.5414710485133021 0.37777777777777777 0.03129890453834116 0.0712962962962963
1 0.5712050078247262 0.25972222222222224 0.02190923317683881 0.06851851851851852
1 0.023995826812728223 0.2611111111111111 0.037037037037037035 0.06388888888888888
0 0.418622848200313 0.4564814814814815 0.05112154407929056 0.04814814814814815
1 0.4063641105894627 0.2300925925925926 0.02608242044861763 0.06574074074074074
1 0.9653103808033385 0.14351851851851852 0.02608242044861763 0.07407407407407407
1 0.6092853416797078 0.25972222222222224 0.01773604590505999 0.062037037037037036
1 0.17266562336984873 0.850462962962963 0.040166927490871154 0.058333333333333334
1 0.7850808555033907 0.23055555555555557 0.022430881585811163 0.05925925925925926
1 0.6718831507563902 0.21342592592592594 0.0198226395409494 0.06666666666666667
1 0.7582159624413145 0.3351851851851852 0.022430881585811163 0.06574074074074074
1 0.06729264475743349 0.3351851851851852 0.03547209181011998 0.06111111111111111
0 0.5732916014606155 0.5050925925925925 0.03025560772039645 0.06574074074074074
1 0.7676056338028169 0.4222222222222222 0.02764736567553469 0.06018518518518518
1 0.4394887845592071 0.8027777777777778 0.029212310902451747 0.062037037037037036
1 0.029473135106937925 0.7222222222222222 0.037037037037037035 0.0824074074074074
1 0.7905581637976005 0.1162037037037037 0.020865936358894107 0.06759259259259259
1 0.6859676577986437 0.3662037037037037 0.026604068857589983 0.058333333333333334
1 0.1794470526864893 0.7583333333333333 0.03547209181011998 0.062037037037037036
1 0.62415232133542 0.33425925925925926 0.020865936358894107 0.06018518518518518
1 0.20422535211267606 0.3439814814814815 0.03025560772039645 0.05462962962962963
1 0.32342201356285866 0.2962962962962963 0.03025560772039645 0.05185185185185185
1 0.6802295252999478 0.2726851851851852 0.02608242044861763 0.06388888888888888
1 0.39593114241001565 0.6712962962962963 0.019300991131977047 0.06111111111111111
1 0.587376108502869 0.8305555555555556 0.020865936358894107 0.058333333333333334
1 0.06207616066770996 0.2810185185185185 0.03129890453834116 0.06388888888888888
1 0.284037558685446 0.23657407407407408 0.02608242044861763 0.05925925925925926
0 0.19222743870631195 0.47129629629629627 0.041731872717788214 0.06018518518518518
1 0.640584246218049 0.6921296296296297 0.026604068857589983 0.05555555555555555
1 0.5279081898800209 0.18055555555555555 0.017214397496087636 0.06296296296296296
1 0.1794470526864893 0.30648148148148147 0.024517475221700575 0.05740740740740741
1 0.10432968179447052 0.2763888888888889 0.02764736567553469 0.05925925925925926
1 0.2576943140323422 0.8226851851851852 0.0198226395409494 0.05925925925925926
1 0.28977569118414187 0.8490740740740741 0.03025560772039645 0.05
1 0.20892018779342722 0.23564814814814813 0.023474178403755867 0.05277777777777778
1 0.9027125717266562 0.15555555555555556 0.03182055294731351 0.07962962962962963
1 0.38028169014084506 0.28425925925925927 0.027125717266562335 0.06944444444444445
1 0.8257694314032342 0.16111111111111112 0.028169014084507043 0.06759259259259259
1 0.9316640584246219 0.24074074074074073 0.02556077203964528 0.07037037037037037
1 0.735263432446531 0.2439814814814815 0.0198226395409494 0.06296296296296296
1 0.3755868544600939 0.17962962962962964 0.024517475221700575 0.05740740740740741
1 0.11971830985915492 0.19166666666666668 0.019300991131977047 0.05462962962962963
1 0.979394887845592 0.2884259259259259 0.023474178403755867 0.04814814814814815
1 0.6499739175795514 0.07731481481481481 0.016692749087115284 0.06481481481481481
1 0.8218570683359415 0.3074074074074074 0.02138758476786646 0.04351851851851852
0 0.3095983307250913 0.4199074074074074 0.046948356807511735 0.04722222222222222
1 0.2952529994783516 0.13796296296296295 0.022430881585811163 0.04259259259259259
1 0.9551382368283776 0.3194444444444444 0.02034428794992175 0.041666666666666664
1 0.5302556077203965 0.31805555555555554 0.015127803860198226 0.06388888888888888
1 0.7117892540427752 0.3023148148148148 0.022430881585811163 0.06574074074074074
1 0.9624413145539906 0.03148148148148148 0.018257694314032343 0.06296296296296296
1 0.6904016692749088 0.18888888888888888 0.018779342723004695 0.05555555555555555
1 0.9820031298904538 0.2439814814814815 0.03025560772039645 0.04537037037037037
1 0.21857068335941576 0.28425925925925927 0.02190923317683881 0.05
1 0.7154407929055816 0.40185185185185185 0.0198226395409494 0.06296296296296296
1 0.7856025039123631 0.38796296296296295 0.014606155451225874 0.023148148148148147
1 0.24021909233176839 0.14212962962962963 0.03495044340114763 0.08425925925925926
1 0.08320292123109024 0.19537037037037036 0.03129890453834116 0.03425925925925926
1 0.19640062597809077 0.20462962962962963 0.01617110067814293 0.04537037037037037