1 0.04042775169535733 0.12361111111111112 0.040166927490871154 0.062037037037037036
1 0.35602503912363065 0.3425925925925926 0.03442879499217527 0.05740740740740741
1 0.14580073030777257 0.1837962962962963 0.03547209181011998 0.06018518518518518
0 0.4681794470526865 0.475 0.050078247261345854 0.044444444444444446
0 0.8891497130933751 0.48703703703703705 0.05425143453312467 0.04537037037037037
0 0.18127282211789253 0.562962962962963 0.03547209181011998 0.06666666666666667
1 0.1841418883672405 0.34814814814814815 0.03390714658320292 0.05648148148148148
0 0.6591027647365676 0.4962962962962963 0.0396452790818988 0.04537037037037037
0 0.6971830985915493 0.42777777777777776 0.048513302034428794 0.049074074074074076
1 0.516171100678143 0.6074074074074074 0.017214397496087636 0.06759259259259259
1 0.31846635367762127 0.6550925925925926 0.02190923317683881 0.06481481481481481
0 0.8969744392279604 0.4185185185185185 0.056338028169014086 0.04814814814814815
1 0.2876890975482525 0.6810185185185185 0.025039123630672927 0.062037037037037036
0 0.6006781429316641 0.475 0.03495044340114763 0.03981481481481482
1 0.8325508607198748 0.875462962962963 0.029212310902451747 0.07037037037037037
0 0.37715179968701096 0.5587962962962963 0.048513302034428794 0.04814814814814815
1 0.8599374021909233 0.55 0.023474178403755867 0.06481481481481481
1 0.9726134585289515 0.5462962962962963 0.03129890453834116 0.05925925925925926
1 0.8954094940010433 0.649074074074074 0.024517475221700575 0.06574074074074074
1 0.37376108502869065 0.6449074074074074 0.02556077203964528 0.06574074074074074
0 0.47522170057381324 0.5222222222222223 0.04538341158059468 0.05555555555555555
0 0.7816901408450704 0.36435185185185187 0.054773082942097026 0.04814814814814815
1 0.7240479916536254 0.7046296296296296 0.024517475221700575 0.058333333333333334
1 0.6624934793948879 0.763425925925926 0.023474178403755867 0.06666666666666667
1 0.5453834115805947 0.38425925925925924 0.02608242044861763 0.06574074074074074
1 0.19718309859154928 0.750462962962963 0.028169014084507043 0.058333333333333334
1 0.4981742305685968 0.6546296296296297 0.027125717266562335 0.06388888888888888
1 0.21231090245174752 0.1712962962962963 0.03286384976525822 0.062037037037037036
1 0.7430881585811163 0.5921296296296297 0.0198226395409494 0.0712962962962963
1 0.6851851851851852 0.5893518518518519 0.028169014084507043 0.05555555555555555
1 0.11398017736045905 0.49907407407407406 0.03182055294731351 0.08518518518518518
1 0.26160667709963487 0.7236111111111111 0.027125717266562335 0.06111111111111111
1 0.4694835680751174 0.37453703703703706 0.020865936358894107 0.05740740740740741
1 0.6087636932707355 0.8064814814814815 0.022952529994783515 0.06481481481481481
1 0.0980699008868023 0.6703703703703704 0.03025560772039645 0.07037037037037037
1 0.08528951486697965 0.7574074074074074 0.02764736567553469 0.07222222222222222
0 0.9780907668231612 0.38935185185185184 0.04381846635367762 0.05092592592592592
1 0.6859676577986437 0.8134259259259259 0.0198226395409494 0.062037037037037036
1 0.5279081898800209 0.7208333333333333 0.024517475221700575 0.06851851851851852
1 0.9287949921752738 0.24537037037037038 0.0297339593114241 0.05277777777777778
1 0.5727699530516432 0.687037037037037 0.025039123630672927 0.06851851851851852
1 0.7939488784559207 0.8305555555555556 0.02764736567553469 0.06296296296296296
1 0.6763171622326551 0.8828703703703704 0.0198226395409494 0.09351851851851851
1 0.3218570683359416 0.725 0.022430881585811163 0.06111111111111111
1 0.44861763171622326 0.7592592592592593 0.023474178403755867 0.05925925925925926
1 0.12363067292644757 0.7865740740740741 0.0297339593114241 0.07685185185185185
1 0.4462702138758477 0.6819444444444445 0.019300991131977047 0.058333333333333334
1 0.8085550339071466 0.2462962962962963 0.026604068857589983 0.05185185185185185
1 0.8500260824204486 0.6648148148148149 0.03599374021909233 0.06666666666666667
1 0.21387584767866458 0.36666666666666664 0.020865936358894107 0.05555555555555555
1 0.9188836724047992 0.8319444444444445 0.02190923317683881 0.05925925925925926
1 0.4981742305685968 0.7129629629629629 0.02556077203964528 0.062037037037037036
1 0.7978612415232134 0.1037037037037037 0.02556077203964528 0.05462962962962963
1 0.16953573291601462 0.725 0.02556077203964528 0.06666666666666667
1 0.8617631716223265 0.861574074074074 0.019300991131977047 0.062037037037037036
1 0.9702660406885759 0.10740740740740741 0.03495044340114763 0.06388888888888888
1 0.8028169014084507 0.7851851851851852 0.018779342723004695 0.062037037037037036
1 0.9092331768388107 0.8851851851851852 0.022952529994783515 0.06111111111111111
1 0.8403755868544601 0.7134259259259259 0.022952529994783515 0.06296296296296296
1 0.8192488262910798 0.5643518518518519 0.023995826812728223 0.06851851851851852
1 0.4415753781950965 0.25787037037037036 0.03025560772039645 0.058333333333333334
1 0.8236828377673449 0.736574074074074 0.020865936358894107 0.06296296296296296
1 0.9507042253521126 0.736574074074074 0.029212310902451747 0.05555555555555555
1 0.41471048513302033 0.7148148148148148 0.018779342723004695 0.044444444444444446
1 0.2235263432446531 0.2050925925925926 0.03495044340114763 0.06296296296296296
1 0.04903495044340115 0.6703703703703704 0.03755868544600939 0.06574074074074074
1 0.17814293166405842 0.8055555555555556 0.03234220135628586 0.06666666666666667
1 0.5805946791862285 0.26805555555555555 0.03234220135628586 0.062037037037037036
1 0.5234741784037559 0.7671296296296296 0.026604068857589983 0.040740740740740744
1 0.7665623369848722 0.6125 0.024517475221700575 0.04722222222222222
1 0.32629107981220656 0.7615740740740741 0.02034428794992175 0.05185185185185185
1 0.7462180490349505 0.7726851851851851 0.02034428794992175 0.05185185185185185
1 0.8857589984350548 0.8 0.020865936358894107 0.06296296296296296
1 0.8568075117370892 0.8171296296296297 0.030777256129368807 0.062037037037037036
1 0.6275430359937402 0.8962962962962963 0.012519561815336464 0.06944444444444445
1 0.4047991653625456 0.15092592592592594 0.03025560772039645 0.05
1 0.3685446009389671 0.09675925925925925 0.03547209181011998 0.05092592592592592
1 0.18648930620761606 0.6222222222222222 0.022430881585811163 0.04814814814814815
1 0.1969222743870631 0.8606481481481482 0.023474178403755867 0.05185185185185185
1 0.9457485654668754 0.6185185185185185 0.029212310902451747 0.04259259259259259
1 0.986697965571205 0.8148148148148148 0.026604068857589983 0.08518518518518518
1 0.26160667709963487 0.8412037037037037 0.02608242044861763 0.05555555555555555
1 0.8633281168492436 0.7388888888888889 0.01773604590505999 0.046296296296296294
1 0.0605112154407929 0.0875 0.03599374021909233 0.04351851851851852
1 0.4624413145539906 0.28888888888888886 0.026604068857589983 0.05555555555555555
1 0.07720396452790819 0.8351851851851851 0.023474178403755867 0.06296296296296296
1 0.6304121022430882 0.7106481481481481 0.026604068857589983 0.053703703703703705
1 0.6546687532603026 0.7907407407407407 0.019300991131977047 0.05277777777777778
1 0.4019300991131977 0.19212962962962962 0.025039123630672927 0.05092592592592592
1 0.9676577986437142 0.9564814814814815 0.016692749087115284 0.06944444444444445
1 0.4791340636411059 0.4064814814814815 0.029212310902451747 0.053703703703703705
1 0.6293688054251435 0.11157407407407408 0.025039123630672927 0.05555555555555555
1 0.17188315075639019 0.6555555555555556 0.03234220135628586 0.044444444444444446
1 0.9217527386541471 0.6541666666666667 0.022430881585811163 0.040740740740740744
1 0.8080333854981743 0.28425925925925927 0.03495044340114763 0.05185185185185185
1 0.2537819509650496 0.7578703703703704 0.023474178403755867 0.058333333333333334
1 0.5581637976004173 0.17222222222222222 0.028690662493479395 0.058333333333333334
1 0.9590505998956703 0.8393518518518519 0.022430881585811163 0.05648148148148148
1 0.31533646322378717 0.8166666666666667 0.03025560772039645 0.041666666666666664
1 0.9603547209181011 0.2037037037037037 0.03912363067292645 0.058333333333333334
1 0.5665101721439749 0.7851851851851852 0.028169014084507043 0.06111111111111111
1 0.9394887845592071 0.5828703703703704 0.027125717266562335 0.046296296296296294
1 0.21439749608763695 0.23842592592592593 0.023995826812728223 0.04259259259259259
1 0.7464788732394366 0.8111111111111111 0.027125717266562335 0.03611111111111111
1 0.03103808033385498 0.7375 0.04121022430881586 0.06018518518518518
0 0.19744392279603548 0.45231481481481484 0.06155451225873761 0.06759259259259259
1 0.5824204486176318 0.08287037037037037 0.020865936358894107 0.05555555555555555
1 0.49269692227438705 0.8101851851851852 0.02190923317683881 0.05648148148148148
1 0.35732916014606153 0.687962962962963 0.017214397496087636 0.049074074074074076
1 0.023474178403755867 0.7893518518518519 0.03182055294731351 0.049074074074074076
1 0.9272300469483568 0.6893518518518519 0.03286384976525822 0.040740740740740744
1 0.8067292644757433 0.6842592592592592 0.029212310902451747 0.05
1 0.9243609806990088 0.7384259259259259 0.0198226395409494 0.05277777777777778
1 0.769170579029734 0.6449074074074074 0.028169014084507043 0.049074074074074076
1 0.10667709963484612 0.8268518518518518 0.023474178403755867 0.05277777777777778
1 0.9595722483046427 0.8819444444444444 0.030777256129368807 0.04259259259259259
1 0.564945226917058 0.7217592592592592 0.0297339593114241 0.037037037037037035
1 0.21987480438184664 0.3921296296296296 0.029212310902451747 0.04814814814814815
1 0.013302034428794992 0.8379629629629629 0.026604068857589983 0.03888888888888889
0 0.36071987480438183 0.5597222222222222 0.019300991131977047 0.03611111111111111