0 0.24700052164840897 0.5449074074074074 0.0495565988523735 0.04351851851851852
0 0.22613458528951486 0.487962962962963 0.03129890453834116 0.06018518518518518
0 0.6859676577986437 0.3731481481481482 0.05216484089723526 0.04537037037037037
0 0.05764214919144497 0.45231481481481484 0.05268648930620762 0.03981481481481482
0 0.8988002086593636 0.4125 0.05529473135106938 0.044444444444444446
1 0.08528951486697965 0.337037037037037 0.03547209181011998 0.05740740740740741
1 0.9814814814814815 0.5657407407407408 0.03442879499217527 0.0712962962962963
0 0.7694314032342201 0.41064814814814815 0.05372978612415232 0.04722222222222222
0 0.12441314553990611 0.49166666666666664 0.0495565988523735 0.05277777777777778
0 0.10850286906624934 0.5791666666666667 0.04903495044340115 0.044444444444444446
1 0.6859676577986437 0.5805555555555556 0.028690662493479395 0.05648148148148148
1 0.17031820552947313 0.3699074074074074 0.0297339593114241 0.05648148148148148
0 0.8633281168492436 0.6583333333333333 0.05372978612415232 0.04259259259259259
1 0.8526343244653104 0.7129629629629629 0.026604068857589983 0.06388888888888888
0 0.41836202399582684 0.5254629629629629 0.048513302034428794 0.04814814814814815
1 0.207094418362024 0.24166666666666667 0.037037037037037035 0.053703703703703705
0 0.4405320813771518 0.4083333333333333 0.029212310902451747 0.05925925925925926
1 0.23708920187793428 0.3199074074074074 0.02608242044861763 0.058333333333333334
0 0.3938445487741262 0.4648148148148148 0.0505998956703182 0.04814814814814815
0 0.7430881585811163 0.48009259259259257 0.057902973395931145 0.05
1 0.288471570161711 0.3388888888888889 0.02138758476786646 0.06574074074074074
1 0.46296296296296297 0.6402777777777777 0.023474178403755867 0.05462962962962963
1 0.5425143453312468 0.649537037037037 0.02034428794992175 0.06666666666666667
1 0.27073552425665104 0.43425925925925923 0.027125717266562335 0.06481481481481481
0 0.50886802295253 0.49166666666666664 0.027125717266562335 0.06388888888888888
1 0.35785080855503393 0.7097222222222223 0.023995826812728223 0.05
0 0.7391757955138237 0.3425925925925926 0.03599374021909233 0.053703703703703705
1 0.2829942618675013 0.7287037037037037 0.022952529994783515 0.06574074074074074
1 0.1090245174752217 0.6680555555555555 0.038601982263954095 0.06851851851851852
1 0.7037037037037037 0.7384259259259259 0.023474178403755867 0.06481481481481481
1 0.834376630151278 0.31851851851851853 0.02190923317683881 0.06388888888888888
1 0.6444966092853417 0.23472222222222222 0.02034428794992175 0.05277777777777778
1 0.23395931142410015 0.6212962962962963 0.02608242044861763 0.07592592592592592
1 0.5912884715701617 0.5828703703703704 0.02556077203964528 0.05740740740740741
1 0.6841418883672404 0.13425925925925927 0.022430881585811163 0.058333333333333334
1 0.1356285863328117 0.6912037037037037 0.028690662493479395 0.06388888888888888
1 0.6757955138236829 0.7018518518518518 0.027125717266562335 0.06666666666666667
1 0.4945226917057903 0.6680555555555555 0.01773604590505999 0.07222222222222222
1 0.350547730829421 0.13055555555555556 0.03442879499217527 0.05092592592592592
1 0.19874804381846636 0.7606481481481482 0.02556077203964528 0.04351851851851852
1 0.5688575899843505 0.7574074074074074 0.023995826812728223 0.06944444444444445
1 0.11241523213354199 0.08472222222222223 0.040166927490871154 0.07037037037037037
1 0.14788732394366197 0.17222222222222222 0.029212310902451747 0.053703703703703705
1 0.04042775169535733 0.675 0.03442879499217527 0.06666666666666667
1 0.1564945226917058 0.8 0.02556077203964528 0.05462962962962963
1 0.5699008868022952 0.10925925925925926 0.027125717266562335 0.05092592592592592
1 0.6846635367762128 0.8694444444444445 0.01773604590505999 0.07222222222222222
1 0.6152842983828899 0.7643518518518518 0.0198226395409494 0.06388888888888888
1 0.15805946791862285 0.20833333333333334 0.03755868544600939 0.05277777777777778
1 0.7037037037037037 0.6189814814814815 0.022952529994783515 0.05462962962962963
1 0.29603547209181014 0.774074074074074 0.022952529994783515 0.06574074074074074
1 0.9178403755868545 0.34305555555555556 0.03338549817423057 0.07962962962962963
1 0.0495565988523735 0.7560185185185185 0.023995826812728223 0.058333333333333334
1 0.03808033385498174 0.7157407407407408 0.03495044340114763 0.06018518518518518
1 0.6695357329160146 0.9324074074074075 0.018779342723004695 0.06759259259259259
1 0.7856025039123631 0.8023148148148148 0.024517475221700575 0.07222222222222222
0 0.027125717266562335 0.5800925925925926 0.047991653625456446 0.05185185185185185
1 0.6338028169014085 0.7324074074074074 0.01773604590505999 0.06018518518518518
1 0.3302034428794992 0.8037037037037037 0.019300991131977047 0.06759259259259259
1 0.07589984350547731 0.6995370370370371 0.03129890453834116 0.06111111111111111
1 0.238132498695879 0.2773148148148148 0.029212310902451747 0.05648148148148148
1 0.8145539906103286 0.8814814814814815 0.023995826812728223 0.05555555555555555
1 0.6528429838288993 0.8430555555555556 0.026604068857589983 0.06759259259259259
1 0.31872717788210747 0.18935185185185185 0.023474178403755867 0.05555555555555555
0 0.5894627021387585 0.4898148148148148 0.04381846635367762 0.041666666666666664
1 0.9092331768388107 0.799074074074074 0.02556077203964528 0.05648148148148148
1 0.8643714136671883 0.6125 0.02034428794992175 0.05555555555555555
1 0.9457485654668754 0.7708333333333334 0.030777256129368807 0.062037037037037036
1 0.3797600417318727 0.7921296296296296 0.026604068857589983 0.053703703703703705
1 0.5738132498695879 0.24583333333333332 0.025039123630672927 0.049074074074074076
1 0.7456964006259781 0.7537037037037037 0.023474178403755867 0.05092592592592592
1 0.09441836202399582 0.7393518518518518 0.02764736567553469 0.046296296296296294
1 0.012519561815336464 0.8013888888888889 0.02190923317683881 0.05648148148148148
1 0.652321335419927 0.7583333333333333 0.017214397496087636 0.05185185185185185
1 0.8495044340114762 0.5722222222222222 0.03390714658320292 0.05277777777777778
1 0.18753260302556077 0.8407407407407408 0.014606155451225874 0.05092592592592592
1 0.32342201356285866 0.0587962962962963 0.027125717266562335 0.05648148148148148
1 0.18205529473135107 0.4023148148148148 0.03025560772039645 0.05555555555555555
1 0.6898800208659364 0.8143518518518519 0.01773604590505999 0.07222222222222222
1 0.23082942097026604 0.6995370370370371 0.023474178403755867 0.06018518518518518
1 0.9233176838810642 0.6532407407407408 0.02608242044861763 0.037037037037037035
1 0.6416275430359938 0.6925925925925925 0.02034428794992175 0.062037037037037036
1 0.5712050078247262 0.562037037037037 0.02138758476786646 0.06296296296296296
1 0.427490871152843 0.725462962962963 0.02608242044861763 0.05648148148148148
1 0.22091810119979133 0.8236111111111111 0.023995826812728223 0.06944444444444445
0 0.23708920187793428 0.8199074074074074 0.04225352112676056 0.03888888888888889
1 0.2245696400625978 0.7560185185185185 0.02190923317683881 0.06944444444444445
1 0.9149713093375065 0.8388888888888889 0.030777256129368807 0.03611111111111111
1 0.594679186228482 0.6972222222222222 0.028169014084507043 0.06759259259259259
1 0.9188836724047992 0.6199074074074075 0.02034428794992175 0.04722222222222222
1 0.7037037037037037 0.6541666666666667 0.028169014084507043 0.03611111111111111
1 0.7162232655190401 0.9148148148148149 0.019300991131977047 0.06296296296296296
1 0.45174752217005737 0.7560185185185185 0.028690662493479395 0.032407407407407406
1 0.9726134585289515 0.9453703703703704 0.017214397496087636 0.06944444444444445
1 0.10067814293166406 0.7939814814814815 0.019300991131977047 0.037037037037037035
1 0.852112676056338 0.7754629629629629 0.02608242044861763 0.058333333333333334
1 0.6006781429316641 0.8203703703703704 0.022952529994783515 0.05740740740740741
1 0.5401669274908711 0.7875 0.014084507042253521 0.046296296296296294
1 0.792905581637976 0.8393518518518519 0.016692749087115284 0.05462962962962963