1 0.2076416015625 0.51395263671875 0.027374267578125 0.0834197998046875
0 0.88330078125 0.59022216796875 0.055511474609375 0.044255828857421874
1 0.328369140625 0.7054931640625 0.027740478515625 0.0561187744140625
1 0.462646484375 0.3733306884765625 0.0282745361328125 0.065869140625
1 0.338623046875 0.8441650390625 0.022247314453125 0.06240234375
1 0.771484375 0.97156982421875 0.0310211181640625 0.05232696533203125
1 0.28369140625 0.87103271484375 0.028656005859375 0.06099395751953125
0 0.74560546875 0.5113525390625 0.05572509765625 0.05029563903808594
1 0.62353515625 0.6569580078125 0.020721435546875 0.0587188720703125
0 0.494384765625 0.526953125 0.051177978515625 0.052922821044921874
0 0.5986328125 0.4801513671875 0.042388916015625 0.043605804443359375
0 0.7578125 0.5737548828125 0.05242919921875 0.04124946594238281
0 0.413818359375 0.5980224609375 0.050048828125 0.0734527587890625
1 0.59716796875 0.2097412109375 0.0194549560546875 0.0572021484375
1 0.063232421875 0.2324920654296875 0.02801513671875 0.0626190185546875
1 0.5341796875 0.890966796875 0.03125 0.05251655578613281
1 0.55810546875 0.3276123046875 0.0257568359375 0.06440658569335937
1 0.9306640625 0.125238037109375 0.0239105224609375 0.060506439208984374
1 0.787109375 0.1354217529296875 0.028594970703125 0.06516494750976562
1 0.427001953125 0.2883941650390625 0.028167724609375 0.06635665893554688
1 0.5634765625 0.783062744140625 0.0264129638671875 0.054872894287109376
1 0.73681640625 0.769195556640625 0.03753662109375 0.05752716064453125
1 0.92041015625 0.9273681640625 0.030853271484375 0.047397613525390625
1 0.343505859375 0.776995849609375 0.0360107421875 0.047505950927734374
1 0.73779296875 0.14918060302734376 0.0192413330078125 0.06879425048828125
1 0.086181640625 0.33367919921875 0.039337158203125 0.06310653686523438
0 0.9794921875 0.536920166015625 0.0439453125 0.04598922729492187
1 0.666015625 0.42208251953125 0.0216522216796875 0.06673583984375
1 0.9677734375 0.35794677734375 0.0280609130859375 0.059856414794921875
1 0.65185546875 0.2987945556640625 0.0230255126953125 0.06272735595703124
1 0.70556640625 0.0953369140625 0.0180511474609375 0.062835693359375
1 0.6884765625 0.867132568359375 0.0276947021484375 0.051622772216796876
1 0.69140625 0.654791259765625 0.0191192626953125 0.06359405517578125
1 0.9736328125 0.4142822265625 0.0301055908203125 0.062131500244140624
1 0.88720703125 0.4209991455078125 0.0211181640625 0.0699859619140625
0 0.51513671875 0.2155914306640625 0.04052734375 0.04070777893066406
1 0.63818359375 0.3763641357421875 0.020416259765625 0.059964752197265624
1 0.966796875 0.18514862060546874 0.0323486328125 0.068035888671875
1 0.90869140625 0.18774871826171874 0.03204345703125 0.07469863891601562
1 0.76953125 0.261309814453125 0.0313720703125 0.06516494750976562
1 0.61181640625 0.14918060302734376 0.0202484130859375 0.06814422607421874
1 0.67578125 0.225341796875 0.0206451416015625 0.0656524658203125
1 0.314697265625 0.27994384765625 0.021087646484375 0.0606689453125
1 0.280029296875 0.21678314208984376 0.027587890625 0.07469863891601562
1 0.8388671875 0.3256622314453125 0.030670166015625 0.061914825439453126
1 0.31689453125 0.3195953369140625 0.0266571044921875 0.06251068115234375
1 0.68603515625 0.3455963134765625 0.0204925537109375 0.05414161682128906
1 0.6142578125 0.3204620361328125 0.0200653076171875 0.06299819946289062
1 0.93017578125 0.790863037109375 0.0258636474609375 0.04777679443359375
1 0.153564453125 0.3390960693359375 0.03253173828125 0.0587188720703125
1 0.0634765625 0.546453857421875 0.036773681640625 0.06343154907226563
1 0.55810546875 0.243975830078125 0.019683837890625 0.068902587890625
1 0.91796875 0.2528594970703125 0.032470703125 0.0569854736328125
1 0.216552734375 0.3507965087890625 0.0305023193359375 0.05904388427734375
1 0.810546875 0.437249755859375 0.0230255126953125 0.06879425048828125
1 0.377197265625 0.2957611083984375 0.024658203125 0.0647857666015625
1 0.196044921875 0.91956787109375 0.0272216796875 0.06852340698242188
1 0.9521484375 0.419482421875 0.0269622802734375 0.0613189697265625
1 0.007843017578125 0.2645599365234375 0.0154876708984375 0.053329086303710936
1 0.869140625 0.4058319091796875 0.03271484375 0.048968505859375
1 0.34521484375 0.819464111328125 0.0302734375 0.05303115844726562
1 0.79150390625 0.20053253173828126 0.02386474609375 0.06381072998046874
1 0.9375 0.285577392578125 0.0212860107421875 0.0591522216796875
1 0.94677734375 0.148638916015625 0.026763916015625 0.06548995971679687
1 0.953125 0.3117950439453125 0.0279541015625 0.06223983764648437
1 0.63427734375 0.63182373046875 0.0264129638671875 0.05538749694824219
1 0.5224609375 0.2597930908203125 0.0294189453125 0.10882492065429687
1 0.71435546875 0.9551025390625 0.03228759765625 0.055902099609375
1 0.6328125 0.2775604248046875 0.0260009765625 0.059964752197265624
1 0.53271484375 0.8406982421875 0.0290374755859375 0.06527328491210938
1 0.08154296875 0.20367431640625 0.0274810791015625 0.058935546875
1 0.341064453125 0.66302490234375 0.0301055908203125 0.05687713623046875
1 0.09600830078125 0.2684600830078125 0.0217742919921875 0.05538749694824219
1 0.1663818359375 0.2790771484375 0.03594970703125 0.06814422607421874
1 0.5009765625 0.9135009765625 0.03204345703125 0.046774673461914065
1 0.301513671875 0.3798309326171875 0.0257110595703125 0.048399734497070315
1 0.1343994140625 0.297711181640625 0.0246124267578125 0.059423065185546874
1 0.96484375 0.04812889099121094 0.0171051025390625 0.0712860107421875
1 0.443603515625 0.2515594482421875 0.0196380615234375 0.05904388427734375
1 0.20068359375 0.264776611328125 0.018798828125 0.06489410400390624
1 0.736328125 0.314178466796875 0.0294189453125 0.05414161682128906
1 0.56787109375 0.706793212890625 0.0207672119140625 0.04758720397949219
1 0.063720703125 0.68035888671875 0.021240234375 0.050674819946289064
1 0.37451171875 0.20551605224609376 0.024932861328125 0.04812889099121094
1 0.12744140625 0.222308349609375 0.02484130859375 0.054439544677734375
1 0.2081298828125 0.1854736328125 0.018402099609375 0.046422576904296874
1 0.01495361328125 0.16456451416015624 0.0278472900390625 0.06879425048828125
1 0.92041015625 0.3481964111328125 0.0312042236328125 0.06402740478515626
1 0.420654296875 0.2485260009765625 0.0226287841796875 0.044174575805664064
1 0.97802734375 0.2957611083984375 0.0213623046875 0.04869766235351562
1 0.1728515625 0.173773193359375 0.024993896484375 0.0513519287109375
1 0.70703125 0.2142913818359375 0.0206451416015625 0.0639190673828125
1 0.23388671875 0.21526641845703126 0.032470703125 0.07989883422851562
1 0.495849609375 0.68555908203125 0.0207977294921875 0.038216018676757814
1 0.358642578125 0.2636932373046875 0.01751708984375 0.05527915954589844
1 0.76171875 0.2277252197265625 0.0237274169921875 0.040464019775390624
1 0.310302734375 0.9689697265625 0.016845703125 0.04211616516113281
1 0.287353515625 0.16109771728515626 0.0207672119140625 0.03940773010253906