1 0.80224609375 0.4058159722222222 0.0261993408203125 0.06722005208333333
0 0.399658203125 0.4136284722222222 0.04876708984375 0.05056423611111111
0 0.5947265625 0.3485243055555556 0.049041748046875 0.044759114583333336
0 0.818359375 0.3502604166666667 0.046539306640625 0.045979817708333336
0 0.91552734375 0.2825520833333333 0.044677734375 0.046685112847222224
0 0.385986328125 0.4631076388888889 0.0295867919921875 0.056315104166666664
0 0.591796875 0.5421006944444444 0.0482177734375 0.04931640625
0 0.38818359375 0.3639322916666667 0.02484130859375 0.06401909722222222
0 0.1497802734375 0.6032986111111112 0.028594970703125 0.04432508680555555
0 0.91796875 0.3350694444444444 0.045013427734375 0.050455729166666664
0 0.83642578125 0.2463107638888889 0.04327392578125 0.04334852430555555
0 0.91357421875 0.70703125 0.046630859375 0.059624565972222224
0 0.9541015625 0.41796875 0.0472412109375 0.051513671875
1 0.7816220238095241 0.37962962962962976 0.023065476190476157 0.07671957671957674