1 0.8625456442357851 0.2777777777777778 0.036515388628064686 0.06574074074074074
1 0.2968179447052686 0.17824074074074073 0.025039123630672927 0.05462962962962963
0 0.05868544600938967 0.4736111111111111 0.03338549817423057 0.053703703703703705
0 0.8184663536776213 0.5560185185185185 0.03234220135628586 0.05740740740740741
1 0.29786124152321336 0.6643518518518519 0.027125717266562335 0.07314814814814814
1 0.1499739175795514 0.13703703703703704 0.025039123630672927 0.053703703703703705
0 0.16797078768909754 0.5166666666666667 0.030777256129368807 0.06666666666666667
1 0.98226395409494 0.3726851851851852 0.02556077203964528 0.04722222222222222
1 0.03912363067292645 0.9652777777777778 0.016692749087115284 0.06666666666666667
0 0.8531559728742827 0.48703703703703705 0.05425143453312467 0.041666666666666664
1 0.3148148148148148 0.8106481481481481 0.02190923317683881 0.06296296296296296
0 0.03312467396974439 0.4046296296296296 0.037037037037037035 0.05648148148148148
1 0.1332811684924361 0.586574074074074 0.024517475221700575 0.06759259259259259
1 0.08242044861763172 0.2972222222222222 0.030777256129368807 0.05740740740740741
0 0.6309337506520605 0.5180555555555556 0.02764736567553469 0.06944444444444445
0 0.5057381324986959 0.5148148148148148 0.05529473135106938 0.04351851851851852
1 0.6624934793948879 0.20277777777777778 0.026604068857589983 0.04722222222222222
1 0.5057381324986959 0.21574074074074073 0.0297339593114241 0.05277777777777778
1 0.11763171622326551 0.6388888888888888 0.03025560772039645 0.06018518518518518
1 0.3555033907146583 0.39351851851851855 0.023474178403755867 0.06296296296296296
1 0.9621804903495045 0.28888888888888886 0.03025560772039645 0.06759259259259259
1 0.528169014084507 0.6666666666666666 0.02556077203964528 0.06574074074074074
1 0.15336463223787167 0.6694444444444444 0.03442879499217527 0.06481481481481481
1 0.7235263432446531 0.7208333333333333 0.023995826812728223 0.058333333333333334
0 0.9420970266040689 0.5833333333333334 0.05112154407929056 0.03888888888888889
1 0.5 0.7907407407407407 0.023995826812728223 0.06018518518518518
1 0.5378195096504955 0.0837962962962963 0.03286384976525822 0.062037037037037036
1 0.3588941053729786 0.7425925925925926 0.017214397496087636 0.07222222222222222
1 0.6984872196139802 0.27175925925925926 0.02608242044861763 0.05462962962962963
1 0.24178403755868544 0.7856481481481481 0.018257694314032343 0.06111111111111111
1 0.6447574334898278 0.7111111111111111 0.018779342723004695 0.06666666666666667
1 0.44001043296817943 0.16574074074074074 0.03234220135628586 0.046296296296296294
1 0.5106937923839332 0.6171296296296296 0.020865936358894107 0.06388888888888888
1 0.6932707355242567 0.6393518518518518 0.02034428794992175 0.06388888888888888
1 0.9898278560250391 0.687037037037037 0.0198226395409494 0.06388888888888888
1 0.33307250912884717 0.7060185185185185 0.01773604590505999 0.06481481481481481
1 0.46531038080333853 0.7777777777777778 0.022952529994783515 0.06388888888888888
1 0.3555033907146583 0.6138888888888889 0.01617110067814293 0.05555555555555555
1 0.9507042253521126 0.20324074074074075 0.037037037037037035 0.053703703703703705
1 0.0693792383933229 0.7708333333333334 0.03234220135628586 0.075
0 0.5065206051121544 0.43796296296296294 0.051643192488262914 0.049074074074074076
1 0.8513302034428795 0.7069444444444445 0.03338549817423057 0.062037037037037036
1 0.41784037558685444 0.2412037037037037 0.01773604590505999 0.05092592592592592
1 0.35837245696400627 0.300462962962963 0.02138758476786646 0.0712962962962963
1 0.6784037558685446 0.7523148148148148 0.025039123630672927 0.053703703703703705
1 0.20109546165884193 0.6574074074074074 0.028690662493479395 0.06018518518518518
1 0.26160667709963487 0.8388888888888889 0.01773604590505999 0.05740740740740741
1 0.4413145539906103 0.6865740740740741 0.027125717266562335 0.05185185185185185
1 0.04381846635367762 0.5990740740740741 0.03025560772039645 0.05277777777777778
1 0.08972352634324465 0.6972222222222222 0.028169014084507043 0.06296296296296296
1 0.7107459572248305 0.8925925925925926 0.02190923317683881 0.07037037037037037
1 0.5675534689619197 0.20277777777777778 0.03755868544600939 0.06851851851851852
1 0.06259780907668232 0.6703703703703704 0.03338549817423057 0.06481481481481481
1 0.8338549817423057 0.8078703703703703 0.01773604590505999 0.06388888888888888
1 0.9134063641105895 0.6893518518518519 0.038601982263954095 0.06574074074074074
1 0.10850286906624934 0.8574074074074074 0.024517475221700575 0.08703703703703704
1 0.5490349504434011 0.737037037037037 0.02190923317683881 0.06388888888888888
1 0.5459050599895671 0.6361111111111111 0.016692749087115284 0.06388888888888888
1 0.9006259780907668 0.7717592592592593 0.03129890453834116 0.07314814814814814
1 0.025821596244131457 0.7388888888888889 0.02764736567553469 0.06018518518518518
1 0.5119979134063641 0.9083333333333333 0.014084507042253521 0.028703703703703703
1 0.6812728221178925 0.6851851851851852 0.02556077203964528 0.06574074074074074
1 0.16953573291601462 0.7087962962962963 0.028169014084507043 0.05555555555555555
1 0.960093896713615 0.7574074074074074 0.02556077203964528 0.05
1 0.40871152842983827 0.8467592592592592 0.02138758476786646 0.06759259259259259
1 0.17240479916536255 0.7962962962962963 0.018779342723004695 0.05
1 0.202660406885759 0.7375 0.02138758476786646 0.06018518518518518
1 0.9681794470526864 0.8037037037037037 0.018779342723004695 0.041666666666666664
1 0.5665101721439749 0.6754629629629629 0.01773604590505999 0.053703703703703705
1 0.16901408450704225 0.7550925925925925 0.03599374021909233 0.03981481481481482
1 0.9149713093375065 0.8185185185185185 0.02034428794992175 0.05185185185185185
1 0.9436619718309859 0.7189814814814814 0.024517475221700575 0.040740740740740744
1 0.5858111632759521 0.7601851851851852 0.014606155451225874 0.027777777777777776
1 0.8085550339071466 0.7527777777777778 0.017214397496087636 0.03425925925925926
1 0.625717266562337 0.8208333333333333 0.020865936358894107 0.05
1 0.8038601982263954 0.8652777777777778 0.011997913406364111 0.04351851851851852
0 0.023474178403755867 0.9342592592592592 0.03390714658320292 0.06851851851851852