1 0.9540949400104329 0.04351851851851852 0.01617110067814293 0.07037037037037037
1 0.43896713615023475 0.3814814814814815 0.02764736567553469 0.06481481481481481
0 0.30438184663536777 0.500462962962963 0.03182055294731351 0.06296296296296296
1 0.8515910276473657 0.850462962962963 0.036515388628064686 0.05462962962962963
0 0.8729786124152321 0.5314814814814814 0.059989567031820554 0.05092592592592592
1 0.48982785602503914 0.04675925925925926 0.018779342723004695 0.07407407407407407
1 0.10615545122587376 0.3912037037037037 0.03338549817423057 0.06574074074074074
1 0.5894627021387585 0.26481481481481484 0.02138758476786646 0.07685185185185185
1 0.6158059467918623 0.7680555555555556 0.029212310902451747 0.062037037037037036
1 0.859415753781951 0.3402777777777778 0.03338549817423057 0.06944444444444445
0 0.4011476264997392 0.5398148148148149 0.05112154407929056 0.03981481481481482
1 0.015910276473656754 0.3439814814814815 0.03129890453834116 0.07222222222222222
1 0.6186750130412102 0.9282407407407407 0.019300991131977047 0.05462962962962963
1 0.9522691705790297 0.3680555555555556 0.03234220135628586 0.06018518518518518
1 0.02060511215440793 0.7578703703703704 0.038601982263954095 0.058333333333333334
1 0.7636932707355243 0.6453703703703704 0.030777256129368807 0.06111111111111111
0 0.4749608763693271 0.562037037037037 0.05112154407929056 0.046296296296296294
0 0.7968179447052687 0.5740740740740741 0.0297339593114241 0.06944444444444445
1 0.04225352112676056 0.6986111111111111 0.037037037037037035 0.05740740740740741
1 0.12128325508607199 0.6620370370370371 0.03547209181011998 0.06111111111111111
1 0.6087636932707355 0.3402777777777778 0.01773604590505999 0.06388888888888888
0 0.15179968701095461 0.49675925925925923 0.05112154407929056 0.044444444444444446
0 0.5985915492957746 0.537962962962963 0.05372978612415232 0.044444444444444446
1 0.19196661450182578 0.7416666666666667 0.037037037037037035 0.06481481481481481
1 0.7563901930099113 0.8185185185185185 0.020865936358894107 0.05648148148148148
0 0.12910798122065728 0.5763888888888888 0.03182055294731351 0.05462962962962963
1 0.9825247782994262 0.8893518518518518 0.03495044340114763 0.05555555555555555
0 0.2180490349504434 0.4111111111111111 0.030777256129368807 0.049074074074074076
1 0.02634324465310381 0.274537037037037 0.04121022430881586 0.06574074074074074
1 0.1484089723526343 0.3449074074074074 0.03234220135628586 0.05277777777777778
1 0.19014084507042253 0.8337962962962963 0.03755868544600939 0.053703703703703705
1 0.48278560250391234 0.31342592592592594 0.02034428794992175 0.06851851851851852
1 0.6630151278038602 0.22361111111111112 0.023995826812728223 0.06388888888888888
1 0.47052686489306206 0.8472222222222222 0.0297339593114241 0.0712962962962963
1 0.643453312467397 0.37777777777777777 0.023474178403755867 0.062037037037037036
1 0.8208137715179968 0.3175925925925926 0.02556077203964528 0.06851851851851852
1 0.2822117892540428 0.7412037037037037 0.025039123630672927 0.06481481481481481
1 0.7704747000521649 0.26851851851851855 0.022952529994783515 0.07592592592592592
1 0.8129890453834115 0.21481481481481482 0.023474178403755867 0.06388888888888888
1 0.7616066770996348 0.7486111111111111 0.022430881585811163 0.06481481481481481
1 0.23865414710485133 0.35694444444444445 0.03129890453834116 0.06388888888888888
1 0.9585289514866979 0.2222222222222222 0.022952529994783515 0.049074074074074076
0 0.40923317683881066 0.4449074074074074 0.05216484089723526 0.046296296296296294
1 0.6880542514345331 0.1986111111111111 0.025039123630672927 0.06574074074074074
0 0.2962962962962963 0.4537037037037037 0.028169014084507043 0.05185185185185185
1 0.2180490349504434 0.32083333333333336 0.024517475221700575 0.06666666666666667
1 0.28142931664058424 0.3087962962962963 0.019300991131977047 0.06388888888888888
1 0.7133541992696922 0.8569444444444444 0.030777256129368807 0.04537037037037037
1 0.9877412623891497 0.3037037037037037 0.024517475221700575 0.06666666666666667
1 0.4470526864893062 0.7722222222222223 0.023995826812728223 0.058333333333333334
1 0.8646322378716745 0.12916666666666668 0.02190923317683881 0.07592592592592592
1 0.5639019300991132 0.3421296296296296 0.025039123630672927 0.06388888888888888
1 0.3140323422013563 0.24166666666666667 0.022952529994783515 0.05925925925925926
1 0.5297339593114241 0.24722222222222223 0.022952529994783515 0.062037037037037036
1 0.8802816901408451 0.2324074074074074 0.03182055294731351 0.06296296296296296
1 0.6142410015649452 0.22037037037037038 0.022430881585811163 0.05555555555555555
1 0.6888367240479917 0.33564814814814814 0.01773604590505999 0.040740740740740744
1 0.275169535732916 0.20277777777777778 0.022430881585811163 0.06481481481481481
1 0.4441836202399583 0.26342592592592595 0.020865936358894107 0.05925925925925926
0 0.15179968701095461 0.5449074074074074 0.051643192488262914 0.03981481481481482
1 0.1739697443922796 0.6472222222222223 0.023474178403755867 0.04722222222222222
1 0.07981220657276995 0.32083333333333336 0.03390714658320292 0.06388888888888888
1 0.7822117892540428 0.40185185185185185 0.030777256129368807 0.06018518518518518
1 0.06338028169014084 0.21435185185185185 0.0297339593114241 0.07592592592592592
1 0.11058946270213876 0.3101851851851852 0.026604068857589983 0.06111111111111111
1 0.9564423578508086 0.30185185185185187 0.03129890453834116 0.05925925925925926
1 0.20735524256651017 0.2625 0.023995826812728223 0.05648148148148148
1 0.16770996348461137 0.26435185185185184 0.02556077203964528 0.06111111111111111
1 0.01904016692749087 0.19444444444444445 0.027125717266562335 0.06481481481481481
1 0.9222743870631195 0.2953703703703704 0.025039123630672927 0.0712962962962963
1 0.41027647365675535 0.30833333333333335 0.025039123630672927 0.06388888888888888
1 0.30568596765779865 0.15231481481481482 0.020865936358894107 0.06481481481481481
1 0.24308815858111632 0.23703703703703705 0.02138758476786646 0.0712962962962963
1 0.15101721439749607 0.2125 0.020865936358894107 0.05925925925925926
1 0.5928534167970788 0.08518518518518518 0.015127803860198226 0.044444444444444446
1 0.21231090245174752 0.21203703703703702 0.02556077203964528 0.05648148148148148
1 0.4118414188836724 0.20324074074074075 0.028690662493479395 0.08425925925925926
1 0.431924882629108 0.3453703703703704 0.018257694314032343 0.046296296296296294
0 0.9687010954616588 0.07268518518518519 0.03129890453834116 0.07037037037037037
1 0.8607198748043818 0.2023148148148148 0.02608242044861763 0.06018518518518518