0 0.22213541666666667 0.7393518518518518 0.04479166666666667 0.041666666666666664
0 0.6033854166666667 0.5453703703703704 0.051041666666666666 0.05925925925925926
1 0.37161458333333336 0.8537037037037037 0.015104166666666667 0.053703703703703705
0 0.525 0.6787037037037037 0.043229166666666666 0.04259259259259259
0 0.9809895833333333 0.2152777777777778 0.03802083333333333 0.07685185185185185
0 0.09869791666666666 0.6791666666666667 0.04895833333333333 0.06944444444444445
0 0.8598958333333333 0.6611111111111111 0.0453125 0.03888888888888889
0 0.7184895833333333 0.4217592592592593 0.035416666666666666 0.07222222222222222
0 0.3109375 0.6875 0.04791666666666667 0.044444444444444446
0 0.5317708333333333 0.6416666666666667 0.046875 0.04537037037037037
0 0.4979166666666667 0.4824074074074074 0.051041666666666666 0.05092592592592592
0 0.020052083333333335 0.5847222222222223 0.04010416666666667 0.06851851851851852
0 0.7635416666666667 0.538425925925926 0.04791666666666667 0.046296296296296294
0 0.20520833333333333 0.5763888888888888 0.036458333333333336 0.05092592592592592
1 0.3888020833333333 0.8513888888888889 0.0171875 0.05462962962962963