0 0.765625 0.52261962890625 0.05126953125 0.0452850341796875
0 0.96240234375 0.62662353515625 0.05889892578125 0.04536628723144531
1 0.79150390625 0.3178619384765625 0.0330810546875 0.06749420166015625
1 0.65576171875 0.3109283447265625 0.026153564453125 0.07291107177734375
0 0.8076171875 0.67862548828125 0.054901123046875 0.042061996459960935
0 0.7138671875 0.5910888671875 0.0535888671875 0.04607048034667969
1 0.73388671875 0.3096282958984375 0.02838134765625 0.06240234375
1 0.7568359375 0.1484222412109375 0.017913818359375 0.06576080322265625
0 0.6473002147724307 0.516986083984375 0.048332093633002726 0.06765670776367191
1 0.9091796875 0.19338226318359375 0.026702880859375 0.0686859130859375
1 0.853515625 0.2987945556640625 0.0240936279296875 0.053329086303710936
0 0.1669921875 0.540386962890625 0.054107666015625 0.034938812255859375
1 0.76318359375 0.20269927978515626 0.0269622802734375 0.063702392578125
1 0.611328125 0.20020751953125 0.0260009765625 0.06500244140625
1 0.492431640625 0.2519927978515625 0.017181396484375 0.059856414794921875
1 0.69140625 0.287310791015625 0.0250396728515625 0.06451492309570313
0 0.264892578125 0.514385986328125 0.04986572265625 0.04942893981933594
1 0.27001953125 0.847198486328125 0.03143310546875 0.059964752197265624
0 0.1453857421875 0.452850341796875 0.0302734375 0.051839447021484374
1 0.6806640625 0.453717041015625 0.030914306640625 0.06814422607421874
1 0.302490234375 0.83289794921875 0.0292510986328125 0.05687713623046875
1 0.6552734375 0.75316162109375 0.0256195068359375 0.06527328491210938
1 0.28466796875 0.807330322265625 0.024993896484375 0.051731109619140625
1 0.1640625 0.288177490234375 0.0287628173828125 0.06548995971679687
1 0.94384765625 0.1765899658203125 0.0321044921875 0.06852340698242188
1 0.35791015625 0.3585968017578125 0.023101806640625 0.06624832153320312
1 0.07318115234375 0.272576904296875 0.0299835205078125 0.06673583984375
1 0.66064453125 0.282977294921875 0.017852783203125 0.06099395751953125
1 0.1982421875 0.3720306396484375 0.031494140625 0.06879425048828125
1 0.6123046875 0.31114501953125 0.01812744140625 0.06467742919921875
1 0.053497314453125 0.365313720703125 0.03704833984375 0.059856414794921875
1 0.8564453125 0.36834716796875 0.0243377685546875 0.023929023742675783
1 0.6591796875 0.406915283203125 0.0240478515625 0.08916168212890625
1 0.26171875 0.9377685546875 0.0271759033203125 0.0591522216796875
1 0.66357421875 0.383514404296875 0.0164031982421875 0.03534507751464844
1 0.0169219970703125 0.2909942626953125 0.030914306640625 0.06635665893554688
1 0.11981201171875 0.344512939453125 0.03643798828125 0.06429824829101563
1 0.09466552734375 0.636590576171875 0.0374755859375 0.0537353515625
0 0.9267578125 0.10882492065429687 0.02880859375 0.0647857666015625
1 0.5205078125 0.886199951171875 0.0217742919921875 0.05622711181640625
1 0.193359375 0.36488037109375 0.0164642333984375 0.03361167907714844
1 0.60400390625 0.2853607177734375 0.0169830322265625 0.0587188720703125
1 0.5146930968527211 0.3726851851851852 0.03477656059815688 0.05401234567901238
1 0.3025560772039645 0.28317901234567905 0.02608242044861763 0.0725308641975309
1 0.20703125 0.31634521484375 0.029083251953125 0.06576080322265625
1 0.280517578125 0.22967529296875 0.0244293212890625 0.06310653686523438
1 0.377197265625 0.427716064453125 0.0256195068359375 0.08401565551757813
1 0.454833984375 0.286444091796875 0.01861572265625 0.053437423706054685