1 0.19164840897235264 0.6279259259259259 0.028701095461658842 0.06321296296296296
0 0.8798852373500261 0.34364814814814815 0.05410537297861241 0.041249999999999995
0 0.4597183098591549 0.4797222222222222 0.05041731872717788 0.04696296296296296
0 0.16589462702138758 0.5200185185185185 0.04922274387063119 0.05037962962962963
0 0.28637454355764214 0.46108333333333335 0.051757955138236826 0.048240740740740744
0 0.1458737610850287 0.4229537037037037 0.04895148669796557 0.04
1 0.10357850808555034 0.6643240740740741 0.0349452269170579 0.05839814814814815
1 0.7045905059989567 0.42035185185185187 0.029817423056859676 0.0642962962962963
0 0.09466353677621284 0.5356203703703704 0.052248304642670836 0.04070370370370371
0 0.5493166405842462 0.5234907407407408 0.048857589984350545 0.04687962962962963
1 0.30859154929577465 0.6677962962962963 0.02801773604590506 0.06039814814814815
0 0.017991653625456443 0.4519814814814815 0.027845592070944183 0.04924074074074074
1 0.5576160667709964 0.36574999999999996 0.023468961919666145 0.07263888888888889
0 0.4709494001043297 0.605388888888889 0.051757955138236826 0.04385185185185185
0 0.4252947313510694 0.5386574074074074 0.0475169535732916 0.048777777777777774
1 0.3098122065727699 0.23855555555555555 0.024887845592070943 0.0631111111111111
1 0.3718257694314032 0.2883981481481482 0.021575378195096504 0.05709259259259259
1 0.6796870109546166 0.06673148148148147 0.022201356285863328 0.07166666666666667
0 0.774413145539906 0.518287037037037 0.05685446009389671 0.05343518518518518
0 0.05480959833072509 0.4272870370370371 0.04968179447052686 0.04687962962962963
1 0.8525404277516954 0.6794907407407408 0.031434533124673966 0.06202777777777777
1 0.6694314032342201 0.15546296296296297 0.019608763693270737 0.06803703703703703
1 0.6982420448617631 0.8701666666666666 0.03390714658320292 0.059527777777777784
1 0.2885758998435055 0.5685555555555555 0.02091810119979134 0.06239814814814815
1 0.2509754825247783 0.7150277777777778 0.03845070422535211 0.05600925925925926
1 0.5854512258737611 0.8918333333333333 0.016786645800730308 0.04696296296296296
0 0.8002921231090245 0.644824074074074 0.037386541471048515 0.06262037037037037
1 0.22326551904016692 0.7561944444444445 0.030380803338549818 0.055796296296296295
0 0.9462910798122065 0.5819907407407408 0.05954094940010433 0.047129629629629625
1 0.4768075117370892 0.3553425925925926 0.02091810119979134 0.05311111111111111
1 0.8657224830464266 0.287962962962963 0.030333854981742306 0.06564814814814815
0 0.015837245696400624 0.5044166666666666 0.029817423056859676 0.048129629629629626
1 0.7158215962441314 0.26672222222222225 0.024047991653625457 0.062129629629629625
1 0.5854512258737611 0.24332407407407408 0.019243609806990088 0.06575925925925925
1 0.3684089723526343 0.8697314814814814 0.02805946791862285 0.05633333333333334
1 0.6914084507042254 0.29965740740740743 0.025513823682837767 0.0661388888888889
1 0.9633802816901408 0.22794444444444445 0.028487219613980177 0.06419444444444444
1 0.6284194053208138 0.239212962962963 0.018127282211789254 0.060509259259259256
1 0.6967762128325509 0.1254537037037037 0.019640062597809076 0.07074074074074074
0 0.8095722483046427 0.5772222222222222 0.05664058424621805 0.04496296296296297
1 0.29614501825769435 0.27192592592592596 0.019457485654668753 0.06587037037037037
1 0.3371570161711007 0.8125277777777777 0.029478351591027647 0.05516666666666666
0 0.7324204486176317 0.6084259259259259 0.048857589984350545 0.07193518518518519
1 0.2558581116327595 0.37896296296296295 0.030213875847678665 0.061101851851851845
1 0.8286124152321336 0.12415740740740741 0.021575378195096504 0.065
1 0.24865936358894106 0.3330277777777778 0.02810641627543036 0.05828703703703704
1 0.12408450704225352 0.33541666666666664 0.02958789775691184 0.06889814814814814
1 0.6669900886802295 0.24896296296296297 0.016588419405320815 0.05752777777777778
1 0.13586332811684923 0.9135000000000001 0.03482003129890454 0.0709074074074074
1 0.16784559207094418 0.20128703703703701 0.02465832029212311 0.050944444444444445
1 0.5102556077203965 0.33562962962962967 0.018768909754825248 0.07166666666666667
1 0.528320292123109 0.287962962962963 0.018586332811684925 0.06159259259259259
1 0.17138758476786647 0.7938981481481481 0.025957224830464268 0.06142592592592593
0 0.2805164319248826 0.512925925925926 0.054501825769431404 0.06616666666666667
1 0.7207042253521126 0.3843796296296296 0.020093896713615025 0.05075925925925926
1 0.7646478873239436 0.2426759259259259 0.025513823682837767 0.05925925925925926
1 0.8007824726134585 0.19706481481481483 0.020886802295253 0.07193518518518519
1 0.7358372456964006 0.11353703703703705 0.018643714136671884 0.06039814814814815
1 0.19885237350026083 0.16044444444444445 0.021987480438184662 0.05322222222222222
1 0.06109546165884194 0.330212962962963 0.0334793948878456 0.0642962962962963
1 0.15209702660406885 0.30789814814814814 0.02914449660928534 0.06273148148148149
1 0.7241210224308816 0.7908611111111111 0.03500260824204486 0.08249999999999999
1 0.6640636411058947 0.758361111111111 0.017777777777777778 0.05273148148148148
1 0.24938967136150234 0.6751574074074074 0.021987480438184662 0.04476851851851852
1 0.09222222222222222 0.30248148148148146 0.03247261345852895 0.05763888888888889
1 0.5874021909233177 0.7509907407407408 0.02224830464267084 0.05067592592592592
1 0.6098643714136671 0.17160185185185187 0.022582159624413144 0.06451851851851853
1 0.9365258215962441 0.6595555555555556 0.0296452790818988 0.07757407407407407
1 0.8750026082420449 0.3904444444444444 0.020020865936358895 0.05018518518518519
0 0.628904538341158 0.49748148148148147 0.027376108502869066 0.04973148148148148
1 0.9599634846113719 0.1434351851851852 0.02805946791862285 0.062129629629629625
1 0.5517579551382369 0.21082407407407408 0.019196661450182576 0.05914814814814815
1 0.24414188836724046 0.29489814814814813 0.021361502347417842 0.045037037037037035
1 0.5800782472613458 0.849361111111111 0.03482003129890454 0.052620370370370366
1 0.3425299947835159 0.9386388888888889 0.027329160146061553 0.05963888888888889
1 0.3898904538341158 0.20692592592592593 0.017913406364110592 0.049805555555555554
1 0.645018257694314 0.265212962962963 0.02513302034428795 0.059527777777777784
1 0.7001930099113197 0.18547222222222223 0.021940532081377154 0.06343518518518519
1 0.8686541471048513 0.43183333333333335 0.034757433489827856 0.05243518518518519
1 0.3461919666145018 0.22729629629629627 0.018586332811684925 0.05487037037037037
1 0.44067292644757433 0.2725740740740741 0.019561815336463225 0.06159259259259259
1 0.8686541471048513 0.1825462962962963 0.03167970787689097 0.03978703703703704
1 0.11932185706833595 0.2173240740740741 0.029707876890975485 0.05942592592592593
1 0.46533124673969745 0.23357407407407407 0.018982785602503913 0.04485185185185185
1 0.2381585811163276 0.17528703703703705 0.023604590505998956 0.06273148148148149
1 0.3161606677099635 0.1835277777777778 0.02508607198748044 0.059527777777777784
1 0.7270526864893062 0.32999999999999996 0.016724047991653626 0.03342592592592593
1 0.6562493479394887 0.3094074074074074 0.02037037037037037 0.057416666666666664
1 0.06396452790818988 0.2411574074074074 0.023865414710485134 0.05720370370370371
1 0.9316431924882629 0.3755 0.027803860198226393 0.05612037037037037
1 0.2993166405842462 0.11971296296296295 0.016280646844027125 0.04116666666666667
1 0.02721961398017736 0.1991203703703704 0.016724047991653626 0.05056481481481481
1 0.05041731872717788 0.28102777777777777 0.03470005216484089 0.063
1 0.5922848200312989 0.43898148148148153 0.019165362545644236 0.0635925925925926
1 0.48339593114241 0.2002037037037037 0.018690662493479393 0.07637962962962963
1 0.8681637976004173 0.2266388888888889 0.023192488262910798 0.05655555555555555
1 0.21081377151799688 0.13466666666666666 0.01433489827856025 0.05048148148148148
1 0.6142566510172144 0.13704629629629628 0.013588941053729786 0.044175925925925924
1 0.9404277516953573 0.34429629629629627 0.024183620239958268 0.03924074074074074
1 0.807130933750652 0.15405555555555556 0.015602503912363067 0.05232407407407407
1 0.7739280125195618 0.13011111111111112 0.016160667709963484 0.052814814814814814
1 0.24133541992696922 0.2337962962962963 0.021163275952008346 0.065
1 0.2161867501304121 0.24332407407407408 0.016160667709963484 0.044444444444444446