0 0.3447265625 0.6657986111111112 0.05242919921875 0.04774305555555555
0 0.38720703125 0.5147569444444444 0.048492431640625 0.07855902777777778
0 0.086181640625 0.8142361111111112 0.058441162109375 0.05026584201388889
0 0.152099609375 0.4791666666666667 0.05072021484375 0.040228949652777776
0 0.281494140625 0.5946180555555556 0.051666259765625 0.04758029513888889
0 0.09912109375 0.3229166666666667 0.047088623046875 0.04307725694444445
0 0.2705078125 0.3901909722222222 0.04742431640625 0.039306640625
0 0.263916015625 0.5277777777777778 0.04168701171875 0.057074652777777776
0 0.32177734375 0.4396701388888889 0.04010009765625 0.068359375
0 0.96435546875 0.3893229166666667 0.06396484375 0.06353081597222222
0 0.97998046875 0.4822048611111111 0.039703369140625 0.04893663194444445
0 0.404296875 0.59765625 0.036712646484375 0.041314019097222224
0 0.30517578125 0.7326388888888888 0.0472412109375 0.05555555555555555
0 0.9817708333333336 0.35317460317460325 0.036458333333332975 0.06878306878306883
0 0.5693359375 0.13682725694444445 0.0224151611328125 0.0703125