0 0.9443359375 0.3938802083333333 0.046539306640625 0.046061197916666664
0 0.71875 0.4424913194444444 0.051666259765625 0.050835503472222224
0 0.87060546875 0.4752604166666667 0.051177978515625 0.048014322916666664
0 0.89501953125 0.6011284722222222 0.056640625 0.052300347222222224
1 0.45849609375 0.2899305555555556 0.01861572265625 0.056640625
0 0.27783203125 0.3539496527777778 0.047698974609375 0.056966145833333336
0 0.276123046875 0.8967013888888888 0.0546875 0.056966145833333336
1 0.951171875 0.2996961805555556 0.031982421875 0.07769097222222222
0 0.2252197265625 0.27734375 0.042877197265625 0.04684787326388889
1 0.84033203125 0.2547743055555556 0.0227203369140625 0.05984157986111111
0 0.7330729166666667 0.373046875 0.047093709309895836 0.04391818576388889