0 0.5825520833333333 0.3638888888888889 0.03958333333333333 0.0712962962962963
0 0.14114583333333333 0.6412037037037037 0.04583333333333333 0.06666666666666667
0 0.4875 0.7972222222222223 0.053125 0.04537037037037037
0 0.7533854166666667 0.40185185185185185 0.04583333333333333 0.04351851851851852
0 0.66953125 0.4439814814814815 0.04635416666666667 0.044444444444444446
0 0.47890625 0.43796296296296294 0.04635416666666667 0.04722222222222222
0 0.32578125 0.4449074074074074 0.05 0.04351851851851852
0 0.75 0.5768518518518518 0.053125 0.05277777777777778
0 0.36692708333333335 0.6060185185185185 0.049479166666666664 0.044444444444444446
0 0.5958333333333333 0.5671296296296297 0.05 0.041666666666666664
0 0.37890625 0.33611111111111114 0.04479166666666667 0.03518518518518519
0 0.028125 0.763425925925926 0.05416666666666667 0.05740740740740741
0 0.41510416666666666 0.5106481481481482 0.046875 0.044444444444444446
0 0.02578125 0.8175925925925925 0.0515625 0.06111111111111111