0 0.9254042775169535 0.48842592592592593 0.05529473135106938 0.044444444444444446
0 0.17370892018779344 0.525 0.03495044340114763 0.062037037037037036
1 0.5229525299947835 0.3578703703703704 0.02764736567553469 0.06759259259259259
1 0.5459050599895671 0.8263888888888888 0.02608242044861763 0.062037037037037036
1 0.8531559728742827 0.8282407407407407 0.022952529994783515 0.05277777777777778
1 0.41992696922274386 0.3055555555555556 0.028169014084507043 0.06111111111111111
1 0.03312467396974439 0.7666666666666667 0.03599374021909233 0.06018518518518518
1 0.11606677099634846 0.39305555555555555 0.03755868544600939 0.06111111111111111
1 0.4634846113719353 0.362962962962963 0.028690662493479395 0.06481481481481481
1 0.7076160667709963 0.8847222222222222 0.02034428794992175 0.06111111111111111
1 0.06468440271257173 0.3 0.037037037037037035 0.06296296296296296
1 0.730829420970266 0.18101851851851852 0.026604068857589983 0.06666666666666667
1 0.7266562336984872 0.3587962962962963 0.022430881585811163 0.06111111111111111
0 0.6836202399582681 0.538425925925926 0.0505998956703182 0.04814814814814815
1 0.6557120500782473 0.13564814814814816 0.017214397496087636 0.07222222222222222
1 0.036515388628064686 0.6736111111111112 0.04381846635367762 0.05555555555555555
0 0.33307250912884717 0.500462962962963 0.04747000521648409 0.04259259259259259
1 0.3218570683359416 0.7490740740740741 0.03234220135628586 0.05740740740740741
1 0.8085550339071466 0.15185185185185185 0.022952529994783515 0.062037037037037036
0 0.6948356807511737 0.5990740740740741 0.046948356807511735 0.05462962962962963
0 0.5151278038601982 0.5115740740740741 0.048513302034428794 0.049074074074074076
0 0.4439227960354721 0.5657407407407408 0.0495565988523735 0.046296296296296294
1 0.8202921231090246 0.25324074074074077 0.022430881585811163 0.07314814814814814
1 0.1541471048513302 0.3087962962962963 0.03599374021909233 0.05740740740740741
1 0.8453312467396974 0.4351851851851852 0.0297339593114241 0.06388888888888888
1 0.2102243088158581 0.16111111111111112 0.016692749087115284 0.05185185185185185
1 0.9058424621804904 0.27314814814814814 0.02556077203964528 0.06388888888888888
1 0.27803860198226393 0.25972222222222224 0.022430881585811163 0.06388888888888888
1 0.2600417318727178 0.9083333333333333 0.03808033385498174 0.05925925925925926
0 0.9173187271778821 0.6032407407407407 0.05894627021387585 0.05277777777777778
0 0.9144496609285342 0.538425925925926 0.036515388628064686 0.06851851851851852
1 0.45200834637454357 0.8763888888888889 0.03234220135628586 0.04814814814814815
1 0.3004694835680751 0.8078703703703703 0.03286384976525822 0.05462962962962963
0 0.34663536776212833 0.5583333333333333 0.046426708398539386 0.049074074074074076
0 0.03338549817423057 0.5625 0.051643192488262914 0.03981481481481482
1 0.9183620239958268 0.18935185185185185 0.020865936358894107 0.06388888888888888
1 0.7044861763171623 0.7819444444444444 0.023474178403755867 0.05925925925925926
1 0.7138758476786646 0.2574074074074074 0.022430881585811163 0.06574074074074074
1 0.37037037037037035 0.2625 0.018257694314032343 0.06296296296296296
1 0.6703182055294732 0.3611111111111111 0.026604068857589983 0.06759259259259259
1 0.3951486697965571 0.3726851851851852 0.016692749087115284 0.05925925925925926
1 0.041731872717788214 0.9421296296296297 0.03182055294731351 0.05740740740740741
1 0.39149713093375066 0.7324074074074074 0.02190923317683881 0.05925925925925926
1 0.3586332811684924 0.3611111111111111 0.03025560772039645 0.06481481481481481
1 0.9160146061554513 0.41759259259259257 0.03808033385498174 0.06388888888888888
1 0.30412102243088157 0.27361111111111114 0.023995826812728223 0.06018518518518518
1 0.8085550339071466 0.40046296296296297 0.028690662493479395 0.06388888888888888
1 0.46452790818988005 0.22268518518518518 0.027125717266562335 0.09259259259259259
1 0.6964006259780907 0.1875 0.022430881585811163 0.05555555555555555
0 0.4016692749087115 0.6777777777777778 0.041731872717788214 0.05185185185185185
1 0.5323422013562858 0.2861111111111111 0.018257694314032343 0.05
1 0.31533646322378717 0.3685185185185185 0.022430881585811163 0.06388888888888888
1 0.22561293688054251 0.2412037037037037 0.02764736567553469 0.05462962962962963
1 0.47052686489306206 0.7703703703703704 0.02190923317683881 0.06759259259259259
1 0.8275952008346374 0.040740740740740744 0.01617110067814293 0.04814814814814815
1 0.9439227960354721 0.3458333333333333 0.03338549817423057 0.049074074074074076
1 0.26134585289514867 0.4203703703703704 0.02190923317683881 0.04537037037037037
1 0.1883150756390193 0.18935185185185185 0.02138758476786646 0.058333333333333334
1 0.03495044340114763 0.25601851851851853 0.02764736567553469 0.05740740740740741
1 0.7524778299426187 0.3148148148148148 0.028690662493479395 0.04722222222222222
1 0.6679707876890976 0.30648148148148147 0.01773604590505999 0.041666666666666664
1 0.9501825769431403 0.0712962962962963 0.017214397496087636 0.0712962962962963
1 0.6048513302034428 0.26990740740740743 0.02608242044861763 0.05185185185185185
1 0.07668231611893583 0.20694444444444443 0.018257694314032343 0.04259259259259259
1 0.2981220657276995 0.8643518518518518 0.02764736567553469 0.03888888888888889