1 0.7509128847157016 0.37962962962962965 0.022430881585811163 0.07407407407407407
1 0.28377673448095986 0.38472222222222224 0.0297339593114241 0.0712962962962963
0 0.1288471570161711 0.5731481481481482 0.03182055294731351 0.05648148148148148
1 0.7235263432446531 0.30972222222222223 0.025039123630672927 0.06666666666666667
1 0.17814293166405842 0.44722222222222224 0.02608242044861763 0.06944444444444445
1 0.13771517996870108 0.862037037037037 0.03495044340114763 0.062037037037037036
1 0.19640062597809077 0.3680555555555556 0.018257694314032343 0.062037037037037036
1 0.6846635367762128 0.4962962962962963 0.02190923317683881 0.07037037037037037
1 0.09676577986437142 0.2712962962962963 0.02608242044861763 0.05925925925925926
1 0.5623369848721962 0.37175925925925923 0.0406885758998435 0.10185185185185185
1 0.0693792383933229 0.525 0.023474178403755867 0.05185185185185185
1 0.8247261345852895 0.175 0.01564945226917058 0.05740740740740741
1 0.1421491914449661 0.8236111111111111 0.03547209181011998 0.06111111111111111
0 0.023995826812728223 0.575925925925926 0.04381846635367762 0.046296296296296294
1 0.9061032863849765 0.6564814814814814 0.03234220135628586 0.06481481481481481
1 0.8051643192488263 0.14722222222222223 0.018779342723004695 0.05462962962962963
1 0.07563901930099114 0.6597222222222222 0.02138758476786646 0.05555555555555555
0 0.8221178925404278 0.49212962962962964 0.05112154407929056 0.04722222222222222
1 0.621283255086072 0.3375 0.026604068857589983 0.06388888888888888
1 0.9287949921752738 0.6935185185185185 0.03025560772039645 0.06759259259259259
1 0.017996870109546165 0.46944444444444444 0.03390714658320292 0.06574074074074074
1 0.883150756390193 0.3212962962962963 0.0297339593114241 0.06759259259259259
1 0.08737610850286906 0.4412037037037037 0.028690662493479395 0.062037037037037036
1 0.34089723526343246 0.2074074074074074 0.02138758476786646 0.06018518518518518
1 0.4989567031820553 0.4115740740740741 0.02138758476786646 0.05925925925925926
1 0.5007824726134585 0.30972222222222223 0.028690662493479395 0.06944444444444445
1 0.03625456442357851 0.2763888888888889 0.029212310902451747 0.06296296296296296
1 0.2827334376630151 0.7111111111111111 0.03442879499217527 0.05925925925925926
1 0.603547209181012 0.2708333333333333 0.02034428794992175 0.06388888888888888
1 0.9149713093375065 0.14629629629629629 0.016692749087115284 0.06759259259259259
1 0.9290558163797601 0.28194444444444444 0.0396452790818988 0.06759259259259259
1 0.03625456442357851 0.1962962962962963 0.02190923317683881 0.05555555555555555
1 0.29551382368283774 0.31157407407407406 0.016692749087115284 0.044444444444444446
1 0.6870109546165885 0.17777777777777778 0.014084507042253521 0.04722222222222222
1 0.1309337506520605 0.6592592592592592 0.02764736567553469 0.058333333333333334
1 0.43896713615023475 0.21388888888888888 0.024517475221700575 0.05740740740740741
1 0.1640584246218049 0.34444444444444444 0.03234220135628586 0.06296296296296296
1 0.03025560772039645 0.1388888888888889 0.027125717266562335 0.05648148148148148
1 0.13615023474178403 0.24027777777777778 0.028169014084507043 0.04537037037037037
1 0.1664058424621805 0.29953703703703705 0.026604068857589983 0.06481481481481481
1 0.643453312467397 0.26805555555555555 0.020865936358894107 0.06759259259259259
1 0.6199791340636411 0.6805555555555556 0.03025560772039645 0.05462962962962963
1 0.107981220657277 0.17777777777777778 0.022952529994783515 0.062037037037037036
1 0.8226395409494001 0.8412037037037037 0.026604068857589983 0.05462962962962963
0 0.8093375065206051 0.5638888888888889 0.0495565988523735 0.06481481481481481
1 0.040166927490871154 0.3287037037037037 0.03286384976525822 0.062037037037037036
1 0.08346374543557643 0.337037037037037 0.03338549817423057 0.053703703703703705
1 0.29160146061554515 0.3537037037037037 0.018257694314032343 0.06944444444444445
1 0.3140323422013563 0.2537037037037037 0.018257694314032343 0.05740740740740741
1 0.6520605112154408 0.8231481481481482 0.03442879499217527 0.05555555555555555
1 0.0252999478351591 0.3851851851851852 0.03495044340114763 0.06388888888888888
1 0.2733437663015128 0.6731481481481482 0.023474178403755867 0.05092592592592592
1 0.2509128847157016 0.21342592592592594 0.01773604590505999 0.06111111111111111
1 0.30568596765779865 0.10925925925925926 0.016692749087115284 0.07407407407407407
1 0.7198748043818466 0.14166666666666666 0.014606155451225874 0.05185185185185185
1 0.4295774647887324 0.29212962962962963 0.028690662493479395 0.075
1 0.07120500782472614 0.38657407407407407 0.023995826812728223 0.06018518518518518
1 0.04825247782994262 0.05416666666666667 0.01617110067814293 0.0712962962962963
1 0.3510693792383933 0.16111111111111112 0.018779342723004695 0.06296296296296296
1 0.23969744392279604 0.38564814814814813 0.02190923317683881 0.06666666666666667
1 0.8539384454877412 0.6662037037037037 0.02764736567553469 0.053703703703703705
1 0.06781429316640585 0.6851851851851852 0.03390714658320292 0.06388888888888888
1 0.6664058424621805 0.23472222222222222 0.018779342723004695 0.06481481481481481
1 0.20031298904538342 0.274537037037037 0.018779342723004695 0.06018518518518518
1 0.4791340636411059 0.2550925925925926 0.020865936358894107 0.05925925925925926
1 0.19874804381846636 0.13796296296296295 0.02190923317683881 0.05740740740740741
1 0.23865414710485133 0.12407407407407407 0.024517475221700575 0.06481481481481481
1 0.8127282211789254 0.22870370370370371 0.023995826812728223 0.06759259259259259
1 0.9165362545644236 0.21157407407407408 0.03025560772039645 0.05740740740740741
1 0.2665623369848722 0.287962962962963 0.022430881585811163 0.04537037037037037
1 0.9627021387584768 0.8013888888888889 0.027125717266562335 0.05
1 0.5312989045383412 0.26666666666666666 0.015127803860198226 0.06111111111111111
1 0.9606155451225874 0.23935185185185184 0.023474178403755867 0.058333333333333334
1 0.30672926447574334 0.16805555555555557 0.015127803860198226 0.046296296296296294
1 0.4160146061554512 0.9490740740740741 0.022952529994783515 0.05277777777777778
1 0.9820031298904538 0.8458333333333333 0.03390714658320292 0.05555555555555555
1 0.15910276473656756 0.16527777777777777 0.02556077203964528 0.06666666666666667
1 0.06729264475743349 0.30324074074074076 0.02556077203964528 0.049074074074074076
1 0.8586332811684925 0.3578703703703704 0.023474178403755867 0.06574074074074074
1 0.49269692227438705 0.20601851851851852 0.02190923317683881 0.062037037037037036
1 0.7232655190401669 0.17777777777777778 0.02190923317683881 0.05277777777777778
1 0.41836202399582684 0.8694444444444445 0.02138758476786646 0.05925925925925926
1 0.06546687532603025 0.21805555555555556 0.02034428794992175 0.044444444444444446
1 0.7665623369848722 0.17037037037037037 0.02138758476786646 0.05
1 0.4032342201356286 0.2912037037037037 0.0297339593114241 0.0824074074074074
1 0.47522170057381324 0.4074074074074074 0.030777256129368807 0.03981481481481482
1 0.3114241001564945 0.19444444444444445 0.012519561815336464 0.041666666666666664
1 0.28821074595722485 0.9722222222222222 0.023995826812728223 0.05277777777777778
1 0.8724569640062598 0.25833333333333336 0.020865936358894107 0.06018518518518518
0 0.03129890453834116 0.08518518518518518 0.03442879499217527 0.06666666666666667
1 0.6171100678142931 0.2337962962962963 0.03129890453834116 0.058333333333333334
1 0.21152842983828898 0.24259259259259258 0.018779342723004695 0.044444444444444446
1 0.29290558163797603 0.2712962962962963 0.0297339593114241 0.05555555555555555