0 0.51015625 0.5361111111111111 0.034895833333333334 0.06018518518518518
0 0.48203125 0.612037037037037 0.04479166666666667 0.058333333333333334
0 0.33203125 0.362962962962963 0.04791666666666667 0.044444444444444446
0 0.74375 0.39166666666666666 0.05 0.03796296296296296
0 0.6385416666666667 0.4203703703703704 0.0484375 0.046296296296296294
0 0.01796875 0.475462962962963 0.03333333333333333 0.05
0 0.9565104166666667 0.38842592592592595 0.04791666666666667 0.06018518518518518
0 0.5567708333333333 0.39675925925925926 0.043229166666666666 0.04351851851851852
0 0.27447916666666666 0.674537037037037 0.04114583333333333 0.062037037037037036
0 0.8018229166666667 0.5606481481481481 0.05677083333333333 0.05740740740740741
1 0.19817708333333334 0.31203703703703706 0.027604166666666666 0.08796296296296297
0 0.23828125 0.38333333333333336 0.028645833333333332 0.06018518518518518
0 0.5875 0.33194444444444443 0.0453125 0.03796296296296296
0 0.14609375 0.6268518518518519 0.028125 0.062037037037037036
0 0.18307291666666667 0.4652777777777778 0.04583333333333333 0.05185185185185185
0 0.01796875 0.5935185185185186 0.0359375 0.05