0 0.44765625 0.3819444444444444 0.046875 0.040740740740740744
0 0.74140625 0.4217592592592593 0.05364583333333333 0.040740740740740744
0 0.10208333333333333 0.5254629629629629 0.049479166666666664 0.06018518518518518
0 0.8604166666666667 0.5472222222222223 0.05625 0.06111111111111111
0 0.5348958333333333 0.46296296296296297 0.0484375 0.06018518518518518
1 0.18958333333333333 0.29768518518518516 0.03125 0.07685185185185185
0 0.06692708333333333 0.7481481481481481 0.04114583333333333 0.06111111111111111
0 0.33359375 0.7537037037037037 0.05416666666666667 0.040740740740740744
0 0.240625 0.44074074074074077 0.044270833333333336 0.041666666666666664
1 0.04973958333333333 0.2810185185185185 0.03125 0.06666666666666667
0 0.6380208333333334 0.3435185185185185 0.03333333333333333 0.05925925925925926
0 0.69375 0.37777777777777777 0.04479166666666667 0.049074074074074076
0 0.018489583333333334 0.663425925925926 0.034375 0.06481481481481481
1 0.290625 0.2638888888888889 0.021354166666666667 0.062037037037037036
1 0.6567708333333333 0.27870370370370373 0.022395833333333334 0.075
0 0.012760416666666666 0.5708333333333333 0.025520833333333333 0.046296296296296294