0 0.228125 0.4337962962962963 0.0515625 0.04351851851851852
0 0.42265625 0.4009259259259259 0.049479166666666664 0.04259259259259259
0 0.02734375 0.5402777777777777 0.05364583333333333 0.03888888888888889
0 0.5489583333333333 0.7055555555555556 0.053125 0.041666666666666664
0 0.734375 0.7023148148148148 0.03802083333333333 0.049074074074074076
0 0.6221354166666667 0.3037037037037037 0.04635416666666667 0.041666666666666664
0 0.9817708333333334 0.549537037037037 0.036458333333333336 0.05092592592592592
0 0.5395833333333333 0.8444444444444444 0.05677083333333333 0.053703703703703705
0 0.5356770833333333 0.7837962962962963 0.05416666666666667 0.04537037037037037
0 0.31328125 0.38287037037037036 0.04739583333333333 0.04722222222222222
0 0.2421875 0.5842592592592593 0.052083333333333336 0.04259259259259259
0 0.8330729166666667 0.47453703703703703 0.04791666666666667 0.04351851851851852
0 0.7895833333333333 0.3685185185185185 0.04635416666666667 0.04259259259259259
0 0.07786458333333333 0.35185185185185186 0.04895833333333333 0.044444444444444446
0 0.4434895833333333 0.5537037037037037 0.050520833333333334 0.049074074074074076
0 0.5908854166666667 0.5453703703703704 0.049479166666666664 0.05462962962962963
0 0.3768229166666667 0.687037037037037 0.051041666666666666 0.044444444444444446
0 0.14739583333333334 0.6532407407407408 0.044270833333333336 0.049074074074074076
0 0.9872395833333333 0.4777777777777778 0.025520833333333333 0.040740740740740744
0 0.44583333333333336 0.7449074074074075 0.040625 0.044444444444444446
0 0.315625 0.49953703703703706 0.0546875 0.040740740740740744
0 0.1765625 0.7814814814814814 0.0546875 0.05740740740740741
0 0.028125 0.7615740740740741 0.05572916666666667 0.046296296296296294
0 0.3497395833333333 0.324537037037037 0.033854166666666664 0.040740740740740744
0 0.340625 0.5958333333333333 0.05 0.04537037037037037
0 0.9760416666666667 0.6680555555555555 0.04791666666666667 0.05092592592592592