0 0.18984375 0.637962962962963 0.05 0.04537037037037037
0 0.8770833333333333 0.5055555555555555 0.0546875 0.05
0 0.18932291666666667 0.7287037037037037 0.04635416666666667 0.046296296296296294
1 0.21770833333333334 0.36712962962962964 0.029166666666666667 0.07314814814814814
0 0.40130208333333334 0.6101851851851852 0.0484375 0.044444444444444446
0 0.9747395833333333 0.6092592592592593 0.046875 0.04351851851851852
0 0.46927083333333336 0.7643518518518518 0.04375 0.04722222222222222
0 0.98359375 0.6884259259259259 0.03229166666666667 0.03888888888888889
0 0.40911458333333334 0.5060185185185185 0.04791666666666667 0.058333333333333334
0 0.4786458333333333 0.4425925925925926 0.050520833333333334 0.05648148148148148
0 0.1 0.4847222222222222 0.057291666666666664 0.05
0 0.9927083333333333 0.7018518518518518 0.0140625 0.05277777777777778
0 0.21614583333333334 0.43194444444444446 0.057291666666666664 0.05185185185185185
1 0.19713541666666667 0.3560185185185185 0.020833333333333332 0.07685185185185185