0 0.3203125 0.6310185185185185 0.04791666666666667 0.041666666666666664
0 0.09114583333333333 0.6259259259259259 0.04895833333333333 0.049074074074074076
0 0.2526041666666667 0.5791666666666667 0.05 0.03796296296296296
0 0.5106770833333333 0.6537037037037037 0.0453125 0.040740740740740744
0 0.5927083333333333 0.5041666666666667 0.04635416666666667 0.03888888888888889
0 0.8973958333333333 0.3907407407407407 0.052083333333333336 0.041666666666666664
0 0.6182291666666667 0.42453703703703705 0.052083333333333336 0.04259259259259259
0 0.4484375 0.5425925925925926 0.049479166666666664 0.03981481481481482
0 0.20911458333333333 0.38101851851851853 0.05520833333333333 0.049074074074074076
0 0.82265625 0.5634259259259259 0.04375 0.03796296296296296
0 0.09114583333333333 0.6680555555555555 0.046875 0.040740740740740744
0 0.07395833333333333 0.5333333333333333 0.051041666666666666 0.040740740740740744
0 0.48125 0.36018518518518516 0.05260416666666667 0.04722222222222222
0 0.14895833333333333 0.6944444444444444 0.04479166666666667 0.04537037037037037
0 0.86328125 0.6180555555555556 0.04791666666666667 0.046296296296296294
0 0.14557291666666666 0.2564814814814815 0.051041666666666666 0.05185185185185185
0 0.09505208333333333 0.4550925925925926 0.034375 0.05925925925925926
0 0.2125 0.7273148148148149 0.042708333333333334 0.03333333333333333
0 0.8721354166666667 0.5069444444444444 0.04791666666666667 0.05092592592592592
0 0.15234375 0.5263888888888889 0.049479166666666664 0.040740740740740744