0 0.8802816901408451 0.46111111111111114 0.05581637976004173 0.04351851851851852
1 0.8977569118414189 0.7731481481481481 0.03129890453834116 0.06018518518518518
1 0.9094940010432968 0.6027777777777777 0.03495044340114763 0.06574074074074074
1 0.392018779342723 0.09351851851851851 0.03442879499217527 0.06574074074074074
1 0.5153886280646844 0.624537037037037 0.02034428794992175 0.07314814814814814
1 0.24804381846635368 0.08148148148148149 0.024517475221700575 0.06018518518518518
0 0.5790297339593115 0.4962962962962963 0.050078247261345854 0.041666666666666664
1 0.6862284820031299 0.7527777777777778 0.019300991131977047 0.062037037037037036
1 0.0957224830464267 0.26666666666666666 0.03547209181011998 0.05648148148148148
0 0.9603547209181011 0.5587962962962963 0.04747000521648409 0.04259259259259259
1 0.7819509650495566 0.6361111111111111 0.02190923317683881 0.06111111111111111
1 0.2968179447052686 0.5615740740740741 0.026604068857589983 0.07222222222222222
1 0.874282733437663 0.19027777777777777 0.025039123630672927 0.05555555555555555
1 0.9582681272822118 0.637962962962963 0.028169014084507043 0.06388888888888888
1 0.3223787167449139 0.6916666666666667 0.018779342723004695 0.053703703703703705
1 0.6025039123630673 0.6222222222222222 0.024517475221700575 0.05555555555555555
1 0.15519040166927492 0.2773148148148148 0.03234220135628586 0.06481481481481481
1 0.03468961919666145 0.25972222222222224 0.03808033385498174 0.06111111111111111
1 0.8200312989045383 0.12685185185185185 0.03599374021909233 0.07037037037037037
1 0.41210224308815857 0.6055555555555555 0.022952529994783515 0.0712962962962963
1 0.9316640584246219 0.7379629629629629 0.025039123630672927 0.058333333333333334
1 0.22900365153886282 0.35555555555555557 0.030777256129368807 0.05555555555555555
1 0.9387063119457486 0.7013888888888888 0.036515388628064686 0.07222222222222222
1 0.8909754825247783 0.7143518518518519 0.03338549817423057 0.06018518518518518
0 0.5007824726134585 0.6925925925925925 0.03808033385498174 0.040740740740740744
1 0.10928534167970788 0.8125 0.020865936358894107 0.07037037037037037
1 0.7214397496087637 0.21064814814814814 0.025039123630672927 0.04351851851851852
1 0.8291601460615545 0.674537037037037 0.03182055294731351 0.06481481481481481
1 0.7316118935837246 0.6587962962962963 0.027125717266562335 0.05185185185185185
1 0.6880542514345331 0.6777777777777778 0.016692749087115284 0.04259259259259259
1 0.010172143974960876 0.7226851851851852 0.0198226395409494 0.05277777777777778
1 0.7936880542514345 0.19074074074074074 0.028169014084507043 0.05092592592592592
1 0.823943661971831 0.7606481481481482 0.036515388628064686 0.06666666666666667
1 0.3735002608242045 0.6523148148148148 0.02556077203964528 0.06388888888888888
1 0.5599895670318206 0.675 0.02556077203964528 0.06296296296296296
1 0.28821074595722485 0.7458333333333333 0.026604068857589983 0.046296296296296294
1 0.6648408972352634 0.6550925925925926 0.02556077203964528 0.04814814814814815
1 0.43896713615023475 0.7333333333333333 0.027125717266562335 0.06481481481481481
1 0.346113719353156 0.8134259259259259 0.017214397496087636 0.058333333333333334
1 0.25821596244131456 0.1935185185185185 0.0198226395409494 0.06666666666666667
1 0.528169014084507 0.737037037037037 0.022430881585811163 0.05925925925925926
1 0.15440792905581638 0.7847222222222222 0.02190923317683881 0.05092592592592592
1 0.7889932185706834 0.8037037037037037 0.02138758476786646 0.05925925925925926
1 0.19535732916014606 0.6523148148148148 0.03390714658320292 0.07037037037037037
1 0.7548252477829943 0.7509259259259259 0.016692749087115284 0.053703703703703705
1 0.17970787689097548 0.7199074074074074 0.03025560772039645 0.05
1 0.8088158581116328 0.24768518518518517 0.02190923317683881 0.05
1 0.14945226917057902 0.6467592592592593 0.020865936358894107 0.07222222222222222
1 0.42931664058424623 0.6550925925925926 0.015127803860198226 0.06388888888888888
1 0.7584767866458008 0.7208333333333333 0.019300991131977047 0.049074074074074076
1 0.2235263432446531 0.32037037037037036 0.027125717266562335 0.06481481481481481
1 0.7117892540427752 0.7388888888888889 0.020865936358894107 0.040740740740740744
1 0.6471048513302035 0.3472222222222222 0.029212310902451747 0.06296296296296296
1 0.11763171622326551 0.0837962962962963 0.037037037037037035 0.05648148148148148
1 0.8395931142410016 0.1574074074074074 0.036515388628064686 0.04814814814814815
1 0.6304121022430882 0.75 0.02138758476786646 0.04351851851851852
1 0.13145539906103287 0.7064814814814815 0.02190923317683881 0.04259259259259259
1 0.5949400104329682 0.7777777777777778 0.020865936358894107 0.046296296296296294
1 0.2728221178925404 0.7083333333333334 0.02608242044861763 0.06296296296296296
1 0.20839853938445488 0.8708333333333333 0.024517475221700575 0.06296296296296296
1 0.02190923317683881 0.575 0.03234220135628586 0.06574074074074074
0 0.03990610328638498 0.3680555555555556 0.05529473135106938 0.06388888888888888
1 0.1640584246218049 0.5671296296296297 0.03025560772039645 0.049074074074074076
1 0.04381846635367762 0.6925925925925925 0.018779342723004695 0.044444444444444446
1 0.3218570683359416 0.8847222222222222 0.02190923317683881 0.06111111111111111
1 0.12154407929055816 0.8393518518518519 0.020865936358894107 0.06851851851851852
1 0.11867501304121023 0.13148148148148148 0.03442879499217527 0.05555555555555555
1 0.9254042775169535 0.799537037037037 0.01617110067814293 0.03981481481481482
1 0.4825247782994262 0.3527777777777778 0.018257694314032343 0.06666666666666667
1 0.0649452269170579 0.6537037037037037 0.018257694314032343 0.04722222222222222
1 0.4765258215962441 0.3763888888888889 0.016692749087115284 0.07222222222222222
1 0.08215962441314555 0.5564814814814815 0.030777256129368807 0.062037037037037036
1 0.019561815336463225 0.7981481481481482 0.020865936358894107 0.06481481481481481
1 0.11189358372456965 0.6449074074074074 0.0198226395409494 0.05092592592592592