1 0.85693359375 0.8975694444444444 0.0289306640625 0.0675998263888889
0 0.6640625 0.3328993055555556 0.0439453125 0.04391818576388889
0 0.7529296875 0.3953993055555556 0.046905517578125 0.04039171006944445
0 0.724609375 0.4661458333333333 0.04510498046875 0.04416232638888889
0 0.76318359375 0.3444010416666667 0.045867919921875 0.045708550347222224
0 0.028106689453125 0.3732638888888889 0.023284912109375 0.0625
0 0.97216796875 0.3914930555555556 0.049957275390625 0.043511284722222224
0 0.95361328125 0.5247395833333334 0.056640625 0.046685112847222224
0 0.16845703125 0.3572048611111111 0.047882080078125 0.037407769097222224
0 0.83349609375 0.8285590277777778 0.034423828125 0.052408854166666664
0 0.323974609375 0.7777777777777778 0.050140380859375 0.0724826388888889
1 0.8779761904761908 0.9060846560846565 0.02232142857142859 0.07671957671957674
0 0.46800595238095255 0.2817460317460318 0.04761904761904763 0.05555555555555555