1 0.5745957224830465 0.6726851851851852 0.03338549817423057 0.053703703703703705
1 0.9321857068335941 0.2638888888888889 0.028169014084507043 0.06574074074074074
1 0.5307772561293688 0.7689814814814815 0.02608242044861763 0.06481481481481481
1 0.5 0.6902777777777778 0.03129890453834116 0.05462962962962963
1 0.5396452790818989 0.6388888888888888 0.030777256129368807 0.06111111111111111
1 0.8302034428794992 0.8458333333333333 0.03808033385498174 0.058333333333333334
1 0.7456964006259781 0.9032407407407408 0.037037037037037035 0.06388888888888888
1 0.2806468440271257 0.6018518518518519 0.03338549817423057 0.062037037037037036
1 0.744131455399061 0.725925925925926 0.03442879499217527 0.05555555555555555
0 0.5732916014606155 0.5805555555555556 0.048513302034428794 0.05185185185185185
1 0.8369848721961398 0.5527777777777778 0.029212310902451747 0.058333333333333334
1 0.7464788732394366 0.7861111111111111 0.02034428794992175 0.06851851851851852
0 0.7378716744913928 0.5773148148148148 0.05529473135106938 0.04351851851851852
1 0.30125195618153366 0.34814814814814815 0.03025560772039645 0.06944444444444445
1 0.7425665101721439 0.4666666666666667 0.023995826812728223 0.058333333333333334
1 0.6030255607720396 0.8407407407407408 0.030777256129368807 0.0787037037037037
1 0.20787689097548254 0.4861111111111111 0.024517475221700575 0.044444444444444446
0 0.8369848721961398 0.5351851851851852 0.05738132498695879 0.041666666666666664
1 0.6870109546165885 0.7050925925925926 0.02190923317683881 0.05555555555555555
0 0.3317683881064163 0.5402777777777777 0.05581637976004173 0.041666666666666664
0 0.49139280125195617 0.5453703703703704 0.04381846635367762 0.04537037037037037
1 0.15336463223787167 0.22314814814814815 0.02608242044861763 0.05462962962962963
1 0.8325508607198748 0.5120370370370371 0.0198226395409494 0.03888888888888889
0 0.20892018779342722 0.5032407407407408 0.05112154407929056 0.03981481481481482
0 0.9233176838810642 0.5708333333333333 0.038601982263954095 0.04814814814814815
1 0.6713615023474179 0.38657407407407407 0.0198226395409494 0.06574074074074074
0 0.9608763693270735 0.612037037037037 0.03442879499217527 0.05092592592592592
1 0.6147626499739176 0.31712962962962965 0.02138758476786646 0.06481481481481481
1 0.19248826291079812 0.18796296296296297 0.023474178403755867 0.05648148148148148
1 0.24491392801251957 0.15416666666666667 0.028169014084507043 0.046296296296296294
0 0.701095461658842 0.6180555555555556 0.04121022430881586 0.05277777777777778
1 0.8163797600417319 0.44166666666666665 0.03025560772039645 0.06388888888888888
1 0.8124673969744393 0.38055555555555554 0.03182055294731351 0.05555555555555555
0 0.6249347939488784 0.5532407407407407 0.046426708398539386 0.05555555555555555
1 0.9256651017214398 0.38564814814814813 0.03025560772039645 0.06481481481481481
1 0.8296817944705268 0.9490740740740741 0.038601982263954095 0.05462962962962963
1 0.33072509128847155 0.3023148148148148 0.023995826812728223 0.058333333333333334
1 0.6275430359937402 0.22870370370370371 0.022430881585811163 0.07222222222222222
1 0.09076682316118936 0.6287037037037037 0.028690662493479395 0.06481481481481481
1 0.08972352634324465 0.22314814814814815 0.02138758476786646 0.05740740740740741
1 0.5975482524778299 0.7851851851851852 0.03025560772039645 0.06111111111111111
1 0.9720918101199791 0.8986111111111111 0.03599374021909233 0.053703703703703705
1 0.5049556598852374 0.262037037037037 0.022952529994783515 0.05925925925925926
1 0.19744392279603548 0.2689814814814815 0.0297339593114241 0.06481481481481481
0 0.25639019300991134 0.43657407407407406 0.04434011476264997 0.053703703703703705
1 0.7149191444966093 0.24768518518518517 0.02556077203964528 0.05092592592592592
1 0.35289514866979654 0.2212962962962963 0.0198226395409494 0.05648148148148148
1 0.4801773604590506 0.9212962962962963 0.03129890453834116 0.05740740740740741
1 0.9248826291079812 0.6944444444444444 0.03338549817423057 0.06759259259259259
1 0.2996870109546166 0.2324074074074074 0.023474178403755867 0.06851851851851852
1 0.16040688575899845 0.975 0.028690662493479395 0.04722222222222222
1 0.23082942097026604 0.22037037037037038 0.03025560772039645 0.06759259259259259
1 0.6236306729264476 0.38472222222222224 0.01617110067814293 0.06296296296296296
1 0.9697443922796035 0.2740740740740741 0.03390714658320292 0.06296296296296296
1 0.7222222222222222 0.15231481481481482 0.020865936358894107 0.062037037037037036
1 0.9222743870631195 0.19212962962962962 0.02556077203964528 0.07685185185185185
1 0.6137193531559729 0.4 0.02034428794992175 0.06481481481481481
1 0.4535732916014606 0.275 0.023995826812728223 0.05185185185185185
1 0.9663536776212832 0.1787037037037037 0.03234220135628586 0.06111111111111111
1 0.520605112154408 0.32685185185185184 0.02556077203964528 0.06481481481481481
1 0.2524778299426187 0.2865740740740741 0.028169014084507043 0.07777777777777778
1 0.5717266562336984 0.3287037037037037 0.018257694314032343 0.07037037037037037
1 0.39619196661450184 0.29907407407407405 0.02556077203964528 0.07592592592592592
1 0.47339593114241 0.9740740740740741 0.03442879499217527 0.04537037037037037
1 0.4791340636411059 0.5856481481481481 0.017214397496087636 0.05185185185185185
1 0.6040688575899843 0.36342592592592593 0.0198226395409494 0.058333333333333334
1 0.4413145539906103 0.4097222222222222 0.02764736567553469 0.05185185185185185
1 0.8891497130933751 0.9680555555555556 0.03755868544600939 0.05925925925925926
1 0.21205007824726135 0.3523148148148148 0.01617110067814293 0.04537037037037037
1 0.8721961398017736 0.3523148148148148 0.018257694314032343 0.06111111111111111
1 0.8231611893583725 0.14212962962962963 0.03129890453834116 0.05648148148148148
1 0.27360459050599895 0.6282407407407408 0.03442879499217527 0.05740740740740741
1 0.058163797600417316 0.324537037037037 0.02556077203964528 0.053703703703703705
1 0.8325508607198748 0.25277777777777777 0.02034428794992175 0.058333333333333334
1 0.31011997913406364 0.19444444444444445 0.025039123630672927 0.041666666666666664
1 0.11658841940532082 0.2740740740740741 0.023474178403755867 0.05555555555555555
1 0.12180490349504434 0.35138888888888886 0.030777256129368807 0.05648148148148148
1 0.9747000521648409 0.9462962962962963 0.0406885758998435 0.05277777777777778
1 0.43557642149191445 0.36712962962962964 0.03182055294731351 0.037037037037037035
1 0.7386541471048513 0.4310185185185185 0.03025560772039645 0.03981481481481482
1 0.10041731872717788 0.32175925925925924 0.028169014084507043 0.04259259259259259
1 0.6473656755346896 0.31805555555555554 0.027125717266562335 0.05462962962962963
1 0.4788732394366197 0.6356481481481482 0.03182055294731351 0.06296296296296296
1 0.543035993740219 0.38333333333333336 0.016692749087115284 0.046296296296296294
1 0.8515910276473657 0.40324074074074073 0.02034428794992175 0.04537037037037037
1 0.7524778299426187 0.7513888888888889 0.02190923317683881 0.05092592592592592
1 0.7446531038080334 0.3162037037037037 0.02190923317683881 0.06296296296296296
1 0.5907668231611893 0.2439814814814815 0.026604068857589983 0.05277777777777778
1 0.06207616066770996 0.22546296296296298 0.03286384976525822 0.07222222222222222
1 0.7569118414188837 0.21481481481481482 0.01564945226917058 0.06666666666666667
1 0.4076682316118936 0.21712962962962962 0.02034428794992175 0.040740740740740744
1 0.013041210224308816 0.24814814814814815 0.020865936358894107 0.06574074074074074
1 0.014606155451225874 0.7439814814814815 0.026604068857589983 0.041666666666666664
0 0.26917057902973396 0.27361111111111114 0.03338549817423057 0.037037037037037035
1 0.6465832029212311 0.28194444444444444 0.018257694314032343 0.05740740740740741
1 0.6737089201877934 0.2513888888888889 0.02034428794992175 0.05648148148148148
1 0.03103808033385498 0.26296296296296295 0.029212310902451747 0.03981481481481482
1 0.20500782472613457 0.3194444444444444 0.02608242044861763 0.037037037037037035
1 0.8291601460615545 0.4759259259259259 0.03286384976525822 0.041666666666666664
1 0.7816901408450704 0.18333333333333332 0.017214397496087636 0.06944444444444445
1 0.6703182055294732 0.2101851851851852 0.02764736567553469 0.03888888888888889
1 0.2347417840375587 0.18101851851851852 0.022952529994783515 0.05740740740740741