0 0.08072916666666667 0.6481481481481481 0.046875 0.062037037037037036
0 0.5888020833333333 0.5263888888888889 0.043229166666666666 0.04722222222222222
0 0.8416666666666667 0.6310185185185185 0.04791666666666667 0.049074074074074076
0 0.3802083333333333 0.4699074074074074 0.053125 0.04537037037037037
0 0.65859375 0.612037037037037 0.04583333333333333 0.05277777777777778
0 0.6591145833333333 0.47175925925925927 0.04791666666666667 0.049074074074074076
0 0.9302083333333333 0.5361111111111111 0.046875 0.044444444444444446
0 0.5 0.7074074074074074 0.04114583333333333 0.03981481481481482
0 0.24921875 0.7018518518518518 0.04479166666666667 0.040740740740740744
0 0.8302083333333333 0.41898148148148145 0.0515625 0.044444444444444446
0 0.84609375 0.586574074074074 0.046875 0.05185185185185185
0 0.9140625 0.7050925925925926 0.044270833333333336 0.044444444444444446
0 0.409375 0.3990740740740741 0.05260416666666667 0.05092592592592592
0 0.98828125 0.6398148148148148 0.0234375 0.05
0 0.98125 0.4476851851851852 0.0375 0.04537037037037037
0 0.4322916666666667 0.6518518518518519 0.035416666666666666 0.05555555555555555