0 0.18489583333333334 0.4462962962962963 0.05677083333333333 0.04351851851851852
1 0.8002604166666667 0.2777777777777778 0.026041666666666668 0.07314814814814814
0 0.06666666666666667 0.5125 0.05260416666666667 0.03888888888888889
0 0.2799479166666667 0.4824074074074074 0.052083333333333336 0.03981481481481482
0 0.578125 0.49675925925925923 0.03333333333333333 0.06481481481481481
0 0.8622395833333333 0.6157407407407407 0.04895833333333333 0.044444444444444446
0 0.346875 0.6050925925925926 0.0484375 0.04259259259259259
0 0.04583333333333333 0.6648148148148149 0.05 0.04722222222222222
0 0.8901041666666667 0.4898148148148148 0.051041666666666666 0.049074074074074076
0 0.71484375 0.7777777777777778 0.04583333333333333 0.04722222222222222
0 0.2708333333333333 0.6736111111111112 0.04583333333333333 0.03796296296296296
0 0.06015625 0.5972222222222222 0.051041666666666666 0.03888888888888889
0 0.24010416666666667 0.11018518518518519 0.059895833333333336 0.03796296296296296
0 0.01484375 0.711574074074074 0.028645833333333332 0.03425925925925926
0 0.9330729166666667 0.30648148148148147 0.04583333333333333 0.06574074074074074
1 0.8213541666666667 0.275 0.017708333333333333 0.06851851851851852