0 0.5816379760041732 0.5143518518518518 0.05112154407929056 0.04351851851851852
0 0.6674491392801252 0.6157407407407407 0.03495044340114763 0.06388888888888888
1 0.056859676577986434 0.3680555555555556 0.03234220135628586 0.06296296296296296
1 0.587376108502869 0.37777777777777777 0.0198226395409494 0.06574074074074074
0 0.7099634846113719 0.4847222222222222 0.05216484089723526 0.05
1 0.2104851330203443 0.2814814814814815 0.02608242044861763 0.06388888888888888
1 0.6387584767866458 0.37037037037037035 0.03234220135628586 0.06296296296296296
1 0.9141888367240479 0.3282407407407407 0.022952529994783515 0.062037037037037036
1 0.7128325508607198 0.1824074074074074 0.020865936358894107 0.058333333333333334
1 0.7949921752738655 0.3023148148148148 0.026604068857589983 0.06111111111111111
1 0.8119457485654669 0.12685185185185185 0.023474178403755867 0.07222222222222222
1 0.9374021909233177 0.37453703703703706 0.025039123630672927 0.06666666666666667
1 0.1609285341679708 0.3287037037037037 0.030777256129368807 0.06111111111111111
1 0.4856546687532603 0.3287037037037037 0.022430881585811163 0.07037037037037037
1 0.10093896713615023 0.2949074074074074 0.027125717266562335 0.06018518518518518
1 0.022430881585811163 0.8675925925925926 0.038601982263954095 0.05925925925925926
1 0.701095461658842 0.275 0.02190923317683881 0.05462962962962963
0 0.02764736567553469 0.5657407407407408 0.03286384976525822 0.053703703703703705
1 0.7816901408450704 0.21805555555555556 0.028169014084507043 0.06111111111111111
1 0.9726134585289515 0.24259259259259258 0.03182055294731351 0.06388888888888888
1 0.5824204486176318 0.1 0.01773604590505999 0.06851851851851852
1 0.47235263432446534 0.24722222222222223 0.020865936358894107 0.06388888888888888
1 0.8515910276473657 0.18472222222222223 0.028169014084507043 0.0712962962962963
1 0.5292123109024518 0.23703703703703705 0.014606155451225874 0.06111111111111111
1 0.547470005216484 0.34305555555555556 0.016692749087115284 0.06388888888888888
1 0.7232655190401669 0.3 0.02034428794992175 0.062037037037037036
0 0.17266562336984873 0.45694444444444443 0.047991653625456446 0.075
0 0.36384976525821594 0.6064814814814815 0.05268648930620762 0.046296296296296294
1 0.40897235263432447 0.28935185185185186 0.022952529994783515 0.05925925925925926
1 0.34089723526343246 0.8162037037037037 0.03547209181011998 0.06388888888888888
1 0.16823161189358374 0.2 0.022430881585811163 0.06111111111111111
1 0.7569118414188837 0.9023148148148148 0.03390714658320292 0.06481481481481481
1 0.019561815336463225 0.2611111111111111 0.037037037037037035 0.08425925925925926
1 0.3938445487741262 0.38935185185185184 0.030777256129368807 0.06018518518518518
1 0.6225873761085029 0.11435185185185186 0.015127803860198226 0.06944444444444445
1 0.6484089723526343 0.17546296296296296 0.016692749087115284 0.07222222222222222
1 0.5897235263432447 0.28379629629629627 0.019300991131977047 0.06759259259259259
1 0.6395409494001043 0.27037037037037037 0.018779342723004695 0.06296296296296296
1 0.9321857068335941 0.25787037037037036 0.023995826812728223 0.05555555555555555
1 0.7329160146061554 0.2175925925925926 0.018779342723004695 0.06388888888888888
1 0.7475221700573813 0.35 0.02608242044861763 0.05277777777777778
1 0.8643714136671883 0.9125 0.0396452790818988 0.06296296296296296
1 0.7386541471048513 0.4111111111111111 0.028169014084507043 0.04722222222222222
0 0.8129890453834115 0.5902777777777778 0.054773082942097026 0.0712962962962963
1 0.5878977569118414 0.9041666666666667 0.03338549817423057 0.075
1 0.6304121022430882 0.1986111111111111 0.016692749087115284 0.06666666666666667
1 0.5936358894105372 0.1726851851851852 0.02034428794992175 0.06018518518518518
0 0.022430881585811163 0.625 0.04434011476264997 0.06481481481481481