0 0.208984375 0.7821180555555556 0.05975341796875 0.036702473958333336
0 0.775390625 0.3973524305555556 0.04620361328125 0.07383897569444445
0 0.1990966796875 0.5538194444444444 0.054595947265625 0.037923177083333336
0 0.5029296875 0.4522569444444444 0.045257568359375 0.048583984375
0 0.5830078125 0.6384548611111112 0.044342041015625 0.042182074652777776
0 0.04510498046875 0.3643663194444444 0.0526123046875 0.035807291666666664
0 0.35791015625 0.6592881944444444 0.04248046875 0.06597222222222222
0 0.06964111328125 0.2936197916666667 0.04779052734375 0.04001193576388889
0 0.521484375 0.3255208333333333 0.04296875 0.043999565972222224
0 0.67919921875 0.8207465277777778 0.0310211181640625 0.058159722222222224
0 0.9287109375 0.4079861111111111 0.049774169921875 0.047037760416666664
0 0.040374755859375 0.5147569444444444 0.049957275390625 0.06141493055555555
0 0.87109375 0.4696180555555556 0.051666259765625 0.0498046875
0 0.9638671875 0.5998263888888888 0.059326171875 0.049126519097222224
0 0.04248046875 0.6940104166666666 0.0322265625 0.049614800347222224
0 0.8134765625 0.5711805555555556 0.05194091796875 0.045708550347222224
0 0.2060546875 0.2673611111111111 0.050811767578125 0.042182074652777776
0 0.6630859375 0.4457465277777778 0.0472412109375 0.042426215277777776
0 0.2098388671875 0.8342013888888888 0.062103271484375 0.05995008680555555
0 0.619140625 0.4986979166666667 0.04327392578125 0.057183159722222224