0 0.79140625 0.6300925925925925 0.04739583333333333 0.03796296296296296
0 0.86328125 0.4166666666666667 0.05416666666666667 0.03796296296296296
0 0.3578125 0.6125 0.04479166666666667 0.04259259259259259
0 0.40572916666666664 0.3592592592592593 0.05572916666666667 0.04722222222222222
0 0.8671875 0.6912037037037037 0.0484375 0.03981481481481482
0 0.6072916666666667 0.5939814814814814 0.04583333333333333 0.04537037037037037
0 0.5130208333333334 0.5356481481481481 0.04895833333333333 0.040740740740740744
0 0.5828125 0.33240740740740743 0.05260416666666667 0.04259259259259259
0 0.15416666666666667 0.6342592592592593 0.05 0.04259259259259259
0 0.2203125 0.5236111111111111 0.04583333333333333 0.04351851851851852
0 0.06979166666666667 0.46805555555555556 0.053125 0.046296296296296294
0 0.5411458333333333 0.4462962962962963 0.05 0.04351851851851852
0 0.6036458333333333 0.6356481481481482 0.0453125 0.037037037037037035
0 0.27109375 0.20185185185185187 0.05 0.04259259259259259
0 0.5802083333333333 0.5217592592592593 0.0453125 0.03981481481481482
0 0.5091145833333334 0.6944444444444444 0.04375 0.03888888888888889
0 0.41953125 0.5356481481481481 0.049479166666666664 0.03981481481481482
0 0.8755208333333333 0.5537037037037037 0.050520833333333334 0.040740740740740744
0 0.9434895833333333 0.5425925925925926 0.028125 0.058333333333333334
0 0.5106770833333333 0.6444444444444445 0.046875 0.044444444444444446
0 0.15260416666666668 0.3287037037037037 0.052083333333333336 0.05925925925925926