0 0.8231611893583725 0.4685185185185185 0.05738132498695879 0.04722222222222222
1 0.38054251434533126 0.6611111111111111 0.02608242044861763 0.07962962962962963
1 0.1431924882629108 0.6152777777777778 0.03234220135628586 0.06481481481481481
0 0.20344287949921752 0.48657407407407405 0.05112154407929056 0.03518518518518519
0 0.9131455399061033 0.5375 0.03390714658320292 0.06851851851851852
1 0.9856546687532604 0.6643518518518519 0.028690662493479395 0.062037037037037036
0 0.15179968701095461 0.2722222222222222 0.05529473135106938 0.049074074074074076
1 0.7076160667709963 0.5671296296296297 0.03495044340114763 0.06666666666666667
0 0.3161189358372457 0.3384259259259259 0.05581637976004173 0.04722222222222222
1 0.6108502869066249 0.6513888888888889 0.027125717266562335 0.06759259259259259
0 0.29290558163797603 0.40185185185185185 0.05372978612415232 0.04259259259259259
1 0.11867501304121023 0.12731481481481483 0.044861763171622326 0.06018518518518518
1 0.22613458528951486 0.7939814814814815 0.023995826812728223 0.05740740740740741
1 0.672926447574335 0.09583333333333334 0.023995826812728223 0.07777777777777778
0 0.9668753260302556 0.350462962962963 0.06520605112154408 0.053703703703703705
1 0.282472613458529 0.7148148148148148 0.028169014084507043 0.05925925925925926
1 0.1794470526864893 0.7083333333333334 0.03442879499217527 0.06296296296296296
1 0.046426708398539386 0.6601851851851852 0.030777256129368807 0.05740740740740741
1 0.8492436098069901 0.7759259259259259 0.020865936358894107 0.06111111111111111
1 0.08737610850286906 0.7527777777777778 0.03025560772039645 0.06111111111111111
1 0.6697965571205008 0.6050925925925926 0.03129890453834116 0.06666666666666667
1 0.8643714136671883 0.6935185185185185 0.02608242044861763 0.06018518518518518
1 0.15153886280646844 0.7444444444444445 0.02556077203964528 0.0712962962962963
0 0.4856546687532603 0.6611111111111111 0.04434011476264997 0.04259259259259259
0 0.6987480438184663 0.36898148148148147 0.048513302034428794 0.06759259259259259
1 0.643453312467397 0.8888888888888888 0.02764736567553469 0.06944444444444445
1 0.42331768388106417 0.1935185185185185 0.041731872717788214 0.075
1 0.4945226917057903 0.7912037037037037 0.016692749087115284 0.06018518518518518
1 0.8695878977569118 0.8643518518518518 0.02034428794992175 0.06296296296296296
1 0.22769953051643194 0.6759259259259259 0.02138758476786646 0.06574074074074074
1 0.6841418883672404 0.8875 0.023995826812728223 0.06944444444444445
0 0.0605112154407929 0.5273148148148148 0.037037037037037035 0.053703703703703705
0 0.38810641627543035 0.5365740740740741 0.02190923317683881 0.05555555555555555
1 0.7407407407407407 0.6898148148148148 0.026604068857589983 0.05092592592592592
1 0.9188836724047992 0.8162037037037037 0.03286384976525822 0.06851851851851852
1 0.04903495044340115 0.7527777777777778 0.03599374021909233 0.06296296296296296
0 0.1651017214397496 0.3990740740740741 0.027125717266562335 0.053703703703703705
1 0.6987480438184663 0.7194444444444444 0.025039123630672927 0.058333333333333334
1 0.6528429838288993 0.7189814814814814 0.02138758476786646 0.062037037037037036
1 0.47835159102764735 0.6143518518518518 0.023995826812728223 0.06666666666666667
1 0.7895148669796557 0.774537037037037 0.028169014084507043 0.06018518518518518
1 0.7788210745957225 0.8379629629629629 0.018257694314032343 0.05740740740740741
1 0.559207094418362 0.6615740740740741 0.025039123630672927 0.07314814814814814
1 0.5941575378195096 0.7597222222222222 0.020865936358894107 0.062037037037037036
1 0.5858111632759521 0.6097222222222223 0.022952529994783515 0.049074074074074076
1 0.8539384454877412 0.09166666666666666 0.026604068857589983 0.06296296296296296
1 0.9702660406885759 0.0699074074074074 0.0406885758998435 0.06944444444444445
1 0.7154407929055816 0.6305555555555555 0.022952529994783515 0.05462962962962963
1 0.8281168492436098 0.5805555555555556 0.027125717266562335 0.04351851851851852
1 0.7227438706311946 0.7796296296296297 0.02764736567553469 0.06481481481481481
1 0.6885758998435054 0.7986111111111112 0.01773604590505999 0.06296296296296296