1 0.8994140625 0.3466796875 0.03271484375 0.06879425048828125
1 0.94970703125 0.0626190185546875 0.017181396484375 0.07155685424804688
1 0.319580078125 0.3763641357421875 0.0253753662109375 0.06121063232421875
1 0.362060546875 0.782196044921875 0.034088134765625 0.0613189697265625
1 0.8447265625 0.859765625 0.0352783203125 0.056768798828125
0 0.4716796875 0.4524169921875 0.044189453125 0.03480339050292969
1 0.198486328125 0.684259033203125 0.0268096923828125 0.05796051025390625
1 0.1859130859375 0.4231658935546875 0.035675048828125 0.06240234375
1 0.84375 0.2896942138671875 0.0225830078125 0.07556533813476562
0 0.64794921875 0.59542236328125 0.05023193359375 0.0535186767578125
1 0.83154296875 0.70809326171875 0.03704833984375 0.08049468994140625
1 0.353759765625 0.3299957275390625 0.03314208984375 0.06251068115234375
0 0.314697265625 0.506585693359375 0.050048828125 0.043605804443359375
0 0.401611328125 0.61708984375 0.0521240234375 0.04211616516113281
0 0.60302734375 0.46715087890625 0.033721923828125 0.0522186279296875
1 0.0802001953125 0.3867645263671875 0.02423095703125 0.05882720947265625
1 0.53564453125 0.870166015625 0.03216552734375 0.07740707397460937
1 0.097412109375 0.77916259765625 0.0316162109375 0.0606689453125
1 0.5205078125 0.776995849609375 0.030731201171875 0.08358230590820312
1 0.67822265625 0.779595947265625 0.02947998046875 0.058935546875
0 0.84326171875 0.575054931640625 0.03173828125 0.06467742919921875
1 0.95263671875 0.37354736328125 0.02215576171875 0.07291107177734375
0 0.6259765625 0.54688720703125 0.050506591796875 0.04219741821289062
0 0.46923828125 0.53822021484375 0.0278472900390625 0.07524032592773437
1 0.14697265625 0.3520965576171875 0.03582763671875 0.05963973999023438
1 0.9404296875 0.881866455078125 0.027069091796875 0.055902099609375
1 0.12420654296875 0.730194091796875 0.035552978515625 0.05538749694824219
0 0.2486572265625 0.471917724609375 0.053314208984375 0.05213737487792969
1 0.26220703125 0.86236572265625 0.0280609130859375 0.05517082214355469
1 0.8818359375 0.238775634765625 0.03216552734375 0.062835693359375
1 0.71630859375 0.402581787109375 0.03216552734375 0.068035888671875
1 0.70166015625 0.96983642578125 0.0274810791015625 0.055902099609375
1 0.268310546875 0.282977294921875 0.0182342529296875 0.059856414794921875
1 0.2734375 0.756195068359375 0.0272674560546875 0.0734527587890625
0 0.46875 0.49315185546875 0.053802490234375 0.046341323852539064
1 0.83349609375 0.783062744140625 0.0284881591796875 0.05953140258789062
1 0.92578125 0.148638916015625 0.031982421875 0.062023162841796875
1 0.5302734375 0.370947265625 0.02484130859375 0.06749420166015625
1 0.2193603515625 0.3581634521484375 0.0211181640625 0.061102294921875
1 0.6650390625 0.4036651611328125 0.0213623046875 0.06332321166992187
1 0.59814453125 0.17258148193359374 0.02215576171875 0.06310653686523438
1 0.98583984375 0.3195953369140625 0.024993896484375 0.08006134033203124
1 0.93359375 0.21396636962890625 0.033477783203125 0.06500244140625
0 0.3154296875 0.5668212890625 0.044921875 0.03851394653320313
1 0.732421875 0.24700927734375 0.01934814453125 0.06381072998046874
1 0.07781982421875 0.2229583740234375 0.0240936279296875 0.061914825439453126
1 0.10595703125 0.2974945068359375 0.0299224853515625 0.06673583984375
1 0.55224609375 0.3403961181640625 0.02215576171875 0.061589813232421874
1 0.288330078125 0.3438629150390625 0.022674560546875 0.0608856201171875
1 0.75 0.2186248779296875 0.0234222412109375 0.06251068115234375
1 0.316650390625 0.281243896484375 0.022674560546875 0.068035888671875
1 0.130859375 0.246575927734375 0.0310821533203125 0.06906509399414062
1 0.6572265625 0.11992950439453125 0.0279541015625 0.07426528930664063
1 0.5556640625 0.22046661376953125 0.0268096923828125 0.05709381103515625
1 0.666015625 0.87623291015625 0.029083251953125 0.06440658569335937
1 0.1810302734375 0.3466796875 0.0325927734375 0.06635665893554688
1 0.2327880859375 0.286444091796875 0.03179931640625 0.06906509399414062
1 0.861328125 0.421649169921875 0.02203369140625 0.06879425048828125
1 0.38134765625 0.266943359375 0.02069091796875 0.041168212890625
1 0.65625 0.283843994140625 0.0220794677734375 0.06429824829101563
1 0.5078125 0.287744140625 0.01953125 0.05817718505859375
1 0.276611328125 0.2294586181640625 0.0219879150390625 0.063702392578125
1 0.80126953125 0.89010009765625 0.027374267578125 0.044174575805664064
1 0.50830078125 0.4079986572265625 0.0235595703125 0.06500244140625
1 0.48681640625 0.329779052734375 0.0215301513671875 0.06402740478515626
1 0.2410888671875 0.648291015625 0.03521728515625 0.0483184814453125
1 0.67333984375 0.243975830078125 0.0202484130859375 0.060506439208984374
1 0.2110595703125 0.146038818359375 0.014617919921875 0.06689834594726562
1 0.640625 0.3455963134765625 0.019561767578125 0.06429824829101563
1 0.470947265625 0.25394287109375 0.0279541015625 0.06272735595703124
1 0.0604248046875 0.6534912109375 0.03436279296875 0.05143318176269531
1 0.33251953125 0.2372589111328125 0.023193359375 0.0398681640625
1 0.0127716064453125 0.232708740234375 0.0247955322265625 0.0613189697265625
1 0.68212890625 0.370947265625 0.021484375 0.07209854125976563
1 0.092529296875 0.832464599609375 0.0222930908203125 0.05094566345214844
1 0.59521484375 0.2775604248046875 0.0238189697265625 0.058935546875
1 0.21533203125 0.224041748046875 0.0156707763671875 0.03561592102050781
1 0.50341796875 0.2454925537109375 0.03021240234375 0.037565994262695315
1 0.2430419921875 0.19034881591796876 0.0173797607421875 0.043605804443359375
0 0.96630859375 0.09354934692382813 0.0321044921875 0.06841506958007812