1 0.392822265625 0.614923095703125 0.03277587890625 0.050078964233398436
1 0.548828125 0.89530029296875 0.036346435546875 0.06121063232421875
0 0.9716796875 0.6118896484375 0.056854248046875 0.05424995422363281
0 0.5439453125 0.602789306640625 0.053314208984375 0.0504852294921875
1 0.80029296875 0.881866455078125 0.021453857421875 0.0587188720703125
1 0.654296875 0.813397216796875 0.03436279296875 0.0608856201171875
1 0.24853515625 0.83116455078125 0.036834716796875 0.06321487426757813
1 0.583984375 0.420782470703125 0.0251312255859375 0.0639190673828125
1 0.35546875 0.625323486328125 0.02691650390625 0.061914825439453126
0 0.28662109375 0.508319091796875 0.04840087890625 0.043091201782226564
1 0.370361328125 0.682525634765625 0.0325927734375 0.047505950927734374
0 0.9619140625 0.55728759765625 0.058349609375 0.044174575805664064
0 0.10650634765625 0.4127655029296875 0.046722412109375 0.0496185302734375
0 0.07598876953125 0.525653076171875 0.0521240234375 0.04393081665039063
0 0.65234375 0.51048583984375 0.048492431640625 0.039245223999023436
1 0.52001953125 0.680792236328125 0.027069091796875 0.05262489318847656
1 0.308837890625 0.904833984375 0.0312042236328125 0.05557708740234375
1 0.4716796875 0.2714935302734375 0.0229339599609375 0.06332321166992187
0 0.73388671875 0.551654052734375 0.0460205078125 0.04409332275390625
1 0.126220703125 0.60928955078125 0.0278472900390625 0.059964752197265624
0 0.55517578125 0.537353515625 0.050506591796875 0.049049758911132814
1 0.787109375 0.291644287109375 0.0222930908203125 0.0686859130859375
1 0.12115478515625 0.3345458984375 0.03912353515625 0.06099395751953125
1 0.83837890625 0.2571929931640625 0.0217437744140625 0.06673583984375
0 0.6982421875 0.578955078125 0.044769287109375 0.0535186767578125
1 0.8154296875 0.822064208984375 0.0333251953125 0.058935546875
1 0.2998046875 0.57115478515625 0.0202484130859375 0.05601043701171875
1 0.298583984375 0.9655029296875 0.034881591796875 0.05817718505859375
1 0.373779296875 0.241375732421875 0.0244293212890625 0.0561187744140625
1 0.431640625 0.78262939453125 0.023193359375 0.0569854736328125
1 0.2144775390625 0.2047576904296875 0.020843505859375 0.060289764404296876
1 0.892578125 0.38568115234375 0.02508544921875 0.06402740478515626
1 0.81982421875 0.32587890625 0.0311431884765625 0.06402740478515626
1 0.64990234375 0.4153656005859375 0.0221099853515625 0.05527915954589844
1 0.958984375 0.4004150390625 0.0333251953125 0.06673583984375
1 0.58837890625 0.729327392578125 0.023468017578125 0.0686859130859375
1 0.7548828125 0.680792236328125 0.0290374755859375 0.07637786865234375
1 0.5927734375 0.2779937744140625 0.021575927734375 0.07459030151367188
1 0.256103515625 0.1809234619140625 0.0252685546875 0.0578521728515625
1 0.98486328125 0.326312255859375 0.0284881591796875 0.062835693359375
1 0.921875 0.18384857177734376 0.021575927734375 0.07264022827148438
1 0.404541015625 0.748394775390625 0.028167724609375 0.061589813232421874
1 0.30126953125 0.354913330078125 0.029144287109375 0.059748077392578126
1 0.3017578125 0.612322998046875 0.022796630859375 0.06527328491210938
0 0.250244140625 0.4385498046875 0.031982421875 0.05384368896484375
1 0.9111328125 0.47581787109375 0.0231475830078125 0.05806884765625
1 0.6923828125 0.09289932250976562 0.0207672119140625 0.07020263671875
1 0.329345703125 0.2012908935546875 0.020416259765625 0.050756072998046874
1 0.04083251953125 0.24874267578125 0.032470703125 0.060506439208984374
1 0.95166015625 0.3317291259765625 0.025421142578125 0.05086441040039062
1 0.6435546875 0.205841064453125 0.024932861328125 0.0812530517578125
1 0.912109375 0.334112548828125 0.0226287841796875 0.0626190185546875
1 0.728515625 0.3711639404296875 0.0240936279296875 0.06121063232421875
1 0.82177734375 0.15459747314453126 0.020294189453125 0.060506439208984374
1 0.35107421875 0.3087615966796875 0.023284912109375 0.06879425048828125
1 0.576171875 0.227508544921875 0.02203369140625 0.05105400085449219
1 0.67431640625 0.37181396484375 0.0257568359375 0.044770431518554685
1 0.66650390625 0.2389923095703125 0.0184326171875 0.05709381103515625
1 0.440185546875 0.3767974853515625 0.0279541015625 0.06381072998046874
1 0.63232421875 0.33887939453125 0.026763916015625 0.04409332275390625
1 0.019989013671875 0.205841064453125 0.0271148681640625 0.05709381103515625
1 0.498779296875 0.356646728515625 0.02288818359375 0.06971511840820313
1 0.31591796875 0.2545928955078125 0.0271759033203125 0.05403327941894531
1 0.11126708984375 0.2610931396484375 0.0268096923828125 0.06180648803710938
1 0.0838623046875 0.21244964599609376 0.027008056640625 0.06077728271484375
1 0.2005615234375 0.2428924560546875 0.0245208740234375 0.0582855224609375
1 0.6552734375 0.93690185546875 0.02801513671875 0.061102294921875
1 0.1063232421875 0.18189849853515624 0.0241851806640625 0.043605804443359375
1 0.376953125 0.3538299560546875 0.0263519287109375 0.05143318176269531
1 0.6806640625 0.953369140625 0.03948974609375 0.06662750244140625
1 0.43505859375 0.827264404296875 0.024658203125 0.06776504516601563
1 0.251953125 0.2883941650390625 0.0239105224609375 0.06429824829101563
1 0.5126953125 0.295111083984375 0.0251312255859375 0.06429824829101563
1 0.426025390625 0.3345458984375 0.0212860107421875 0.06121063232421875
1 0.399658203125 0.287310791015625 0.0294189453125 0.06982345581054687
0 0.0190582275390625 0.495318603515625 0.037200927734375 0.03298873901367187
1 0.017578125 0.137371826171875 0.026153564453125 0.060398101806640625
1 0.6279296875 0.2537261962890625 0.01751708984375 0.059748077392578126
1 0.70263671875 0.3217620849609375 0.0210113525390625 0.06099395751953125
1 0.77099609375 0.2463592529296875 0.0200653076171875 0.06332321166992187
1 0.580078125 0.387847900390625 0.0287017822265625 0.04124946594238281
1 0.04046630859375 0.3126617431640625 0.0328369140625 0.07859878540039063
0 0.1280517578125 0.2571929931640625 0.0413818359375 0.03729515075683594
1 0.52783203125 0.2134246826171875 0.019989013671875 0.04173698425292969
1 0.6748046875 0.2753936767578125 0.018402099609375 0.05424995422363281
1 0.14599609375 0.211907958984375 0.0265045166015625 0.0561187744140625
1 0.28076171875 0.3343292236328125 0.028106689453125 0.038811874389648435
1 0.77734375 0.1809234619140625 0.0231475830078125 0.08834915161132813
1 0.73876953125 0.3126617431640625 0.018341064453125 0.035940933227539065
1 0.98486328125 0.07264022827148438 0.0173797607421875 0.0712860107421875
1 0.2239990234375 0.1579559326171875 0.0209197998046875 0.04980812072753906
1 0.95556640625 0.2935943603515625 0.0273284912109375 0.03932647705078125