0 0.73583984375 0.4205729166666667 0.046295166015625 0.044840494791666664
0 0.499267578125 0.5716145833333334 0.04949951171875 0.045111762152777776
0 0.42138671875 0.6189236111111112 0.053314208984375 0.040934244791666664
0 0.3798828125 0.4372829861111111 0.03912353515625 0.06380208333333333
0 0.5634765625 0.4891493055555556 0.043365478515625 0.040608723958333336
0 0.4287109375 0.5277777777777778 0.0391845703125 0.06130642361111111
0 0.7529296875 0.6145833333333334 0.049224853515625 0.042670355902777776
0 0.58935546875 0.3595920138888889 0.043701171875 0.04226345486111111
0 0.94287109375 0.376953125 0.046295166015625 0.044677734375
0 0.9609375 0.4826388888888889 0.04949951171875 0.04432508680555555
0 0.51171875 0.3068576388888889 0.042724609375 0.041314019097222224
0 0.4287109375 0.3726128472222222 0.049407958984375 0.043511284722222224
0 0.43310546875 0.7625868055555556 0.051666259765625 0.058919270833333336
0 0.52880859375 0.431640625 0.048126220703125 0.04139539930555555
0 0.623046875 0.5238715277777778 0.04840087890625 0.043999565972222224
0 0.880859375 0.7183159722222222 0.057281494140625 0.05251736111111111
0 0.505859375 0.6723090277777778 0.052032470703125 0.04649522569444445
0 0.35888671875 0.3363715277777778 0.045867919921875 0.04367404513888889
0 0.75537109375 0.2847222222222222 0.044525146484375 0.040228949652777776
0 0.62109375 0.5768229166666666 0.0504150390625 0.039008246527777776