0 0.9507042253521126 0.6162037037037037 0.028169014084507043 0.06759259259259259
1 0.698226395409494 0.6550925925925926 0.02764736567553469 0.07407407407407407
0 0.5662493479394888 0.549537037037037 0.0297339593114241 0.06296296296296296
1 0.8382889932185706 0.5986111111111111 0.03129890453834116 0.05925925925925926
1 0.98226395409494 0.6625 0.0297339593114241 0.06574074074074074
1 0.8435054773082942 0.6916666666666667 0.022430881585811163 0.06481481481481481
1 0.35941575378195095 0.6518518518518519 0.024517475221700575 0.06666666666666667
1 0.9113197704747 0.7291666666666666 0.023995826812728223 0.06296296296296296
1 0.6533646322378717 0.6282407407407408 0.022430881585811163 0.04351851851851852
1 0.387584767866458 0.7263888888888889 0.02556077203964528 0.05555555555555555
1 0.28664580073030776 0.6643518518518519 0.025039123630672927 0.06944444444444445
1 0.5365153886280647 0.6837962962962963 0.017214397496087636 0.06388888888888888
1 0.3080333854981742 0.7837962962962963 0.020865936358894107 0.06296296296296296
1 0.7978612415232134 0.6351851851851852 0.03547209181011998 0.06481481481481481
0 0.968961919666145 0.5365740740740741 0.05581637976004173 0.05
1 0.5985915492957746 0.6666666666666666 0.023474178403755867 0.05462962962962963
1 0.8322900365153886 0.7546296296296297 0.023474178403755867 0.058333333333333334
1 0.5928534167970788 0.08055555555555556 0.02034428794992175 0.06666666666666667
1 0.5117370892018779 0.7527777777777778 0.016692749087115284 0.058333333333333334
1 0.7801251956181534 0.7717592592592593 0.026604068857589983 0.062037037037037036
1 0.5555555555555556 0.7152777777777778 0.02034428794992175 0.06666666666666667
1 0.26917057902973396 0.7861111111111111 0.024517475221700575 0.06481481481481481
1 0.6776212832550861 0.7064814814814815 0.02034428794992175 0.05555555555555555
1 0.3455920709441836 0.8152777777777778 0.02138758476786646 0.08518518518518518
1 0.029212310902451747 0.8263888888888888 0.024517475221700575 0.062037037037037036
0 0.4637454355764215 0.5222222222222223 0.051643192488262914 0.049074074074074076
1 0.40714658320292124 0.033796296296296297 0.022430881585811163 0.05555555555555555
1 0.44340114762649974 0.7430555555555556 0.022952529994783515 0.06481481481481481
1 0.12832550860719874 0.7013888888888888 0.026604068857589983 0.06666666666666667
1 0.4175795513823683 0.9194444444444444 0.014606155451225874 0.06296296296296296
1 0.06651017214397496 0.7203703703703703 0.03495044340114763 0.05925925925925926
1 0.8667188315075639 0.7407407407407407 0.01773604590505999 0.053703703703703705
1 0.14501825769431403 0.6087962962962963 0.02138758476786646 0.05925925925925926
1 0.035211267605633804 0.6208333333333333 0.02034428794992175 0.04351851851851852
1 0.17736045905059988 0.8310185185185185 0.02034428794992175 0.06666666666666667
1 0.46870109546165883 0.6523148148148148 0.015127803860198226 0.06759259259259259
1 0.1332811684924361 0.8439814814814814 0.02138758476786646 0.0787037037037037
1 0.41366718831507565 0.7972222222222223 0.019300991131977047 0.06759259259259259
1 0.15127803860198227 0.7824074074074074 0.020865936358894107 0.06759259259259259
1 0.6460615545122588 0.7657407407407407 0.015127803860198226 0.05
1 0.2245696400625978 0.8574074074074074 0.023474178403755867 0.06018518518518518
1 0.6990088680229525 0.7189814814814814 0.02190923317683881 0.05740740740740741
1 0.08502869066249348 0.8560185185185185 0.02138758476786646 0.06481481481481481
0 0.8878455920709442 0.37592592592592594 0.0594679186228482 0.06759259259259259
1 0.809076682316119 0.13194444444444445 0.03390714658320292 0.0787037037037037
1 0.9368805425143454 0.775 0.018779342723004695 0.049074074074074076
1 0.6604068857589984 0.11435185185185186 0.02764736567553469 0.06296296296296296
1 0.03234220135628586 0.09074074074074075 0.028690662493479395 0.058333333333333334
1 0.41497130933750653 0.13194444444444445 0.028690662493479395 0.06018518518518518