0 0.3145833333333333 0.4652777777777778 0.036458333333333336 0.06018518518518518
0 0.28072916666666664 0.36527777777777776 0.050520833333333334 0.044444444444444446
0 0.2171875 0.45555555555555555 0.04739583333333333 0.04351851851851852
0 0.36223958333333334 0.6217592592592592 0.04583333333333333 0.046296296296296294
0 0.13046875 0.47314814814814815 0.053125 0.04537037037037037
0 0.12057291666666667 0.225 0.05364583333333333 0.04722222222222222
0 0.37786458333333334 0.5430555555555555 0.0390625 0.06574074074074074
0 0.06145833333333333 0.7092592592592593 0.044270833333333336 0.03981481481481482
0 0.39557291666666666 0.6578703703703703 0.041666666666666664 0.041666666666666664
0 0.23046875 0.575462962962963 0.04791666666666667 0.04722222222222222
0 0.11666666666666667 0.5328703703703703 0.0484375 0.041666666666666664
0 0.28854166666666664 0.687037037037037 0.04479166666666667 0.040740740740740744
0 0.20651041666666667 0.6351851851851852 0.043229166666666666 0.046296296296296294
0 0.17760416666666667 0.32037037037037036 0.0515625 0.04537037037037037
0 0.9533854166666667 0.6921296296296297 0.04739583333333333 0.04537037037037037
0 0.12395833333333334 0.41574074074074074 0.05364583333333333 0.05
0 0.9828125 0.6092592592592593 0.033854166666666664 0.04351851851851852
0 0.0390625 0.5944444444444444 0.04375 0.04259259259259259