0 0.8457016171100679 0.5256574074074074 0.03390714658320292 0.06039814814814815
0 0.8486332811684923 0.5902222222222223 0.05941575378195097 0.04614814814814815
0 0.28173708920187795 0.5646574074074074 0.05349504434011476 0.047314814814814816
1 0.3642566510172144 0.7258611111111111 0.021455399061032866 0.059750000000000004
0 0.9223630672926448 0.6383240740740741 0.06164319248826291 0.04953703703703704
1 0.516113719353156 0.8246666666666667 0.025758998435054775 0.06662962962962962
1 0.439452269170579 0.3653148148148148 0.028215962441314555 0.06321296296296296
1 0.39917057902973396 0.3005277777777778 0.027329160146061553 0.06625
1 0.29003651538862807 0.7531574074074073 0.026458007303077725 0.05633333333333334
0 0.4343244653103808 0.5039814814814815 0.04995826812728221 0.044259259259259255
1 0.6855451225873761 0.3962962962962963 0.027177882107459573 0.06749074074074074
0 0.8237297861241523 0.4732222222222222 0.05459572248304642 0.04614814814814815
1 0.4780281690140845 0.4010648148148148 0.018904538341158062 0.06489814814814815
1 0.8413093375065206 0.9022314814814815 0.0328377673448096 0.07399074074074073
1 0.5014658320292122 0.3577314814814815 0.02752738654147105 0.05996296296296297
0 0.10247782994261867 0.5260833333333333 0.057584767866458005 0.04831481481481482
0 0.3718257694314032 0.5672592592592592 0.04830985915492958 0.04766666666666666
0 0.6279290558163798 0.537787037037037 0.04769953051643192 0.04850925925925926
1 0.8735367762128325 0.2431111111111111 0.02232133541992697 0.06776851851851852
0 0.2235002608242045 0.47451851851851856 0.04225873761085029 0.05612037037037037
1 0.6889671361502347 0.2526388888888889 0.018768909754825248 0.06673148148148147
1 0.8300782472613458 0.37875000000000003 0.02561815336463224 0.07399074074074073
1 0.6816431924882629 0.9013703703703704 0.023865414710485134 0.07843518518518518
0 0.4567866458007303 0.6942222222222222 0.05941575378195097 0.06549074074074074
1 0.6406259780907668 0.35100925925925924 0.025466875326030255 0.07117592592592593
1 0.6738288993218571 0.18710185185185185 0.020490349504434013 0.05687962962962963
1 0.7851538862806469 0.1551388888888889 0.021241523213354197 0.05709259259259259
1 0.7104486176317163 0.1794074074074074 0.026259780907668232 0.06381481481481481
1 0.33740219092331764 0.43573148148148144 0.02484089723526343 0.07047222222222223
1 0.08990610328638497 0.39023148148148146 0.03994783515910277 0.06814814814814814
1 0.6586906624934794 0.42685185185185187 0.024611371935315596 0.07166666666666667
1 0.4265153886280647 0.8779629629629631 0.033719353155972874 0.05173148148148148
1 0.13232655190401668 0.30898148148148147 0.03302034428794992 0.05817592592592592
1 0.22106937923839334 0.9074351851851852 0.03271257172665623 0.06625
0 0.6386697965571204 0.596287037037037 0.04153364632237872 0.049805555555555554
1 0.6762702138758477 0.7960648148148148 0.0304434011476265 0.0870462962962963
1 0.8041992696922274 0.3130925925925926 0.021455399061032866 0.06998148148148148
1 0.3579081898800209 0.3133148148148148 0.019269692227438705 0.06711111111111112
1 0.29101721439749606 0.33996296296296297 0.021116327595200834 0.06007407407407407
1 0.04025039123630673 0.2972777777777778 0.037809076682316124 0.06332407407407407
1 0.2519509650495566 0.8381018518518518 0.036776212832550864 0.05333333333333334
1 0.013479394887845593 0.6833888888888888 0.02665623369848722 0.0745925925925926
1 0.793943661971831 0.2448425925925926 0.026504955659885237 0.06121296296296296
1 0.649415753781951 0.11819444444444445 0.01322378716744914 0.06489814814814815
1 0.4079603547209181 0.6920555555555555 0.034303599374021915 0.05162037037037037
1 0.8881846635367763 0.41644444444444445 0.035399061032863846 0.07144444444444444
1 0.8276369327073552 0.8220648148148149 0.02414188836724048 0.05942592592592593
1 0.983886280646844 0.7566296296296297 0.031079812206572768 0.07426851851851851
1 0.019426186750130414 0.9429722222222222 0.034178403755868544 0.05806481481481481
1 0.25268648930620763 0.2543796296296296 0.017850808555033907 0.04869444444444445
1 0.2734376630151278 0.22621296296296298 0.021011997913406365 0.04607407407407407
1 0.19580073030777256 0.2485277777777778 0.013688054251434533 0.04962037037037037
1 0.9780281690140845 0.890962962962963 0.03790297339593114 0.06121296296296296
1 0.7836932707355242 0.3976018518518519 0.02508607198748044 0.06283333333333334
1 0.012968179447052686 0.7652962962962963 0.02561815336463224 0.051055555555555555
1 0.19286906624934794 0.16802777777777778 0.020292123109024517 0.04614814814814815
1 0.1685811163275952 0.19132407407407406 0.016218049034950444 0.05162037037037037
1 0.2456077203964528 0.731925925925926 0.02774126238914971 0.049046296296296296
1 0.9160146061554513 0.34602777777777777 0.03366197183098592 0.04988888888888889
1 0.01173187271778821 0.25762962962962965 0.023239436619718307 0.06549074074074074
1 0.826661450182577 0.04198148148148149 0.015425143453312468 0.04687962962962963
1 0.7294940010432969 0.3133148148148148 0.027845592070944183 0.052925925925925925
1 0.5864267083985394 0.27171296296296293 0.024564423578508087 0.05612037037037037
1 0.7431664058424622 0.22144444444444444 0.019713093375065206 0.043444444444444445
1 0.9482420448617631 0.07372222222222223 0.01743870631194575 0.07210185185185186
1 0.6401356285863329 0.2712777777777778 0.029311424100156493 0.03837962962962963
1 0.9917005738132498 0.32587962962962963 0.014668753260302557 0.07047222222222223