1 0.49113197704747 0.10648148148148148 0.03495044340114763 0.06111111111111111
1 0.01617110067814293 0.8041666666666667 0.028169014084507043 0.09074074074074075
1 0.38028169014084506 0.1865740740740741 0.03442879499217527 0.06111111111111111
0 0.11632759520083463 0.39166666666666666 0.05894627021387585 0.046296296296296294
0 0.5409494001043297 0.4111111111111111 0.04903495044340115 0.04537037037037037
1 0.6426708398539385 0.3875 0.03390714658320292 0.053703703703703705
1 0.44340114762649974 0.2777777777777778 0.022430881585811163 0.062037037037037036
1 0.6538862806468441 0.31851851851851853 0.03234220135628586 0.05277777777777778
0 0.3304642670839854 0.4587962962962963 0.047991653625456446 0.04722222222222222
0 0.12415232133541992 0.45416666666666666 0.057902973395931145 0.041666666666666664
0 0.5140845070422535 0.48518518518518516 0.04590505998956703 0.05185185185185185
1 0.7809076682316118 0.17222222222222222 0.036515388628064686 0.062037037037037036
0 0.8069900886802295 0.5263888888888889 0.030777256129368807 0.05092592592592592
0 0.38028169014084506 0.43194444444444446 0.04538341158059468 0.05277777777777778
0 0.8268127282211789 0.5763888888888888 0.03755868544600939 0.05185185185185185
1 0.8951486697965572 0.4217592592592593 0.03390714658320292 0.06018518518518518
1 0.7438706311945749 0.040740740740740744 0.029212310902451747 0.058333333333333334
1 0.730829420970266 0.425462962962963 0.028690662493479395 0.06111111111111111
1 0.046948356807511735 0.6944444444444444 0.027125717266562335 0.06759259259259259
1 0.6828377673448096 0.3699074074074074 0.022952529994783515 0.06296296296296296
1 0.7756911841418883 0.7129629629629629 0.0297339593114241 0.06574074074074074
1 0.5114762649973917 0.3189814814814815 0.02608242044861763 0.05648148148148148
1 0.9183620239958268 0.6648148148148149 0.03182055294731351 0.06759259259259259
1 0.6559728742827334 0.7648148148148148 0.018257694314032343 0.06388888888888888
0 0.3779342723004695 0.5009259259259259 0.04903495044340115 0.03981481481481482
1 0.11528429838288994 0.8226851851851852 0.030777256129368807 0.0712962962962963
1 0.7237871674491393 0.09537037037037037 0.03182055294731351 0.05740740740740741
1 0.2519561815336463 0.7055555555555556 0.030777256129368807 0.06481481481481481
1 0.22065727699530516 0.21944444444444444 0.027125717266562335 0.05462962962962963
1 0.6854460093896714 0.6949074074074074 0.02190923317683881 0.06481481481481481
1 0.40375586854460094 0.6680555555555555 0.020865936358894107 0.05277777777777778
1 0.21335419926969224 0.8564814814814815 0.029212310902451747 0.062037037037037036
1 0.5978090766823161 0.21574074074074073 0.03182055294731351 0.062037037037037036
1 0.6233698487219614 0.25833333333333336 0.019300991131977047 0.06481481481481481
1 0.24021909233176839 0.1287037037037037 0.03025560772039645 0.053703703703703705
1 0.735263432446531 0.6342592592592593 0.020865936358894107 0.05648148148148148
1 0.8847157016171101 0.7976851851851852 0.028169014084507043 0.06481481481481481
1 0.5568596765779864 0.7074074074074074 0.02190923317683881 0.06018518518518518
1 0.8244653103808033 0.7722222222222223 0.024517475221700575 0.06296296296296296
1 0.013562858633281168 0.6995370370370371 0.027125717266562335 0.0824074074074074
1 0.38341158059467917 0.07268518518518519 0.028690662493479395 0.049074074074074076
1 0.21335419926969224 0.6773148148148148 0.02190923317683881 0.06388888888888888
1 0.4371413667188315 0.22916666666666666 0.019300991131977047 0.06018518518518518
1 0.3111632759520083 0.6287037037037037 0.027125717266562335 0.06574074074074074
1 0.22665623369848723 0.09259259259259259 0.028690662493479395 0.053703703703703705
1 0.43661971830985913 0.7287037037037037 0.02034428794992175 0.06944444444444445
1 0.6040688575899843 0.13935185185185187 0.028690662493479395 0.05740740740740741
1 0.9233176838810642 0.725462962962963 0.023995826812728223 0.05555555555555555
1 0.5834637454355764 0.6537037037037037 0.023474178403755867 0.05740740740740741
1 0.12597809076682315 0.6726851851851852 0.02764736567553469 0.06018518518518518
1 0.514866979655712 0.6986111111111111 0.015127803860198226 0.05555555555555555
1 0.4019300991131977 0.7560185185185185 0.018779342723004695 0.05185185185185185
1 0.38367240479916537 0.8027777777777778 0.02138758476786646 0.05277777777777778
1 0.36437141366718834 0.638425925925926 0.02608242044861763 0.046296296296296294
1 0.08398539384454877 0.6087962962962963 0.03286384976525822 0.06574074074074074
1 0.3667188315075639 0.7546296296296297 0.020865936358894107 0.06111111111111111
1 0.8072509128847157 0.7986111111111112 0.02556077203964528 0.058333333333333334
1 0.5388628064684403 0.6481481481481481 0.018257694314032343 0.06666666666666667
1 0.3633281168492436 0.04490740740740741 0.03599374021909233 0.062037037037037036
1 0.4522691705790297 0.6199074074074075 0.029212310902451747 0.03981481481481482
1 0.7749087115284299 0.8212962962962963 0.020865936358894107 0.058333333333333334
1 0.12597809076682315 0.5277777777777778 0.02764736567553469 0.05925925925925926
1 0.967396974439228 0.837037037037037 0.020865936358894107 0.05740740740740741
1 0.3828899321857068 0.5875 0.01773604590505999 0.06111111111111111
1 0.6580594679186228 0.6509259259259259 0.019300991131977047 0.049074074074074076
1 0.9334898278560251 0.7893518518518519 0.02138758476786646 0.062037037037037036
1 0.7039645279081899 0.7560185185185185 0.018779342723004695 0.05277777777777778
1 0.6348461137193532 0.7162037037037037 0.024517475221700575 0.06574074074074074
1 0.5954616588419406 0.6273148148148148 0.017214397496087636 0.06481481481481481
1 0.2537819509650496 0.8287037037037037 0.023474178403755867 0.08518518518518518
1 0.6053729786124152 0.6712962962962963 0.01617110067814293 0.05555555555555555
1 0.33437663015127805 0.6814814814814815 0.0297339593114241 0.058333333333333334
1 0.699791340636411 0.7986111111111112 0.019300991131977047 0.05648148148148148
1 0.15179968701095461 0.6231481481481481 0.02764736567553469 0.06666666666666667
1 0.2777777777777778 0.3263888888888889 0.028690662493479395 0.07407407407407407
1 0.3813249869587898 0.9055555555555556 0.018779342723004695 0.04814814814814815
0 0.8988002086593636 0.7453703703703703 0.03808033385498174 0.03981481481481482
1 0.44835680751173707 0.587037037037037 0.025039123630672927 0.06388888888888888
1 0.26134585289514867 0.7601851851851852 0.028690662493479395 0.06296296296296296
1 0.38471570161711005 0.5300925925925926 0.02190923317683881 0.04537037037037037
1 0.08581116327595201 0.6763888888888889 0.03129890453834116 0.05
1 0.33437663015127805 0.9050925925925926 0.02034428794992175 0.06018518518518518
1 0.9804381846635368 0.6763888888888889 0.029212310902451747 0.044444444444444446
1 0.3868022952529995 0.4810185185185185 0.025039123630672927 0.06574074074074074
1 0.9887845592070944 0.7537037037037037 0.02190923317683881 0.06851851851851852
1 0.01278038601982264 0.3625 0.024517475221700575 0.041666666666666664
1 0.08059467918622848 0.7125 0.028169014084507043 0.03981481481481482
1 0.2889932185706834 0.6916666666666667 0.02138758476786646 0.03425925925925926
1 0.015127803860198226 0.9277777777777778 0.01773604590505999 0.0712962962962963
1 0.3656755346896192 0.6768518518518518 0.03286384976525822 0.04722222222222222
1 0.20109546165884193 0.7435185185185185 0.01773604590505999 0.06574074074074074