1 0.56103515625 0.1499565972222222 0.0167236328125 0.0730251736111111
0 0.640625 0.3439670138888889 0.040313720703125 0.0715603298611111
0 0.69287109375 0.416015625 0.045440673828125 0.06548394097222222
0 0.58837890625 0.2734375 0.041839599609375 0.043511284722222224
0 0.2242431640625 0.318359375 0.044342041015625 0.04014756944444445
1 0.5771484375 0.1449652777777778 0.01332855224609375 0.05995008680555555
0 0.81787109375 0.3680555555555556 0.0287017822265625 0.057291666666666664
0 0.81494140625 0.4769965277777778 0.048675537109375 0.04641384548611111
0 0.21240234375 0.3595920138888889 0.048858642578125 0.04367404513888889
0 0.50048828125 0.4019097222222222 0.04559326171875 0.04367404513888889
0 0.06878662109375 0.4878472222222222 0.05572509765625 0.043999565972222224