1 0.94140625 0.450250244140625 0.0272216796875 0.06527328491210938
1 0.481689453125 0.659124755859375 0.021240234375 0.07426528930664063
0 0.3359375 0.574188232421875 0.03289794921875 0.06272735595703124
1 0.1917724609375 0.64049072265625 0.024993896484375 0.06272735595703124
1 0.97314453125 0.17626495361328126 0.0264129638671875 0.06240234375
0 0.4755859375 0.5546875 0.0460205078125 0.06272735595703124
0 0.1884765625 0.451116943359375 0.03192138671875 0.06548995971679687
1 0.371826171875 0.3087615966796875 0.0215301513671875 0.062023162841796875
1 0.46875 0.3399627685546875 0.026458740234375 0.06142730712890625
1 0.955078125 0.04869766235351562 0.0167236328125 0.07144851684570312
0 0.046722412109375 0.419915771484375 0.055206298828125 0.04536628723144531
1 0.595703125 0.256976318359375 0.0203704833984375 0.06018142700195313
0 0.428466796875 0.511785888671875 0.050994873046875 0.041168212890625
1 0.603515625 0.3529632568359375 0.025421142578125 0.07074432373046875
1 0.09771728515625 0.766162109375 0.027587890625 0.05527915954589844
1 0.92041015625 0.296844482421875 0.0252227783203125 0.0582855224609375
1 0.638671875 0.2086578369140625 0.0235137939453125 0.0639190673828125
1 0.6826171875 0.3137451171875 0.0208892822265625 0.04319953918457031
1 0.0582275390625 0.35101318359375 0.034820556640625 0.0578521728515625
1 0.2381591796875 0.3590301513671875 0.0318603515625 0.06251068115234375
1 0.83740234375 0.673858642578125 0.0272674560546875 0.06332321166992187
0 0.13916015625 0.59022216796875 0.04620361328125 0.038730621337890625
1 0.365966796875 0.386114501953125 0.02886962890625 0.0656524658203125
1 0.248291015625 0.1848236083984375 0.0199432373046875 0.06500244140625
0 0.09185791015625 0.5182861328125 0.04803466796875 0.06467742919921875
1 0.4345703125 0.8337646484375 0.0242767333984375 0.05557708740234375
1 0.1746826171875 0.3070281982421875 0.0202484130859375 0.055062484741210935
1 0.86083984375 0.421649169921875 0.0278472900390625 0.05861053466796875
1 0.2445068359375 0.66649169921875 0.03607177734375 0.05963973999023438
1 0.92138671875 0.349713134765625 0.03662109375 0.07264022827148438
1 0.5361328125 0.397381591796875 0.01837158203125 0.07047348022460938
1 0.74560546875 0.207574462890625 0.0232391357421875 0.062023162841796875
1 0.5986328125 0.4214324951171875 0.0290374755859375 0.055062484741210935
1 0.10931396484375 0.852398681640625 0.03125 0.05633544921875
1 0.1312255859375 0.237908935546875 0.0311431884765625 0.061102294921875
1 0.92919921875 0.1765899658203125 0.0206451416015625 0.06418991088867188
1 0.81689453125 0.3876312255859375 0.03424072265625 0.0695526123046875
1 0.6513671875 0.2996612548828125 0.0273284912109375 0.06489410400390624
1 0.029144287109375 0.3187286376953125 0.024139404296875 0.06917343139648438
1 0.8896484375 0.2634765625 0.023101806640625 0.059423065185546874
1 0.5146484375 0.2012908935546875 0.0207672119140625 0.07556533813476562
1 0.2705078125 0.2324920654296875 0.026611328125 0.07036514282226562
1 0.2252197265625 0.3018280029296875 0.017852783203125 0.05882720947265625
1 0.4755859375 0.272576904296875 0.023284912109375 0.060289764404296876
1 0.77685546875 0.1809234619140625 0.01763916015625 0.059856414794921875
1 0.1580810546875 0.19706573486328124 0.0192413330078125 0.05476455688476563
1 0.7216796875 0.152972412109375 0.0174407958984375 0.06223983764648437
1 0.011066436767578125 0.3588134765625 0.02213287353515625 0.06429824829101563
1 0.0615234375 0.2467926025390625 0.0273284912109375 0.052922821044921874
1 0.9443359375 0.2402923583984375 0.02801513671875 0.04877891540527344
1 0.64208984375 0.11841278076171875 0.01507568359375 0.07155685424804688
1 0.1395263671875 0.816864013671875 0.0269622802734375 0.049049758911132814
1 0.798828125 0.3130950927734375 0.0221099853515625 0.04401206970214844
1 0.54736328125 0.270843505859375 0.0196380615234375 0.070635986328125
1 0.82177734375 0.2931610107421875 0.0251312255859375 0.0457183837890625
1 0.771484375 0.2502593994140625 0.0248870849609375 0.06727752685546876
1 0.96484375 0.66129150390625 0.0279083251953125 0.06121063232421875
1 0.572265625 0.2080078125 0.0171051025390625 0.06223983764648437
1 0.98583984375 0.26781005859375 0.025665283203125 0.0569854736328125
1 0.6015625 0.21678314208984376 0.0164031982421875 0.04669342041015625
1 0.96337890625 0.86236572265625 0.0364990234375 0.06321487426757813
1 0.424072265625 0.2444091796875 0.01512908935546875 0.041411972045898436
1 0.86767578125 0.2320587158203125 0.0244293212890625 0.06251068115234375
1 0.8359375 0.13032989501953124 0.020965576171875 0.07209854125976563
1 0.87841796875 0.14993896484375 0.0210113525390625 0.05953140258789062
1 0.69189453125 0.162506103515625 0.0160980224609375 0.061102294921875
1 0.6982421875 0.870166015625 0.0310211181640625 0.05579376220703125
1 0.012481689453125 0.20443267822265626 0.0244293212890625 0.05752716064453125
1 0.826171875 0.20941619873046874 0.01812744140625 0.04292869567871094
1 0.43798828125 0.2593597412109375 0.017303466796875 0.046883010864257814
1 0.018157958984375 0.741461181640625 0.03521728515625 0.06841506958007812
1 0.27490234375 0.83203125 0.02288818359375 0.058502197265625