0 0.261867501304121 0.4388888888888889 0.05529473135106938 0.041666666666666664
0 0.3335941575378195 0.47638888888888886 0.05268648930620762 0.044444444444444446
1 0.4736567553468962 0.27685185185185185 0.03599374021909233 0.06018518518518518
1 0.730829420970266 0.6712962962962963 0.03338549817423057 0.08055555555555556
1 0.5273865414710485 0.5666666666666667 0.03234220135628586 0.06111111111111111
0 0.5203442879499217 0.4703703703703704 0.03808033385498174 0.05555555555555555
0 0.7206572769953051 0.4615740740740741 0.046948356807511735 0.06111111111111111
1 0.9540949400104329 0.7199074074074074 0.024517475221700575 0.05555555555555555
1 0.41001564945226915 0.6564814814814814 0.03129890453834116 0.0712962962962963
0 0.2644757433489828 0.5106481481481482 0.05268648930620762 0.046296296296296294
1 0.03495044340114763 0.7379629629629629 0.028690662493479395 0.06481481481481481
1 0.046948356807511735 0.6407407407407407 0.037037037037037035 0.062037037037037036
1 0.24517475221700574 0.5671296296296297 0.03234220135628586 0.05740740740740741
1 0.7003129890453834 0.6782407407407407 0.027125717266562335 0.06296296296296296
1 0.5565988523735003 0.7458333333333333 0.02556077203964528 0.06481481481481481
0 0.9188836724047992 0.6347222222222222 0.05529473135106938 0.04537037037037037
1 0.5370370370370371 0.711574074074074 0.023474178403755867 0.06666666666666667
1 0.6074595722483046 0.7092592592592593 0.022430881585811163 0.062037037037037036
1 0.23500260824204486 0.6689814814814815 0.022952529994783515 0.06574074074074074
1 0.3568075117370892 0.13333333333333333 0.025039123630672927 0.05925925925925926
1 0.5912884715701617 0.6106481481481482 0.023474178403755867 0.06111111111111111
1 0.1697965571205008 0.18425925925925926 0.03234220135628586 0.05740740740740741
1 0.1497130933750652 0.16018518518518518 0.03547209181011998 0.05092592592592592
1 0.07433489827856025 0.6995370370370371 0.024517475221700575 0.062037037037037036
1 0.949660928534168 0.7513888888888889 0.028169014084507043 0.058333333333333334
1 0.8873239436619719 0.5962962962962963 0.03025560772039645 0.07407407407407407
1 0.8779342723004695 0.8208333333333333 0.027125717266562335 0.06574074074074074
1 0.9692227438706312 0.8444444444444444 0.022430881585811163 0.06296296296296296
1 0.6288471570161711 0.8865740740740741 0.017214397496087636 0.0712962962962963
1 0.09233176838810642 0.0699074074074074 0.05112154407929056 0.05555555555555555
1 0.559207094418362 0.8032407407407407 0.022952529994783515 0.06296296296296296
1 0.8114241001564946 0.7555555555555555 0.028690662493479395 0.06944444444444445
1 0.6617110067814294 0.8157407407407408 0.019300991131977047 0.06388888888888888
1 0.8403755868544601 0.8472222222222222 0.02190923317683881 0.07037037037037037
1 0.16223265519040167 0.21805555555555556 0.027125717266562335 0.044444444444444446
1 0.9121022430881586 0.7777777777777778 0.025039123630672927 0.05740740740740741
1 0.8907146583202922 0.7189814814814814 0.03442879499217527 0.06481481481481481
1 0.35002608242044864 0.7333333333333333 0.018257694314032343 0.05092592592592592
1 0.8951486697965572 0.6768518518518518 0.028690662493479395 0.07222222222222222
1 0.795774647887324 0.8217592592592593 0.02556077203964528 0.08425925925925926
1 0.6661450182576943 0.6935185185185185 0.019300991131977047 0.06666666666666667
1 0.1111111111111111 0.7287037037037037 0.02608242044861763 0.06388888888888888
1 0.9293166405842462 0.6574074074074074 0.03338549817423057 0.04537037037037037
1 0.11684924360980699 0.7564814814814815 0.0297339593114241 0.06759259259259259
1 0.4877412623891497 0.7125 0.026604068857589983 0.062037037037037036
1 0.18231611893583724 0.7273148148148149 0.025039123630672927 0.062037037037037036
1 0.9327073552425665 0.6930555555555555 0.025039123630672927 0.053703703703703705
0 0.4593114241001565 0.3814814814814815 0.044861763171622326 0.06111111111111111
1 0.760302556077204 0.08564814814814815 0.025039123630672927 0.06018518518518518
1 0.9606155451225874 0.14212962962962963 0.03808033385498174 0.07685185185185185