0 0.8395833333333333 0.6467592592592593 0.04895833333333333 0.041666666666666664
0 0.65546875 0.6689814814814815 0.0484375 0.03888888888888889
0 0.5635416666666667 0.4546296296296296 0.052083333333333336 0.06018518518518518
0 0.34140625 0.6083333333333333 0.03697916666666667 0.05092592592592592
0 0.9213541666666667 0.5972222222222222 0.051041666666666666 0.03796296296296296
0 0.7153645833333333 0.5689814814814815 0.04895833333333333 0.04537037037037037
0 0.5690104166666666 0.5314814814814814 0.05 0.049074074074074076
0 0.28359375 0.40925925925925927 0.05260416666666667 0.041666666666666664
0 0.69921875 0.3888888888888889 0.0421875 0.05092592592592592
0 0.146875 0.43796296296296294 0.040625 0.05462962962962963
0 0.28515625 0.6527777777777778 0.026041666666666668 0.05740740740740741
0 0.14895833333333333 0.5643518518518519 0.0265625 0.049074074074074076
0 0.05026041666666667 0.36574074074074076 0.04895833333333333 0.06111111111111111
0 0.29635416666666664 0.5162037037037037 0.04791666666666667 0.05925925925925926