1 0.4076682316118936 0.6782407407407407 0.03286384976525822 0.05277777777777778
0 0.3257694314032342 0.5541666666666667 0.02764736567553469 0.05740740740740741
1 0.486697965571205 0.6925925925925925 0.03182055294731351 0.05
1 0.3868022952529995 0.7828703703703703 0.02190923317683881 0.05277777777777778
1 0.2357850808555034 0.9041666666666667 0.03599374021909233 0.06296296296296296
1 0.23839332290036516 0.737037037037037 0.030777256129368807 0.06574074074074074
1 0.599113197704747 0.8435185185185186 0.03547209181011998 0.06018518518518518
0 0.37167449139280123 0.5976851851851852 0.026604068857589983 0.053703703703703705
0 0.6152842983828899 0.5462962962962963 0.054773082942097026 0.046296296296296294
1 0.15336463223787167 0.850925925925926 0.03912363067292645 0.06111111111111111
1 0.24413145539906103 0.47175925925925927 0.03129890453834116 0.06759259259259259
1 0.4384454877412624 0.6472222222222223 0.02608242044861763 0.06574074074074074
1 0.14267083985393844 0.5527777777777778 0.028690662493479395 0.06111111111111111
0 0.7477829942618675 0.5060185185185185 0.05112154407929056 0.040740740740740744
0 0.2167449139280125 0.5856481481481481 0.05738132498695879 0.04537037037037037
1 0.012258737610850287 0.899537037037037 0.023474178403755867 0.05925925925925926
1 0.30359937402190923 0.7069444444444445 0.02764736567553469 0.05648148148148148
1 0.012258737610850287 0.2740740740740741 0.024517475221700575 0.06296296296296296
1 0.24413145539906103 0.7930555555555555 0.03547209181011998 0.058333333333333334
1 0.5365153886280647 0.2763888888888889 0.02764736567553469 0.05740740740740741
1 0.8928012519561815 0.6314814814814815 0.03442879499217527 0.06574074074074074
1 0.6797078768909754 0.3509259259259259 0.03338549817423057 0.06666666666666667
1 0.48200312989045385 0.2638888888888889 0.024517475221700575 0.06481481481481481
0 0.46635367762128327 0.5555555555555556 0.0505998956703182 0.04722222222222222
0 0.016692749087115284 0.6180555555555556 0.03338549817423057 0.04537037037037037
0 0.04773082942097027 0.5824074074074074 0.057902973395931145 0.04537037037037037
1 0.5057381324986959 0.5925925925925926 0.020865936358894107 0.05185185185185185
1 0.5915492957746479 0.3023148148148148 0.024517475221700575 0.07314814814814814
0 0.7005738132498696 0.44212962962962965 0.04434011476264997 0.049074074074074076
1 0.7939488784559207 0.17962962962962964 0.023474178403755867 0.06944444444444445
1 0.900886802295253 0.22083333333333333 0.02034428794992175 0.04722222222222222
1 0.2334376630151278 0.21342592592592594 0.0297339593114241 0.06296296296296296
1 0.770735524256651 0.35648148148148145 0.019300991131977047 0.03888888888888889
1 0.7545644235785081 0.2222222222222222 0.025039123630672927 0.062037037037037036
1 0.3797600417318727 0.8245370370370371 0.023474178403755867 0.05462962962962963
1 0.8635889410537297 0.3523148148148148 0.026604068857589983 0.05092592592592592
1 0.1562336984872196 0.25833333333333336 0.029212310902451747 0.06018518518518518
1 0.05529473135106938 0.3875 0.03599374021909233 0.06666666666666667
1 0.5054773082942097 0.6398148148148148 0.0297339593114241 0.06111111111111111
1 0.012519561815336464 0.9439814814814815 0.025039123630672927 0.06388888888888888
1 0.5425143453312468 0.4060185185185185 0.020865936358894107 0.058333333333333334
1 0.7874282733437663 0.2726851851851852 0.029212310902451747 0.06296296296296296
1 0.8322900365153886 0.2212962962962963 0.028690662493479395 0.058333333333333334
0 0.2423056859676578 0.6342592592592593 0.04277516953573292 0.05740740740740741
1 0.7368283776734481 0.2902777777777778 0.022430881585811163 0.07962962962962963
1 0.3729786124152321 0.4078703703703704 0.030777256129368807 0.07407407407407407
1 0.4444444444444444 0.38657407407407407 0.025039123630672927 0.049074074074074076
1 0.31194574856546686 0.25833333333333336 0.018779342723004695 0.05092592592592592
1 0.27386541471048514 0.25092592592592594 0.024517475221700575 0.04259259259259259
1 0.1343244653103808 0.40879629629629627 0.026604068857589983 0.04537037037037037
1 0.45748565466875324 0.7768518518518519 0.02034428794992175 0.06111111111111111
1 0.05033907146583203 0.26342592592592595 0.026604068857589983 0.06388888888888888
1 0.017214397496087636 0.17962962962962964 0.02764736567553469 0.06574074074074074
1 0.3158581116327595 0.3925925925925926 0.026604068857589983 0.06759259259259259
1 0.9243609806990088 0.22777777777777777 0.028169014084507043 0.06944444444444445
1 0.7123109024517476 0.6296296296296297 0.03129890453834116 0.05277777777777778
1 0.6870109546165885 0.23287037037037037 0.0198226395409494 0.07407407407407407
1 0.1507563901930099 0.950925925925926 0.0406885758998435 0.05555555555555555
1 0.4110589462702139 0.3337962962962963 0.02190923317683881 0.07222222222222222
1 0.09181011997913406 0.9722222222222222 0.0396452790818988 0.05277777777777778
1 0.0639019300991132 0.2013888888888889 0.03025560772039645 0.09259259259259259
1 0.6549295774647887 0.30462962962962964 0.023995826812728223 0.06018518518518518
1 0.1484089723526343 0.5152777777777777 0.019300991131977047 0.027777777777777776
1 0.3813249869587898 0.8592592592592593 0.02764736567553469 0.05277777777777778
1 0.3974960876369327 0.712037037037037 0.02556077203964528 0.03425925925925926
1 0.11032863849765258 0.36018518518518516 0.020865936358894107 0.06574074074074074
1 0.7091810119979134 0.5981481481481481 0.020865936358894107 0.049074074074074076
1 0.37845592070944184 0.3685185185185185 0.01773604590505999 0.05740740740740741
1 0.5516431924882629 0.3699074074074074 0.0297339593114241 0.03611111111111111
1 0.47861241523213355 0.7199074074074074 0.02608242044861763 0.04722222222222222
1 0.3954094940010433 0.24953703703703703 0.02190923317683881 0.04351851851851852
1 0.9329681794470527 0.325 0.023995826812728223 0.05555555555555555
1 0.16692749087115286 0.449537037037037 0.028690662493479395 0.08055555555555556
1 0.8688054251434533 0.2824074074074074 0.028169014084507043 0.05555555555555555
1 0.7467396974439228 0.16620370370370371 0.022952529994783515 0.037037037037037035
1 0.3393322900365154 0.3189814814814815 0.02034428794992175 0.06388888888888888
1 0.38967136150234744 0.07453703703703704 0.013562858633281168 0.037037037037037035
1 0.26264997391757955 0.1537037037037037 0.018257694314032343 0.06296296296296296
1 0.8244653103808033 0.9768518518518519 0.0297339593114241 0.03796296296296296
1 0.056598852373500264 0.6902777777777778 0.03442879499217527 0.05648148148148148
1 0.9856546687532604 0.7111111111111111 0.028690662493479395 0.05
1 0.3763693270735524 0.3101851851851852 0.022952529994783515 0.05555555555555555
1 0.15910276473656756 0.1476851851851852 0.028169014084507043 0.06574074074074074
1 0.16953573291601462 0.37453703703703706 0.03182055294731351 0.05185185185185185
1 0.24178403755868544 0.30833333333333335 0.02608242044861763 0.0824074074074074
1 0.15179968701095461 0.48333333333333334 0.03286384976525822 0.041666666666666664
1 0.20448617631716223 0.1962962962962963 0.017214397496087636 0.06944444444444445
1 0.24700052164840897 0.4351851851851852 0.03182055294731351 0.03425925925925926
1 0.8808033385498174 0.324537037037037 0.030777256129368807 0.03888888888888889
1 0.9707876890975482 0.7476851851851852 0.020865936358894107 0.046296296296296294
1 0.5143453312467396 0.975925925925926 0.023474178403755867 0.044444444444444446
0 0.7175273865414711 0.27546296296296297 0.03442879499217527 0.03611111111111111
1 0.3148148148148148 0.21666666666666667 0.028169014084507043 0.03888888888888889
1 0.5059989567031821 0.9222222222222223 0.02190923317683881 0.06111111111111111
1 0.7649973917579551 0.14027777777777778 0.022952529994783515 0.046296296296296294
1 0.20605112154407929 0.13564814814814816 0.017214397496087636 0.05185185185185185
1 0.3857589984350548 0.11851851851851852 0.02190923317683881 0.05185185185185185
1 0.6335419926969222 0.23425925925925925 0.014084507042253521 0.03796296296296296
1 0.1596244131455399 0.3 0.02034428794992175 0.04814814814814815
1 0.08946270213875848 0.33796296296296297 0.018257694314032343 0.03518518518518519
1 0.47548252477829944 0.06898148148148148 0.01617110067814293 0.05555555555555555
1 0.9739175795513824 0.24861111111111112 0.02556077203964528 0.06944444444444445
1 0.0649452269170579 0.36666666666666664 0.028169014084507043 0.06851851851851852