0 0.23385416666666667 0.37083333333333335 0.04739583333333333 0.03796296296296296
0 0.17395833333333333 0.5805555555555556 0.05364583333333333 0.03981481481481482
0 0.6703125 0.3875 0.04479166666666667 0.04259259259259259
0 0.8729166666666667 0.36712962962962964 0.049479166666666664 0.040740740740740744
0 0.4588541666666667 0.6712962962962963 0.050520833333333334 0.03888888888888889
0 0.153125 0.30694444444444446 0.046875 0.03888888888888889
0 0.5145833333333333 0.4652777777777778 0.0484375 0.03981481481481482
0 0.6244791666666667 0.6407407407407407 0.05260416666666667 0.046296296296296294
0 0.80703125 0.47638888888888886 0.0453125 0.04259259259259259
0 0.4203125 0.36157407407407405 0.044270833333333336 0.04259259259259259
0 0.5184895833333333 0.3574074074074074 0.046875 0.04259259259259259
0 0.44765625 0.47962962962962963 0.04635416666666667 0.040740740740740744
0 0.6072916666666667 0.4675925925925926 0.04635416666666667 0.03981481481481482
0 0.09036458333333333 0.47824074074074074 0.04739583333333333 0.05
0 0.5135416666666667 0.3055555555555556 0.042708333333333334 0.03888888888888889
0 0.48828125 0.5550925925925926 0.0484375 0.04351851851851852
0 0.77890625 0.8013888888888889 0.05 0.04351851851851852
0 0.15234375 0.4486111111111111 0.04895833333333333 0.04259259259259259
0 0.4161458333333333 0.40694444444444444 0.04583333333333333 0.044444444444444446
0 0.9614583333333333 0.5351851851851852 0.052083333333333336 0.044444444444444446
0 0.8817708333333333 0.6611111111111111 0.058854166666666666 0.08611111111111111