1 0.321044921875 0.69942626953125 0.0247955322265625 0.06359405517578125
1 0.199951171875 0.514385986328125 0.0227203369140625 0.08526153564453125
0 0.7265625 0.507452392578125 0.05224609375 0.050566482543945315
0 0.3994140625 0.59022216796875 0.047698974609375 0.07220687866210937
0 0.73681640625 0.570721435546875 0.055511474609375 0.04496002197265625
0 0.86279296875 0.589788818359375 0.057281494140625 0.0448516845703125
1 0.63037109375 0.377880859375 0.024993896484375 0.065869140625
0 0.58349609375 0.4801513671875 0.04248046875 0.044607925415039065
1 0.50341796875 0.2355255126953125 0.023468017578125 0.06689834594726562
1 0.0087432861328125 0.159906005859375 0.017242431640625 0.07090682983398437
1 0.50732421875 0.37874755859375 0.0247039794921875 0.06402740478515626
0 0.96337890625 0.535186767578125 0.055206298828125 0.04496002197265625
1 0.450927734375 0.3724639892578125 0.0180206298828125 0.06711502075195312
1 0.873046875 0.427716064453125 0.0310821533203125 0.07144851684570312
1 0.64501953125 0.2979278564453125 0.0203704833984375 0.061914825439453126
1 0.075439453125 0.20053253173828126 0.0282745361328125 0.06359405517578125
1 0.525390625 0.8875 0.0217437744140625 0.0587188720703125
1 0.60498046875 0.3191619873046875 0.02655029296875 0.06310653686523438
1 0.623046875 0.22880859375 0.0161590576171875 0.06121063232421875
1 0.075439453125 0.332379150390625 0.03656005859375 0.0647857666015625
0 0.47314453125 0.523052978515625 0.0517578125 0.04712677001953125
1 0.76318359375 0.96463623046875 0.0276947021484375 0.0556854248046875
1 0.966796875 0.42034912109375 0.027435302734375 0.07209854125976563
1 0.73291015625 0.766595458984375 0.0217742919921875 0.050756072998046874
1 0.67626953125 0.653924560546875 0.0293731689453125 0.05806884765625
1 0.65771484375 0.42208251953125 0.019500732421875 0.07334442138671875
1 0.76416015625 0.2617431640625 0.02685546875 0.06429824829101563
1 0.371337890625 0.29554443359375 0.0254669189453125 0.061589813232421874
1 0.89892578125 0.18807373046875 0.03515625 0.074969482421875
1 0.394287109375 0.3343292236328125 0.023468017578125 0.0582855224609375
1 0.4912109375 0.9135009765625 0.019378662109375 0.051731109619140625
1 0.27587890625 0.8649658203125 0.04083251953125 0.0572021484375
1 0.5244140625 0.831597900390625 0.024993896484375 0.06018142700195313
1 0.331787109375 0.843731689453125 0.03179931640625 0.062835693359375
1 0.4228515625 0.2983612060546875 0.0248870849609375 0.050756072998046874
1 0.93896484375 0.15568084716796876 0.027587890625 0.06689834594726562
1 0.78369140625 0.13314666748046874 0.0192413330078125 0.07020263671875
1 0.05889892578125 0.2311920166015625 0.03277587890625 0.06272735595703124
1 0.96142578125 0.33367919921875 0.0280609130859375 0.07415695190429687
1 0.277099609375 0.20616607666015624 0.0303802490234375 0.07962799072265625
1 0.701171875 0.09149093627929687 0.01763916015625 0.06272735595703124
1 0.9609375 0.18449859619140624 0.0300445556640625 0.06944427490234376
1 0.7861328125 0.19988250732421875 0.021697998046875 0.06429824829101563
1 0.55029296875 0.329779052734375 0.0177764892578125 0.05752716064453125
1 0.55126953125 0.2381256103515625 0.01422882080078125 0.06776504516601563
1 0.67529296875 0.3412628173828125 0.0271148681640625 0.0582855224609375
1 0.348876953125 0.260009765625 0.02423095703125 0.0556854248046875
1 0.053497314453125 0.543853759765625 0.03289794921875 0.06121063232421875
1 0.1864013671875 0.9169677734375 0.03582763671875 0.06321487426757813
1 0.6259765625 0.2836273193359375 0.02044677734375 0.057635498046875
1 0.61181640625 0.140838623046875 0.01358795166015625 0.06142730712890625
1 0.94921875 0.31201171875 0.0227203369140625 0.06971511840820313
1 0.092529296875 0.275177001953125 0.0345458984375 0.061102294921875
1 0.666015625 0.2285919189453125 0.0279083251953125 0.06240234375
1 0.802734375 0.4344329833984375 0.033660888671875 0.075836181640625
1 0.62353515625 0.623590087890625 0.0163421630859375 0.04812889099121094
1 0.55322265625 0.78349609375 0.0204925537109375 0.0535186767578125
1 0.4658203125 0.3399627685546875 0.01898193359375 0.06169815063476562
1 0.30419921875 0.315911865234375 0.0197601318359375 0.0665191650390625
1 0.68310546875 0.86409912109375 0.0196075439453125 0.05213737487792969
1 0.59423828125 0.19879913330078125 0.01512908935546875 0.05232696533203125
1 0.728515625 0.1462554931640625 0.0199127197265625 0.06489410400390624
1 0.147705078125 0.35621337890625 0.03167724609375 0.065869140625
1 0.31005859375 0.2805938720703125 0.026458740234375 0.06776504516601563
1 0.33544921875 0.77916259765625 0.0233306884765625 0.04886016845703125
1 0.93017578125 0.28427734375 0.0188751220703125 0.060398101806640625
1 0.919921875 0.783062744140625 0.0228424072265625 0.0496185302734375
0 0.517578125 0.21374969482421874 0.042083740234375 0.04276618957519531
1 0.990234375 0.45675048828125 0.0188751220703125 0.05731048583984375
1 0.368408203125 0.207574462890625 0.020843505859375 0.04227867126464844
1 0.1536865234375 0.27821044921875 0.0305023193359375 0.0673858642578125
1 0.9140625 0.92216796875 0.0247039794921875 0.04980812072753906
1 0.9365234375 0.4170989990234375 0.036712646484375 0.06576080322265625
1 0.299560546875 0.967236328125 0.03338623046875 0.04436416625976562
1 0.2039794921875 0.3518798828125 0.0252227783203125 0.057635498046875
1 0.9892578125 0.23314208984375 0.0202484130859375 0.05963973999023438
1 0.341064453125 0.8164306640625 0.03753662109375 0.05476455688476563
1 0.29248046875 0.3767974853515625 0.01678466796875 0.044770431518554685
1 0.335693359375 0.6569580078125 0.029541015625 0.05557708740234375
1 0.9267578125 0.125238037109375 0.0182952880859375 0.0582855224609375
1 0.48388671875 0.687725830078125 0.0278472900390625 0.040464019775390624
1 0.8349609375 0.3191619873046875 0.021209716796875 0.06321487426757813
1 0.70849609375 0.94990234375 0.031494140625 0.0513519287109375
1 0.43359375 0.2537261962890625 0.0216217041015625 0.050674819946289064
1 0.058135986328125 0.684259033203125 0.0289764404296875 0.03894729614257812
1 0.2215576171875 0.2268585205078125 0.0219879150390625 0.0606689453125
1 0.96484375 0.047939300537109375 0.017578125 0.07036514282226562
1 0.56005859375 0.702459716796875 0.018768310546875 0.044689178466796875
1 0.51806640625 0.2940277099609375 0.01507568359375 0.03472213745117188
1 0.20068359375 0.18319854736328126 0.020416259765625 0.0457183837890625
1 0.1939697265625 0.2584930419921875 0.0221099853515625 0.05251655578613281
1 0.75732421875 0.2350921630859375 0.0272216796875 0.046341323852539064
1 0.7314453125 0.3078948974609375 0.0233306884765625 0.057635498046875
1 0.1187744140625 0.2199249267578125 0.0233306884765625 0.04650382995605469
1 0.564453125 0.745794677734375 0.02276611328125 0.050674819946289064
1 0.84619140625 0.2511260986328125 0.02752685546875 0.058502197265625
1 0.226806640625 0.11602935791015626 0.019866943359375 0.0686859130859375
1 0.095703125 0.11353759765625 0.0204925537109375 0.06169815063476562
1 0.69970703125 0.21613311767578125 0.0263519287109375 0.07415695190429687
1 0.1259765625 0.2912109375 0.0235137939453125 0.050078964233398436
1 0.1995849609375 0.307244873046875 0.0182952880859375 0.051622772216796876
1 0.67138671875 0.17193145751953126 0.021209716796875 0.0400848388671875
0 0.97802734375 0.082769775390625 0.02886962890625 0.0613189697265625
1 0.165283203125 0.17713165283203125 0.019683837890625 0.041005706787109374
1 0.9140625 0.34754638671875 0.03271484375 0.07193603515625
1 0.1175537109375 0.184173583984375 0.02288818359375 0.05124359130859375