1 0.270263671875 0.66302490234375 0.034698486328125 0.05839385986328125
1 0.10430908203125 0.655657958984375 0.03253173828125 0.054358291625976565
1 0.38037109375 0.3102783203125 0.0255584716796875 0.059423065185546874
1 0.78173828125 0.09658279418945312 0.0271759033203125 0.0591522216796875
0 0.30859375 0.51741943359375 0.04779052734375 0.04669342041015625
0 0.80712890625 0.60755615234375 0.0537109375 0.047939300537109375
1 0.455322265625 0.60235595703125 0.020843505859375 0.06787338256835937
0 0.482666015625 0.46888427734375 0.046539306640625 0.045799636840820314
0 0.7822265625 0.666058349609375 0.03759765625 0.059856414794921875
1 0.8349609375 0.746661376953125 0.0309600830078125 0.053924942016601564
1 0.1893310546875 0.2805938720703125 0.0232391357421875 0.05817718505859375
0 0.66796875 0.516986083984375 0.039794921875 0.044689178466796875
0 0.33154296875 0.46368408203125 0.0482177734375 0.045122528076171876
0 0.450439453125 0.5460205078125 0.047088623046875 0.05213737487792969
0 0.07794189453125 0.582855224609375 0.0472412109375 0.07713623046875
0 0.7294921875 0.57548828125 0.04742431640625 0.04777679443359375
1 0.88134765625 0.8892333984375 0.02508544921875 0.058935546875
1 0.1258544921875 0.682525634765625 0.0321044921875 0.056768798828125
0 0.8681640625 0.546453857421875 0.033843994140625 0.05644378662109375
1 0.060760498046875 0.497918701171875 0.03448486328125 0.07626953125
1 0.06524658203125 0.79996337890625 0.0384521484375 0.062835693359375
1 0.880859375 0.448516845703125 0.0304412841796875 0.0572021484375
1 0.1412353515625 0.780462646484375 0.036163330078125 0.079736328125
1 0.38525390625 0.66995849609375 0.025421142578125 0.06310653686523438
0 0.55810546875 0.57548828125 0.04840087890625 0.04988937377929688
1 0.375244140625 0.627056884765625 0.0223236083984375 0.0613189697265625
1 0.2313232421875 0.3416961669921875 0.027069091796875 0.06489410400390624
0 0.2381591796875 0.42728271484375 0.047943115234375 0.04712677001953125
1 0.1019287109375 0.3516632080078125 0.03289794921875 0.047858047485351565
1 0.6611328125 0.39261474609375 0.0239105224609375 0.07193603515625
1 0.7265625 0.24007568359375 0.023468017578125 0.06814422607421874
1 0.3857421875 0.595855712890625 0.034759521484375 0.0574188232421875
1 0.65771484375 0.293377685546875 0.02685546875 0.062131500244140624
1 0.7236328125 0.42901611328125 0.0229339599609375 0.0626190185546875
1 0.845703125 0.2450592041015625 0.0226287841796875 0.06749420166015625
0 0.96484375 0.5685546875 0.061981201171875 0.04436416625976562
1 0.82421875 0.342779541015625 0.03277587890625 0.0693359375
1 0.5048828125 0.31461181640625 0.023651123046875 0.05403327941894531
1 0.3701171875 0.737127685546875 0.0247955322265625 0.05796051025390625
1 0.74560546875 0.4027984619140625 0.0294189453125 0.06418991088867188
1 0.0323486328125 0.3399627685546875 0.03662109375 0.0606689453125
1 0.432373046875 0.2801605224609375 0.0264129638671875 0.0656524658203125
1 0.76953125 0.446783447265625 0.020172119140625 0.06018142700195313
1 0.2763671875 0.21678314208984376 0.021331787109375 0.05232696533203125
1 0.292236328125 0.3529632568359375 0.0289764404296875 0.070635986328125
1 0.251953125 0.2825439453125 0.021820068359375 0.06749420166015625
1 0.3271484375 0.814697265625 0.0258636474609375 0.08092803955078125
1 0.28955078125 0.90223388671875 0.036224365234375 0.06765670776367187
1 0.2203369140625 0.3078948974609375 0.0224151611328125 0.05232696533203125
1 0.5419921875 0.21504974365234375 0.0261077880859375 0.05644378662109375
1 0.489501953125 0.82596435546875 0.0285491943359375 0.05752716064453125
1 0.72314453125 0.89010009765625 0.0302734375 0.047235107421875
1 0.9208984375 0.2086578369140625 0.02838134765625 0.06689834594726562
1 0.67919921875 0.18319854736328126 0.0268096923828125 0.03786392211914062
1 0.2587890625 0.236175537109375 0.025909423828125 0.060506439208984374
1 0.8486328125 0.11711273193359376 0.0174407958984375 0.06516494750976562
0 0.426025390625 0.509619140625 0.026611328125 0.06007308959960937
1 0.1405029296875 0.63182373046875 0.033203125 0.06142730712890625
1 0.106689453125 0.20269927978515626 0.0222930908203125 0.0699859619140625
1 0.865234375 0.3733306884765625 0.0297088623046875 0.03940773010253906
0 0.94775390625 0.503985595703125 0.052337646484375 0.0448516845703125
1 0.822265625 0.20161590576171876 0.0207977294921875 0.05963973999023438
1 0.5087890625 0.21504974365234375 0.0269622802734375 0.0606689453125
1 0.1285400390625 0.2582763671875 0.026611328125 0.054547882080078124
1 0.5947265625 0.2355255126953125 0.0190582275390625 0.07036514282226562
1 0.7294921875 0.17193145751953126 0.02685546875 0.06879425048828125
1 0.134033203125 0.83463134765625 0.039642333984375 0.0639190673828125
1 0.344482421875 0.2714935302734375 0.0222930908203125 0.05154151916503906
1 0.88623046875 0.2541595458984375 0.0272674560546875 0.05476455688476563
1 0.35400390625 0.21613311767578125 0.023193359375 0.05465621948242187
1 0.41455078125 0.3412628173828125 0.013427734375 0.0626190185546875
1 0.79296875 0.1800567626953125 0.027801513671875 0.06711502075195312
1 0.67724609375 0.22176666259765626 0.02276611328125 0.05414161682128906
1 0.78125 0.3312957763671875 0.03302001953125 0.06662750244140625
1 0.72265625 0.849798583984375 0.034820556640625 0.05322074890136719
1 0.0885009765625 0.260009765625 0.02630615234375 0.05709381103515625
1 0.7294921875 0.7297607421875 0.03271484375 0.08369064331054688
1 0.61083984375 0.397381591796875 0.0215301513671875 0.06765670776367187
1 0.951171875 0.1388885498046875 0.0217437744140625 0.062023162841796875
1 0.380615234375 0.2368255615234375 0.0169830322265625 0.07182769775390625
1 0.806640625 0.14289703369140624 0.0200958251953125 0.06765670776367187
1 0.5419921875 0.880999755859375 0.0289306640625 0.053329086303710936
1 0.85693359375 0.143438720703125 0.0207977294921875 0.06451492309570313
1 0.260009765625 0.18384857177734376 0.029144287109375 0.044689178466796875
1 0.79443359375 0.2541595458984375 0.0161590576171875 0.05527915954589844
1 0.041534423828125 0.49228515625 0.029815673828125 0.042603683471679685
1 0.623046875 0.18384857177734376 0.0243377685546875 0.06251068115234375
1 0.499755859375 0.9273681640625 0.0301513671875 0.0556854248046875
1 0.31201171875 0.16196441650390625 0.0226287841796875 0.05622711181640625
1 0.85107421875 0.339312744140625 0.0252227783203125 0.043524551391601565
1 0.708984375 0.3559967041015625 0.0289764404296875 0.047858047485351565
1 0.71044921875 0.3910980224609375 0.0266571044921875 0.040789031982421876
1 0.56640625 0.286444091796875 0.021087646484375 0.05143318176269531
1 0.05780029296875 0.22967529296875 0.03271484375 0.0626190185546875
1 0.2060546875 0.135638427734375 0.023956298828125 0.05839385986328125
1 0.01490020751953125 0.243975830078125 0.028594970703125 0.07599868774414062
1 0.775390625 0.283843994140625 0.0190887451171875 0.06527328491210938
1 0.12451171875 0.18579864501953125 0.0263519287109375 0.050187301635742185
1 0.1912841796875 0.2446258544921875 0.029144287109375 0.05557708740234375
1 0.42822265625 0.3845977783203125 0.0236968994140625 0.06603164672851562
1 0.1356201171875 0.75576171875 0.0236968994140625 0.03036155700683594
1 0.190673828125 0.14939727783203124 0.01525115966796875 0.059964752197265624
1 0.85546875 0.3033447265625 0.03155517578125 0.03940773010253906
1 0.462646484375 0.266943359375 0.0256195068359375 0.06841506958007812
1 0.75732421875 0.2513427734375 0.01983642578125 0.056768798828125
1 0.89892578125 0.11776275634765625 0.0295867919921875 0.04173698425292969
1 0.124755859375 0.59195556640625 0.033203125 0.04777679443359375
1 0.615234375 0.1410552978515625 0.01763916015625 0.062835693359375