0 0.6322916666666667 0.3351851851851852 0.041666666666666664 0.041666666666666664
0 0.9408854166666667 0.3888888888888889 0.049479166666666664 0.04351851851851852
0 0.7388020833333333 0.34074074074074073 0.04635416666666667 0.04722222222222222
0 0.7203125 0.3939814814814815 0.0484375 0.03888888888888889
0 0.69140625 0.4671296296296296 0.04375 0.046296296296296294
0 0.97890625 0.5 0.0390625 0.04351851851851852
0 0.9145833333333333 0.5203703703703704 0.05260416666666667 0.05555555555555555
0 0.44375 0.29212962962962963 0.04375 0.03796296296296296
0 0.14270833333333333 0.35509259259259257 0.0484375 0.040740740740740744
0 0.8057291666666667 0.8305555555555556 0.034895833333333334 0.05555555555555555
1 0.8544270833333333 0.8916666666666667 0.029166666666666667 0.08055555555555556
0 0.015364583333333333 0.38425925925925924 0.030208333333333334 0.040740740740740744
0 0.35182291666666665 0.7685185185185185 0.0625 0.06851851851851852
1 0.8731770833333333 0.8949074074074074 0.021354166666666667 0.08611111111111111