0 0.3609375 0.6578703703703703 0.04583333333333333 0.044444444444444446
0 0.48489583333333336 0.6694444444444444 0.043229166666666666 0.049074074074074076
0 0.41458333333333336 0.6125 0.04635416666666667 0.040740740740740744
0 0.18697916666666667 0.6175925925925926 0.0484375 0.04351851851851852
1 0.15677083333333333 0.16157407407407406 0.027604166666666666 0.075
0 0.15911458333333334 0.4976851851851852 0.05260416666666667 0.046296296296296294
0 0.43854166666666666 0.5296296296296297 0.04583333333333333 0.049074074074074076
0 0.3125 0.1486111111111111 0.05364583333333333 0.05
0 0.96328125 0.6476851851851851 0.04739583333333333 0.040740740740740744
0 0.5145833333333333 0.24305555555555555 0.04791666666666667 0.0712962962962963
0 0.23645833333333333 0.4791666666666667 0.0296875 0.06111111111111111
0 0.41692708333333334 0.8912037037037037 0.03177083333333333 0.07777777777777778
1 0.14036458333333332 0.15555555555555556 0.01875 0.07037037037037037