1 0.76904296875 0.4743923611111111 0.018646240234375 0.08414713541666667
1 0.7861328125 0.48046875 0.01971435546875 0.07313368055555555
0 0.06634521484375 0.3832465277777778 0.05340576171875 0.04139539930555555
0 0.223876953125 0.3491753472222222 0.048583984375 0.03895399305555555
0 0.8857421875 0.396484375 0.0531005859375 0.04684787326388889
0 0.3212890625 0.4398871527777778 0.0328369140625 0.07259114583333333
0 0.6484375 0.3732638888888889 0.0401611328125 0.04250759548611111
0 0.1439208984375 0.2588975694444444 0.04949951171875 0.04519314236111111
0 0.693359375 0.4605034722222222 0.04876708984375 0.043511284722222224
0 0.6796875 0.68359375 0.05889892578125 0.054633246527777776
0 0.1014404296875 0.6002604166666666 0.0305023193359375 0.055365668402777776
0 0.66845703125 0.4092881944444444 0.043609619140625 0.055989583333333336
0 0.9443359375 0.5451388888888888 0.04840087890625 0.056966145833333336