0 0.54434011476265 0.512962962962963 0.04434011476264997 0.07592592592592592
0 0.2644757433489828 0.4726851851851852 0.028690662493479395 0.05740740740740741
1 0.5477308294209703 0.2949074074074074 0.02556077203964528 0.05925925925925926
0 0.14345331246739698 0.45 0.0495565988523735 0.044444444444444446
1 0.9707876890975482 0.7226851851851852 0.03025560772039645 0.06759259259259259
1 0.7563901930099113 0.13240740740740742 0.017214397496087636 0.06111111111111111
0 0.41471048513302033 0.49444444444444446 0.053208137715179966 0.04722222222222222
1 0.7232655190401669 0.39351851851851855 0.030777256129368807 0.06388888888888888
1 0.5307772561293688 0.9310185185185185 0.02608242044861763 0.062037037037037036
1 0.9405320813771518 0.4537037037037037 0.0297339593114241 0.058333333333333334
1 0.6885758998435054 0.37175925925925923 0.0297339593114241 0.06018518518518518
1 0.7743870631194575 0.39537037037037037 0.0297339593114241 0.06666666666666667
1 0.5782472613458529 0.3189814814814815 0.02034428794992175 0.062037037037037036
1 0.9491392801251957 0.1787037037037037 0.02764736567553469 0.062037037037037036
1 0.868283776734481 0.14027777777777778 0.019300991131977047 0.062037037037037036
1 0.5318205529473136 0.3365740740740741 0.02034428794992175 0.06111111111111111
1 0.24804381846635368 0.5712962962962963 0.029212310902451747 0.05462962962962963
1 0.15023474178403756 0.7231481481481481 0.03129890453834116 0.06944444444444445
0 0.2741262389149713 0.6351851851851852 0.05581637976004173 0.04351851851851852
1 0.37245696400625977 0.5430555555555555 0.023474178403755867 0.08796296296296297
1 0.9027125717266562 0.700462962962963 0.03808033385498174 0.058333333333333334
1 0.8354199269692227 0.3560185185185185 0.03129890453834116 0.06851851851851852
1 0.8974960876369327 0.41944444444444445 0.030777256129368807 0.05925925925925926
1 0.6958789775691184 0.23703703703703705 0.024517475221700575 0.06944444444444445
1 0.6006781429316641 0.35138888888888886 0.018779342723004695 0.058333333333333334
1 0.405320813771518 0.3726851851851852 0.022430881585811163 0.05740740740740741
1 0.23604590505998957 0.33425925925925926 0.03390714658320292 0.06574074074074074
0 0.017996870109546165 0.47129629629629627 0.03182055294731351 0.06296296296296296
1 0.6465832029212311 0.1935185185185185 0.022952529994783515 0.06296296296296296
1 0.9791340636411059 0.29953703703703705 0.02764736567553469 0.06111111111111111
1 0.764736567553469 0.2814814814814815 0.02034428794992175 0.06481481481481481
1 0.8763693270735524 0.3074074074074074 0.030777256129368807 0.06851851851851852
1 0.279603547209181 0.3449074074074074 0.027125717266562335 0.06574074074074074
1 0.1927490871152843 0.19398148148148148 0.0198226395409494 0.05740740740740741
1 0.979394887845592 0.22083333333333333 0.028690662493479395 0.062037037037037036
1 0.06885758998435054 0.3189814814814815 0.03234220135628586 0.06851851851851852
1 0.6202399582681273 0.2912037037037037 0.019300991131977047 0.07037037037037037
1 0.15675534689619197 0.6671296296296296 0.03182055294731351 0.06481481481481481
1 0.19248826291079812 0.3421296296296296 0.025039123630672927 0.06759259259259259
1 0.6191966614501826 0.2449074074074074 0.018257694314032343 0.05462962962962963
1 0.5605112154407929 0.8305555555555556 0.03025560772039645 0.05462962962962963
0 0.8998435054773083 0.5851851851851851 0.059989567031820554 0.075
1 0.19561815336463223 0.14907407407407408 0.022430881585811163 0.05462962962962963
1 0.3544600938967136 0.37083333333333335 0.023474178403755867 0.06574074074074074
1 0.41366718831507565 0.25092592592592594 0.0198226395409494 0.062037037037037036
1 0.5868544600938967 0.06712962962962964 0.013562858633281168 0.05648148148148148
1 0.40688575899843504 0.3375 0.02138758476786646 0.05092592592592592
1 0.42670839853938447 0.95 0.01773604590505999 0.05555555555555555
1 0.557642149191445 0.8842592592592593 0.02034428794992175 0.06018518518518518
1 0.24282733437663015 0.26342592592592595 0.028690662493479395 0.06481481481481481
1 0.2874282733437663 0.2763888888888889 0.018779342723004695 0.058333333333333334
1 0.5936358894105372 0.26157407407407407 0.02190923317683881 0.06111111111111111
1 0.9042775169535733 0.8962962962962963 0.03808033385498174 0.053703703703703705
1 0.8914971309337506 0.24074074074074073 0.02190923317683881 0.05555555555555555
1 0.8208137715179968 0.2638888888888889 0.028690662493479395 0.06944444444444445
1 0.868283776734481 0.2708333333333333 0.026604068857589983 0.06018518518518518
1 0.7217005738132499 0.3333333333333333 0.020865936358894107 0.04351851851851852
1 0.8012519561815337 0.16018518518518518 0.025039123630672927 0.06574074074074074
1 0.08424621804903495 0.2949074074074074 0.03599374021909233 0.06759259259259259
1 0.7284820031298904 0.9671296296296297 0.029212310902451747 0.04259259259259259
1 0.396452790818988 0.2740740740740741 0.02190923317683881 0.07314814814814814
1 0.7535211267605634 0.35555555555555557 0.022430881585811163 0.05
1 0.11189358372456965 0.21851851851851853 0.023474178403755867 0.05740740740740741
1 0.7743870631194575 0.763425925925926 0.022952529994783515 0.05185185185185185
1 0.9321857068335941 0.3453703703703704 0.03234220135628586 0.04722222222222222
1 0.7876890975482524 0.225 0.028690662493479395 0.07222222222222222
1 0.34063641105894626 0.31666666666666665 0.02190923317683881 0.05648148148148148
1 0.015127803860198226 0.2916666666666667 0.03025560772039645 0.06481481481481481
1 0.07772561293688054 0.18564814814814815 0.023474178403755867 0.06481481481481481
1 0.9501825769431403 0.274537037037037 0.02556077203964528 0.04259259259259259
0 0.25925925925925924 0.8199074074074074 0.03547209181011998 0.053703703703703705
1 0.5605112154407929 0.18564814814814815 0.016692749087115284 0.06388888888888888
1 0.887584767866458 0.38287037037037036 0.0297339593114241 0.05
1 0.7660406885758998 0.9115740740740741 0.03129890453834116 0.06296296296296296
1 0.7803860198226396 0.8111111111111111 0.026604068857589983 0.07777777777777778
1 0.4986958789775691 0.41898148148148145 0.022430881585811163 0.04722222222222222
1 0.739697443922796 0.18009259259259258 0.014606155451225874 0.05925925925925926
1 0.25821596244131456 0.21712962962962962 0.022952529994783515 0.05648148148148148
1 0.5665101721439749 0.7231481481481481 0.022430881585811163 0.05555555555555555
1 0.5552947313510693 0.7694444444444445 0.028169014084507043 0.04722222222222222
1 0.5028690662493479 0.04953703703703704 0.01617110067814293 0.07314814814814814
1 0.3137715179968701 0.23796296296296296 0.016692749087115284 0.05277777777777778
1 0.5800730307772561 0.22083333333333333 0.02034428794992175 0.0712962962962963
1 0.06598852373500261 0.2439814814814815 0.02764736567553469 0.05
1 0.3270735524256651 0.2587962962962963 0.015127803860198226 0.062037037037037036
1 0.38914971309337504 0.2064814814814815 0.029212310902451747 0.053703703703703705
1 0.1452790818988002 0.3402777777777778 0.04381846635367762 0.07777777777777778
1 0.38523735002608245 0.13518518518518519 0.01564945226917058 0.03981481481481482
1 0.02477829942618675 0.23981481481481481 0.023995826812728223 0.04351851851851852
1 0.9624413145539906 0.05416666666666667 0.01773604590505999 0.07037037037037037
1 0.2863849765258216 0.7185185185185186 0.017214397496087636 0.049074074074074076
1 0.27230046948356806 0.19583333333333333 0.025039123630672927 0.06851851851851852
1 0.7305685967657799 0.6837962962962963 0.03599374021909233 0.0787037037037037
1 0.5821596244131455 0.975925925925926 0.03129890453834116 0.041666666666666664
1 0.19535732916014606 0.28194444444444444 0.022430881585811163 0.04537037037037037
0 0.9786124152321335 0.08611111111111111 0.030777256129368807 0.06666666666666667
1 0.368283776734481 0.2708333333333333 0.018257694314032343 0.062037037037037036