0 0.5401041666666667 0.4199074074074074 0.0421875 0.0712962962962963
0 0.19244791666666666 0.5324074074074074 0.0546875 0.05277777777777778
0 0.30859375 0.2462962962962963 0.050520833333333334 0.07592592592592592
0 0.1671875 0.5893518518518519 0.027604166666666666 0.06296296296296296
0 0.13515625 0.6851851851851852 0.049479166666666664 0.05185185185185185
0 0.47317708333333336 0.5481481481481482 0.04791666666666667 0.044444444444444446
1 0.6606770833333333 0.8287037037037037 0.021354166666666667 0.0712962962962963
0 0.67421875 0.6310185185185185 0.04375 0.04351851851851852
0 0.6802083333333333 0.6736111111111112 0.044270833333333336 0.04259259259259259
0 0.17369791666666667 0.7532407407407408 0.04583333333333333 0.037037037037037035
0 0.9463541666666667 0.7152777777777778 0.04739583333333333 0.041666666666666664
0 0.8671875 0.4212962962962963 0.05677083333333333 0.05185185185185185
0 0.7338541666666667 0.5037037037037037 0.0296875 0.05925925925925926
0 0.9263020833333333 0.662962962962963 0.050520833333333334 0.041666666666666664
0 0.02421875 0.44814814814814813 0.035416666666666666 0.06111111111111111
0 0.38229166666666664 0.6814814814814815 0.046875 0.03981481481481482
0 0.14739583333333334 0.7347222222222223 0.03697916666666667 0.04351851851851852