0 0.42724609375 0.4019097222222222 0.037322998046875 0.06342230902777778
1 0.759765625 0.2571614583333333 0.023468017578125 0.0724826388888889
0 0.3701171875 0.7269965277777778 0.052825927734375 0.060384114583333336
0 0.02716064453125 0.5078125 0.0543212890625 0.048665364583333336
0 0.5087890625 0.2890625 0.038330078125 0.044596354166666664
1 0.78125 0.2599826388888889 0.017913818359375 0.0671115451388889
0 0.68212890625 0.5412326388888888 0.0292510986328125 0.05881076388888889
0 0.763671875 0.6202256944444444 0.058135986328125 0.052815755208333336
0 0.49365234375 0.248046875 0.038116455078125 0.033881293402777776
0 0.4765625 0.4674479166666667 0.034881591796875 0.06027560763888889
0 0.6526925223214287 0.406467013888889 0.04576546805245532 0.06461588541666667
0 0.83349609375 0.4338107638888889 0.05072021484375 0.04359266493055555
0 0.525390625 0.3274739583333333 0.04327392578125 0.039632161458333336
0 0.14208984375 0.2921006944444444 0.0489501953125 0.043267144097222224
0 0.8525390625000001 0.3049045138888889 0.04168701171875 0.0576171875
0 0.84521484375 0.6818576388888888 0.0496826171875 0.046685112847222224
0 0.9580078125 0.4796006944444444 0.0504150390625 0.043511284722222224
0 0.346435546875 0.3181423611111111 0.04595947265625 0.04172092013888889
0 0.62255859375 0.6701388888888888 0.053985595703125 0.046142578125