0 0.07057291666666667 0.3226851851851852 0.050520833333333334 0.04259259259259259
0 0.12135416666666667 0.5203703703703704 0.0546875 0.044444444444444446
0 0.4354166666666667 0.562037037037037 0.05260416666666667 0.04259259259259259
0 0.16614583333333333 0.4583333333333333 0.049479166666666664 0.041666666666666664
0 0.46510416666666665 0.3277777777777778 0.04114583333333333 0.05740740740740741
0 0.8075520833333333 0.8680555555555556 0.05625 0.049074074074074076
0 0.4393229166666667 0.45694444444444443 0.04635416666666667 0.03888888888888889
0 0.5864583333333333 0.5300925925925926 0.0375 0.049074074074074076
0 0.39427083333333335 0.3699074074074074 0.034375 0.05
0 0.5552083333333333 0.44351851851851853 0.0484375 0.04814814814814815
0 0.9263020833333333 0.8055555555555556 0.05520833333333333 0.053703703703703705
0 0.01640625 0.4287037037037037 0.03177083333333333 0.03425925925925926
0 0.90234375 0.3449074074074074 0.0421875 0.046296296296296294
0 0.6625 0.6328703703703704 0.04635416666666667 0.058333333333333334
0 0.98515625 0.5875 0.0296875 0.05092592592592592