1 0.45748565466875324 0.375 0.028690662493479395 0.062037037037037036
1 0.7005738132498696 0.6837962962962963 0.028690662493479395 0.06759259259259259
1 0.6416275430359938 0.7907407407407407 0.025039123630672927 0.06574074074074074
0 0.9360980699008868 0.6564814814814814 0.05894627021387585 0.04537037037037037
1 0.6231090245174752 0.9254629629629629 0.030777256129368807 0.05925925925925926
0 0.6069379238393323 0.5648148148148148 0.047991653625456446 0.044444444444444446
0 0.800208659363589 0.6041666666666666 0.0594679186228482 0.04722222222222222
1 0.5190401669274909 0.32546296296296295 0.018779342723004695 0.08055555555555556
1 0.5396452790818989 0.2152777777777778 0.01564945226917058 0.05185185185185185
1 0.7430881585811163 0.7972222222222223 0.03442879499217527 0.06018518518518518
1 0.834376630151278 0.736574074074074 0.030777256129368807 0.05462962962962963
0 0.672926447574335 0.5111111111111111 0.03808033385498174 0.05740740740740741
1 0.8330725091288471 0.41712962962962963 0.03234220135628586 0.06666666666666667
1 0.4061032863849765 0.6347222222222222 0.027125717266562335 0.05925925925925926
1 0.3273343766301513 0.3023148148148148 0.0297339593114241 0.06481481481481481
1 0.6387584767866458 0.6518518518518519 0.028690662493479395 0.0824074074074074
1 0.9820031298904538 0.8643518518518518 0.03547209181011998 0.06388888888888888
1 0.054773082942097026 0.8671296296296296 0.03182055294731351 0.06666666666666667
1 0.9306207616066771 0.924537037037037 0.03912363067292645 0.06296296296296296
1 0.08398539384454877 0.3523148148148148 0.028690662493479395 0.058333333333333334
1 0.3779342723004695 0.30416666666666664 0.027125717266562335 0.07592592592592592
1 0.5712050078247262 0.28564814814814815 0.027125717266562335 0.062037037037037036
1 0.15571205007824726 0.7722222222222223 0.02190923317683881 0.04814814814814815
1 0.6152842983828899 0.7273148148148149 0.03234220135628586 0.05648148148148148
1 0.4616588419405321 0.3226851851851852 0.023474178403755867 0.06111111111111111
1 0.6270213875847679 0.2810185185185185 0.018257694314032343 0.06481481481481481
1 0.7475221700573813 0.6986111111111111 0.03442879499217527 0.05277777777777778
1 0.30699008868022953 0.20601851851851852 0.027125717266562335 0.05462962962962963
1 0.17370892018779344 0.3300925925925926 0.023995826812728223 0.05648148148148148
1 0.7021387584767866 0.1050925925925926 0.015127803860198226 0.06296296296296296
1 0.36254564423578506 0.36064814814814816 0.022952529994783515 0.046296296296296294
1 0.8868022952529995 0.4847222222222222 0.026604068857589983 0.06481481481481481
1 0.07172665623369849 0.7546296296296297 0.03338549817423057 0.07222222222222222
1 0.9898278560250391 0.5597222222222222 0.02034428794992175 0.05555555555555555
1 0.1431924882629108 0.24537037037037038 0.023474178403755867 0.053703703703703705
1 0.04381846635367762 0.337037037037037 0.0297339593114241 0.05925925925925926
1 0.3622848200312989 0.2462962962962963 0.0198226395409494 0.05462962962962963
1 0.7475221700573813 0.14027777777777778 0.026604068857589983 0.0787037037037037
1 0.5800730307772561 0.4398148148148148 0.027125717266562335 0.049074074074074076
1 0.05920709441836203 0.24861111111111112 0.028169014084507043 0.05555555555555555
1 0.056859676577986434 0.28564814814814815 0.029212310902451747 0.05925925925925926
1 0.6283255086071987 0.975 0.0297339593114241 0.046296296296296294
1 0.7918622848200313 0.1486111111111111 0.02034428794992175 0.0712962962962963
1 0.2125717266562337 0.23703703703703705 0.022430881585811163 0.05555555555555555
1 0.7271778821074596 0.37824074074074077 0.028690662493479395 0.06388888888888888
1 0.8925404277516954 0.7472222222222222 0.029212310902451747 0.05740740740740741
1 0.23395931142410015 0.6476851851851851 0.029212310902451747 0.06296296296296296
1 0.9613980177360459 0.1597222222222222 0.03129890453834116 0.06944444444444445
1 0.7543035993740219 0.8907407407407407 0.022430881585811163 0.05555555555555555
1 0.504434011476265 0.8875 0.03390714658320292 0.06851851851851852
1 0.27256129368805426 0.23194444444444445 0.024517475221700575 0.053703703703703705
1 0.8422013562858633 0.28564814814814815 0.026604068857589983 0.049074074074074076
1 0.9780907668231612 0.4583333333333333 0.037037037037037035 0.06481481481481481
1 0.9642670839853938 0.33101851851851855 0.0297339593114241 0.07685185185185185
1 0.7357850808555034 0.3402777777777778 0.026604068857589983 0.08055555555555556
1 0.19300991131977047 0.3023148148148148 0.020865936358894107 0.04722222222222222
1 0.8539384454877412 0.18287037037037038 0.025039123630672927 0.062037037037037036
1 0.05425143453312467 0.8046296296296296 0.03338549817423057 0.058333333333333334
1 0.7005738132498696 0.41574074074074074 0.028690662493479395 0.049074074074074076
1 0.275169535732916 0.36342592592592593 0.029212310902451747 0.05
1 0.23317683881064163 0.3175925925925926 0.022430881585811163 0.05462962962962963
1 0.9105372978612415 0.2523148148148148 0.018779342723004695 0.05740740740740741
1 0.06259780907668232 0.21666666666666667 0.027125717266562335 0.06018518518518518
1 0.7788210745957225 0.2611111111111111 0.019300991131977047 0.06111111111111111
1 0.6763171622326551 0.3282407407407407 0.018257694314032343 0.06574074074074074
1 0.8716744913928013 0.2412037037037037 0.022430881585811163 0.06481481481481481
1 0.9882629107981221 0.3861111111111111 0.0198226395409494 0.040740740740740744
1 0.7694314032342201 0.325 0.02764736567553469 0.06574074074074074
1 0.8095983307250912 0.30972222222222223 0.022430881585811163 0.05277777777777778
1 0.6001564945226917 0.2439814814814815 0.023474178403755867 0.04259259259259259
1 0.7563901930099113 0.27685185185185185 0.02034428794992175 0.05
1 0.16953573291601462 0.2152777777777778 0.02138758476786646 0.05462962962962963
1 0.8954094940010433 0.8097222222222222 0.026604068857589983 0.062037037037037036
1 0.03729786124152321 0.8356481481481481 0.036515388628064686 0.05
1 0.7876890975482524 0.4115740740740741 0.018257694314032343 0.06111111111111111
1 0.582942097026604 0.27546296296296297 0.02190923317683881 0.053703703703703705
1 0.9136671883150757 0.17731481481481481 0.022430881585811163 0.046296296296296294
1 0.8969744392279604 0.7787037037037037 0.03338549817423057 0.05648148148148148
1 0.036515388628064686 0.20879629629629629 0.02190923317683881 0.04351851851851852
1 0.7543035993740219 0.8412037037037037 0.02034428794992175 0.04814814814814815
1 0.7060511215440793 0.18703703703703703 0.026604068857589983 0.06666666666666667
1 0.13380281690140844 0.2810185185185185 0.018257694314032343 0.030555555555555555
1 0.7162232655190401 0.2569444444444444 0.023995826812728223 0.06851851851851852
1 0.7694314032342201 0.39490740740740743 0.02138758476786646 0.062037037037037036
1 0.8857589984350548 0.32546296296296295 0.02556077203964528 0.06944444444444445
1 0.05086071987480438 0.7277777777777777 0.03547209181011998 0.05740740740740741
1 0.7715179968701096 0.4375 0.03547209181011998 0.06296296296296296