0 0.515625 0.4675925925925926 0.04895833333333333 0.049074074074074076
1 0.17578125 0.6967592592592593 0.03125 0.07592592592592592
0 0.5333333333333333 0.5546296296296296 0.046875 0.058333333333333334
0 0.26875 0.4962962962962963 0.041666666666666664 0.06296296296296296
0 0.02734375 0.4217592592592593 0.0546875 0.04722222222222222
0 0.67734375 0.4546296296296296 0.050520833333333334 0.05925925925925926
0 0.9080729166666667 0.5666666666666667 0.0546875 0.041666666666666664
1 0.14166666666666666 0.611574074074074 0.033854166666666664 0.07222222222222222
0 0.03333333333333333 0.5212962962962963 0.052083333333333336 0.044444444444444446
1 0.017708333333333333 0.7199074074074074 0.029166666666666667 0.05925925925925926
0 0.9861979166666667 0.5856481481481481 0.027604166666666666 0.041666666666666664
0 0.7614583333333333 0.16203703703703703 0.0515625 0.058333333333333334
0 0.9692708333333333 0.2671296296296296 0.05 0.05648148148148148
1 0.40390625 0.7231481481481481 0.022395833333333334 0.05925925925925926
1 0.8515625 0.7111111111111111 0.0328125 0.08148148148148149
0 0.7015625 0.34675925925925927 0.059375 0.05277777777777778
1 0.14869791666666668 0.6509259259259259 0.019270833333333334 0.06388888888888888