0 0.5743348982785602 0.44907407407407407 0.048513302034428794 0.062037037037037036
1 0.3161189358372457 0.17037037037037037 0.03390714658320292 0.06111111111111111
1 0.14632237871674492 0.15231481481481482 0.03547209181011998 0.058333333333333334
1 0.27595200834637457 0.3337962962962963 0.022952529994783515 0.06296296296296296
1 0.95565988523735 0.9555555555555556 0.016692749087115284 0.07037037037037037
0 0.4637454355764215 0.3990740740740741 0.05425143453312467 0.044444444444444446
1 0.06651017214397496 0.7152777777777778 0.025039123630672927 0.04537037037037037
1 0.30255607720396455 0.7689814814814815 0.023474178403755867 0.07222222222222222
0 0.12597809076682315 0.5902777777777778 0.030777256129368807 0.06666666666666667
0 0.520605112154408 0.48564814814814816 0.05112154407929056 0.040740740740740744
1 0.8531559728742827 0.6152777777777778 0.03025560772039645 0.06944444444444445
1 0.6343244653103808 0.5699074074074074 0.022952529994783515 0.05277777777777778
1 0.2699530516431925 0.6388888888888888 0.02138758476786646 0.06388888888888888
0 0.2806468440271257 0.4439814814814815 0.0406885758998435 0.06296296296296296
1 0.5062597809076682 0.6569444444444444 0.0198226395409494 0.06296296296296296
1 0.513302034428795 0.3263888888888889 0.03286384976525822 0.08611111111111111
1 0.23604590505998957 0.36342592592592593 0.03390714658320292 0.06296296296296296
1 0.5761606677099634 0.725925925925926 0.025039123630672927 0.058333333333333334
0 0.1770996348461137 0.48009259259259257 0.04903495044340115 0.07685185185185185
1 0.956964006259781 0.8231481481481482 0.0297339593114241 0.06111111111111111
1 0.04903495044340115 0.6351851851851852 0.036515388628064686 0.06944444444444445
1 0.640584246218049 0.649074074074074 0.01773604590505999 0.06481481481481481
1 0.7183098591549296 0.8236111111111111 0.02556077203964528 0.06759259259259259
1 0.9809598330725091 0.5569444444444445 0.03442879499217527 0.06759259259259259
1 0.4019300991131977 0.6083333333333333 0.01773604590505999 0.07685185185185185
0 0.06885758998435054 0.4837962962962963 0.03286384976525822 0.05277777777777778
1 0.1356285863328117 0.23287037037037037 0.026604068857589983 0.05740740740740741
1 0.41001564945226915 0.6888888888888889 0.024517475221700575 0.05925925925925926
1 0.16379760041731872 0.7620370370370371 0.023474178403755867 0.062037037037037036
1 0.6734480959833072 0.8805555555555555 0.019300991131977047 0.06851851851851852
1 0.7955138236828377 0.8578703703703704 0.02556077203964528 0.06388888888888888
1 0.027908189880020865 0.13055555555555556 0.03234220135628586 0.05555555555555555
1 0.9457485654668754 0.6078703703703704 0.03599374021909233 0.06481481481481481
1 0.8988002086593636 0.5953703703703703 0.028169014084507043 0.0962962962962963
0 0.05086071987480438 0.5439814814814815 0.050078247261345854 0.049074074074074076
1 0.748565466875326 0.8546296296296296 0.022952529994783515 0.058333333333333334
1 0.20996348461137193 0.6972222222222222 0.026604068857589983 0.05925925925925926
1 0.45957224830464266 0.5805555555555556 0.01617110067814293 0.06018518518518518
1 0.7423056859676578 0.125 0.02190923317683881 0.05925925925925926
0 0.2749087115284298 0.5319444444444444 0.05372978612415232 0.04351851851851852
1 0.5732916014606155 0.5856481481481481 0.03234220135628586 0.04537037037037037
1 0.6807511737089202 0.700462962962963 0.020865936358894107 0.06481481481481481
1 0.04929577464788732 0.24583333333333332 0.02608242044861763 0.06111111111111111
1 0.9624413145539906 0.6592592592592592 0.024517475221700575 0.05925925925925926
1 0.7764736567553469 0.7958333333333333 0.02556077203964528 0.06759259259259259
1 0.3002086593635889 0.8546296296296296 0.023474178403755867 0.06944444444444445
1 0.1090245174752217 0.6833333333333333 0.030777256129368807 0.058333333333333334
1 0.7383933229003652 0.033796296296296297 0.02138758476786646 0.05555555555555555
1 0.9087115284298383 0.8495370370370371 0.026604068857589983 0.062037037037037036
1 0.6064162754303599 0.6921296296296297 0.02138758476786646 0.06666666666666667
1 0.6661450182576943 0.7962962962962963 0.025039123630672927 0.06666666666666667
1 0.21413667188315075 0.32685185185185184 0.02556077203964528 0.06481481481481481
1 0.9183620239958268 0.7425925925925926 0.03182055294731351 0.05925925925925926
1 0.6270213875847679 0.750462962962963 0.016692749087115284 0.06296296296296296
1 0.7110067814293166 0.6865740740740741 0.02764736567553469 0.05277777777777778
1 0.5967657798643714 0.7925925925925926 0.01773604590505999 0.062037037037037036
1 0.986697965571205 0.3449074074074074 0.02608242044861763 0.06388888888888888
1 0.5644235785080856 0.637962962962963 0.02138758476786646 0.06018518518518518
1 0.08450704225352113 0.65 0.027125717266562335 0.062037037037037036
1 0.2746478873239437 0.8143518518518519 0.014606155451225874 0.053703703703703705
1 0.504434011476265 0.7337962962962963 0.022952529994783515 0.06666666666666667
1 0.17788210745957225 0.1699074074074074 0.030777256129368807 0.05
1 0.029473135106937925 0.7967592592592593 0.027125717266562335 0.06388888888888888
1 0.8526343244653104 0.7069444444444445 0.028690662493479395 0.049074074074074076
1 0.8912363067292645 0.7800925925925926 0.03129890453834116 0.06111111111111111
1 0.6596244131455399 0.6069444444444444 0.030777256129368807 0.053703703703703705
1 0.2540427751695357 0.7333333333333333 0.02034428794992175 0.05555555555555555
1 0.18883672404799165 0.8027777777777778 0.022952529994783515 0.07314814814814814
1 0.5508607198748043 0.8027777777777778 0.01773604590505999 0.06296296296296296
1 0.8779342723004695 0.3162037037037037 0.03286384976525822 0.09166666666666666
1 0.46765779864371415 0.7296296296296296 0.028690662493479395 0.06481481481481481
1 0.9780907668231612 0.7611111111111111 0.025039123630672927 0.05185185185185185
1 0.45644235785080856 0.7847222222222222 0.01773604590505999 0.06018518518518518
1 0.6439749608763693 0.7245370370370371 0.029212310902451747 0.06111111111111111
1 0.8051643192488263 0.7546296296296297 0.029212310902451747 0.06666666666666667
1 0.8667188315075639 0.8703703703703703 0.016692749087115284 0.06388888888888888
1 0.1950965049556599 0.862037037037037 0.011997913406364111 0.044444444444444446
1 0.09676577986437142 0.7481481481481481 0.03286384976525822 0.05185185185185185
1 0.9880020865936359 0.1625 0.023995826812728223 0.08981481481481482
1 0.8539384454877412 0.7907407407407407 0.0198226395409494 0.041666666666666664
1 0.8555033907146583 0.749537037037037 0.03234220135628586 0.04259259259259259
1 0.09963484611371935 0.8069444444444445 0.018779342723004695 0.03425925925925926
1 0.15492957746478872 0.8199074074074074 0.012519561815336464 0.032407407407407406