1 0.83447265625 0.8181423611111112 0.026763916015625 0.0773654513888889
0 0.7666015625 0.5043402777777778 0.050506591796875 0.04554578993055555
0 0.45654296875 0.3324652777777778 0.044281005859375 0.046332465277777776
0 0.51708984375 0.3893229166666667 0.04302978515625 0.03976779513888889
0 0.75 0.3786892361111111 0.04949951171875 0.04684787326388889
0 0.49560546875 0.4704861111111111 0.044769287109375 0.043158637152777776
0 0.68017578125 0.5282118055555556 0.04986572265625 0.04307725694444445
0 0.59130859375 0.3422309027777778 0.043121337890625 0.04172092013888889
0 0.9749526977539062 0.22157118055555555 0.0500946044921875 0.04684787326388889
0 0.63671875 0.8611111111111112 0.03607177734375 0.05642361111111111
0 0.306396484375 0.29296875 0.040252685546875 0.03512912326388889
0 0.54541015625 0.7465277777777778 0.048675537109375 0.078125
0 0.576171875 0.1142578125 0.0211639404296875 0.06797960069444445
1 0.8556547619047623 0.8300264550264551 0.016369047619047568 0.06481481481481481