0 0.4869791666666667 0.31574074074074077 0.0453125 0.04259259259259259
0 0.071875 0.5208333333333334 0.05364583333333333 0.04537037037037037
0 0.49583333333333335 0.44814814814814813 0.049479166666666664 0.041666666666666664
0 0.82578125 0.3611111111111111 0.04739583333333333 0.040740740740740744
0 0.7359375 0.4337962962962963 0.049479166666666664 0.041666666666666664
0 0.9721354166666667 0.6148148148148148 0.050520833333333334 0.040740740740740744
0 0.030729166666666665 0.4375 0.022916666666666665 0.062037037037037036
0 0.18255208333333334 0.2833333333333333 0.04635416666666667 0.05185185185185185
0 0.5854166666666667 0.3902777777777778 0.043229166666666666 0.041666666666666664
0 0.4440104166666667 0.5675925925925925 0.034895833333333334 0.058333333333333334
0 0.3640625 0.9324074074074075 0.05625 0.06851851851851852
0 0.54296875 0.14305555555555555 0.016666666666666666 0.046296296296296294
0 0.009114583333333334 0.3287037037037037 0.018229166666666668 0.049074074074074076