0 0.5635416666666667 0.43333333333333335 0.04791666666666667 0.044444444444444446
0 0.48203125 0.5481481481481482 0.0453125 0.046296296296296294
0 0.7294270833333333 0.34814814814814815 0.05416666666666667 0.03981481481481482
0 0.6361979166666667 0.5731481481481482 0.046875 0.044444444444444446
0 0.27708333333333335 0.40555555555555556 0.043229166666666666 0.06481481481481481
0 0.0703125 0.5842592592592593 0.05364583333333333 0.046296296296296294
0 0.02109375 0.6444444444444445 0.041666666666666664 0.044444444444444446
0 0.48359375 0.6564814814814814 0.030729166666666665 0.06851851851851852
0 0.87265625 0.6069444444444444 0.046875 0.041666666666666664
0 0.021614583333333333 0.39490740740740743 0.03177083333333333 0.06481481481481481
0 0.13880208333333333 0.7217592592592592 0.04895833333333333 0.044444444444444446
0 0.58046875 0.5236111111111111 0.034375 0.05277777777777778
0 0.3125 0.587037037037037 0.04739583333333333 0.05
1 0.6533854166666667 0.7013888888888888 0.025 0.08888888888888889
0 0.51796875 0.3574074074074074 0.052083333333333336 0.044444444444444446