0 0.29244791666666664 0.4013888888888889 0.026041666666666668 0.05648148148148148
0 0.20703125 0.3699074074074074 0.0296875 0.05648148148148148
0 0.453125 0.43194444444444446 0.04739583333333333 0.04351851851851852
1 0.10390625 0.32083333333333336 0.0328125 0.09074074074074075
0 0.34088541666666666 0.46944444444444444 0.027083333333333334 0.05648148148148148
0 0.1546875 0.5328703703703703 0.03854166666666667 0.05185185185185185
0 0.4203125 0.5916666666666667 0.0484375 0.04537037037037037
0 0.6151041666666667 0.4375 0.027083333333333334 0.05740740740740741
0 0.90625 0.36157407407407405 0.049479166666666664 0.04351851851851852
0 0.9075520833333334 0.5768518518518518 0.058854166666666666 0.04814814814814815
0 0.21432291666666667 0.763425925925926 0.046875 0.06481481481481481
0 0.571875 0.7680555555555556 0.06770833333333333 0.07037037037037037
1 0.10130208333333333 0.34444444444444444 0.0265625 0.08888888888888889