0 0.05499267578125 0.6310763888888888 0.0552978515625 0.043267144097222224
0 0.3115234375 0.5720486111111112 0.047149658203125 0.06944444444444445
0 0.0943603515625 0.4069010416666667 0.052032470703125 0.039469401041666664
0 0.42041015625 0.4027777777777778 0.046905517578125 0.043511284722222224
0 0.197265625 0.4544270833333333 0.04840087890625 0.043999565972222224
0 0.315185546875 0.3875868055555556 0.050140380859375 0.04275173611111111
0 0.28857421875 0.3396267361111111 0.0517578125 0.041802300347222224
0 0.3056640625 0.4587673611111111 0.047882080078125 0.040608723958333336
0 0.01137542724609375 0.3155381944444444 0.0225067138671875 0.059136284722222224
0 0.494384765625 0.6597222222222222 0.04840087890625 0.05075412326388889
0 0.55078125 0.1501736111111111 0.017578125 0.04758029513888889