0 0.21439749608763695 0.475 0.03547209181011998 0.05185185185185185
0 0.26604068857589985 0.4615740740740741 0.03234220135628586 0.053703703703703705
1 0.3382889932185707 0.8740740740740741 0.0198226395409494 0.06666666666666667
0 0.38523735002608245 0.46944444444444444 0.046948356807511735 0.04722222222222222
0 0.643453312467397 0.5412037037037037 0.051643192488262914 0.03796296296296296
1 0.44522691705790296 0.6291666666666667 0.022430881585811163 0.05648148148148148
1 0.4209702660406886 0.799537037037037 0.0198226395409494 0.06018518518518518
0 0.5169535732916014 0.4064814814814815 0.04329681794470527 0.05092592592592592
0 0.3651538862806468 0.5018518518518519 0.03912363067292645 0.058333333333333334
1 0.3145539906103286 0.5263888888888889 0.028169014084507043 0.05277777777777778
1 0.3599374021909233 0.2 0.02138758476786646 0.06111111111111111
1 0.42775169535732915 0.5699074074074074 0.03025560772039645 0.06481481481481481
0 0.07433489827856025 0.4222222222222222 0.054773082942097026 0.044444444444444446
1 0.8492436098069901 0.19722222222222222 0.03338549817423057 0.05555555555555555
0 0.16353677621283255 0.3060185185185185 0.046948356807511735 0.05462962962962963
1 0.2323943661971831 0.5518518518518518 0.030777256129368807 0.06574074074074074
1 0.5057381324986959 0.6467592592592593 0.02764736567553469 0.08055555555555556
1 0.5286906624934794 0.8004629629629629 0.01564945226917058 0.05740740740740741
1 0.011476264997391758 0.7763888888888889 0.022952529994783515 0.09722222222222222
1 0.9050599895670318 0.8541666666666666 0.02138758476786646 0.08055555555555556
0 0.23082942097026604 0.4074074074074074 0.05738132498695879 0.05
0 0.09024517475221701 0.3523148148148148 0.059989567031820554 0.05462962962962963
1 0.35732916014606153 0.1587962962962963 0.029212310902451747 0.06851851851851852
1 0.9347939488784559 0.2388888888888889 0.04121022430881586 0.06574074074074074
1 0.7044861763171623 0.6092592592592593 0.03129890453834116 0.05648148148148148
1 0.34376630151278037 0.6689814814814815 0.024517475221700575 0.06759259259259259
1 0.24752217005738134 0.7865740740740741 0.0198226395409494 0.05740740740740741
1 0.26943140323422016 0.5564814814814815 0.03442879499217527 0.058333333333333334
1 0.08502869066249348 0.6967592592592593 0.03338549817423057 0.075
1 0.9384454877412624 0.8217592592592593 0.02034428794992175 0.04722222222222222
1 0.8109024517475222 0.6430555555555556 0.02556077203964528 0.06388888888888888
1 0.7540427751695358 0.6518518518518519 0.03442879499217527 0.06481481481481481
1 0.29786124152321336 0.7814814814814814 0.02608242044861763 0.046296296296296294
1 0.28508085550339074 0.8675925925925926 0.02034428794992175 0.06759259259259259
1 0.5229525299947835 0.337037037037037 0.046948356807511735 0.12777777777777777
1 0.9853938445487741 0.8203703703703704 0.02190923317683881 0.05462962962962963
1 0.7725612936880543 0.8125 0.03025560772039645 0.07777777777777778
1 0.8252477829942618 0.6842592592592592 0.023995826812728223 0.05277777777777778
1 0.3403755868544601 0.7337962962962963 0.02034428794992175 0.05740740740740741
1 0.24856546687532602 0.3398148148148148 0.024517475221700575 0.04259259259259259
1 0.6100678142931664 0.7185185185185186 0.01617110067814293 0.06388888888888888
1 0.11815336463223787 0.7958333333333333 0.023995826812728223 0.06388888888888888
1 0.15179968701095461 0.7833333333333333 0.023995826812728223 0.06574074074074074
1 0.03129890453834116 0.8337962962962963 0.018779342723004695 0.06296296296296296
0 0.25925925925925924 0.2662037037037037 0.056338028169014086 0.05
1 0.32472613458528954 0.3527777777777778 0.028690662493479395 0.058333333333333334
1 0.8495044340114762 0.7768518518518519 0.026604068857589983 0.06574074074074074
1 0.6533646322378717 0.07592592592592592 0.03234220135628586 0.05092592592592592
1 0.31794470526864893 0.6106481481481482 0.026604068857589983 0.06018518518518518
1 0.7117892540427752 0.7416666666666667 0.02764736567553469 0.053703703703703705
1 0.1585811163275952 0.5902777777777778 0.028169014084507043 0.06388888888888888
1 0.2553468961919666 0.7023148148148148 0.02138758476786646 0.05
1 0.2412623891497131 0.6731481481481482 0.025039123630672927 0.06481481481481481
1 0.15832029212310902 0.6902777777777778 0.02556077203964528 0.07037037037037037
1 0.8174230568596765 0.7430555555555556 0.03129890453834116 0.06944444444444445
1 0.39123630672926446 0.7458333333333333 0.017214397496087636 0.062037037037037036
1 0.41653625456442356 0.6865740740740741 0.013562858633281168 0.053703703703703705
1 0.676056338028169 0.14305555555555555 0.03234220135628586 0.05648148148148148
1 0.827073552425665 0.3449074074074074 0.04225352112676056 0.0962962962962963
1 0.5005216484089724 0.7671296296296296 0.014084507042253521 0.05555555555555555
1 0.21231090245174752 0.812037037037037 0.019300991131977047 0.062037037037037036
1 0.6682316118935837 0.6643518518518519 0.027125717266562335 0.05462962962962963
1 0.04773082942097027 0.9398148148148148 0.01617110067814293 0.06759259259259259
1 0.6635367762128326 0.6018518518518519 0.02608242044861763 0.05740740740740741
1 0.7300469483568075 0.7925925925925926 0.03025560772039645 0.06666666666666667
1 0.0594679186228482 0.7856481481481481 0.03442879499217527 0.0712962962962963
1 0.48330725091288473 0.7212962962962963 0.022952529994783515 0.04259259259259259
1 0.054773082942097026 0.8606481481481482 0.023474178403755867 0.06296296296296296
1 0.5701617110067815 0.7037037037037037 0.024517475221700575 0.044444444444444446
1 0.18544600938967137 0.6601851851851852 0.028690662493479395 0.06944444444444445
1 0.19248826291079812 0.5800925925925926 0.0198226395409494 0.07685185185185185
1 0.2811684924360981 0.7467592592592592 0.020865936358894107 0.05648148148148148
1 0.7955138236828377 0.7638888888888888 0.03025560772039645 0.05925925925925926
1 0.7832550860719875 0.7282407407407407 0.02556077203964528 0.06759259259259259
1 0.4014084507042254 0.9055555555555556 0.013562858633281168 0.05
1 0.3604590505998957 0.7694444444444445 0.017214397496087636 0.05092592592592592
1 0.6471048513302035 0.7453703703703703 0.019300991131977047 0.053703703703703705
1 0.940792905581638 0.7046296296296296 0.02556077203964528 0.062037037037037036
1 0.27725612936880545 0.6273148148148148 0.02138758476786646 0.07222222222222222
1 0.13380281690140844 0.6972222222222222 0.028169014084507043 0.07407407407407407
1 0.2167449139280125 0.6976851851851852 0.019300991131977047 0.06018518518518518
1 0.22326551904016692 0.6287037037037037 0.02764736567553469 0.06481481481481481
1 0.4522691705790297 0.7226851851851852 0.024517475221700575 0.05092592592592592
1 0.02060511215440793 0.5162037037037037 0.024517475221700575 0.03611111111111111
1 0.5242566510172144 0.03009259259259259 0.023474178403755867 0.05185185185185185
1 0.17970787689097548 0.7273148148148149 0.027125717266562335 0.03888888888888889
1 0.27543035993740217 0.6819444444444445 0.018779342723004695 0.05