0 0.74755859375 0.5815972222222222 0.05194091796875 0.03797743055555555
0 0.6103515625 0.83203125 0.04345703125 0.060384114583333336
0 0.93115234375 0.4166666666666667 0.037689208984375 0.050944010416666664
0 0.83544921875 0.6223958333333334 0.0496826171875 0.042670355902777776
0 0.373046875 0.5177951388888888 0.0401611328125 0.05259874131944445
0 0.86865234375 0.5329861111111112 0.056121826171875 0.04527452256944445
0 0.94775390625 0.3365885416666667 0.04681396484375 0.04188368055555555
0 0.19482421875 0.5473090277777778 0.0531005859375 0.046223958333333336
0 0.73193359375 0.8038194444444444 0.05633544921875 0.051432291666666664
0 0.84375 0.3634982638888889 0.046905517578125 0.043267144097222224
0 0.68798828125 0.3630642361111111 0.040313720703125 0.044921875
0 0.81640625 0.44921875 0.0496826171875 0.04391818576388889
0 0.1746826171875 0.3463541666666667 0.03448486328125 0.05064561631944445
0 0.330078125 0.4392361111111111 0.05242919921875 0.04188368055555555
0 0.2181396484375 0.4346788194444444 0.0489501953125 0.04212782118055555
0 0.258056640625 0.341796875 0.045013427734375 0.03968641493055555
0 0.9638671875 0.6098090277777778 0.0509033203125 0.04139539930555555
0 0.43005952380952395 0.6382275132275134 0.05208333333333339 0.056878306878306896