0 0.22708333333333333 0.5564814814814815 0.029166666666666667 0.06296296296296296
0 0.9013020833333333 0.3925925925925926 0.046875 0.041666666666666664
0 0.8393229166666667 0.4412037037037037 0.049479166666666664 0.041666666666666664
0 0.21354166666666666 0.31574074074074077 0.04895833333333333 0.04259259259259259
0 0.7059895833333333 0.6398148148148148 0.030729166666666665 0.06296296296296296
0 0.3536458333333333 0.4824074074074074 0.027083333333333334 0.05648148148148148
0 0.12317708333333334 0.3648148148148148 0.05364583333333333 0.041666666666666664
0 0.6684895833333333 0.4310185185185185 0.04635416666666667 0.044444444444444446
0 0.8755208333333333 0.5689814814814815 0.051041666666666666 0.04722222222222222
0 0.521875 0.537962962962963 0.04583333333333333 0.03981481481481482
0 0.32369791666666664 0.4101851851851852 0.04739583333333333 0.041666666666666664
0 0.43802083333333336 0.5101851851851852 0.04791666666666667 0.04722222222222222
0 0.8911458333333333 0.5319444444444444 0.04895833333333333 0.04351851851851852
0 0.9580729166666667 0.6037037037037037 0.04635416666666667 0.05462962962962963
0 0.56015625 0.15648148148148147 0.01875 0.062037037037037036