0 0.7636932707355243 0.36527777777777776 0.057902973395931145 0.04259259259259259
0 0.6622326551904016 0.4837962962962963 0.05268648930620762 0.04722222222222222
0 0.47391757955138236 0.3907407407407407 0.041731872717788214 0.06666666666666667
0 0.061815336463223784 0.49907407407407406 0.053208137715179966 0.04259259259259259
1 0.6158059467918623 0.6148148148148148 0.02190923317683881 0.06759259259259259
1 0.6468440271257173 0.5726851851851852 0.018257694314032343 0.06574074074074074
1 0.10589462702138759 0.7569444444444444 0.0297339593114241 0.06388888888888888
1 0.9551382368283776 0.7412037037037037 0.03025560772039645 0.05925925925925926
1 0.08242044861763172 0.6268518518518519 0.02764736567553469 0.05925925925925926
1 0.23082942097026604 0.7189814814814814 0.02608242044861763 0.06388888888888888
1 0.5712050078247262 0.6587962962962963 0.022430881585811163 0.062037037037037036
1 0.967396974439228 0.6231481481481481 0.02556077203964528 0.06666666666666667
1 0.5331246739697444 0.6208333333333333 0.027125717266562335 0.05462962962962963
1 0.8153364632237872 0.6962962962962963 0.028690662493479395 0.05740740740740741
1 0.8729786124152321 0.8185185185185185 0.03129890453834116 0.07037037037037037
1 0.9384454877412624 0.6699074074074074 0.025039123630672927 0.06111111111111111
1 0.8028169014084507 0.7787037037037037 0.026604068857589983 0.06018518518518518
1 0.3688054251434533 0.18425925925925926 0.038601982263954095 0.07592592592592592
1 0.0396452790818988 0.7310185185185185 0.03390714658320292 0.07314814814814814
1 0.735263432446531 0.8166666666666667 0.019300991131977047 0.058333333333333334
1 0.18701095461658843 0.6949074074074074 0.03390714658320292 0.06759259259259259
0 0.11919666145018258 0.35648148148148145 0.05529473135106938 0.05092592592592592
1 0.4220135628586333 0.6171296296296296 0.023995826812728223 0.07407407407407407
0 0.11684924360980699 0.41712962962962963 0.054773082942097026 0.04259259259259259
1 0.8320292123109024 0.8648148148148148 0.023995826812728223 0.06944444444444445
0 0.7806468440271257 0.5319444444444444 0.03129890453834116 0.06018518518518518
1 0.7211789254042775 0.725 0.024517475221700575 0.05740740740740741
0 0.23943661971830985 0.5361111111111111 0.046948356807511735 0.07685185185185185
1 0.7509128847157016 0.6967592592592593 0.023474178403755867 0.06388888888888888
1 0.6791862284820032 0.7796296296296297 0.02034428794992175 0.06481481481481481
1 0.45122587376108503 0.7046296296296296 0.0198226395409494 0.062037037037037036
1 0.5513823682837767 0.7601851851851852 0.015127803860198226 0.06481481481481481
0 0.9194053208137715 0.4 0.056338028169014086 0.07407407407407407
1 0.32968179447052687 0.6680555555555555 0.029212310902451747 0.0824074074074074
1 0.1309337506520605 0.7046296296296296 0.029212310902451747 0.05740740740740741
1 0.4282733437663015 0.7134259259259259 0.02034428794992175 0.06388888888888888
1 0.9102764736567553 0.8050925925925926 0.018779342723004695 0.06018518518518518
1 0.643453312467397 0.887962962962963 0.017214397496087636 0.08425925925925926
1 0.7665623369848722 0.587037037037037 0.030777256129368807 0.049074074074074076
1 0.1872717788210746 0.799074074074074 0.023474178403755867 0.058333333333333334
1 0.6494522691705791 0.7976851851851852 0.018257694314032343 0.07222222222222222
1 0.9887845592070944 0.7611111111111111 0.02138758476786646 0.07685185185185185
1 0.6585811163275952 0.7268518518518519 0.02034428794992175 0.062037037037037036
1 0.7882107459572248 0.09861111111111111 0.03338549817423057 0.06388888888888888
1 0.6645800730307773 0.6314814814814815 0.02764736567553469 0.06388888888888888
1 0.5078247261345853 0.6939814814814815 0.02034428794992175 0.04351851851851852
1 0.3761085028690663 0.7814814814814814 0.026604068857589983 0.07407407407407407
1 0.6927490871152843 0.6986111111111111 0.02190923317683881 0.05277777777777778
1 0.6098069900886802 0.8226851851851852 0.023995826812728223 0.05740740740740741
1 0.612415232133542 0.10740740740740741 0.03025560772039645 0.05092592592592592
1 0.05451225873761085 0.1300925925925926 0.044861763171622326 0.058333333333333334
1 0.8980177360459051 0.08287037037037037 0.04329681794470527 0.06018518518518518