0 0.355224609375 0.53995361328125 0.048492431640625 0.04040985107421875
1 0.09600830078125 0.86063232421875 0.03802490234375 0.0608856201171875
0 0.290771484375 0.51048583984375 0.046722412109375 0.0379180908203125
1 0.90478515625 0.780462646484375 0.038818359375 0.07654037475585937
1 0.76416015625 0.7886962890625 0.035552978515625 0.060506439208984374
0 0.8291015625 0.590655517578125 0.058563232421875 0.04607048034667969
0 0.75341796875 0.35101318359375 0.04986572265625 0.04496002197265625
0 0.2303466796875 0.444183349609375 0.052032470703125 0.038216018676757814
1 0.416259765625 0.812530517578125 0.0259552001953125 0.0522186279296875
0 0.6669921875 0.538653564453125 0.049591064453125 0.04054527282714844
1 0.62890625 0.90050048828125 0.0390625 0.06343154907226563
0 0.94970703125 0.591522216796875 0.06500244140625 0.050078964233398436
0 0.2496337890625 0.56075439453125 0.050506591796875 0.047397613525390625
1 0.367431640625 0.711126708984375 0.0325927734375 0.05731048583984375
0 0.11859130859375 0.516552734375 0.047607421875 0.07415695190429687
1 0.501953125 0.3286956787109375 0.0276336669921875 0.06603164672851562
1 0.95166015625 0.2350921630859375 0.0289764404296875 0.0730194091796875
1 0.2161865234375 0.718060302734375 0.0262603759765625 0.06673583984375
1 0.358642578125 0.744927978515625 0.0217742919921875 0.061589813232421874
1 0.105224609375 0.693359375 0.02838134765625 0.05861053466796875
1 0.96728515625 0.172906494140625 0.0227203369140625 0.07513198852539063
1 0.01898193359375 0.2270751953125 0.029541015625 0.06359405517578125
1 0.138671875 0.23314208984375 0.02484130859375 0.06099395751953125
1 0.242919921875 0.76876220703125 0.0341796875 0.05644378662109375
1 0.52685546875 0.2463592529296875 0.0189056396484375 0.08006134033203124
1 0.98779296875 0.3761474609375 0.0220794677734375 0.06906509399414062
1 0.82763671875 0.73062744140625 0.034423828125 0.054954147338867186
1 0.76318359375 0.731060791015625 0.030792236328125 0.05086441040039062
1 0.139892578125 0.682525634765625 0.031982421875 0.06251068115234375
1 0.970703125 0.4576171875 0.0272674560546875 0.06451492309570313
1 0.7998046875 0.651324462890625 0.0289306640625 0.054872894287109376
1 0.450927734375 0.3206787109375 0.0218658447265625 0.062835693359375
1 0.71484375 0.11667938232421875 0.0253753662109375 0.0693359375
1 0.28515625 0.19468231201171876 0.0240478515625 0.06613998413085938
1 0.07708740234375 0.651324462890625 0.0296478271484375 0.05904388427734375
1 0.91357421875 0.16889801025390624 0.0240478515625 0.06787338256835937
1 0.70703125 0.849365234375 0.028167724609375 0.06500244140625
1 0.04168701171875 0.77049560546875 0.0318603515625 0.05861053466796875
1 0.6181640625 0.82596435546875 0.029876708984375 0.07047348022460938
1 0.93603515625 0.849365234375 0.035003662109375 0.06343154907226563
1 0.8525390625 0.89703369140625 0.035736083984375 0.054872894287109376
1 0.25439453125 0.8857666015625 0.0391845703125 0.053437423706054685
1 0.7509765625 0.840264892578125 0.0282135009765625 0.060398101806640625
1 0.03753662109375 0.3109283447265625 0.0259552001953125 0.0693359375
1 0.8525390625 0.32154541015625 0.0236968994140625 0.048968505859375
1 0.51953125 0.424249267578125 0.024993896484375 0.054547882080078124
1 0.2010498046875 0.290777587890625 0.023956298828125 0.048399734497070315
1 0.274658203125 0.286444091796875 0.02276611328125 0.053924942016601564
1 0.31494140625 0.19273223876953124 0.0188751220703125 0.06180648803710938
1 0.390869140625 0.3126617431640625 0.0237274169921875 0.06099395751953125
1 0.2310791015625 0.3276123046875 0.0272216796875 0.0565521240234375
1 0.73681640625 0.3013946533203125 0.02069091796875 0.061102294921875
1 0.78955078125 0.325445556640625 0.02655029296875 0.048047637939453124
1 0.68896484375 0.890966796875 0.03277587890625 0.05904388427734375
1 0.056243896484375 0.627056884765625 0.0305633544921875 0.04444541931152344
1 0.06719970703125 0.21548309326171874 0.0225830078125 0.05403327941894531
1 0.27685546875 0.3737640380859375 0.03265380859375 0.055902099609375
1 0.55517578125 0.92216796875 0.042572021484375 0.07469863891601562
1 0.18359375 0.2229583740234375 0.020294189453125 0.03672637939453125
0 0.2113037109375 0.503985595703125 0.044525146484375 0.042603683471679685
1 0.7607421875 0.915234375 0.036285400390625 0.06142730712890625
1 0.377197265625 0.605389404296875 0.0258636474609375 0.07399444580078125
1 0.7041015625 0.2233917236328125 0.02685546875 0.05817718505859375
1 0.42333984375 0.27127685546875 0.0194549560546875 0.06814422607421874
1 0.841796875 0.1683563232421875 0.0234222412109375 0.068902587890625
1 0.2496337890625 0.2236083984375 0.0196380615234375 0.05774383544921875
1 0.09503173828125 0.2727935791015625 0.0282745361328125 0.05963973999023438
1 0.310302734375 0.3065948486328125 0.0272216796875 0.06381072998046874
1 0.7958984375 0.875799560546875 0.03515625 0.05774383544921875
1 0.1859130859375 0.897900390625 0.037811279296875 0.05882720947265625
1 0.82177734375 0.3369293212890625 0.033782958984375 0.04812889099121094
1 0.6220703125 0.1924072265625 0.01384735107421875 0.06332321166992187
1 0.818359375 0.3744140625 0.0305023193359375 0.03910980224609375
1 0.364501953125 0.2424591064453125 0.025909423828125 0.06402740478515626
1 0.85595703125 0.2836273193359375 0.030914306640625 0.04165573120117187
1 0.79833984375 0.140838623046875 0.017181396484375 0.062835693359375
1 0.7138671875 0.39261474609375 0.03033447265625 0.07155685424804688
1 0.56396484375 0.2255584716796875 0.0190582275390625 0.05926055908203125
1 0.2548828125 0.1744232177734375 0.0180511474609375 0.05029563903808594
1 0.87060546875 0.669525146484375 0.035491943359375 0.05546875
1 0.72216796875 0.276910400390625 0.021820068359375 0.041005706787109374
1 0.75390625 0.419915771484375 0.0257568359375 0.05904388427734375
1 0.218994140625 0.65262451171875 0.02423095703125 0.03948898315429687
1 0.338134765625 0.2606597900390625 0.020721435546875 0.05817718505859375
1 0.97705078125 0.06418991088867188 0.0165252685546875 0.06879425048828125
1 0.05633544921875 0.1713897705078125 0.0164031982421875 0.038216018676757814
1 0.219482421875 0.684259033203125 0.022979736328125 0.04401206970214844
1 0.6552734375 0.0951202392578125 0.01422882080078125 0.058502197265625
1 0.75390625 0.29554443359375 0.0328369140625 0.05774383544921875
1 0.791015625 0.2420257568359375 0.03253173828125 0.037565994262695315