0 0.9184895833333333 0.3763888888888889 0.05 0.037037037037037035
0 0.72890625 0.35509259259259257 0.04739583333333333 0.037037037037037035
0 0.56171875 0.6314814814814815 0.05572916666666667 0.04537037037037037
0 0.49270833333333336 0.3851851851851852 0.044270833333333336 0.04351851851851852
0 0.78515625 0.6694444444444444 0.0546875 0.04259259259259259
0 0.65 0.3472222222222222 0.04583333333333333 0.044444444444444446
0 0.29453125 0.3662037037037037 0.046875 0.04259259259259259
0 0.55390625 0.44907407407407407 0.0484375 0.041666666666666664
0 0.21041666666666667 0.5087962962962963 0.05 0.04351851851851852
0 0.6510416666666666 0.4726851851851852 0.04791666666666667 0.03981481481481482
0 0.15520833333333334 0.600925925925926 0.05572916666666667 0.04351851851851852
0 0.35833333333333334 0.4689814814814815 0.044270833333333336 0.041666666666666664
0 0.9744791666666667 0.3087962962962963 0.043229166666666666 0.041666666666666664
0 0.30807291666666664 0.662962962962963 0.0453125 0.04814814814814815
0 0.7216145833333333 0.47175925925925927 0.04479166666666667 0.03981481481481482
0 0.6854166666666667 0.5560185185185185 0.049479166666666664 0.04259259259259259
0 0.7309895833333333 0.3902777777777778 0.0515625 0.05
0 0.5111979166666667 0.7685185185185185 0.052083333333333336 0.058333333333333334