1 0.5279081898800209 0.8111111111111111 0.03442879499217527 0.06018518518518518
1 0.40401669274908714 0.8856481481481482 0.03547209181011998 0.062037037037037036
1 0.2509128847157016 0.625462962962963 0.03390714658320292 0.05277777777777778
0 0.23630672926447574 0.5157407407407407 0.05112154407929056 0.04351851851851852
0 0.8980177360459051 0.6166666666666667 0.053208137715179966 0.05555555555555555
0 0.30333854981742303 0.44583333333333336 0.05112154407929056 0.046296296296296294
1 0.14501825769431403 0.8013888888888889 0.036515388628064686 0.05555555555555555
1 0.8085550339071466 0.36018518518518516 0.023995826812728223 0.06944444444444445
1 0.21283255086071987 0.6439814814814815 0.02608242044861763 0.06666666666666667
0 0.5005216484089724 0.5569444444444445 0.050078247261345854 0.04722222222222222
0 0.8427230046948356 0.5185185185185185 0.04747000521648409 0.05462962962962963
0 0.7728221178925404 0.6148148148148148 0.050078247261345854 0.06574074074074074
0 0.6473656755346896 0.5916666666666667 0.053208137715179966 0.05462962962962963
1 0.7407407407407407 0.3611111111111111 0.028690662493479395 0.06481481481481481
1 0.02556077203964528 0.5712962962962963 0.04121022430881586 0.06018518518518518
0 0.6489306207616067 0.5388888888888889 0.05112154407929056 0.03796296296296296
1 0.6356285863328117 0.6541666666666667 0.0297339593114241 0.07222222222222222
1 0.30255607720396455 0.8361111111111111 0.03390714658320292 0.07314814814814814
1 0.275169535732916 0.6680555555555555 0.03442879499217527 0.04722222222222222
0 0.9799165362545644 0.5717592592592593 0.038601982263954095 0.05
1 0.36750130412102244 0.2708333333333333 0.02190923317683881 0.05555555555555555
1 0.852112676056338 0.25972222222222224 0.028690662493479395 0.06481481481481481
0 0.5166927490871153 0.4828703703703704 0.0505998956703182 0.03981481481481482
1 0.3995826812728221 0.6925925925925925 0.027125717266562335 0.053703703703703705
1 0.9574856546687532 0.3148148148148148 0.022952529994783515 0.06296296296296296
1 0.30985915492957744 0.7800925925925926 0.025039123630672927 0.05462962962962963
1 0.7005738132498696 0.2537037037037037 0.020865936358894107 0.06851851851851852
1 0.47548252477829944 0.6986111111111111 0.02034428794992175 0.04537037037037037
1 0.30229525299947835 0.7277777777777777 0.02138758476786646 0.05740740740740741
1 0.1841418883672405 0.899537037037037 0.03182055294731351 0.05462962962962963
1 0.9066249347939489 0.17037037037037037 0.0198226395409494 0.06296296296296296
0 0.3797600417318727 0.5527777777777778 0.0495565988523735 0.04722222222222222
1 0.7845592070944184 0.2884259259259259 0.019300991131977047 0.08333333333333333
1 0.1585811163275952 0.950925925925926 0.03808033385498174 0.058333333333333334
1 0.16379760041731872 0.5666666666666667 0.02556077203964528 0.05925925925925926
1 0.3427230046948357 0.24259259259259258 0.023995826812728223 0.058333333333333334
1 0.31872717788210747 0.3337962962962963 0.017214397496087636 0.06018518518518518
1 0.6473656755346896 0.30694444444444446 0.022952529994783515 0.07314814814814814
1 0.7793427230046949 0.4449074074074074 0.028690662493479395 0.08796296296296297
1 0.6747522170057382 0.7597222222222222 0.0198226395409494 0.06574074074074074
1 0.6484089723526343 0.21203703703703702 0.0198226395409494 0.075
1 0.4968701095461659 0.31666666666666665 0.02190923317683881 0.04351851851851852
1 0.6846635367762128 0.28194444444444444 0.023995826812728223 0.06574074074074074
1 0.25482524778299426 0.33240740740740743 0.02608242044861763 0.05185185185185185
1 0.8862806468440271 0.21851851851851853 0.02764736567553469 0.06666666666666667
1 0.5172143974960877 0.2351851851851852 0.022952529994783515 0.06296296296296296
1 0.9893062076160668 0.1935185185185185 0.020865936358894107 0.06388888888888888
1 0.10719874804381847 0.21435185185185185 0.02190923317683881 0.05462962962962963
1 0.5245174752217006 0.9143518518518519 0.03129890453834116 0.05555555555555555
1 0.6724047991653626 0.8625 0.02764736567553469 0.058333333333333334
1 0.2676056338028169 0.20462962962962963 0.018779342723004695 0.04722222222222222
1 0.41131977047470003 0.29444444444444445 0.02138758476786646 0.06018518518518518
1 0.7962962962962963 0.14814814814814814 0.022430881585811163 0.07685185185185185
1 0.6718831507563902 0.19444444444444445 0.02608242044861763 0.06388888888888888
1 0.18570683359415754 0.3384259259259259 0.02138758476786646 0.05648148148148148
1 0.03495044340114763 0.18703703703703703 0.03025560772039645 0.062037037037037036
0 0.9835680751173709 0.38657407407407407 0.03286384976525822 0.041666666666666664
1 0.14632237871674492 0.27361111111111114 0.025039123630672927 0.06574074074074074
1 0.7081377151799687 0.1162037037037037 0.023995826812728223 0.06018518518518518
1 0.9439227960354721 0.17314814814814813 0.01617110067814293 0.049074074074074076
1 0.5448617631716224 0.34675925925925927 0.028690662493479395 0.049074074074074076
1 0.22274387063119458 0.18518518518518517 0.023474178403755867 0.05092592592592592
1 0.47183098591549294 0.7643518518518518 0.02190923317683881 0.05092592592592592
1 0.47183098591549294 0.3925925925925926 0.018779342723004695 0.05925925925925926
1 0.08737610850286906 0.175 0.01773604590505999 0.04259259259259259
1 0.01069379238393323 0.25416666666666665 0.02138758476786646 0.07314814814814814
1 0.2214397496087637 0.2912037037037037 0.0198226395409494 0.05740740740740741
1 0.30672926447574334 0.2037037037037037 0.022430881585811163 0.04537037037037037
1 0.9853938445487741 0.300462962962963 0.027125717266562335 0.06759259259259259
1 0.9400104329681794 0.9171296296296296 0.022430881585811163 0.053703703703703705
1 0.2986437141366719 0.3162037037037037 0.022430881585811163 0.05925925925925926
1 0.16614501825769432 0.31157407407407406 0.028169014084507043 0.03981481481481482
1 0.5307772561293688 0.38842592592592595 0.02034428794992175 0.062037037037037036
1 0.9188836724047992 0.30972222222222223 0.024517475221700575 0.03425925925925926
1 0.8252477829942618 0.2611111111111111 0.028169014084507043 0.03796296296296296
1 0.5396452790818989 0.3037037037037037 0.03286384976525822 0.04351851851851852
1 0.5200834637454356 0.9638888888888889 0.03495044340114763 0.058333333333333334
1 0.9501825769431403 0.2657407407407407 0.023474178403755867 0.06666666666666667
1 0.9864371413667188 0.4439814814814815 0.025039123630672927 0.06481481481481481
1 0.3667188315075639 0.3287037037037037 0.025039123630672927 0.062037037037037036
1 0.21231090245174752 0.25092592592592594 0.023995826812728223 0.04814814814814815
1 0.2741262389149713 0.2675925925925926 0.03286384976525822 0.06111111111111111
1 0.4011476264997392 0.22916666666666666 0.012519561815336464 0.03981481481481482
1 0.12232655190401669 0.15694444444444444 0.020865936358894107 0.05462962962962963
1 0.9833072509128847 0.0699074074074074 0.01773604590505999 0.07222222222222222
1 0.672926447574335 0.15416666666666667 0.02764736567553469 0.03611111111111111
1 0.8223787167449139 0.29953703703703705 0.023995826812728223 0.046296296296296294
1 0.4658320292123109 0.35509259259259257 0.029212310902451747 0.03518518518518519
1 0.9603547209181011 0.45787037037037037 0.018779342723004695 0.030555555555555555
1 0.5482524778299426 0.23657407407407408 0.014606155451225874 0.04722222222222222
1 0.008085550339071466 0.14351851851851852 0.01564945226917058 0.05277777777777778
1 0.24256651017214398 0.29768518518518516 0.028690662493479395 0.03611111111111111