1 0.952529994783516 0.5689814814814815 0.03182055294731351 0.06481481481481481
0 0.1429316640584246 0.44814814814814813 0.04434011476264997 0.06296296296296296
1 0.4332290036515389 0.6222222222222222 0.02764736567553469 0.06851851851851852
1 0.3974960876369327 0.0587962962962963 0.02190923317683881 0.05740740740740741
1 0.6786645800730308 0.05277777777777778 0.02764736567553469 0.058333333333333334
1 0.18779342723004694 0.6939814814814815 0.028169014084507043 0.06111111111111111
1 0.7704747000521649 0.6143518518518518 0.028169014084507043 0.07685185185185185
1 0.9306207616066771 0.7597222222222222 0.022430881585811163 0.06851851851851852
1 0.8257694314032342 0.6212962962962963 0.030777256129368807 0.06388888888888888
1 0.7694314032342201 0.711574074074074 0.020865936358894107 0.06481481481481481
1 0.5816379760041732 0.14351851851851852 0.03338549817423057 0.053703703703703705
1 0.4728742827334377 0.6083333333333333 0.03129890453834116 0.06388888888888888
1 0.33854981742305684 0.6972222222222222 0.03495044340114763 0.06666666666666667
1 0.19300991131977047 0.5995370370370371 0.03547209181011998 0.06481481481481481
1 0.5727699530516432 0.6111111111111112 0.022430881585811163 0.062037037037037036
1 0.9418362023995827 0.6467592592592593 0.028169014084507043 0.06666666666666667
0 0.43088158581116326 0.43796296296296294 0.03495044340114763 0.04537037037037037
1 0.41679707876890976 0.7027777777777777 0.03182055294731351 0.06481481481481481
1 0.49400104329681793 0.6671296296296296 0.02138758476786646 0.06481481481481481
1 0.6752738654147105 0.5800925925925926 0.02764736567553469 0.06666666666666667
1 0.13406364110589464 0.7189814814814814 0.022952529994783515 0.06759259259259259
1 0.06703182055294732 0.6180555555555556 0.02764736567553469 0.07222222222222222
1 0.5459050599895671 0.6574074074074074 0.013041210224308816 0.03333333333333333
1 0.10772039645279081 0.6907407407407408 0.028169014084507043 0.058333333333333334
1 0.36958789775691187 0.6402777777777777 0.02764736567553469 0.06574074074074074
0 0.2269170579029734 0.45 0.036515388628064686 0.05555555555555555
1 0.7279603547209181 0.5157407407407407 0.03234220135628586 0.06481481481481481
1 0.056598852373500264 0.725 0.03129890453834116 0.05648148148148148
1 0.47965571205007823 0.2537037037037037 0.025039123630672927 0.05462962962962963
1 0.7133541992696922 0.5375 0.02190923317683881 0.06388888888888888
1 0.5633802816901409 0.18101851851851852 0.03234220135628586 0.049074074074074076
1 0.7206572769953051 0.6824074074074075 0.038601982263954095 0.0824074074074074
1 0.6421491914449661 0.8287037037037037 0.02034428794992175 0.06111111111111111
1 0.6051121544079291 0.7078703703703704 0.02138758476786646 0.07037037037037037
1 0.5239958268127283 0.7046296296296296 0.02764736567553469 0.06111111111111111
1 0.01278038601982264 0.6939814814814815 0.02556077203964528 0.06574074074074074
0 0.5641627543035994 0.42824074074074076 0.04590505998956703 0.05462962962962963
0 0.6697965571205008 0.47314814814814815 0.04381846635367762 0.05555555555555555
1 0.22326551904016692 0.6694444444444444 0.03234220135628586 0.06111111111111111
1 0.11085028690662493 0.6458333333333334 0.02764736567553469 0.06388888888888888
1 0.7626499739175796 0.8027777777777778 0.028169014084507043 0.075
1 0.5555555555555556 0.09768518518518518 0.019300991131977047 0.058333333333333334
1 0.025821596244131457 0.06851851851851852 0.04590505998956703 0.06388888888888888
1 0.8296817944705268 0.7916666666666666 0.022430881585811163 0.06296296296296296
1 0.6332811684924361 0.749537037037037 0.020865936358894107 0.07407407407407407
1 0.4405320813771518 0.6782407407407407 0.01564945226917058 0.040740740740740744
1 0.05112154407929056 0.6851851851851852 0.025039123630672927 0.05462962962962963
1 0.266301512780386 0.7328703703703704 0.02190923317683881 0.05740740740740741
0 0.427490871152843 0.5254629629629629 0.0505998956703182 0.04537037037037037
1 0.5923317683881064 0.8245370370370371 0.01773604590505999 0.075
1 0.48643714136671884 0.7236111111111111 0.022952529994783515 0.05740740740740741
1 0.26708398539384454 0.6884259259259259 0.023995826812728223 0.05277777777777778
1 0.9457485654668754 0.06481481481481481 0.038601982263954095 0.05555555555555555
1 0.9295774647887324 0.6712962962962963 0.03338549817423057 0.05740740740740741
1 0.0714658320292123 0.7476851851851852 0.01773604590505999 0.046296296296296294
1 0.967396974439228 0.6962962962962963 0.02190923317683881 0.053703703703703705
1 0.5756390193009912 0.5796296296296296 0.0198226395409494 0.06759259259259259
0 0.45461658841940533 0.3638888888888889 0.05216484089723526 0.06111111111111111