0 0.301513671875 0.47265625 0.050323486328125 0.047200520833333336
0 0.473388671875 0.5885416666666666 0.05126953125 0.04299587673611111
0 0.48876953125 0.4366319444444444 0.04248046875 0.060492621527777776
0 0.6005859375 0.5108506944444444 0.047607421875 0.07579210069444445
0 0.20556640625 0.3161892361111111 0.046478271484375 0.03819444444444445
0 0.385986328125 0.3893229166666667 0.0472412109375 0.04139539930555555
0 0.501953125 0.6571180555555556 0.05194091796875 0.049506293402777776
0 0.46875 0.3088107638888889 0.0455322265625 0.042182074652777776
0 0.06842041015625 0.46875 0.0469970703125 0.04554578993055555
0 0.436279296875 0.5234375 0.0413818359375 0.05642361111111111
0 0.5600353422619049 0.3224826388888889 0.049910045805431534 0.06559244791666667
0 0.06878662109375 0.3678385416666667 0.047515869140625 0.047661675347222224
0 0.59375 0.58984375 0.0360107421875 0.04226345486111111
0 0.49365234375 0.7491319444444444 0.047943115234375 0.054009331597222224
0 0.2239990234375 0.8667534722222222 0.0546875 0.058268229166666664