0 0.7670839853938446 0.5574074074074075 0.053208137715179966 0.041666666666666664
0 0.6940532081377152 0.5217592592592593 0.051643192488262914 0.044444444444444446
0 0.5552947313510693 0.6166666666666667 0.03129890453834116 0.07222222222222222
0 0.758998435054773 0.4847222222222222 0.053208137715179966 0.049074074074074076
0 0.5013041210224308 0.5208333333333334 0.02556077203964528 0.05740740740740741
1 0.05268648930620762 0.2763888888888889 0.024517475221700575 0.06111111111111111
0 0.08450704225352113 0.36203703703703705 0.05112154407929056 0.044444444444444446
0 0.29786124152321336 0.5324074074074074 0.04277516953573292 0.058333333333333334
1 0.9637454355764214 0.3578703703703704 0.03234220135628586 0.06388888888888888
1 0.27829942618675013 0.3287037037037037 0.03338549817423057 0.0787037037037037
1 0.971830985915493 0.2601851851851852 0.041731872717788214 0.05925925925925926
1 0.04538341158059468 0.85 0.044861763171622326 0.07407407407407407
1 0.9345331246739698 0.29907407407407405 0.04329681794470527 0.06018518518518518
1 0.5380803338549818 0.7231481481481481 0.017214397496087636 0.05925925925925926
1 0.3455920709441836 0.31157407407407406 0.02764736567553469 0.07037037037037037
1 0.41158059467918623 0.3907407407407407 0.022952529994783515 0.05462962962962963
1 0.07668231611893583 0.33194444444444443 0.028169014084507043 0.06944444444444445
1 0.04434011476264997 0.15324074074074073 0.030777256129368807 0.06666666666666667
1 0.7709963484611372 0.3296296296296296 0.03286384976525822 0.06666666666666667
1 0.763432446531038 0.4476851851851852 0.02764736567553469 0.07962962962962963
1 0.056598852373500264 0.24675925925925926 0.02190923317683881 0.06018518518518518
1 0.39801773604590507 0.2898148148148148 0.018257694314032343 0.06481481481481481
1 0.34089723526343246 0.18425925925925926 0.02190923317683881 0.06481481481481481
0 0.029212310902451747 0.6277777777777778 0.058424621804903494 0.04537037037037037
1 0.20657276995305165 0.17037037037037037 0.022430881585811163 0.07407407407407407
1 0.48643714136671884 0.4351851851851852 0.01564945226917058 0.06666666666666667
1 0.860980699008868 0.8384259259259259 0.03390714658320292 0.05462962962962963
1 0.4507042253521127 0.24212962962962964 0.018779342723004695 0.07222222222222222
1 0.6541471048513302 0.8638888888888889 0.03495044340114763 0.05185185185185185
1 0.12597809076682315 0.39351851851851855 0.028690662493479395 0.06018518518518518
1 0.30672926447574334 0.32407407407407407 0.018257694314032343 0.06759259259259259
1 0.5993740219092332 0.34120370370370373 0.028690662493479395 0.06759259259259259
1 0.523735002608242 0.287962962962963 0.018779342723004695 0.06481481481481481
1 0.41836202399582684 0.3680555555555556 0.020865936358894107 0.037037037037037035
1 0.9003651538862807 0.274537037037037 0.037037037037037035 0.05925925925925926
1 0.11476264997391758 0.2833333333333333 0.029212310902451747 0.06296296296296296
1 0.4736567553468962 0.2916666666666667 0.02138758476786646 0.06666666666666667
1 0.12936880542514345 0.1814814814814815 0.02556077203964528 0.06574074074074074
1 0.8262910798122066 0.2708333333333333 0.024517475221700575 0.06018518518518518
1 0.11267605633802817 0.32546296296296295 0.026604068857589983 0.06574074074074074
1 0.3808033385498174 0.11435185185185186 0.026604068857589983 0.06388888888888888
1 0.8367240479916537 0.8148148148148148 0.03495044340114763 0.058333333333333334
1 0.09676577986437142 0.22361111111111112 0.026604068857589983 0.05925925925925926
1 0.19874804381846636 0.2462962962962963 0.03390714658320292 0.07037037037037037
1 0.17031820552947313 0.15185185185185185 0.02764736567553469 0.06574074074074074
1 0.9196661450182577 0.9263888888888889 0.03755868544600939 0.05555555555555555
1 0.6577986437141367 0.26666666666666666 0.026604068857589983 0.053703703703703705
1 0.8907146583202922 0.24675925925925926 0.03025560772039645 0.07037037037037037
1 0.9405320813771518 0.2875 0.018779342723004695 0.032407407407407406
1 0.25273865414710484 0.9199074074074074 0.027125717266562335 0.08611111111111111