0 0.7138758476786646 0.6305555555555555 0.03025560772039645 0.062037037037037036
0 0.4019300991131977 0.5356481481481481 0.057902973395931145 0.05740740740740741
0 0.7793427230046949 0.7458333333333333 0.03755868544600939 0.06759259259259259
1 0.5033907146583203 0.3578703703703704 0.019300991131977047 0.07314814814814814
1 0.6006781429316641 0.23055555555555557 0.01617110067814293 0.06296296296296296
1 0.9827856025039123 0.31666666666666665 0.027125717266562335 0.06111111111111111
0 0.8067292644757433 0.6574074074074074 0.054773082942097026 0.044444444444444446
1 0.8745435576421492 0.4527777777777778 0.03599374021909233 0.07037037037037037
1 0.1298904538341158 0.3402777777777778 0.03338549817423057 0.0787037037037037
1 0.2908189880020866 0.39814814814814814 0.020865936358894107 0.06574074074074074
0 0.5855503390714658 0.6356481481481482 0.047991653625456446 0.053703703703703705
1 0.7295252999478351 0.3680555555555556 0.02034428794992175 0.0712962962962963
1 0.396452790818988 0.3050925925925926 0.023474178403755867 0.06111111111111111
1 0.6131977047470005 0.4 0.03025560772039645 0.07962962962962963
1 0.09650495565988523 0.24722222222222223 0.028169014084507043 0.06666666666666667
1 0.841679707876891 0.3888888888888889 0.02608242044861763 0.05185185185185185
1 0.2741262389149713 0.2722222222222222 0.03234220135628586 0.06388888888888888
1 0.8148148148148148 0.41435185185185186 0.024517475221700575 0.06574074074074074
1 0.20631194574856546 0.2791666666666667 0.03129890453834116 0.06851851851851852
1 0.8862806468440271 0.20185185185185187 0.020865936358894107 0.06296296296296296
1 0.804642670839854 0.29212962962962963 0.020865936358894107 0.06481481481481481
1 0.7003129890453834 0.2537037037037037 0.022952529994783515 0.062037037037037036
0 0.5654668753260302 0.5712962962962963 0.02608242044861763 0.06018518518518518
1 0.9473135106937924 0.36574074074074076 0.03338549817423057 0.05648148148148148
1 0.1630151278038602 0.2675925925925926 0.03025560772039645 0.062037037037037036
1 0.952529994783516 0.13055555555555556 0.02608242044861763 0.06388888888888888
1 0.27230046948356806 0.18333333333333332 0.018257694314032343 0.0824074074074074
1 0.8296817944705268 0.2351851851851852 0.02764736567553469 0.06018518518518518
1 0.8578508085550339 0.2861111111111111 0.02138758476786646 0.05740740740740741
0 0.804642670839854 0.8986111111111111 0.037037037037037035 0.07592592592592592
1 0.645018257694314 0.2652777777777778 0.027125717266562335 0.05925925925925926
1 0.5772039645279082 0.3125 0.022952529994783515 0.06388888888888888
1 0.7996870109546166 0.16296296296296298 0.024517475221700575 0.06574074074074074
0 0.6131977047470005 0.3472222222222222 0.038601982263954095 0.040740740740740744
0 0.16223265519040167 0.45694444444444443 0.0505998956703182 0.04722222222222222
1 0.9814814814814815 0.42916666666666664 0.023995826812728223 0.04259259259259259
0 0.7138758476786646 0.5060185185185185 0.03495044340114763 0.04537037037037037
1 0.956964006259781 0.24444444444444444 0.03234220135628586 0.062037037037037036
1 0.7548252477829943 0.18888888888888888 0.022430881585811163 0.06851851851851852
1 0.7811684924360981 0.2638888888888889 0.025039123630672927 0.05462962962962963
1 0.5179968701095462 0.25046296296296294 0.014606155451225874 0.05185185185185185
1 0.3221178925404278 0.3439814814814815 0.02608242044861763 0.06666666666666667
1 0.6807511737089202 0.35138888888888886 0.02190923317683881 0.06851851851851852
1 0.06311945748565467 0.24675925925925926 0.03495044340114763 0.053703703703703705
0 0.31637976004173185 0.5745370370370371 0.03025560772039645 0.06666666666666667
1 0.8774126238914971 0.3416666666666667 0.018257694314032343 0.03333333333333333
0 0.48513302034428796 0.6837962962962963 0.06416275430359937 0.0712962962962963
0 0.28482003129890454 0.6435185185185185 0.05112154407929056 0.07685185185185185
0 0.43427230046948356 0.47824074074074074 0.056338028169014086 0.062037037037037036
1 0.5550339071465832 0.8324074074074074 0.028690662493479395 0.0787037037037037
1 0.279603547209181 0.8856481481481482 0.03390714658320292 0.062037037037037036