0 0.9177083333333333 0.3509259259259259 0.051041666666666666 0.044444444444444446
0 0.6583333333333333 0.5398148148148149 0.05677083333333333 0.04722222222222222
0 0.36953125 0.5773148148148148 0.049479166666666664 0.049074074074074076
0 0.22708333333333333 0.5523148148148148 0.03229166666666667 0.05092592592592592
0 0.36380208333333336 0.3449074074074074 0.04375 0.04259259259259259
0 0.41848958333333336 0.3814814814814815 0.028645833333333332 0.05
0 0.24505208333333334 0.4425925925925926 0.05260416666666667 0.04259259259259259
0 0.7979166666666667 0.42777777777777776 0.0484375 0.04259259259259259
0 0.6471354166666666 0.4666666666666667 0.05260416666666667 0.04537037037037037
0 0.7869791666666667 0.6018518518518519 0.05260416666666667 0.044444444444444446
0 0.37786458333333334 0.47962962962962963 0.04375 0.040740740740740744
0 0.7372395833333333 0.32407407407407407 0.04791666666666667 0.044444444444444446
0 0.13828125 0.6333333333333333 0.0484375 0.06481481481481481