1 0.22117892540427753 0.8425925925925926 0.037037037037037035 0.06018518518518518
1 0.7402190923317684 0.4078703703703704 0.0297339593114241 0.06759259259259259
1 0.17162232655190401 0.4310185185185185 0.02608242044861763 0.06388888888888888
0 0.7407407407407407 0.5847222222222223 0.056338028169014086 0.049074074074074076
0 0.9603547209181011 0.6087962962962963 0.056859676577986434 0.04814814814814815
0 0.5028690662493479 0.5935185185185186 0.05268648930620762 0.05277777777777778
1 0.09181011997913406 0.35185185185185186 0.023474178403755867 0.06111111111111111
1 0.5644235785080856 0.42916666666666664 0.026604068857589983 0.06388888888888888
1 0.2540427751695357 0.6736111111111112 0.024517475221700575 0.053703703703703705
0 0.5975482524778299 0.5643518518518519 0.048513302034428794 0.04814814814814815
1 0.24308815858111632 0.7833333333333333 0.029212310902451747 0.05462962962962963
1 0.6684924360980699 0.3638888888888889 0.02034428794992175 0.06851851851851852
1 0.5010432968179447 0.22916666666666666 0.03129890453834116 0.06296296296296296
1 0.23604590505998957 0.1935185185185185 0.029212310902451747 0.058333333333333334
1 0.7665623369848722 0.8342592592592593 0.03338549817423057 0.06388888888888888
1 0.9183620239958268 0.3888888888888889 0.022430881585811163 0.05925925925925926
0 0.34167970787689095 0.47453703703703703 0.02764736567553469 0.05648148148148148
1 0.11058946270213876 0.7824074074074074 0.0406885758998435 0.05462962962962963
1 0.3346374543557642 0.3101851851851852 0.026604068857589983 0.06851851851851852
1 0.5239958268127283 0.8592592592592593 0.03547209181011998 0.058333333333333334
1 0.9272300469483568 0.8268518518518518 0.028690662493479395 0.06018518518518518
1 0.09963484611371935 0.41435185185185186 0.03808033385498174 0.062037037037037036
1 0.557642149191445 0.35185185185185186 0.02034428794992175 0.06388888888888888
1 0.46739697443922795 0.3300925925925926 0.027125717266562335 0.06296296296296296
1 0.6220657276995305 0.7236111111111111 0.018257694314032343 0.05925925925925926
1 0.9154929577464789 0.9185185185185185 0.03286384976525822 0.05277777777777778
1 0.23552425665101723 0.2657407407407407 0.025039123630672927 0.062037037037037036
1 0.7133541992696922 0.20324074074074075 0.029212310902451747 0.06944444444444445
1 0.5816379760041732 0.18101851851851852 0.020865936358894107 0.06018518518518518
1 0.3317683881064163 0.3958333333333333 0.020865936358894107 0.06296296296296296
1 0.1285863328116849 0.2986111111111111 0.03286384976525822 0.058333333333333334
1 0.9825247782994262 0.1675925925925926 0.03129890453834116 0.06666666666666667
1 0.5117370892018779 0.33194444444444443 0.018779342723004695 0.06111111111111111
1 0.5419926969222744 0.9342592592592592 0.03442879499217527 0.062037037037037036
1 0.6781429316640585 0.8865740740740741 0.022952529994783515 0.05092592592592592
1 0.2981220657276995 0.2375 0.02608242044861763 0.0824074074074074
1 0.4606155451225874 0.2638888888888889 0.016692749087115284 0.06574074074074074
1 0.6703182055294732 0.1337962962962963 0.018257694314032343 0.07037037037037037
1 0.6870109546165885 0.7842592592592592 0.03286384976525822 0.04351851851851852
1 0.5928534167970788 0.37083333333333335 0.020865936358894107 0.05740740740740741
1 0.7133541992696922 0.30324074074074076 0.022952529994783515 0.04814814814814815
1 0.8881064162754304 0.18009259259259258 0.03025560772039645 0.06851851851851852
0 0.32003129890453835 0.5902777777777778 0.05216484089723526 0.07685185185185185
1 0.5448617631716224 0.26944444444444443 0.018779342723004695 0.06944444444444445
1 0.9321857068335941 0.28379629629629627 0.03755868544600939 0.06851851851851852
1 0.5033907146583203 0.7199074074074074 0.03599374021909233 0.05462962962962963
1 0.8534167970787689 0.3263888888888889 0.027125717266562335 0.05740740740740741
1 0.16614501825769432 0.18194444444444444 0.025039123630672927 0.06481481481481481
1 0.6191966614501826 0.2814814814814815 0.02138758476786646 0.058333333333333334
1 0.4932185706833594 0.9699074074074074 0.03129890453834116 0.05277777777777778
1 0.8309859154929577 0.1675925925925926 0.01773604590505999 0.06481481481481481
1 0.7592592592592593 0.3111111111111111 0.017214397496087636 0.07037037037037037
1 0.38497652582159625 0.24027777777777778 0.02764736567553469 0.05277777777777778
1 0.5526864893062076 0.7592592592592593 0.02034428794992175 0.05740740740740741
1 0.04825247782994262 0.27546296296296297 0.024517475221700575 0.0712962962962963
1 0.03990610328638498 0.20185185185185187 0.01773604590505999 0.04537037037037037
1 0.7655190401669275 0.1300925925925926 0.013562858633281168 0.06018518518518518
1 0.6854460093896714 0.6875 0.023474178403755867 0.037037037037037035
1 0.8873239436619719 0.3726851851851852 0.030777256129368807 0.05925925925925926
1 0.46452790818988005 0.42407407407407405 0.013041210224308816 0.03425925925925926
1 0.23630672926447574 0.9462962962962963 0.03390714658320292 0.058333333333333334
1 0.6137193531559729 0.24027777777777778 0.03025560772039645 0.037037037037037035
1 0.08711528429838289 0.20833333333333334 0.02138758476786646 0.05925925925925926
1 0.9327073552425665 0.055092592592592596 0.016692749087115284 0.06759259259259259
1 0.3338549817423057 0.2273148148148148 0.02556077203964528 0.05185185185185185
0 0.9501825769431403 0.08888888888888889 0.03495044340114763 0.06851851851851852