0 0.44192708333333336 0.425 0.04895833333333333 0.04537037037037037
0 0.47265625 0.6287037037037037 0.043229166666666666 0.04351851851851852
0 0.3260416666666667 0.38333333333333336 0.04479166666666667 0.03888888888888889
0 0.20755208333333333 0.3851851851851852 0.049479166666666664 0.03888888888888889
0 0.23880208333333333 0.5935185185185186 0.030208333333333334 0.05185185185185185
0 0.11953125 0.5796296296296296 0.049479166666666664 0.04722222222222222
0 0.0640625 0.19490740740740742 0.058333333333333334 0.04537037037037037
0 0.28958333333333336 0.6416666666666667 0.044270833333333336 0.04259259259259259
0 0.20755208333333333 0.6833333333333333 0.04739583333333333 0.04259259259259259
0 0.9580729166666667 0.5574074074074075 0.052083333333333336 0.041666666666666664
0 0.33541666666666664 0.5560185185185185 0.044270833333333336 0.04537037037037037
0 0.05130208333333333 0.13518518518518519 0.057291666666666664 0.05092592592592592
0 0.5364583333333334 0.17037037037037037 0.0546875 0.06111111111111111
0 0.9067708333333333 0.6587962962962963 0.046875 0.03981481481481482
0 0.7942708333333334 0.4925925925925926 0.03854166666666667 0.05277777777777778
0 0.2833333333333333 0.4787037037037037 0.0515625 0.04537037037037037
0 0.8377604166666667 0.5611111111111111 0.05364583333333333 0.04259259259259259
0 0.9864583333333333 0.6611111111111111 0.026041666666666668 0.05462962962962963
0 0.74453125 0.3662037037037037 0.036458333333333336 0.06759259259259259
0 0.06979166666666667 0.25416666666666665 0.058854166666666666 0.04537037037037037
0 0.07083333333333333 0.4263888888888889 0.04791666666666667 0.06018518518518518
0 0.4140625 0.2 0.04791666666666667 0.06018518518518518
0 0.1234375 0.31157407407407406 0.050520833333333334 0.05462962962962963