1 0.18153364632237873 0.6259259259259259 0.03286384976525822 0.05740740740740741
0 0.4392279603547209 0.4777777777777778 0.050078247261345854 0.04722222222222222
0 0.7905581637976005 0.5828703703703704 0.05529473135106938 0.04351851851851852
0 0.266301512780386 0.45787037037037037 0.0505998956703182 0.044444444444444446
1 0.9243609806990088 0.6416666666666667 0.036515388628064686 0.05740740740740741
0 0.8716744913928013 0.3421296296296296 0.05425143453312467 0.04351851851851852
1 0.24726134585289514 0.6828703703703703 0.03442879499217527 0.06018518518518518
0 0.4094940010432968 0.5388888888888889 0.047991653625456446 0.04722222222222222
0 0.12702138758476786 0.42453703703703705 0.048513302034428794 0.03981481481481482
1 0.30255607720396455 0.23703703703703705 0.02034428794992175 0.05925925925925926
0 0.14606155451225875 0.5162037037037037 0.047991653625456446 0.05277777777777778
1 0.3633281168492436 0.2912037037037037 0.024517475221700575 0.058333333333333334
1 0.7211789254042775 0.08194444444444444 0.02608242044861763 0.06388888888888888
0 0.7582159624413145 0.5180555555555556 0.05738132498695879 0.05277777777777778
0 0.07407407407407407 0.5296296296296297 0.03129890453834116 0.06481481481481481
0 0.5279081898800209 0.5212962962962963 0.04747000521648409 0.04722222222222222
1 0.4327073552425665 0.27175925925925926 0.02764736567553469 0.06481481481481481
0 0.040166927490871154 0.42314814814814816 0.0495565988523735 0.04814814814814815
0 0.9222743870631195 0.5833333333333334 0.057902973395931145 0.04722222222222222
0 0.45461658841940533 0.6037037037037037 0.051643192488262914 0.046296296296296294
1 0.23969744392279604 0.3314814814814815 0.025039123630672927 0.06111111111111111
1 0.24413145539906103 0.37916666666666665 0.023474178403755867 0.06018518518518518
1 0.6836202399582681 0.29768518518518516 0.02138758476786646 0.06388888888888888
1 0.6499739175795514 0.7611111111111111 0.02764736567553469 0.05740740740740741
1 0.09546165884194054 0.6648148148148149 0.03755868544600939 0.05740740740740741
1 0.8422013562858633 0.6810185185185185 0.030777256129368807 0.06296296296296296
1 0.46739697443922795 0.3587962962962963 0.017214397496087636 0.05740740740740741
1 0.21387584767866458 0.7560185185185185 0.026604068857589983 0.053703703703703705
1 0.8651538862806468 0.3925925925925926 0.020865936358894107 0.04722222222222222
1 0.11580594679186229 0.3314814814814815 0.03338549817423057 0.0712962962962963
0 0.7665623369848722 0.6578703703703703 0.05425143453312467 0.044444444444444446
1 0.5018257694314032 0.33935185185185185 0.026604068857589983 0.07407407407407407
1 0.5756390193009912 0.24722222222222223 0.02556077203964528 0.06388888888888888
1 0.6205007824726134 0.2412037037037037 0.02034428794992175 0.06666666666666667
1 0.1486697965571205 0.30833333333333335 0.03442879499217527 0.06111111111111111
0 0.612415232133542 0.5023148148148148 0.02764736567553469 0.053703703703703705
1 0.04825247782994262 0.32731481481481484 0.027125717266562335 0.06481481481481481
1 0.5805946791862285 0.44166666666666665 0.03025560772039645 0.06111111111111111
1 0.5219092331768388 0.2847222222222222 0.02764736567553469 0.06851851851851852
1 0.30073030777256127 0.6703703703703704 0.030777256129368807 0.06666666666666667
1 0.8226395409494001 0.11898148148148148 0.019300991131977047 0.05925925925925926
1 0.6624934793948879 0.15601851851851853 0.01617110067814293 0.0712962962962963
1 0.33750652060511216 0.21296296296296297 0.017214397496087636 0.05740740740740741
1 0.7524778299426187 0.2439814814814815 0.027125717266562335 0.05740740740740741
1 0.6919666145018257 0.8657407407407407 0.028690662493479395 0.058333333333333334
1 0.28977569118414187 0.27314814814814814 0.03025560772039645 0.06481481481481481
1 0.2806468440271257 0.562037037037037 0.03182055294731351 0.06388888888888888
1 0.9564423578508086 0.14351851851851852 0.022952529994783515 0.06018518518518518
1 0.0837245696400626 0.29953703703703705 0.030777256129368807 0.05925925925925926
1 0.5717266562336984 0.850925925925926 0.03338549817423057 0.05462962962962963
1 0.5508607198748043 0.3578703703703704 0.019300991131977047 0.075
1 0.7916014606155451 0.2 0.028690662493479395 0.06759259259259259
0 0.24934793948878456 0.5166666666666667 0.03338549817423057 0.05648148148148148
1 0.3302034428794992 0.812962962962963 0.0297339593114241 0.05462962962962963
1 0.6585811163275952 0.25 0.02190923317683881 0.06018518518518518
1 0.647887323943662 0.30833333333333335 0.029212310902451747 0.06296296296296296
1 0.1596244131455399 0.825462962962963 0.03808033385498174 0.05648148148148148
1 0.7138758476786646 0.3861111111111111 0.02138758476786646 0.05462962962962963
0 0.7094418362023995 0.6148148148148148 0.0505998956703182 0.07037037037037037
1 0.6987480438184663 0.4199074074074074 0.01773604590505999 0.06666666666666667
1 0.11711006781429317 0.9162037037037037 0.0406885758998435 0.06481481481481481
1 0.20865936358894105 0.1398148148148148 0.02034428794992175 0.05648148148148148
1 0.856546687532603 0.22777777777777777 0.0297339593114241 0.058333333333333334
1 0.19300991131977047 0.15833333333333333 0.017214397496087636 0.05555555555555555
1 0.05920709441836203 0.23935185185185184 0.0297339593114241 0.05740740740740741
1 0.03781950965049557 0.2712962962962963 0.025039123630672927 0.04814814814814815
1 0.1585811163275952 0.7930555555555555 0.022952529994783515 0.05092592592592592
1 0.547470005216484 0.2125 0.023474178403755867 0.05277777777777778
1 0.38184663536776214 0.2074074074074074 0.020865936358894107 0.049074074074074076
1 0.9887845592070944 0.4375 0.022430881585811163 0.06111111111111111
1 0.7123109024517476 0.25601851851851853 0.019300991131977047 0.04814814814814815
1 0.6904016692749088 0.12685185185185185 0.019300991131977047 0.06574074074074074
1 0.019300991131977047 0.2013888888888889 0.02608242044861763 0.05277777777777778
1 0.6395409494001043 0.2675925925925926 0.02190923317683881 0.05925925925925926
1 0.3568075117370892 0.8703703703703703 0.0297339593114241 0.053703703703703705
1 0.9306207616066771 0.34675925925925927 0.02556077203964528 0.03981481481481482
1 0.9141888367240479 0.20277777777777778 0.030777256129368807 0.053703703703703705
1 0.1927490871152843 0.5962962962962963 0.03442879499217527 0.06018518518518518
0 0.018518518518518517 0.45555555555555555 0.037037037037037035 0.06388888888888888
1 0.856546687532603 0.4337962962962963 0.03234220135628586 0.08518518518518518
1 0.1134585289514867 0.25092592592592594 0.03547209181011998 0.05462962962962963
1 0.2094418362023996 0.23981481481481481 0.02034428794992175 0.04259259259259259
1 0.2420448617631716 0.28425925925925927 0.016692749087115284 0.05462962962962963
1 0.7206572769953051 0.8023148148148148 0.023995826812728223 0.04814814814814815
1 0.711528429838289 0.34675925925925927 0.029212310902451747 0.03518518518518519
1 0.15936358894105374 0.2013888888888889 0.0198226395409494 0.05
1 0.9238393322900366 0.37916666666666665 0.02764736567553469 0.05
1 0.2310902451747522 0.17453703703703705 0.02608242044861763 0.06296296296296296
1 0.9217527386541471 0.16064814814814815 0.03025560772039645 0.037037037037037035
1 0.6964006259780907 0.18564814814814815 0.01773604590505999 0.062037037037037036
1 0.10876369327073553 0.2064814814814815 0.018257694314032343 0.03518518518518519
1 0.603547209181012 0.17824074074074073 0.01564945226917058 0.049074074074074076
1 0.45539906103286387 0.23796296296296296 0.022430881585811163 0.03425925925925926
1 0.4139280125195618 0.20601851851851852 0.014606155451225874 0.03888888888888889
1 0.014606155451225874 0.13055555555555556 0.026604068857589983 0.09166666666666666
1 0.33724569640062596 0.9402777777777778 0.03442879499217527 0.05555555555555555
1 0.9726134585289515 0.05416666666666667 0.017214397496087636 0.0712962962962963
1 0.8612415232133542 0.18472222222222223 0.03182055294731351 0.040740740740740744
1 0.6737089201877934 0.06805555555555555 0.027125717266562335 0.07222222222222222
1 0.5751173708920188 0.8916666666666667 0.028169014084507043 0.049074074074074076
1 0.2323943661971831 0.2337962962962963 0.02190923317683881 0.05462962962962963
1 0.33411580594679186 0.18101851851851852 0.013041210224308816 0.037037037037037035
1 0.587376108502869 0.34120370370370373 0.028690662493479395 0.044444444444444446
1 0.5782472613458529 0.7555555555555555 0.03025560772039645 0.049074074074074076