0 0.09427083333333333 0.4236111111111111 0.05 0.06574074074074074
0 0.35 0.47962962962962963 0.04583333333333333 0.04722222222222222
0 0.13854166666666667 0.5212962962962963 0.052083333333333336 0.05925925925925926
0 0.32526041666666666 0.38333333333333336 0.044270833333333336 0.053703703703703705
0 0.5036458333333333 0.4305555555555556 0.04114583333333333 0.06296296296296296
0 0.5291666666666667 0.3731481481481482 0.03333333333333333 0.06851851851851852
1 0.4765625 0.1685185185185185 0.013020833333333334 0.062037037037037036
0 0.9447916666666667 0.3486111111111111 0.040625 0.040740740740740744
0 0.53359375 0.3087962962962963 0.0421875 0.044444444444444446
0 0.79609375 0.2967592592592593 0.04895833333333333 0.03518518518518519
0 0.12994791666666666 0.28379629629629627 0.046875 0.049074074074074076
0 0.06979166666666667 0.5717592592592593 0.052083333333333336 0.04722222222222222
0 0.08020833333333334 0.6546296296296297 0.05260416666666667 0.046296296296296294
0 0.3067708333333333 0.6967592592592593 0.051041666666666666 0.05185185185185185
0 0.02109375 0.33796296296296297 0.040625 0.04537037037037037
0 0.9661458333333334 0.38472222222222224 0.051041666666666666 0.04259259259259259
0 0.0328125 0.7287037037037037 0.05 0.05555555555555555
1 0.45859375 0.16574074074074074 0.009895833333333333 0.03796296296296296
0 0.6927083333333334 0.38796296296296295 0.0484375 0.044444444444444446