1 0.8442879499217527 0.6365740740740741 0.03338549817423057 0.06388888888888888
1 0.9447052686489307 0.7291666666666666 0.02556077203964528 0.06111111111111111
1 0.7347417840375586 0.6564814814814814 0.028169014084507043 0.07592592592592592
1 0.3338549817423057 0.6717592592592593 0.02556077203964528 0.07037037037037037
1 0.3988002086593636 0.6611111111111111 0.026604068857589983 0.06481481481481481
1 0.30568596765779865 0.7893518518518519 0.022952529994783515 0.06296296296296296
1 0.08242044861763172 0.6236111111111111 0.026604068857589983 0.046296296296296294
0 0.6481481481481481 0.5574074074074075 0.04225352112676056 0.06388888888888888
1 0.639019300991132 0.6675925925925926 0.022952529994783515 0.05
0 0.5346896191966615 0.5393518518518519 0.05372978612415232 0.05185185185185185
1 0.8182055294731351 0.6888888888888889 0.028169014084507043 0.06388888888888888
1 0.7000521648408973 0.624537037037037 0.030777256129368807 0.044444444444444446
1 0.018518518518518517 0.7541666666666667 0.028169014084507043 0.06851851851851852
1 0.7183098591549296 0.7717592592592593 0.018779342723004695 0.06018518518518518
1 0.3455920709441836 0.7888888888888889 0.02034428794992175 0.06296296296296296
1 0.4937402190923318 0.7564814814814815 0.022430881585811163 0.062037037037037036
1 0.8797600417318727 0.6967592592592593 0.023995826812728223 0.05925925925925926
1 0.5764214919144497 0.6805555555555556 0.019300991131977047 0.05740740740740741
1 0.8993218570683359 0.6208333333333333 0.041731872717788214 0.09074074074074075
1 0.5440792905581638 0.7597222222222222 0.023474178403755867 0.058333333333333334
1 0.9034950443401147 0.7435185185185185 0.02190923317683881 0.05092592592592592
1 0.1958789775691184 0.6189814814814815 0.02138758476786646 0.06111111111111111
1 0.017475221700573813 0.5916666666666667 0.03338549817423057 0.06851851851851852
1 0.4254042775169536 0.7314814814814815 0.02608242044861763 0.05462962962962963
1 0.1697965571205008 0.7050925925925926 0.0297339593114241 0.06574074074074074
1 0.11319770474700053 0.6953703703703704 0.03129890453834116 0.05648148148148148
1 0.2597809076682316 0.8768518518518519 0.0198226395409494 0.06759259259259259
1 0.4603547209181012 0.027777777777777776 0.022952529994783515 0.05277777777777778
1 0.2005738132498696 0.6754629629629629 0.019300991131977047 0.06018518518518518
1 0.38341158059467917 0.8212962962962963 0.022430881585811163 0.075
1 0.8583724569640062 0.7685185185185185 0.02764736567553469 0.05555555555555555
1 0.16953573291601462 0.8537037037037037 0.024517475221700575 0.08148148148148149
1 0.2222222222222222 0.8481481481481481 0.022430881585811163 0.05925925925925926
1 0.5119979134063641 0.6601851851851852 0.014606155451225874 0.06388888888888888
1 0.8140323422013563 0.774537037037037 0.0297339593114241 0.062037037037037036
1 0.7772561293688054 0.8074074074074075 0.020865936358894107 0.04259259259259259
1 0.9697443922796035 0.7814814814814814 0.02034428794992175 0.05185185185185185
1 0.0693792383933229 0.8333333333333334 0.024517475221700575 0.06481481481481481
1 0.28169014084507044 0.8180555555555555 0.02556077203964528 0.058333333333333334
1 0.041992696922274385 0.8439814814814814 0.024517475221700575 0.07314814814814814
1 0.12441314553990611 0.812037037037037 0.02608242044861763 0.06851851851851852
1 0.1011997913406364 0.7648148148148148 0.024517475221700575 0.05462962962962963
1 0.7258737610850287 0.700925925925926 0.03547209181011998 0.049074074074074076
1 0.6465832029212311 0.0837962962962963 0.026604068857589983 0.06759259259259259
1 0.6945748565466875 0.788425925925926 0.02608242044861763 0.07407407407407407
1 0.11476264997391758 0.8550925925925926 0.01617110067814293 0.044444444444444446
1 0.7094418362023995 0.11481481481481481 0.0297339593114241 0.06481481481481481
0 0.15779864371413668 0.3675925925925926 0.06207616066770996 0.07037037037037037
1 0.09520083463745435 0.09444444444444444 0.02608242044861763 0.058333333333333334
1 0.8583724569640062 0.14305555555555555 0.03599374021909233 0.08148148148148149
1 0.6476264997391757 0.7069444444444445 0.03025560772039645 0.03888888888888889
1 0.0639019300991132 0.9416666666666667 0.01564945226917058 0.07037037037037037