0 0.89501953125 0.6500244140625 0.052032470703125 0.050187301635742185
1 0.34521484375 0.4071319580078125 0.0295867919921875 0.06971511840820313
1 0.8623046875 0.391314697265625 0.0299224853515625 0.08022384643554688
0 0.87451171875 0.592822265625 0.050811767578125 0.04661216735839844
1 0.84765625 0.472784423828125 0.0325927734375 0.061914825439453126
0 0.05877685546875 0.62142333984375 0.045013427734375 0.06321487426757813
1 0.2998046875 0.31634521484375 0.02447509765625 0.0665191650390625
1 0.46484375 0.314178466796875 0.01751708984375 0.06603164672851562
0 0.4230317524359118 0.5914995143022489 0.036850869349124175 0.06624832153320317
1 0.7978515625 0.4344329833984375 0.03204345703125 0.06240234375
0 0.57421875 0.580255126953125 0.030731201171875 0.06700668334960938
0 0.2327880859375 0.523052978515625 0.05145263671875 0.04661216735839844
1 0.1766357421875 0.953369140625 0.037261962890625 0.06381072998046874
1 0.6201171875 0.786529541015625 0.03125 0.0565521240234375
1 0.6552734375 0.20724945068359374 0.0181884765625 0.07784042358398438
0 0.25244140625 0.661724853515625 0.0504150390625 0.062131500244140624
1 0.216796875 0.3893646240234375 0.0369873046875 0.062835693359375
1 0.53466796875 0.3065948486328125 0.0259552001953125 0.07166519165039062
1 0.62890625 0.2948944091796875 0.0262603759765625 0.055902099609375
1 0.338623046875 0.338446044921875 0.021087646484375 0.06613998413085938
1 0.669921875 0.360113525390625 0.024383544921875 0.06500244140625
1 0.900390625 0.3200286865234375 0.0313720703125 0.06516494750976562
1 0.09234619140625 0.3295623779296875 0.0289764404296875 0.059748077392578126
1 0.7041015625 0.305511474609375 0.0241851806640625 0.0639190673828125
1 0.1436767578125 0.249176025390625 0.017181396484375 0.06310653686523438
1 0.7294921875 0.19099884033203124 0.0257110595703125 0.058502197265625
1 0.619140625 0.3854644775390625 0.01525115966796875 0.028330230712890626
1 0.56640625 0.3356292724609375 0.026702880859375 0.06007308959960937
1 0.92578125 0.20941619873046874 0.025665283203125 0.06180648803710938
1 0.689453125 0.836798095703125 0.03240966796875 0.053924942016601564
0 0.7265625 0.587188720703125 0.036285400390625 0.04712677001953125
0 0.64892578125 0.642657470703125 0.047149658203125 0.046774673461914065
1 0.58447265625 0.269110107421875 0.0192718505859375 0.05232696533203125
1 0.9609375 0.3997650146484375 0.03173828125 0.06359405517578125
1 0.2401123046875 0.2792938232421875 0.02423095703125 0.0682525634765625
1 0.69580078125 0.22447509765625 0.018798828125 0.070635986328125
1 0.53076171875 0.94036865234375 0.0330810546875 0.0537353515625
0 0.74462890625 0.52261962890625 0.033660888671875 0.058502197265625
1 0.541015625 0.37181396484375 0.026153564453125 0.07166519165039062
1 0.496826171875 0.3702972412109375 0.025177001953125 0.06852340698242188
1 0.1710205078125 0.34927978515625 0.0343017578125 0.07101516723632813
1 0.611328125 0.339312744140625 0.0199432373046875 0.06343154907226563
1 0.1678466796875 0.287744140625 0.02630615234375 0.06624832153320312
0 0.248046875 0.486651611328125 0.047698974609375 0.055902099609375
1 0.1048583984375 0.2987945556640625 0.025177001953125 0.06814422607421874
1 0.7431640625 0.26087646484375 0.0263519287109375 0.07626953125
1 0.0217437744140625 0.38048095703125 0.028594970703125 0.06765670776367187
1 0.87451171875 0.205841064453125 0.02001953125 0.051839447021484374
1 0.70556640625 0.880999755859375 0.034759521484375 0.05709381103515625
1 0.1900634765625 0.2645599365234375 0.021209716796875 0.065869140625
1 0.037384033203125 0.29901123046875 0.0255126953125 0.04980812072753906
1 0.07183837890625 0.305511474609375 0.0304412841796875 0.060289764404296876
0 0.962890625 0.58675537109375 0.050323486328125 0.05601043701171875
1 0.88427734375 0.2303253173828125 0.0225067138671875 0.06727752685546876
1 0.685546875 0.91956787109375 0.0306243896484375 0.054358291625976565
1 0.058349609375 0.354913330078125 0.0274810791015625 0.06142730712890625
1 0.2230224609375 0.345379638671875 0.032470703125 0.06624832153320312
1 0.216796875 0.3403961181640625 0.0153045654296875 0.030957412719726563
1 0.8232421875 0.35274658203125 0.02288818359375 0.03512840270996094
1 0.8197332140994114 0.9596560846560848 0.03875102466651759 0.07010582010582017
1 0.7172665623369848 0.4345238095238097 0.014159028243535269 0.05952380952380957
1 0.7090692301959909 0.39814814814814825 0.0186303003204412 0.05820105820105823
1 0.8778597510991879 0.4966931216931218 0.014904240256352983 0.08068783068783066
1 0.89697265625 0.1094207763671875 0.0220794677734375 0.07209854125976563