1 0.18648930620761606 0.2662037037037037 0.03442879499217527 0.058333333333333334
1 0.12310902451747523 0.2587962962962963 0.03234220135628586 0.05185185185185185
0 0.25299947835159103 0.4046296296296296 0.06103286384976526 0.04722222222222222
0 0.4405320813771518 0.44305555555555554 0.046948356807511735 0.046296296296296294
1 0.5093896713615024 0.11574074074074074 0.03495044340114763 0.06481481481481481
1 0.09181011997913406 0.07592592592592592 0.03912363067292645 0.06574074074074074
1 0.0341679707876891 0.1375 0.0406885758998435 0.06388888888888888
1 0.27256129368805426 0.3060185185185185 0.03442879499217527 0.05277777777777778
1 0.43740219092331767 0.5648148148148148 0.027125717266562335 0.05092592592592592
0 0.11658841940532082 0.36203703703703705 0.058424621804903494 0.05
1 0.6525821596244131 0.6365740740740741 0.027125717266562335 0.04351851851851852
1 0.9637454355764214 0.13240740740740742 0.03182055294731351 0.06481481481481481
1 0.396452790818988 0.2777777777777778 0.03338549817423057 0.058333333333333334
1 0.8568075117370892 0.2310185185185185 0.027125717266562335 0.04351851851851852
1 0.13041210224308816 0.5125 0.025039123630672927 0.06111111111111111
1 0.5615545122587376 0.6273148148148148 0.029212310902451747 0.06666666666666667
1 0.8252477829942618 0.7013888888888888 0.02034428794992175 0.05277777777777778
1 0.011215440792905582 0.42592592592592593 0.022430881585811163 0.062037037037037036
1 0.7451747522170057 0.6393518518518518 0.025039123630672927 0.05185185185185185
0 0.3763693270735524 0.4787037037037037 0.04434011476264997 0.05277777777777778
1 0.3174230568596766 0.32083333333333336 0.02556077203964528 0.06481481481481481
1 0.26604068857589985 0.16064814814814815 0.02556077203964528 0.05185185185185185
1 0.03129890453834116 0.6125 0.027125717266562335 0.04537037037037037
1 0.023995826812728223 0.4550925925925926 0.03234220135628586 0.049074074074074076
1 0.02112676056338028 0.04398148148148148 0.04225352112676056 0.058333333333333334
1 0.9316640584246219 0.6509259259259259 0.03182055294731351 0.05740740740740741
1 0.7402190923317684 0.7666666666666667 0.023995826812728223 0.05462962962962963
1 0.34376630151278037 0.674074074074074 0.022952529994783515 0.06666666666666667
1 0.4937402190923318 0.6615740740740741 0.023474178403755867 0.05925925925925926
1 0.8698487219613981 0.7550925925925925 0.025039123630672927 0.05185185185185185
1 0.3823682837767345 0.337037037037037 0.027125717266562335 0.06388888888888888
1 0.9548774126238915 0.7166666666666667 0.03338549817423057 0.05648148148148148
1 0.3868022952529995 0.7212962962962963 0.02190923317683881 0.06296296296296296
1 0.6507563901930099 0.7550925925925925 0.02190923317683881 0.06111111111111111
1 0.18127282211789253 0.5856481481481481 0.02190923317683881 0.06944444444444445
1 0.9715701617110067 0.6606481481481481 0.030777256129368807 0.05
1 0.44340114762649974 0.711574074074074 0.023995826812728223 0.058333333333333334
1 0.8382889932185706 0.6726851851851852 0.030777256129368807 0.05740740740740741
1 0.41158059467918623 0.7518518518518519 0.02190923317683881 0.05092592592592592
1 0.3907146583202921 0.07453703703703704 0.022430881585811163 0.06296296296296296
1 0.05086071987480438 0.6703703703703704 0.024517475221700575 0.0712962962962963
1 0.6392801251956182 0.6902777777777778 0.018779342723004695 0.06111111111111111
1 0.2699530516431925 0.19722222222222222 0.02190923317683881 0.06574074074074074
1 0.5727699530516432 0.7402777777777778 0.02034428794992175 0.06574074074074074
1 0.2631716223265519 0.11064814814814815 0.03234220135628586 0.05555555555555555
0 0.9444444444444444 0.2462962962962963 0.03912363067292645 0.07037037037037037
1 0.207094418362024 0.6930555555555555 0.028690662493479395 0.05277777777777778
1 0.29786124152321336 0.7263888888888889 0.025039123630672927 0.03611111111111111
1 0.5552947313510693 0.6800925925925926 0.02138758476786646 0.062037037037037036
1 0.0396452790818988 0.5430555555555555 0.028690662493479395 0.05925925925925926
1 0.3701095461658842 0.21064814814814814 0.018257694314032343 0.06018518518518518
1 0.16171100678142933 0.8180555555555555 0.02608242044861763 0.06481481481481481
1 0.9514866979655712 0.7671296296296296 0.03025560772039645 0.05
1 0.7837767344809599 0.3523148148148148 0.025039123630672927 0.06481481481481481
1 0.8009911319770475 0.7666666666666667 0.026604068857589983 0.06111111111111111
1 0.6883150756390193 0.7037037037037037 0.02556077203964528 0.06481481481481481
1 0.32133541992696923 0.586574074074074 0.028690662493479395 0.04259259259259259
1 0.8784559207094418 0.7222222222222222 0.017214397496087636 0.03981481481481482
1 0.10485133020344288 0.8231481481481482 0.024517475221700575 0.04814814814814815
1 0.7078768909754826 0.7958333333333333 0.026604068857589983 0.05092592592592592
1 0.1752738654147105 0.7185185185185186 0.028169014084507043 0.053703703703703705
1 0.2412623891497131 0.7449074074074075 0.025039123630672927 0.06296296296296296
1 0.3941053729786124 0.022222222222222223 0.028690662493479395 0.04351851851851852
1 0.2436098069900887 0.5722222222222222 0.022430881585811163 0.06481481481481481
1 0.30359937402190923 0.7782407407407408 0.027125717266562335 0.07222222222222222
1 0.6311945748565467 0.7074074074074074 0.023474178403755867 0.06388888888888888
1 0.28664580073030776 0.625 0.025039123630672927 0.07222222222222222
1 0.12597809076682315 0.19027777777777777 0.03182055294731351 0.06111111111111111
1 0.25821596244131456 0.7226851851851852 0.02190923317683881 0.04351851851851852
1 0.7809076682316118 0.6884259259259259 0.018779342723004695 0.05462962962962963
1 0.23135106937923838 0.5902777777777778 0.017214397496087636 0.053703703703703705
1 0.05607720396452791 0.8384259259259259 0.03442879499217527 0.06851851851851852
1 0.2490871152842984 0.6041666666666666 0.016692749087115284 0.05925925925925926
1 0.9517475221700574 0.8157407407407408 0.03390714658320292 0.06111111111111111
1 0.9647887323943662 0.18009259259259258 0.036515388628064686 0.08148148148148149
1 0.22509128847157017 0.850925925925926 0.02138758476786646 0.06666666666666667
1 0.2743870631194575 0.6550925925925926 0.01617110067814293 0.04259259259259259
1 0.14397496087636932 0.7541666666666667 0.023995826812728223 0.06296296296296296
1 0.3114241001564945 0.8953703703703704 0.018779342723004695 0.06666666666666667
1 0.8448095983307251 0.7865740740740741 0.0198226395409494 0.044444444444444446
1 0.2686489306207616 0.8564814814814815 0.03338549817423057 0.0824074074074074
1 0.10302556077203964 0.7763888888888889 0.018257694314032343 0.062037037037037036
1 0.12832550860719874 0.6763888888888889 0.02190923317683881 0.06944444444444445
0 0.035211267605633804 0.3648148148148148 0.04747000521648409 0.05555555555555555
1 0.6108502869066249 0.37037037037037035 0.02190923317683881 0.06296296296296296