0 0.1754150390625 0.5004340277777778 0.0416259765625 0.058159722222222224
1 0.72265625 0.3029513888888889 0.0247039794921875 0.0823025173611111
0 0.8896484375 0.4552951388888889 0.0303802490234375 0.059733072916666664
0 0.53515625 0.6106770833333334 0.0472412109375 0.062337239583333336
0 0.537109375 0.4299045138888889 0.03662109375 0.06260850694444445
0 0.75 0.66796875 0.05023193359375 0.05113389756944445
0 0.39208984375 0.3962673611111111 0.047088623046875 0.055257161458333336
0 0.1124267578125 0.3444010416666667 0.04681396484375 0.044840494791666664
0 0.74365234375 0.3899739583333333 0.04638671875 0.04562717013888889
0 0.75341796875 0.5824652777777778 0.049224853515625 0.049506293402777776
0 0.345458984375 0.6371527777777778 0.055816650390625 0.046142578125
0 0.03271484375 0.5694444444444444 0.0526123046875 0.04739040798611111
0 0.2095947265625 0.365234375 0.0225830078125 0.04942491319444445
0 0.70703125 0.4713541666666667 0.044281005859375 0.04408094618055555
0 0.8037109375 0.5069444444444444 0.047607421875 0.04774305555555555
0 0.07366943359375 0.2864583333333333 0.042572021484375 0.03683810763888889
0 0.01406097412109375 0.3643663194444444 0.028656005859375 0.038655598958333336