0 0.29713541666666665 0.5648148148148148 0.049479166666666664 0.04537037037037037
0 0.4583333333333333 0.399537037037037 0.05 0.03981481481481482
0 0.7158854166666667 0.6583333333333333 0.043229166666666666 0.04537037037037037
0 0.6114583333333333 0.5074074074074074 0.049479166666666664 0.044444444444444446
0 0.8276041666666667 0.6601851851851852 0.046875 0.04259259259259259
0 0.7286458333333333 0.6050925925925926 0.046875 0.049074074074074076
0 0.46953125 0.4912037037037037 0.05 0.04351851851851852
0 0.5127604166666667 0.5601851851851852 0.04375 0.04351851851851852
0 0.28125 0.37407407407407406 0.0265625 0.05185185185185185
0 0.5552083333333333 0.6314814814814815 0.042708333333333334 0.04814814814814815
0 0.92734375 0.4726851851851852 0.04635416666666667 0.053703703703703705
0 0.5536458333333333 0.8425925925925926 0.017708333333333333 0.04722222222222222
0 0.3963541666666667 0.10416666666666667 0.029166666666666667 0.05277777777777778