1 0.19014084507042253 0.8064814814814815 0.03495044340114763 0.06018518518518518
1 0.6254564423578508 0.4263888888888889 0.027125717266562335 0.06296296296296296
1 0.5936358894105372 0.3912037037037037 0.023474178403755867 0.06574074074074074
1 0.12128325508607199 0.7055555555555556 0.038601982263954095 0.06481481481481481
0 0.454094940010433 0.46574074074074073 0.047991653625456446 0.04351851851851852
1 0.6108502869066249 0.20092592592592592 0.022430881585811163 0.06296296296296296
1 0.6859676577986437 0.7981481481481482 0.02034428794992175 0.05092592592592592
0 0.6964006259780907 0.5388888888888889 0.054773082942097026 0.049074074074074076
1 0.3763693270735524 0.8513888888888889 0.028169014084507043 0.05740740740740741
0 0.645018257694314 0.6819444444444445 0.0406885758998435 0.06111111111111111
1 0.3367240479916536 0.3902777777777778 0.030777256129368807 0.05925925925925926
1 0.3951486697965571 0.9273148148148148 0.03025560772039645 0.05277777777777778
1 0.04434011476264997 0.36898148148148147 0.028169014084507043 0.07222222222222222
1 0.4251434533124674 0.2763888888888889 0.023995826812728223 0.07592592592592592
1 0.752999478351591 0.2574074074074074 0.028690662493479395 0.05648148148148148
1 0.17266562336984873 0.16944444444444445 0.02190923317683881 0.05555555555555555
1 0.8252477829942618 0.3037037037037037 0.03338549817423057 0.06944444444444445
1 0.6439749608763693 0.25601851851851853 0.023474178403755867 0.05925925925925926
1 0.8492436098069901 0.33287037037037037 0.030777256129368807 0.06759259259259259
1 0.5855503390714658 0.2791666666666667 0.02190923317683881 0.05277777777777778
1 0.8873239436619719 0.21342592592592594 0.02190923317683881 0.06481481481481481
1 0.6927490871152843 0.32916666666666666 0.02034428794992175 0.06574074074074074
1 0.5459050599895671 0.36712962962962964 0.02190923317683881 0.06574074074074074
1 0.3137715179968701 0.2152777777777778 0.0198226395409494 0.06666666666666667
1 0.834376630151278 0.7212962962962963 0.03755868544600939 0.05555555555555555
1 0.9522691705790297 0.053703703703703705 0.01617110067814293 0.06851851851851852
1 0.6932707355242567 0.25925925925925924 0.01773604590505999 0.06296296296296296
1 0.23943661971830985 0.35833333333333334 0.022430881585811163 0.06666666666666667
1 0.8158581116327596 0.3736111111111111 0.025039123630672927 0.062037037037037036
1 0.8169014084507042 0.4513888888888889 0.030777256129368807 0.06388888888888888
1 0.5526864893062076 0.28055555555555556 0.020865936358894107 0.04259259259259259
1 0.10224308815858112 0.2949074074074074 0.02556077203964528 0.06111111111111111
1 0.4637454355764215 0.3 0.026604068857589983 0.041666666666666664
1 0.9546165884194053 0.30092592592592593 0.03547209181011998 0.075
1 0.9903495044340115 0.11990740740740741 0.018257694314032343 0.05925925925925926
0 0.8414188836724048 0.5476851851851852 0.05738132498695879 0.05277777777777778
1 0.6864893062076161 0.12083333333333333 0.025039123630672927 0.07222222222222222
1 0.036776212832550864 0.22083333333333333 0.036515388628064686 0.07314814814814814
1 0.7871674491392802 0.2064814814814815 0.01773604590505999 0.046296296296296294
0 0.9321857068335941 0.6694444444444444 0.051643192488262914 0.05277777777777778
1 0.7631716223265519 0.37916666666666665 0.02190923317683881 0.06759259259259259
1 0.7816901408450704 0.44907407407407407 0.03808033385498174 0.06759259259259259
1 0.8852373500260824 0.1574074074074074 0.018779342723004695 0.06666666666666667
1 0.9209702660406885 0.20555555555555555 0.023995826812728223 0.06481481481481481
1 0.7167449139280125 0.649074074074074 0.028169014084507043 0.05555555555555555
1 0.7900365153886281 0.4162037037037037 0.019300991131977047 0.05
1 0.8309859154929577 0.1398148148148148 0.018257694314032343 0.05925925925925926
1 0.20996348461137193 0.674074074074074 0.03182055294731351 0.053703703703703705
1 0.8448095983307251 0.41759259259259257 0.023474178403755867 0.06851851851851852
1 0.2540427751695357 0.2708333333333333 0.02764736567553469 0.06388888888888888
1 0.016692749087115284 0.8337962962962963 0.03338549817423057 0.053703703703703705
1 0.8823682837767345 0.40555555555555556 0.024517475221700575 0.06296296296296296
1 0.8959311424100157 0.3277777777777778 0.02764736567553469 0.058333333333333334
1 0.09233176838810642 0.16620370370370371 0.022430881585811163 0.062037037037037036
1 0.7803860198226396 0.29444444444444445 0.02190923317683881 0.05555555555555555
1 0.37063119457485655 0.33796296296296297 0.0297339593114241 0.06111111111111111
1 0.9893062076160668 0.19212962962962962 0.02034428794992175 0.08888888888888889
1 0.5258215962441315 0.9638888888888889 0.02764736567553469 0.05462962962962963
1 0.7501304121022431 0.13194444444444445 0.022430881585811163 0.05740740740740741
1 0.3854981742305686 0.25046296296296294 0.024517475221700575 0.05740740740740741
1 0.21570161711006783 0.3143518518518518 0.022952529994783515 0.05648148148148148
1 0.6249347939488784 0.3287037037037037 0.014606155451225874 0.05740740740740741
1 0.8242044861763171 0.18425925925925926 0.02034428794992175 0.06296296296296296
0 0.8205529473135107 0.600925925925926 0.04329681794470527 0.06018518518518518
1 0.5391236306729265 0.22268518518518518 0.02190923317683881 0.07592592592592592
1 0.7357850808555034 0.21805555555555556 0.025039123630672927 0.04351851851851852
1 0.7313510693792384 0.4791666666666667 0.03129890453834116 0.053703703703703705
1 0.6880542514345331 0.8412037037037037 0.023474178403755867 0.07037037037037037
1 0.7816901408450704 0.6217592592592592 0.02556077203964528 0.05
1 0.323943661971831 0.25046296296296294 0.02764736567553469 0.05740740740740741
0 0.8022952529994783 0.5523148148148148 0.02608242044861763 0.041666666666666664
1 0.21387584767866458 0.2550925925925926 0.025039123630672927 0.06388888888888888
1 0.18883672404799165 0.2222222222222222 0.025039123630672927 0.06574074074074074
1 0.7962962962962963 0.325 0.03129890453834116 0.06759259259259259
1 0.7279603547209181 0.3972222222222222 0.02608242044861763 0.058333333333333334
1 0.8607198748043818 0.2708333333333333 0.028690662493479395 0.04351851851851852
1 0.5101721439749609 0.1986111111111111 0.013041210224308816 0.05925925925925926
1 0.9027125717266562 0.29305555555555557 0.03495044340114763 0.05925925925925926
1 0.5229525299947835 0.6601851851851852 0.022952529994783515 0.041666666666666664
1 0.672926447574335 0.22685185185185186 0.018257694314032343 0.049074074074074076
1 0.6601460615545123 0.950925925925926 0.028169014084507043 0.06944444444444445
0 0.7329160146061554 0.5277777777777778 0.048513302034428794 0.058333333333333334
1 0.5336463223787168 0.3347222222222222 0.015127803860198226 0.05740740740740741
1 0.2934272300469484 0.3476851851851852 0.029212310902451747 0.06666666666666667
0 0.9681794470526864 0.08842592592592592 0.03182055294731351 0.06574074074074074
1 0.2676056338028169 0.20462962962962963 0.03182055294731351 0.06759259259259259
1 0.3758476786645801 0.4064814814814815 0.018257694314032343 0.041666666666666664
1 0.35811163275952007 0.2884259259259259 0.023474178403755867 0.06296296296296296