1 0.87255859375 0.30941162109375 0.027008056640625 0.061914825439453126
1 0.5185546875 0.377880859375 0.027740478515625 0.06787338256835937
1 0.767578125 0.4318328857421875 0.033477783203125 0.06402740478515626
1 0.591796875 0.77742919921875 0.0301513671875 0.0513519287109375
0 0.80908203125 0.591522216796875 0.054901123046875 0.042441177368164065
1 0.310791015625 0.403448486328125 0.0217437744140625 0.06624832153320312
0 0.1689453125 0.6517578125 0.053009033203125 0.0647857666015625
1 0.83544921875 0.501385498046875 0.03228759765625 0.06711502075195312
1 0.6435546875 0.360113525390625 0.0162811279296875 0.06272735595703124
1 0.7919921875 0.96290283203125 0.0390625 0.05861053466796875
1 0.5087890625 0.30594482421875 0.0265045166015625 0.06879425048828125
0 0.48681640625 0.563787841796875 0.0285491943359375 0.05557708740234375
0 0.89990234375 0.58155517578125 0.0509033203125 0.062131500244140624
1 0.436279296875 0.3130950927734375 0.0224609375 0.06180648803710938
0 0.32666015625 0.59368896484375 0.053497314453125 0.04988937377929688
1 0.275634765625 0.3135284423828125 0.026611328125 0.06223983764648437
1 0.5859375 0.3828643798828125 0.0169830322265625 0.032122039794921876
1 0.68310546875 0.3087615966796875 0.0216522216796875 0.061914825439453126
1 0.8203125 0.466717529296875 0.0271759033203125 0.060289764404296876
1 0.315185546875 0.3360626220703125 0.0276336669921875 0.059964752197265624
1 0.93505859375 0.3941314697265625 0.02532958984375 0.0639190673828125
1 0.0316162109375 0.353179931640625 0.02880859375 0.06121063232421875
0 0.5556640625 0.627490234375 0.04779052734375 0.04436416625976562
1 0.662109375 0.83636474609375 0.035552978515625 0.04886016845703125
1 0.71875 0.260009765625 0.027008056640625 0.07767791748046875
0 0.6806640625 0.50615234375 0.0305633544921875 0.048508071899414064
0 0.167724609375 0.526519775390625 0.052825927734375 0.04292869567871094
1 0.63037109375 0.21374969482421874 0.0225372314453125 0.0780029296875
1 0.1494140625 0.3559967041015625 0.0282135009765625 0.0608856201171875
1 0.658203125 0.91610107421875 0.024749755859375 0.0582855224609375
1 0.47021484375 0.3663970947265625 0.0191650390625 0.06711502075195312
1 0.54052734375 0.332379150390625 0.0255126953125 0.06272735595703124
1 0.8564453125 0.226641845703125 0.0283355712890625 0.06917343139648438
1 0.14306640625 0.95076904296875 0.034759521484375 0.062131500244140624
1 0.1798095703125 0.383514404296875 0.02655029296875 0.061102294921875
1 0.6796875 0.4270660400390625 0.0276336669921875 0.06765670776367187
1 0.60595703125 0.2935943603515625 0.0272216796875 0.05806884765625
1 0.50439453125 0.94383544921875 0.02630615234375 0.053329086303710936
0 0.65771484375 0.576788330078125 0.0323486328125 0.0322845458984375
0 0.1827392578125 0.48275146484375 0.0296478271484375 0.06749420166015625
1 0.0726318359375 0.327178955078125 0.0297088623046875 0.06240234375
1 0.19873046875 0.3507965087890625 0.0313720703125 0.06332321166992187
1 0.217041015625 0.277777099609375 0.0214080810546875 0.06299819946289062
1 0.13525390625 0.315045166015625 0.0225067138671875 0.049049758911132814
1 0.90771484375 0.20226593017578126 0.021240234375 0.06223983764648437
1 0.1676025390625 0.262176513671875 0.0240478515625 0.06538162231445313
1 0.6748046875 0.22046661376953125 0.018585205078125 0.07914047241210938
1 0.5869140625 0.3356292724609375 0.0193023681640625 0.06500244140625
1 0.2080078125 0.30941162109375 0.0255584716796875 0.06613998413085938
1 0.12042236328125 0.2441925048828125 0.020965576171875 0.06527328491210938
1 0.6796875 0.8753662109375 0.03302001953125 0.052814483642578125
1 0.14453125 0.28341064453125 0.0287017822265625 0.0647857666015625
1 0.802734375 0.3499298095703125 0.01971435546875 0.035480499267578125
1 0.7119140625 0.1835235595703125 0.0259552001953125 0.061102294921875
0 0.7998046875 0.64742431640625 0.049774169921875 0.04766845703125
1 0.56396484375 0.2686767578125 0.0150146484375 0.05251655578613281