1 0.150634765625 0.8337646484375 0.038238525390625 0.05806884765625
1 0.6064453125 0.35968017578125 0.023651123046875 0.06310653686523438
0 0.3525390625 0.574188232421875 0.0310821533203125 0.05601043701171875
1 0.5107421875 0.417315673828125 0.0224609375 0.07399444580078125
1 0.6748046875 0.3980316162109375 0.0181884765625 0.068035888671875
1 0.1943359375 0.672991943359375 0.03314208984375 0.058502197265625
1 0.859375 0.809930419921875 0.03143310546875 0.06467742919921875
1 0.45751953125 0.849365234375 0.0364990234375 0.05262489318847656
0 0.21435546875 0.47581787109375 0.051849365234375 0.04328079223632812
1 0.089599609375 0.4298828125 0.0352783203125 0.05666046142578125
1 0.65576171875 0.20053253173828126 0.0179901123046875 0.07047348022460938
1 0.035614013671875 0.4105987548828125 0.03582763671875 0.06343154907226563
1 0.034820556640625 0.77742919921875 0.033782958984375 0.05926055908203125
0 0.787109375 0.5945556640625 0.053985595703125 0.050756072998046874
0 0.57666015625 0.56768798828125 0.05511474609375 0.052733230590820315
0 0.44873046875 0.54688720703125 0.03143310546875 0.0665191650390625
1 0.46435546875 0.93603515625 0.0231475830078125 0.0608856201171875
1 0.1820068359375 0.771795654296875 0.033660888671875 0.05752716064453125
1 0.1744384765625 0.2541595458984375 0.0236053466796875 0.05538749694824219
0 0.98046875 0.6500244140625 0.040985107421875 0.050756072998046874
1 0.259033203125 0.35274658203125 0.021453857421875 0.0855865478515625
1 0.7041015625 0.82943115234375 0.02685546875 0.06467742919921875
1 0.419921875 0.97156982421875 0.035888671875 0.05465621948242187
1 0.496826171875 0.349713134765625 0.0253753662109375 0.061914825439453126
1 0.60986328125 0.87623291015625 0.0316162109375 0.05557708740234375
1 0.28515625 0.2983612060546875 0.027008056640625 0.06418991088867188
0 0.89013671875 0.6326904296875 0.0567626953125 0.06635665893554688
1 0.9345703125 0.16369781494140626 0.02630615234375 0.07740707397460937
1 0.8740234375 0.3590301513671875 0.021697998046875 0.054439544677734375
1 0.84326171875 0.1774566650390625 0.02203369140625 0.06180648803710938
1 0.71484375 0.13661346435546876 0.0179901123046875 0.07334442138671875
1 0.85546875 0.2532928466796875 0.0279541015625 0.0673858642578125
1 0.98046875 0.3512298583984375 0.026458740234375 0.06944427490234376
1 0.80078125 0.3189453125 0.0199127197265625 0.05839385986328125
1 0.425048828125 0.32327880859375 0.018768310546875 0.06251068115234375
1 0.9521484375 0.2554595947265625 0.0251312255859375 0.07415695190429687
1 0.68896484375 0.3096282958984375 0.016021728515625 0.06440658569335937
1 0.175537109375 0.94383544921875 0.027008056640625 0.05143318176269531
1 0.28173828125 0.2080078125 0.02337646484375 0.0693359375
0 0.1494140625 0.54775390625 0.042236328125 0.05465621948242187
1 0.84619140625 0.88316650390625 0.0352783203125 0.04988937377929688
1 0.249755859375 0.2554595947265625 0.01953125 0.04980812072753906
1 0.030914306640625 0.2342254638671875 0.024383544921875 0.058502197265625
1 0.9873046875 0.50008544921875 0.0238189697265625 0.043605804443359375
1 0.5498046875 0.31114501953125 0.0240936279296875 0.05926055908203125
1 0.82666015625 0.405615234375 0.0255584716796875 0.06749420166015625
1 0.6142578125 0.13076324462890626 0.0189361572265625 0.0574188232421875
1 0.6162109375 0.64742431640625 0.033660888671875 0.052733230590820315
1 0.059661865234375 0.300311279296875 0.034423828125 0.05601043701171875
1 0.5595703125 0.71502685546875 0.0223236083984375 0.0572021484375
1 0.035675048828125 0.33887939453125 0.0224609375 0.0572021484375
1 0.623046875 0.750128173828125 0.034027099609375 0.05546875
1 0.493408203125 0.26087646484375 0.0165252685546875 0.060398101806640625
1 0.43603515625 0.70635986328125 0.035736083984375 0.055902099609375
1 0.78271484375 0.1562225341796875 0.01406097412109375 0.06007308959960937
1 0.4892578125 0.752294921875 0.0238189697265625 0.05731048583984375
1 0.98974609375 0.81556396484375 0.0213623046875 0.057635498046875
1 0.57568359375 0.2255584716796875 0.0182647705078125 0.0578521728515625
1 0.6591796875 0.2974945068359375 0.023468017578125 0.042061996459960935
1 0.406982421875 0.2649932861328125 0.01512908935546875 0.05774383544921875
1 0.724609375 0.2632598876953125 0.013427734375 0.03932647705078125
1 0.88720703125 0.3013946533203125 0.027801513671875 0.051731109619140625
1 0.457275390625 0.3282623291015625 0.021331787109375 0.0682525634765625
1 0.1864013671875 0.18904876708984375 0.0240936279296875 0.06180648803710938
1 0.89697265625 0.207574462890625 0.01384735107421875 0.03642845153808594
1 0.93408203125 0.0535186767578125 0.0169219970703125 0.0686859130859375
1 0.83203125 0.3542633056640625 0.02044677734375 0.049537277221679686
1 0.40869140625 0.41168212890625 0.0247039794921875 0.048399734497070315
1 0.00878143310546875 0.22620849609375 0.01678466796875 0.07767791748046875