1 0.225 0.44027777777777777 0.025520833333333333 0.0712962962962963
1 0.20703125 0.42777777777777776 0.022916666666666665 0.05925925925925926
0 0.36223958333333334 0.6518518518518519 0.04739583333333333 0.03981481481481482
0 0.03854166666666667 0.6356481481481482 0.04739583333333333 0.041666666666666664
0 0.4119791666666667 0.44166666666666665 0.04114583333333333 0.05925925925925926
0 0.5588541666666667 0.625 0.050520833333333334 0.04537037037037037
0 0.5822916666666667 0.5370370370370371 0.028645833333333332 0.046296296296296294
0 0.33046875 0.7435185185185185 0.042708333333333334 0.040740740740740744
0 0.7502604166666667 0.4925925925925926 0.027604166666666666 0.049074074074074076
0 0.02109375 0.5912037037037037 0.041666666666666664 0.04351851851851852
0 0.3671875 0.5138888888888888 0.052083333333333336 0.044444444444444446
0 0.19921875 0.6537037037037037 0.04583333333333333 0.06666666666666667
0 0.43125 0.9111111111111111 0.020833333333333332 0.06759259259259259