0 0.6987480438184663 0.5263888888888889 0.048513302034428794 0.05
0 0.3114241001564945 0.5263888888888889 0.05581637976004173 0.05277777777777778
1 0.6098069900886802 0.41574074074074074 0.023995826812728223 0.058333333333333334
0 0.1825769431403234 0.5185185185185185 0.05268648930620762 0.04351851851851852
0 0.23056859676577987 0.5851851851851851 0.05372978612415232 0.05092592592592592
0 0.14945226917057902 0.6842592592592592 0.058424621804903494 0.046296296296296294
1 0.7157016171100679 0.8486111111111111 0.0297339593114241 0.05925925925925926
1 0.6275430359937402 0.3578703703703704 0.028690662493479395 0.06481481481481481
0 0.7978612415232134 0.45694444444444443 0.03129890453834116 0.05648148148148148
0 0.7931664058424622 0.5393518518518519 0.05216484089723526 0.03888888888888889
1 0.19248826291079812 0.32037037037037036 0.03129890453834116 0.07037037037037037
1 0.2994261867501304 0.4439814814814815 0.023995826812728223 0.062037037037037036
1 0.49165362545644237 0.2569444444444444 0.016692749087115284 0.06481481481481481
1 0.9147104851330203 0.27175925925925926 0.029212310902451747 0.06851851851851852
1 0.8192488262910798 0.28888888888888886 0.03599374021909233 0.062037037037037036
1 0.927490871152843 0.36712962962962964 0.03808033385498174 0.06018518518518518
1 0.8659363588941054 0.34814814814814815 0.036515388628064686 0.06481481481481481
1 0.041471048513302036 0.17546296296296296 0.03286384976525822 0.07777777777777778
1 0.3735002608242045 0.20416666666666666 0.023995826812728223 0.06481481481481481
1 0.32968179447052687 0.31296296296296294 0.023474178403755867 0.06574074074074074
1 0.7869066249347939 0.36944444444444446 0.023474178403755867 0.07777777777777778
1 0.08581116327595201 0.20092592592592592 0.03547209181011998 0.07592592592592592
1 0.29160146061554515 0.2898148148148148 0.018779342723004695 0.06388888888888888
1 0.6836202399582681 0.8333333333333334 0.02138758476786646 0.05555555555555555
1 0.22404799165362546 0.20601851851851852 0.019300991131977047 0.062037037037037036
1 0.2334376630151278 0.15601851851851853 0.02764736567553469 0.058333333333333334
1 0.6794470526864893 0.2777777777777778 0.030777256129368807 0.06574074074074074
1 0.8914971309337506 0.6393518518518518 0.03442879499217527 0.05462962962962963
1 0.8862806468440271 0.2986111111111111 0.028169014084507043 0.06481481481481481
1 0.9694835680751174 0.2967592592592593 0.02764736567553469 0.06574074074074074
1 0.7785602503912363 0.31805555555555554 0.0297339593114241 0.06018518518518518
1 0.3755868544600939 0.2986111111111111 0.023474178403755867 0.07962962962962963
1 0.6048513302034428 0.4425925925925926 0.03025560772039645 0.058333333333333334
1 0.5359937402190923 0.2935185185185185 0.024517475221700575 0.05092592592592592
1 0.32629107981220656 0.20277777777777778 0.025039123630672927 0.05740740740740741
1 0.7037037037037037 0.8087962962962963 0.025039123630672927 0.05277777777777778
1 0.32655190401669276 0.7587962962962963 0.03495044340114763 0.06296296296296296
1 0.29551382368283774 0.2337962962962963 0.029212310902451747 0.06388888888888888
1 0.18753260302556077 0.3087962962962963 0.01617110067814293 0.026851851851851852
1 0.715962441314554 0.9361111111111111 0.0297339593114241 0.05740740740740741
1 0.9856546687532604 0.8703703703703703 0.026604068857589983 0.06111111111111111
1 0.03755868544600939 0.9412037037037037 0.04434011476264997 0.05648148148148148
1 0.4613980177360459 0.8925925925925926 0.024517475221700575 0.05277777777777778
1 0.24960876369327073 0.30833333333333335 0.0198226395409494 0.06481481481481481
1 0.3236828377673448 0.28055555555555556 0.01617110067814293 0.058333333333333334
1 0.12597809076682315 0.3148148148148148 0.0198226395409494 0.07592592592592592
1 0.0605112154407929 0.26481481481481484 0.036515388628064686 0.07222222222222222
0 0.07511737089201878 0.11018518518518519 0.030777256129368807 0.06666666666666667
1 0.4736567553468962 0.38287037037037036 0.02190923317683881 0.05277777777777778
1 0.32629107981220656 0.41064814814814815 0.014084507042253521 0.049074074074074076