0 0.8466353677621283 0.40185185185185185 0.056859676577986434 0.05740740740740741
1 0.8492436098069901 0.5949074074074074 0.022430881585811163 0.06574074074074074
1 0.3526343244653104 0.3125 0.023474178403755867 0.06018518518518518
1 0.7582159624413145 0.6236111111111111 0.023995826812728223 0.07037037037037037
1 0.6236306729264476 0.7310185185185185 0.02138758476786646 0.06759259259259259
1 0.04929577464788732 0.6828703703703703 0.03129890453834116 0.04722222222222222
0 0.5482524778299426 0.4875 0.04747000521648409 0.044444444444444446
1 0.6507563901930099 0.6361111111111111 0.02764736567553469 0.06574074074074074
1 0.6538862806468441 0.5509259259259259 0.02556077203964528 0.05925925925925926
0 0.1366718831507564 0.5310185185185186 0.03338549817423057 0.06666666666666667
1 0.29577464788732394 0.562962962962963 0.022952529994783515 0.06759259259259259
1 0.41784037558685444 0.674074074074074 0.02556077203964528 0.06481481481481481
1 0.8197704747000522 0.6180555555555556 0.019300991131977047 0.06481481481481481
0 0.20213875847678664 0.45555555555555555 0.0505998956703182 0.040740740740740744
1 0.6288471570161711 0.13564814814814816 0.03547209181011998 0.05555555555555555
0 0.06103286384976526 0.4217592592592593 0.05268648930620762 0.04722222222222222
1 0.6001564945226917 0.6550925925925926 0.0198226395409494 0.06388888888888888
0 0.5884194053208138 0.3824074074074074 0.048513302034428794 0.07222222222222222
1 0.8354199269692227 0.8231481481481482 0.02556077203964528 0.07962962962962963
1 0.7284820031298904 0.27361111111111114 0.020865936358894107 0.05925925925925926
1 0.20761606677099634 0.6037037037037037 0.028690662493479395 0.06111111111111111
1 0.4287949921752739 0.5800925925925926 0.020865936358894107 0.06296296296296296
1 0.6713615023474179 0.07777777777777778 0.022430881585811163 0.062037037037037036
1 0.3304642670839854 0.7152777777777778 0.018257694314032343 0.06388888888888888
1 0.8646322378716745 0.1550925925925926 0.03755868544600939 0.06666666666666667
1 0.5336463223787168 0.6564814814814814 0.02138758476786646 0.06851851851851852
1 0.9715701617110067 0.6393518518518518 0.03182055294731351 0.06666666666666667
1 0.6875326030255607 0.674537037037037 0.016692749087115284 0.06851851851851852
1 0.8643714136671883 0.6935185185185185 0.0297339593114241 0.06851851851851852
1 0.37063119457485655 0.7398148148148148 0.02556077203964528 0.07037037037037037
1 0.2167449139280125 0.20185185185185187 0.03442879499217527 0.06018518518518518
1 0.15701617110067814 0.7138888888888889 0.03182055294731351 0.062037037037037036
1 0.18440271257172666 0.6402777777777777 0.022952529994783515 0.06111111111111111
1 0.9087115284298383 0.7921296296296296 0.02556077203964528 0.07222222222222222
1 0.9809598330725091 0.7717592592592593 0.02608242044861763 0.058333333333333334
1 0.6528429838288993 0.22314814814814815 0.0297339593114241 0.058333333333333334
1 0.7681272822117893 0.8458333333333333 0.02034428794992175 0.06574074074074074
1 0.056338028169014086 0.031018518518518518 0.04277516953573292 0.05092592592592592
1 0.12415232133541992 0.7652777777777777 0.03234220135628586 0.06388888888888888
1 0.08111632759520084 0.725462962962963 0.038601982263954095 0.06388888888888888
1 0.6468440271257173 0.8203703703703704 0.022430881585811163 0.06111111111111111
1 0.6045905059989567 0.03194444444444444 0.022952529994783515 0.05185185185185185
1 0.16666666666666666 0.787962962962963 0.0297339593114241 0.06296296296296296
1 0.9405320813771518 0.6587962962962963 0.026604068857589983 0.05740740740740741
1 0.7861241523213354 0.19444444444444445 0.03025560772039645 0.044444444444444446
1 0.5435576421491914 0.7273148148148149 0.01773604590505999 0.06388888888888888
1 0.22535211267605634 0.6888888888888889 0.018779342723004695 0.05185185185185185
0 0.7436098069900887 0.40046296296296297 0.05268648930620762 0.05740740740740741
1 0.202660406885759 0.7597222222222222 0.018779342723004695 0.05740740740740741
1 0.7955138236828377 0.3189814814814815 0.03442879499217527 0.05185185185185185
1 0.6118935837245696 0.26435185185185184 0.03495044340114763 0.053703703703703705
1 0.7850808555033907 0.09351851851851851 0.029212310902451747 0.05
1 0.9491392801251957 0.7013888888888888 0.03390714658320292 0.041666666666666664
1 0.45800730307772564 0.7606481481481482 0.02034428794992175 0.05462962962962963
1 0.6163275952008347 0.8074074074074075 0.02608242044861763 0.058333333333333334
1 0.792905581637976 0.6694444444444444 0.029212310902451747 0.04259259259259259
1 0.3315075639019301 0.2 0.019300991131977047 0.044444444444444446
1 0.5581637976004173 0.5513888888888889 0.018257694314032343 0.04722222222222222
1 0.9316640584246219 0.9347222222222222 0.01617110067814293 0.06759259259259259
1 0.6898800208659364 0.7814814814814814 0.023995826812728223 0.046296296296296294
1 0.5122587376108503 0.7722222222222223 0.025039123630672927 0.04722222222222222
1 0.007303077725612937 0.7361111111111112 0.014606155451225874 0.05740740740740741
0 0.9486176317162233 0.9032407407407408 0.03442879499217527 0.06759259259259259
1 0.31820552947313513 0.053703703703703705 0.03025560772039645 0.062037037037037036
1 0.5615545122587376 0.7726851851851851 0.013041210224308816 0.046296296296296294