0 0.5192708333333333 0.6273148148148148 0.046875 0.046296296296296294
0 0.3890625 0.5347222222222222 0.049479166666666664 0.04259259259259259
0 0.65 0.5263888888888889 0.0515625 0.04259259259259259
0 0.22109375 0.6356481481481482 0.04739583333333333 0.041666666666666664
0 0.9109375 0.6111111111111112 0.05 0.04351851851851852
0 0.025260416666666667 0.7032407407407407 0.046875 0.04259259259259259
0 0.40572916666666664 0.5981481481481481 0.04791666666666667 0.040740740740740744
0 0.58046875 0.45185185185185184 0.03333333333333333 0.053703703703703705
0 0.65703125 0.6486111111111111 0.049479166666666664 0.046296296296296294
0 0.54609375 0.15694444444444444 0.05416666666666667 0.05555555555555555
0 0.11614583333333334 0.41435185185185186 0.0359375 0.062037037037037036
0 0.43125 0.8726851851851852 0.0203125 0.06574074074074074