0 0.02734375 0.6453703703703704 0.05260416666666667 0.04722222222222222
0 0.04869791666666667 0.4648148148148148 0.0546875 0.04351851851851852
0 0.8638020833333333 0.575925925925926 0.050520833333333334 0.046296296296296294
0 0.415625 0.6351851851851852 0.04739583333333333 0.046296296296296294
1 0.48932291666666666 0.7171296296296297 0.025520833333333333 0.06296296296296296
0 0.33046875 0.7046296296296296 0.042708333333333334 0.03981481481481482
1 0.9846354166666667 0.700925925925926 0.030729166666666665 0.07314814814814814
0 0.8408854166666667 0.6337962962962963 0.03125 0.062037037037037036
0 0.9799479166666667 0.524074074074074 0.04010416666666667 0.05
0 0.13880208333333333 0.14444444444444443 0.053125 0.06018518518518518
1 0.8828125 0.7467592592592592 0.0203125 0.06574074074074074
0 0.853125 0.5375 0.05416666666666667 0.05462962962962963