0 0.75703125 0.7680555555555556 0.05260416666666667 0.05185185185185185
0 0.5770833333333333 0.4222222222222222 0.0515625 0.046296296296296294
0 0.46875 0.3819444444444444 0.04479166666666667 0.044444444444444446
0 0.6739583333333333 0.5541666666666667 0.0515625 0.04351851851851852
0 0.5171875 0.5365740740740741 0.0515625 0.04814814814814815
0 0.76484375 0.4287037037037037 0.0484375 0.04351851851851852
0 0.8122395833333333 0.3106481481481482 0.04635416666666667 0.040740740740740744
0 0.8440104166666667 0.5125 0.051041666666666666 0.04722222222222222
0 0.9205729166666666 0.5685185185185185 0.025520833333333333 0.053703703703703705
0 0.28177083333333336 0.6050925925925926 0.05260416666666667 0.04537037037037037
0 0.909375 0.42685185185185187 0.050520833333333334 0.040740740740740744
0 0.03567708333333333 0.4736111111111111 0.0515625 0.04351851851851852
0 0.10494791666666667 0.5254629629629629 0.04739583333333333 0.05
0 0.6518229166666667 0.31203703703703706 0.04635416666666667 0.058333333333333334