1 0.2412623891497131 0.6615740740740741 0.03495044340114763 0.05740740740740741
0 0.4254042775169536 0.45046296296296295 0.04590505998956703 0.04722222222222222
0 0.368283776734481 0.5560185185185185 0.05112154407929056 0.05092592592592592
1 0.03599374021909233 0.7958333333333333 0.03442879499217527 0.05925925925925926
1 0.8510693792383933 0.8810185185185185 0.023474178403755867 0.06018518518518518
0 0.18779342723004694 0.43287037037037035 0.050078247261345854 0.04351851851851852
0 0.260302556077204 0.5032407407407408 0.048513302034428794 0.049074074074074076
1 0.08033385498174231 0.649537037037037 0.030777256129368807 0.05
0 0.6797078768909754 0.5726851851851852 0.0495565988523735 0.05092592592592592
1 0.2652582159624413 0.3111111111111111 0.022952529994783515 0.05185185185185185
1 0.08111632759520084 0.34675925925925927 0.03338549817423057 0.04722222222222222
0 0.5996348461137193 0.5120370370370371 0.041731872717788214 0.044444444444444446
1 0.7660406885758998 0.0824074074074074 0.027125717266562335 0.06296296296296296
1 0.6356285863328117 0.3851851851851852 0.02608242044861763 0.075
1 0.04094940010432968 0.4981481481481482 0.03286384976525822 0.07407407407407407
1 0.42566510172143973 0.5935185185185186 0.0297339593114241 0.06296296296296296
1 0.10041731872717788 0.6805555555555556 0.03182055294731351 0.05555555555555555
0 0.7503912363067292 0.600462962962963 0.05216484089723526 0.05
0 0.6943140323422013 0.6398148148148148 0.03234220135628586 0.06111111111111111
1 0.3591549295774648 0.3050925925925926 0.027125717266562335 0.05555555555555555
0 0.4989567031820553 0.549074074074074 0.03129890453834116 0.06666666666666667
1 0.7391757955138237 0.4476851851851852 0.023995826812728223 0.06388888888888888
1 0.3492436098069901 0.6134259259259259 0.029212310902451747 0.075
0 0.2827334376630151 0.45694444444444443 0.050078247261345854 0.04814814814814815
0 0.03599374021909233 0.5787037037037037 0.04903495044340115 0.06666666666666667
1 0.3667188315075639 0.6671296296296296 0.0198226395409494 0.04351851851851852
0 0.7996870109546166 0.5277777777777778 0.03338549817423057 0.05092592592592592
1 0.43583724569640064 0.2675925925925926 0.026604068857589983 0.06574074074074074
1 0.7021387584767866 0.8893518518518518 0.03182055294731351 0.05092592592592592
1 0.7016171100678142 0.23333333333333334 0.025039123630672927 0.06111111111111111
1 0.10667709963484612 0.8314814814814815 0.0406885758998435 0.062037037037037036
1 0.5704225352112676 0.2351851851851852 0.02556077203964528 0.06759259259259259
0 0.8946270213875848 0.5611111111111111 0.059989567031820554 0.04722222222222222
1 0.4621804903495044 0.8217592592592593 0.02556077203964528 0.053703703703703705
1 0.7743870631194575 0.25277777777777777 0.01617110067814293 0.05925925925925926
1 0.847678664580073 0.1726851851851852 0.0198226395409494 0.05648148148148148
1 0.5453834115805947 0.2796296296296296 0.02190923317683881 0.05740740740740741
0 0.3685446009389671 0.500462962962963 0.028690662493479395 0.05092592592592592
1 0.1674491392801252 0.2810185185185185 0.024517475221700575 0.06481481481481481
1 0.454094940010433 0.7148148148148148 0.0297339593114241 0.062037037037037036
1 0.6343244653103808 0.287962962962963 0.023995826812728223 0.06018518518518518
1 0.48200312989045385 0.30648148148148147 0.017214397496087636 0.05
1 0.39906103286384975 0.3837962962962963 0.016692749087115284 0.06296296296296296
1 0.9277516953573292 0.13796296296296295 0.025039123630672927 0.06111111111111111
1 0.6927490871152843 0.4203703703703704 0.02138758476786646 0.0712962962962963
1 0.900886802295253 0.21203703703703702 0.02556077203964528 0.05462962962962963
1 0.5868544600938967 0.3907407407407407 0.02138758476786646 0.06296296296296296
1 0.10459050599895671 0.2523148148148148 0.03442879499217527 0.058333333333333334
1 0.7728221178925404 0.16898148148148148 0.02764736567553469 0.06759259259259259
1 0.11606677099634846 0.6337962962962963 0.03599374021909233 0.05648148148148148
1 0.8028169014084507 0.3333333333333333 0.027125717266562335 0.06296296296296296
1 0.06338028169014084 0.2587962962962963 0.028169014084507043 0.062037037037037036
1 0.2655190401669275 0.3523148148148148 0.03338549817423057 0.06851851851851852
1 0.41027647365675535 0.275 0.02190923317683881 0.06388888888888888
1 0.841679707876891 0.3680555555555556 0.0297339593114241 0.040740740740740744
1 0.6577986437141367 0.21851851851851853 0.025039123630672927 0.058333333333333334
1 0.3051643192488263 0.7986111111111112 0.02764736567553469 0.05555555555555555
1 0.9804381846635368 0.30462962962962964 0.030777256129368807 0.06574074074074074
1 0.7910798122065728 0.13148148148148148 0.019300991131977047 0.06481481481481481
1 0.5213875847678665 0.2111111111111111 0.023474178403755867 0.05277777777777778
1 0.11841418883672405 0.7666666666666667 0.0396452790818988 0.05277777777777778
1 0.34298382889932183 0.736574074074074 0.02138758476786646 0.06018518518518518
1 0.8656755346896192 0.24675925925925926 0.02764736567553469 0.062037037037037036
1 0.23500260824204486 0.2587962962962963 0.03495044340114763 0.06574074074074074
1 0.7608242044861763 0.32175925925925924 0.0297339593114241 0.06481481481481481
1 0.5135628586332812 0.8805555555555555 0.024517475221700575 0.05555555555555555
0 0.8912363067292645 0.4888888888888889 0.03182055294731351 0.04722222222222222
1 0.4872196139801774 0.21481481481481482 0.025039123630672927 0.05648148148148148
1 0.7083985393844549 0.17037037037037037 0.02556077203964528 0.062037037037037036
1 0.6898800208659364 0.387037037037037 0.02138758476786646 0.04814814814814815
1 0.26734480959833073 0.9041666666666667 0.0297339593114241 0.06574074074074074
1 0.19953051643192488 0.3314814814814815 0.02608242044861763 0.0824074074074074
1 0.3865414710485133 0.3416666666666667 0.0198226395409494 0.06666666666666667
1 0.8335941575378195 0.13842592592592592 0.02190923317683881 0.062037037037037036
1 0.8072509128847157 0.7421296296296296 0.025039123630672927 0.05185185185185185
1 0.015127803860198226 0.33425925925925926 0.0297339593114241 0.05925925925925926
1 0.3221178925404278 0.26990740740740743 0.03286384976525822 0.05277777777777778
1 0.8252477829942618 0.11064814814814815 0.022952529994783515 0.05648148148148148
1 0.30438184663536777 0.13287037037037036 0.024517475221700575 0.06759259259259259
1 0.25795513823682836 0.2111111111111111 0.02190923317683881 0.05092592592592592
1 0.8012519561815337 0.19675925925925927 0.023995826812728223 0.06574074074074074
1 0.03781950965049557 0.22083333333333333 0.03025560772039645 0.07777777777777778
1 0.9720918101199791 0.2324074074074074 0.03286384976525822 0.05277777777777778
1 0.09937402190923318 0.17916666666666667 0.037037037037037035 0.06574074074074074
1 0.7537819509650495 0.2791666666666667 0.019300991131977047 0.06018518518518518
1 0.7357850808555034 0.2550925925925926 0.01773604590505999 0.06481481481481481
1 0.4765258215962441 0.9263888888888889 0.03025560772039645 0.05462962962962963
1 0.14345331246739698 0.2 0.020865936358894107 0.05092592592592592
1 0.2423056859676578 0.18101851851851852 0.029212310902451747 0.044444444444444446
1 0.6987480438184663 0.85 0.03390714658320292 0.05648148148148148
1 0.44992175273865415 0.24537037037037038 0.02190923317683881 0.041666666666666664
1 0.6045905059989567 0.1787037037037037 0.02138758476786646 0.06666666666666667
1 0.8724569640062598 0.1486111111111111 0.014606155451225874 0.053703703703703705
1 0.028429838288993217 0.15555555555555556 0.0198226395409494 0.03981481481481482
1 0.33072509128847155 0.19398148148148148 0.025039123630672927 0.07222222222222222
1 0.40688575899843504 0.20694444444444443 0.022430881585811163 0.04259259259259259
1 0.658320292123109 0.17962962962962964 0.027125717266562335 0.03518518518518519
1 0.8544600938967136 0.43703703703703706 0.022952529994783515 0.05277777777777778
1 0.7162232655190401 0.3050925925925926 0.030777256129368807 0.05
1 0.10928534167970788 0.11064814814814815 0.023995826812728223 0.062037037037037036
1 0.022952529994783515 0.4875 0.029212310902451747 0.04351851851851852
1 0.013041210224308816 0.14166666666666666 0.02608242044861763 0.03611111111111111
1 0.8184663536776213 0.2722222222222222 0.02138758476786646 0.053703703703703705
1 0.36071987480438183 0.23287037037037037 0.018779342723004695 0.06851851851851852
1 0.8302034428794992 0.32916666666666666 0.026604068857589983 0.044444444444444446
1 0.8544600938967136 0.8078703703703703 0.027125717266562335 0.044444444444444446
1 0.9692227438706312 0.04814814814814815 0.017214397496087636 0.07222222222222222
1 0.22822117892540428 0.2175925925925926 0.01773604590505999 0.03425925925925926
1 0.7055294731351069 0.7472222222222222 0.03286384976525822 0.04259259259259259
1 0.7154407929055816 0.13935185185185187 0.017214397496087636 0.046296296296296294
1 0.9791340636411059 0.1912037037037037 0.03234220135628586 0.041666666666666664
1 0.2939488784559207 0.16620370370370371 0.019300991131977047 0.04722222222222222