0 0.1063232421875 0.444183349609375 0.0256195068359375 0.0686859130859375
1 0.11676025390625 0.3174285888671875 0.0284881591796875 0.06381072998046874
0 0.6201171875 0.525653076171875 0.027008056640625 0.05213737487792969
1 0.475341796875 0.3928314208984375 0.027374267578125 0.062835693359375
1 0.237060546875 0.3503631591796875 0.0283355712890625 0.05882720947265625
1 0.98388671875 0.33541259765625 0.0316162109375 0.061589813232421874
0 0.61572265625 0.590655517578125 0.047607421875 0.043091201782226564
1 0.68701171875 0.3988983154296875 0.0236968994140625 0.06299819946289062
1 0.40234375 0.3260955810546875 0.0204925537109375 0.06662750244140625
0 0.52587890625 0.614923095703125 0.054901123046875 0.04915809631347656
1 0.74560546875 0.457183837890625 0.033203125 0.0673858642578125
1 0.6728515625 0.466717529296875 0.0174407958984375 0.0578521728515625
1 0.8740234375 0.484918212890625 0.0293121337890625 0.05232696533203125
1 0.63623046875 0.877099609375 0.02685546875 0.05029563903808594
1 0.1405029296875 0.8476318359375 0.035064697265625 0.05476455688476563
1 0.96533203125 0.4593505859375 0.0328369140625 0.08092803955078125
1 0.9521484375 0.3763641357421875 0.03033447265625 0.06944427490234376
1 0.64111328125 0.324578857421875 0.0214080810546875 0.060506439208984374
1 0.286865234375 0.280810546875 0.02532958984375 0.05633544921875
0 0.2919921875 0.549053955078125 0.04742431640625 0.061589813232421874
1 0.11798095703125 0.234442138671875 0.0312042236328125 0.05303115844726562
1 0.82568359375 0.145172119140625 0.0191650390625 0.0591522216796875
0 0.97265625 0.742327880859375 0.055511474609375 0.11689605712890624
1 0.55517578125 0.809063720703125 0.0218658447265625 0.055902099609375
1 0.481201171875 0.308111572265625 0.026763916015625 0.062023162841796875
1 0.7861328125 0.126104736328125 0.0165252685546875 0.058502197265625
1 0.354736328125 0.3414794921875 0.0228424072265625 0.04823722839355469
1 0.06109619140625 0.31114501953125 0.0252227783203125 0.06538162231445313
0 0.64892578125 0.716326904296875 0.050506591796875 0.03534507751464844
1 0.91357421875 0.298577880859375 0.0271759033203125 0.06603164672851562
1 0.88525390625 0.3902313232421875 0.035736083984375 0.0808197021484375
1 0.77978515625 0.1930572509765625 0.027374267578125 0.06982345581054687
1 0.0121917724609375 0.2316253662109375 0.0240936279296875 0.0639190673828125
1 0.740234375 0.37181396484375 0.02630615234375 0.06381072998046874
1 0.87890625 0.2987945556640625 0.0306243896484375 0.06841506958007812
1 0.61767578125 0.354046630859375 0.0217437744140625 0.06332321166992187
1 0.673828125 0.796063232421875 0.01971435546875 0.05953140258789062
1 0.74072265625 0.2563262939453125 0.025665283203125 0.07524032592773437
1 0.6748046875 0.86756591796875 0.037200927734375 0.06272735595703124
1 0.60546875 0.3013946533203125 0.023101806640625 0.052435302734375
1 0.9580078125 0.13953857421875 0.021240234375 0.063702392578125
1 0.52880859375 0.261309814453125 0.0222015380859375 0.06673583984375
1 0.1827392578125 0.1924072265625 0.0238189697265625 0.06251068115234375
0 0.830078125 0.71676025390625 0.047943115234375 0.0699859619140625
1 0.3681640625 0.26434326171875 0.0187225341796875 0.0565521240234375
1 0.2425537109375 0.2112579345703125 0.018768310546875 0.04336204528808594
1 0.55322265625 0.3689971923828125 0.01751708984375 0.0572021484375
1 0.65283203125 0.2129913330078125 0.017578125 0.062835693359375
1 0.6884765625 0.96983642578125 0.0282745361328125 0.05861053466796875
1 0.71533203125 0.2090911865234375 0.018768310546875 0.05557708740234375
1 0.51611328125 0.397381591796875 0.0258636474609375 0.0647857666015625
1 0.87939453125 0.2270751953125 0.021331787109375 0.06418991088867188
1 0.69580078125 0.2719268798828125 0.0219879150390625 0.05303115844726562
1 0.8603515625 0.17073974609375 0.015777587890625 0.04292869567871094
1 0.681640625 0.19641571044921874 0.0162811279296875 0.06099395751953125
0 0.97509765625 0.558154296875 0.045684814453125 0.051839447021484374
1 0.3720703125 0.189373779296875 0.0135345458984375 0.041980743408203125
1 0.80322265625 0.3312957763671875 0.0189361572265625 0.06624832153320312