1 0.77490234375 0.5598958333333334 0.025665283203125 0.0710177951388889
1 0.79296875 0.5720486111111112 0.02288818359375 0.059624565972222224
0 0.6376953125 0.3480902777777778 0.047607421875 0.03993055555555555
0 0.96142578125 0.3641493055555556 0.0472412109375 0.042046440972222224
0 0.587890625 0.5581597222222222 0.040985107421875 0.059516059027777776
0 0.441162109375 0.3747829861111111 0.0504150390625 0.04554578993055555
0 0.417724609375 0.4631076388888889 0.02880859375 0.046685112847222224
0 0.66943359375 0.2565104166666667 0.042724609375 0.04052734375
0 0.249755859375 0.5073784722222222 0.0276947021484375 0.04942491319444445
0 0.97900390625 0.4086371527777778 0.0416259765625 0.043511284722222224
0 0.6328125 0.4861111111111111 0.052337646484375 0.04416232638888889
0 0.80078125 0.3463541666666667 0.04559326171875 0.06624348958333333
0 0.56884765625 0.08897569444444445 0.020965576171875 0.06722005208333333