1 0.471435546875 0.3761474609375 0.024658203125 0.06982345581054687
1 0.53125 0.758795166015625 0.0246124267578125 0.05752716064453125
1 0.81396484375 0.2964111328125 0.02447509765625 0.0626190185546875
1 0.75830078125 0.3447296142578125 0.0230712890625 0.046774673461914065
1 0.456787109375 0.29554443359375 0.0254669189453125 0.06516494750976562
0 0.37744140625 0.589788818359375 0.050994873046875 0.04661216735839844
1 0.3837890625 0.3206787109375 0.03155517578125 0.054358291625976565
1 0.974609375 0.243109130859375 0.0225067138671875 0.06787338256835937
0 0.2998046875 0.551220703125 0.0322265625 0.06527328491210938
1 0.873046875 0.386114501953125 0.031982421875 0.06527328491210938
1 0.802734375 0.404315185546875 0.0217742919921875 0.04328079223632812
0 0.775390625 0.55728759765625 0.03302001953125 0.053437423706054685
1 0.71826171875 0.4227325439453125 0.026702880859375 0.062023162841796875
0 0.130126953125 0.58675537109375 0.0296478271484375 0.059856414794921875
1 0.5634765625 0.296844482421875 0.02288818359375 0.05904388427734375
1 0.249267578125 0.4019317626953125 0.0345458984375 0.06321487426757813
1 0.2252197265625 0.3104949951171875 0.0271148681640625 0.06500244140625
1 0.4140625 0.3607635498046875 0.02484130859375 0.06635665893554688
1 0.77783203125 0.4836181640625 0.03192138671875 0.06700668334960938
1 0.58935546875 0.224908447265625 0.0210418701171875 0.075836181640625
0 0.533203125 0.568121337890625 0.05126953125 0.047235107421875
0 0.53662109375 0.490118408203125 0.04595947265625 0.05124359130859375
1 0.118408203125 0.3806976318359375 0.026702880859375 0.0626190185546875
1 0.62060546875 0.3880645751953125 0.024749755859375 0.05839385986328125
1 0.76171875 0.464984130859375 0.023284912109375 0.062835693359375
0 0.06304931640625 0.471484375 0.05059814453125 0.0496185302734375
1 0.5224609375 0.2723602294921875 0.0218658447265625 0.06180648803710938
1 0.1534423828125 0.313311767578125 0.026702880859375 0.06359405517578125
1 0.59033203125 0.354046630859375 0.026702880859375 0.06272735595703124
1 0.62451171875 0.42381591796875 0.02191162109375 0.06776504516601563
1 0.264404296875 0.332379150390625 0.0293731689453125 0.059964752197265624
1 0.03155517578125 0.3260955810546875 0.0352783203125 0.0587188720703125
1 0.5361328125 0.3325958251953125 0.0209197998046875 0.065869140625
1 0.60107421875 0.90570068359375 0.0222930908203125 0.058935546875
1 0.86767578125 0.20367431640625 0.0212860107421875 0.06624832153320312
1 0.080810546875 0.94296875 0.04400634765625 0.06343154907226563
1 0.1728515625 0.2766937255859375 0.0225372314453125 0.0673858642578125
0 0.0379638671875 0.520452880859375 0.051177978515625 0.04598922729492187
1 0.0966796875 0.2779937744140625 0.03131103515625 0.06310653686523438
1 0.64208984375 0.2879608154296875 0.021820068359375 0.08233642578125
1 0.4453125 0.94383544921875 0.020721435546875 0.0556854248046875
1 0.150634765625 0.353179931640625 0.02337646484375 0.06343154907226563
1 0.04302978515625 0.2870941162109375 0.033538818359375 0.08542404174804688
1 0.4833984375 0.32674560546875 0.0182647705078125 0.062023162841796875
1 0.5224609375 0.3880645751953125 0.0259552001953125 0.06451492309570313
1 0.12359619140625 0.2628265380859375 0.02685546875 0.06440658569335937
1 0.8046875 0.186773681640625 0.0162200927734375 0.053329086303710936
1 0.8056640625 0.2129913330078125 0.0287017822265625 0.06576080322265625
0 0.611328125 0.63702392578125 0.043212890625 0.05546875
0 0.67236328125 0.5806884765625 0.0496826171875 0.04219741821289062
1 0.62646484375 0.19706573486328124 0.0225372314453125 0.07020263671875
1 0.89697265625 0.10801239013671875 0.021484375 0.0730194091796875
1 0.6103515625 0.82509765625 0.03155517578125 0.04988937377929688
1 0.10247802734375 0.3568634033203125 0.03582763671875 0.058502197265625
1 0.26220703125 0.2411590576171875 0.01490020751953125 0.05202903747558594
1 0.7314255905805203 0.951719576719577 0.02012072434607639 0.06216931216931214