1 0.22091810119979133 0.287962962962963 0.018257694314032343 0.05925925925925926
0 0.6617110067814294 0.5291666666666667 0.04747000521648409 0.049074074074074076
0 0.5464267083985394 0.5907407407407408 0.04434011476264997 0.05277777777777778
1 0.47391757955138236 0.7958333333333333 0.023995826812728223 0.05555555555555555
0 0.30542514345331245 0.5365740740740741 0.0297339593114241 0.06111111111111111
0 0.44235785080855505 0.4393518518518518 0.04590505998956703 0.04722222222222222
1 0.4029733959311424 0.6087962962962963 0.03025560772039645 0.06296296296296296
0 0.41497130933750653 0.4842592592592593 0.0505998956703182 0.05185185185185185
1 0.9366197183098591 0.8907407407407407 0.0297339593114241 0.05462962962962963
1 0.6108502869066249 0.18055555555555555 0.02138758476786646 0.07592592592592592
1 0.9366197183098591 0.15092592592592594 0.02190923317683881 0.06574074074074074
0 0.5067814293166406 0.45555555555555555 0.028690662493479395 0.058333333333333334
1 0.20552947313510694 0.8523148148148149 0.029212310902451747 0.05740740740740741
0 0.9517475221700574 0.4550925925925926 0.03182055294731351 0.04722222222222222
1 0.5542514345331246 0.18611111111111112 0.020865936358894107 0.06296296296296296
1 0.8701095461658842 0.12731481481481483 0.019300991131977047 0.06388888888888888
1 0.9827856025039123 0.21805555555555556 0.023474178403755867 0.06666666666666667
1 0.4300991131977048 0.6671296296296296 0.03182055294731351 0.062037037037037036
1 0.44861763171622326 0.3060185185185185 0.027125717266562335 0.06851851851851852
1 0.3171622326551904 0.7319444444444444 0.026604068857589983 0.06018518518518518
0 0.2699530516431925 0.48194444444444445 0.03912363067292645 0.06296296296296296
1 0.25795513823682836 0.31203703703703706 0.029212310902451747 0.06944444444444445
0 0.4668753260302556 0.5513888888888889 0.0495565988523735 0.041666666666666664
1 0.7535211267605634 0.4046296296296296 0.030777256129368807 0.06666666666666667
1 0.5834637454355764 0.38472222222222224 0.0198226395409494 0.06944444444444445
1 0.6544079290558164 0.3388888888888889 0.026604068857589983 0.06018518518518518
1 0.6371935315597287 0.2638888888888889 0.029212310902451747 0.05925925925925926
1 0.27699530516431925 0.16527777777777777 0.02764736567553469 0.05648148148148148
1 0.5615545122587376 0.3236111111111111 0.02608242044861763 0.062037037037037036
1 0.14919144496609285 0.19212962962962962 0.0297339593114241 0.053703703703703705
1 0.8231611893583725 0.11944444444444445 0.024517475221700575 0.07037037037037037
1 0.8179447052686489 0.38564814814814813 0.02556077203964528 0.032407407407407406
1 0.42123109024517474 0.34814814814814815 0.022952529994783515 0.07407407407407407
1 0.702660406885759 0.2361111111111111 0.02034428794992175 0.05277777777777778
1 0.9564423578508086 0.18564814814814815 0.02556077203964528 0.06851851851851852
1 0.1366718831507564 0.27685185185185185 0.037037037037037035 0.062037037037037036
1 0.11997913406364111 0.7722222222222223 0.03442879499217527 0.04814814814814815
1 0.5967657798643714 0.2652777777777778 0.025039123630672927 0.06574074074074074
1 0.44001043296817943 0.24212962962962964 0.016692749087115284 0.06296296296296296
1 0.7871674491392802 0.33611111111111114 0.030777256129368807 0.06481481481481481
1 0.7167449139280125 0.36944444444444446 0.027125717266562335 0.05462962962962963
0 0.7962962962962963 0.562962962962963 0.0505998956703182 0.06851851851851852
1 0.8153364632237872 0.2810185185185185 0.028169014084507043 0.07222222222222222
1 0.1278038601982264 0.23055555555555557 0.029212310902451747 0.05277777777777778
1 0.3171622326551904 0.8416666666666667 0.023474178403755867 0.044444444444444446
1 0.09702660406885759 0.3337962962962963 0.028169014084507043 0.06296296296296296
1 0.8515910276473657 0.30925925925925923 0.02764736567553469 0.05092592592592592
1 0.23265519040166927 0.3425925925925926 0.024517475221700575 0.05925925925925926
1 0.6259780907668232 0.3800925925925926 0.02034428794992175 0.06574074074074074
1 0.05920709441836203 0.28935185185185186 0.03129890453834116 0.06481481481481481
1 0.2102243088158581 0.7648148148148148 0.024517475221700575 0.05740740740740741
1 0.7509128847157016 0.3199074074074074 0.03025560772039645 0.06666666666666667
1 0.6249347939488784 0.8291666666666667 0.023995826812728223 0.06388888888888888
1 0.8051643192488263 0.42916666666666664 0.02034428794992175 0.05555555555555555
1 0.22300469483568075 0.20555555555555555 0.018257694314032343 0.06018518518518518
1 0.6781429316640585 0.08564814814814815 0.022952529994783515 0.06851851851851852
1 0.9551382368283776 0.25601851851851853 0.03547209181011998 0.07222222222222222
1 0.6773604590505999 0.7050925925925926 0.0198226395409494 0.05
1 0.08998435054773082 0.27175925925925926 0.02138758476786646 0.04722222222222222
1 0.8252477829942618 0.22361111111111112 0.018779342723004695 0.05
1 0.7642149191444966 0.25324074074074077 0.02190923317683881 0.05092592592592592
1 0.2443922796035472 0.24212962962962964 0.03025560772039645 0.06944444444444445
1 0.8007303077725613 0.20185185185185187 0.025039123630672927 0.07037037037037037
1 0.3161189358372457 0.24074074074074073 0.02034428794992175 0.062037037037037036
1 0.9882629107981221 0.2833333333333333 0.022952529994783515 0.04351851851851852
1 0.06990088680229525 0.7333333333333333 0.03912363067292645 0.05740740740740741
1 0.41705790297339596 0.28564814814814815 0.016692749087115284 0.06851851851851852
1 0.4809598330725091 0.17037037037037037 0.01773604590505999 0.05
1 0.9121022430881586 0.20324074074074075 0.03182055294731351 0.06018518518518518
1 0.31194574856546686 0.18333333333333332 0.019300991131977047 0.04722222222222222
1 0.983828899321857 0.32222222222222224 0.029212310902451747 0.04537037037037037
1 0.5239958268127283 0.16944444444444445 0.024517475221700575 0.05648148148148148
1 0.7157016171100679 0.18888888888888888 0.018257694314032343 0.05092592592592592
1 0.01695357329160146 0.13287037037037036 0.030777256129368807 0.10092592592592593
1 0.3967136150234742 0.17916666666666667 0.017214397496087636 0.05
1 0.9877412623891497 0.13935185185185187 0.022952529994783515 0.06666666666666667
1 0.09885237350026083 0.11388888888888889 0.022430881585811163 0.0824074074074074
1 0.04747000521648409 0.24953703703703703 0.02190923317683881 0.041666666666666664
1 0.31324986958789774 0.14907407407407408 0.014084507042253521 0.03888888888888889
1 0.11215440792905582 0.2 0.03129890453834116 0.03888888888888889
1 0.8568075117370892 0.27175925925925926 0.03025560772039645 0.04722222222222222
1 0.9621804903495045 0.031018518518518518 0.017214397496087636 0.062037037037037036
1 0.352112676056338 0.2972222222222222 0.01773604590505999 0.05185185185185185
1 0.17579551382368283 0.1425925925925926 0.020865936358894107 0.05277777777777778