0 0.81591796875 0.5121527777777778 0.05340576171875 0.07579210069444445
0 0.66552734375 0.6506076388888888 0.04986572265625 0.05113389756944445
0 0.65576171875 0.4372829861111111 0.04327392578125 0.06749131944444445
0 0.6044921875 0.51953125 0.044525146484375 0.05740017361111111
0 0.443603515625 0.4696180555555556 0.0482177734375 0.044596354166666664
0 0.65771484375 0.5863715277777778 0.049774169921875 0.042046440972222224
0 0.3349609375 0.9557291666666666 0.04803466796875 0.08018663194444445
0 0.5 0.3834635416666667 0.0262603759765625 0.05685763888888889
0 0.2481689453125 0.4526909722222222 0.0469970703125 0.05674913194444445
0 0.68408203125 0.7495659722222222 0.043701171875 0.05311414930555555
0 0.72119140625 0.3355034722222222 0.046905517578125 0.04299587673611111
0 0.045257568359375 0.3988715277777778 0.04913330078125 0.050455729166666664
0 0.229736328125 0.3678385416666667 0.033843994140625 0.06787109375
0 0.79638671875 0.5828993055555556 0.030914306640625 0.05588107638888889
0 0.31005859375 0.3127170138888889 0.044097900390625 0.036295572916666664
0 0.63330078125 0.2951388888888889 0.024993896484375 0.060492621527777776
0 0.1976318359375 0.6740451388888888 0.03790283203125 0.06429036458333333