0 0.31796875 0.6310185185185185 0.046875 0.041666666666666664
0 0.19427083333333334 0.586574074074074 0.04739583333333333 0.044444444444444446
0 0.6377604166666667 0.4412037037037037 0.051041666666666666 0.044444444444444446
0 0.39114583333333336 0.5069444444444444 0.04791666666666667 0.04537037037037037
0 0.7901041666666667 0.4393518518518518 0.051041666666666666 0.03981481481481482
0 0.93125 0.5074074074074074 0.0515625 0.041666666666666664
0 0.63125 0.6069444444444444 0.046875 0.040740740740740744
0 0.1109375 0.5416666666666666 0.051041666666666666 0.03981481481481482
0 0.6786458333333333 0.3814814814814815 0.05625 0.03981481481481482
0 0.41744791666666664 0.6060185185185185 0.04791666666666667 0.04537037037037037
0 0.32421875 0.4412037037037037 0.0421875 0.05740740740740741
0 0.9596354166666666 0.5893518518518519 0.027083333333333334 0.049074074074074076
0 0.8427083333333333 0.4722222222222222 0.051041666666666666 0.041666666666666664
0 0.85546875 0.12083333333333333 0.0578125 0.058333333333333334
0 0.9473958333333333 0.6717592592592593 0.0453125 0.03148148148148148