0 0.7848200312989045 0.6439814814814815 0.03495044340114763 0.07685185185185185
1 0.23735002608242045 0.6407407407407407 0.026604068857589983 0.06481481481481481
0 0.7769953051643192 0.37916666666666665 0.05894627021387585 0.07314814814814814
1 0.47417840375586856 0.6564814814814814 0.02556077203964528 0.05
0 0.33907146583202924 0.5361111111111111 0.038601982263954095 0.06111111111111111
0 0.8505477308294209 0.5518518518518518 0.05112154407929056 0.05
1 0.6651017214397497 0.6273148148148148 0.022430881585811163 0.053703703703703705
1 0.7858633281168492 0.749537037037037 0.028169014084507043 0.062037037037037036
1 0.13484611371935315 0.6569444444444444 0.03129890453834116 0.06759259259259259
1 0.5845070422535211 0.6675925925925926 0.02138758476786646 0.05277777777777778
0 0.48826291079812206 0.3476851851851852 0.046426708398539386 0.04722222222222222
1 0.03129890453834116 0.8444444444444444 0.027125717266562335 0.06481481481481481
1 0.5166927490871153 0.6222222222222222 0.024517475221700575 0.04351851851851852
1 0.7282211789254043 0.6819444444444445 0.0198226395409494 0.06574074074074074
1 0.7190923317683882 0.7439814814814815 0.028169014084507043 0.04351851851851852
1 0.19770474700052165 0.775 0.020865936358894107 0.06666666666666667
1 0.8414188836724048 0.7888888888888889 0.03025560772039645 0.046296296296296294
0 0.6126760563380281 0.5180555555555556 0.0505998956703182 0.04722222222222222
1 0.5401669274908711 0.6768518518518518 0.024517475221700575 0.06111111111111111
1 0.41836202399582684 0.6902777777777778 0.018779342723004695 0.062037037037037036
1 0.013823682837767345 0.6921296296296297 0.02764736567553469 0.07314814814814814
1 0.8474178403755869 0.6620370370370371 0.028169014084507043 0.06944444444444445
1 0.6711006781429316 0.7509259259259259 0.028169014084507043 0.05648148148148148
1 0.46531038080333853 0.7203703703703703 0.018779342723004695 0.05555555555555555
1 0.5542514345331246 0.7305555555555555 0.019300991131977047 0.06018518518518518
1 0.29290558163797603 0.7046296296296296 0.020865936358894107 0.06666666666666667
1 0.3382889932185707 0.9162037037037037 0.018779342723004695 0.06296296296296296
1 0.08450704225352113 0.7643518518518518 0.02764736567553469 0.06759259259259259
1 0.05372978612415232 0.7675925925925926 0.028690662493479395 0.06666666666666667
1 0.32968179447052687 0.6467592592592593 0.01773604590505999 0.06666666666666667
1 0.10406885758998435 0.8268518518518518 0.028690662493479395 0.06851851851851852
1 0.5091288471570161 0.11990740740740741 0.019300991131977047 0.06481481481481481
1 0.35002608242044864 0.8236111111111111 0.01773604590505999 0.06759259259259259
1 0.985133020344288 0.7726851851851851 0.028690662493479395 0.06574074074074074
1 0.41158059467918623 0.7791666666666667 0.024517475221700575 0.06481481481481481
1 0.3158581116327595 0.7796296296296297 0.01617110067814293 0.07037037037037037
1 0.7610850286906625 0.7870370370370371 0.01773604590505999 0.05092592592592592
1 0.23735002608242045 0.7888888888888889 0.02608242044861763 0.07222222222222222
1 0.912623891497131 0.6782407407407407 0.03286384976525822 0.06111111111111111
1 0.1507563901930099 0.7787037037037037 0.02190923317683881 0.06944444444444445
1 0.43114241001564946 0.06898148148148148 0.027125717266562335 0.06759259259259259
1 0.9011476264997392 0.17777777777777778 0.04747000521648409 0.08148148148148149
0 0.3030777256129369 0.3458333333333333 0.06885758998435054 0.0712962962962963
0 0.24491392801251957 0.5208333333333334 0.047991653625456446 0.053703703703703705