1 0.96484375 0.783062744140625 0.0455322265625 0.0569854736328125
1 0.10540771484375 0.696392822265625 0.03204345703125 0.062131500244140624
1 0.85498046875 0.8892333984375 0.035400390625 0.053329086303710936
0 0.13671875 0.6014892578125 0.0526123046875 0.04590797424316406
0 0.244384765625 0.469317626953125 0.055816650390625 0.04070777893066406
1 0.203369140625 0.56595458984375 0.0274810791015625 0.0569854736328125
0 0.65478515625 0.227508544921875 0.038970947265625 0.038297271728515624
1 0.900390625 0.70462646484375 0.03436279296875 0.06538162231445313
0 0.10394287109375 0.464117431640625 0.04949951171875 0.045203781127929686
1 0.84375 0.657391357421875 0.0299835205078125 0.04934768676757813
1 0.474365234375 0.91090087890625 0.02691650390625 0.0578521728515625
1 0.71435546875 0.3988983154296875 0.0211639404296875 0.07318191528320313
1 0.50830078125 0.883599853515625 0.02069091796875 0.06381072998046874
1 0.66552734375 0.389581298828125 0.0190887451171875 0.06613998413085938
0 0.94677734375 0.62835693359375 0.06109619140625 0.05192070007324219
1 0.5263671875 0.3637969970703125 0.01751708984375 0.0693359375
1 0.6376953125 0.360546875 0.02069091796875 0.062131500244140624
1 0.55712890625 0.3466796875 0.025177001953125 0.061102294921875
0 0.90673828125 0.538653564453125 0.05645751953125 0.048589324951171874
1 0.1871337890625 0.808197021484375 0.03662109375 0.05601043701171875
1 0.361083984375 0.361846923828125 0.021484375 0.06662750244140625
1 0.1405029296875 0.3321624755859375 0.02886962890625 0.0656524658203125
1 0.931640625 0.2892608642578125 0.024139404296875 0.06500244140625
1 0.8388671875 0.69595947265625 0.0297088623046875 0.06018142700195313
1 0.17822265625 0.329779052734375 0.0276947021484375 0.0656524658203125
1 0.24658203125 0.2827606201171875 0.02423095703125 0.06018142700195313
1 0.712890625 0.88836669921875 0.029754638671875 0.06500244140625
1 0.78369140625 0.3499298095703125 0.03173828125 0.06381072998046874
0 0.371337890625 0.471917724609375 0.042633056640625 0.06944427490234376
1 0.87451171875 0.452850341796875 0.03326416015625 0.068902587890625
1 0.90087890625 0.17593994140625 0.0225372314453125 0.06527328491210938
1 0.483154296875 0.320245361328125 0.0174407958984375 0.0626190185546875
1 0.712890625 0.12014617919921874 0.017852783203125 0.06121063232421875
1 0.654296875 0.260009765625 0.0235137939453125 0.06440658569335937
1 0.69287109375 0.14939727783203124 0.0191650390625 0.06527328491210938
1 0.576171875 0.2860107421875 0.0213623046875 0.074969482421875
1 0.607421875 0.1900238037109375 0.01953125 0.06613998413085938
1 0.67919921875 0.336712646484375 0.0180511474609375 0.05113525390625
1 0.53173828125 0.315911865234375 0.01983642578125 0.061589813232421874
0 0.78173828125 0.5945556640625 0.05194091796875 0.0699859619140625
1 0.06719970703125 0.2201416015625 0.021087646484375 0.05839385986328125
1 0.83935546875 0.4108154296875 0.0223236083984375 0.06776504516601563
1 0.55517578125 0.2554595947265625 0.0282135009765625 0.055902099609375
1 0.322265625 0.27041015625 0.027374267578125 0.07193603515625
1 0.3544921875 0.3122283935546875 0.0201416015625 0.05839385986328125
1 0.2020263671875 0.25740966796875 0.0264129638671875 0.06299819946289062
1 0.092529296875 0.353179931640625 0.0265045166015625 0.05666046142578125
1 0.027069091796875 0.31114501953125 0.035491943359375 0.06451492309570313
1 0.2362060546875 0.707659912109375 0.0263519287109375 0.04869766235351562
1 0.84716796875 0.228375244140625 0.025177001953125 0.07946548461914063
1 0.70849609375 0.33541259765625 0.0252227783203125 0.05861053466796875
1 0.5078125 0.2896942138671875 0.0284423828125 0.05213737487792969
1 0.74560546875 0.225341796875 0.027069091796875 0.06727752685546876
1 0.373291015625 0.235308837890625 0.0247955322265625 0.07144851684570312
1 0.9560546875 0.165972900390625 0.02191162109375 0.07291107177734375
1 0.2371826171875 0.341046142578125 0.0310821533203125 0.06402740478515626
1 0.75830078125 0.1510223388671875 0.0217437744140625 0.061914825439453126
1 0.309326171875 0.3663970947265625 0.03326416015625 0.06332321166992187
1 0.336669921875 0.5564208984375 0.0180206298828125 0.043605804443359375
1 0.275634765625 0.2415924072265625 0.0295867919921875 0.068035888671875
1 0.1512451171875 0.19338226318359375 0.023193359375 0.05262489318847656
1 0.6767578125 0.94730224609375 0.028656005859375 0.04393081665039063
1 0.218017578125 0.213641357421875 0.0300445556640625 0.06516494750976562
1 0.82763671875 0.13271331787109375 0.0206451416015625 0.0626190185546875
1 0.77685546875 0.256109619140625 0.0272674560546875 0.0686859130859375
1 0.50390625 0.762261962890625 0.0300445556640625 0.050674819946289064
1 0.93017578125 0.2201416015625 0.0230255126953125 0.06489410400390624
1 0.716796875 0.270843505859375 0.0164031982421875 0.06624832153320312
1 0.51806640625 0.18449859619140624 0.0189361572265625 0.06169815063476562
1 0.0216522216796875 0.243109130859375 0.034759521484375 0.05465621948242187
1 0.8271484375 0.3013946533203125 0.021942138671875 0.054439544677734375
1 0.72705078125 0.827264404296875 0.0210418701171875 0.045203781127929686
1 0.50927734375 0.7072265625 0.02337646484375 0.054954147338867186
1 0.841796875 0.3637969970703125 0.029144287109375 0.04942893981933594
1 0.517578125 0.852398681640625 0.0222930908203125 0.0569854736328125
1 0.455810546875 0.4084320068359375 0.021209716796875 0.038297271728515624
1 0.372314453125 0.94210205078125 0.0310821533203125 0.04496002197265625
1 0.293212890625 0.3143951416015625 0.02337646484375 0.06121063232421875
1 0.96337890625 0.05362701416015625 0.017181396484375 0.068902587890625
1 0.677734375 0.69249267578125 0.03533935546875 0.074969482421875
1 0.73583984375 0.760528564453125 0.0223236083984375 0.07009429931640625
1 0.331787109375 0.51915283203125 0.019683837890625 0.050187301635742185
1 0.989593505859375 0.475384521484375 0.02081298828125 0.07540283203125
1 0.296875 0.17713165283203125 0.026458740234375 0.06787338256835937
1 0.8857421875 0.3395294189453125 0.03216552734375 0.05384368896484375
1 0.03515625 0.17908172607421874 0.0273284912109375 0.060398101806640625
0 0.978515625 0.08499069213867187 0.0299835205078125 0.068035888671875
1 0.80126953125 0.1787567138671875 0.0250396728515625 0.07334442138671875
1 0.425537109375 0.2411590576171875 0.0192413330078125 0.05953140258789062
0 0.011035919189453125 0.4261993408203125 0.02207183837890625 0.038134765625
1 0.014617919921875 0.90223388671875 0.029205322265625 0.07117767333984375